10000	6.9859	0.0057988	0.030143	1	1	0.15532	1.2527	1.7265	11.21	27.156	1.4892	1.3506	25.759	27.156	1.2526	1.7608	15.223	27.156	1.4616	1.5281	20.364	27.156	0.14949	0.20897	0.42354	4.2107	27.156	0.54438	0.27158	3.4731	27.156	0.28905	0.29459	3.3904	27.156	0.56305	0.077968	3.971	27.156	0.14581	0.35161	0.35161	0.35161	0.35161	0.35161	0.35161	0.35161	0.35161	0.35161	0.35161	0.35161	0.35161	0.35161	0.35161	0.35161	0.35161	0.35161
10000	6.8319	0.0058333	0.015	1	1	0.15581	1.2566	1.7319	11.245	27.241	1.4938	1.3548	25.839	27.241	1.2565	1.7663	15.27	27.241	1.4662	1.5329	20.428	27.241	0.14996	0.20962	0.42486	4.2238	27.241	0.54607	0.27242	3.4839	27.241	0.28995	0.29551	3.4009	27.241	0.56481	0.078211	3.9834	27.241	0.14627	0.2958	0.2958	0.2958	0.2958	0.2958	0.2958	0.2958	0.2958	0.2958	0.2958	0.2958	0.2958	0.2958	0.2958	0.2958	0.2958	0.2958
10000	5.702	0.0039781	0.01	1	1	0.18213	1.4689	2.0245	13.145	31.843	1.7462	1.5837	30.204	31.843	1.4688	2.0647	17.85	31.843	1.7139	1.7918	23.878	31.843	0.17529	0.24503	0.49663	4.9373	31.843	0.63832	0.31844	4.0724	31.843	0.33893	0.34543	3.9755	31.843	0.66022	0.091423	4.6563	31.843	0.17098	0.41689	0.41689	0.41689	0.41689	0.41689	0.41689	0.41689	0.41689	0.41689	0.41689	0.41689	0.41689	0.41689	0.41689	0.41689	0.41689	0.41689
10000	6.9911	0.012597	0.016007	1	1	0.16859	1.3597	1.874	12.167	29.475	1.6163	1.466	27.959	29.475	1.3596	1.9112	16.523	29.475	1.5864	1.6586	22.103	29.475	0.16226	0.22681	0.45971	4.5702	29.475	0.59086	0.29477	3.7696	29.475	0.31373	0.31975	3.6799	29.475	0.61114	0.084626	4.3101	29.475	0.15827	0.33492	0.33492	0.33492	0.33492	0.33492	0.33492	0.33492	0.33492	0.33492	0.33492	0.33492	0.33492	0.33492	0.33492	0.33492	0.33492	0.33492
10000	5.7707	0.001	0.020814	1	1	0.18303	1.4762	2.0345	13.21	32	1.7548	1.5916	30.354	32	1.476	2.0749	17.938	32	1.7224	1.8007	23.997	32	0.17616	0.24624	0.49909	4.9618	32	0.64148	0.32002	4.0926	32	0.34061	0.34714	3.9952	32	0.66349	0.091876	4.6793	32	0.17183	0.30542	0.30542	0.30542	0.30542	0.30542	0.30542	0.30542	0.30542	0.30542	0.30542	0.30542	0.30542	0.30542	0.30542	0.30542	0.30542	0.30542
10000	6.8027	0.0090537	0.01	1	1	0.22705	1.8312	2.5238	16.387	39.697	2.1769	1.9743	37.654	39.697	1.831	2.574	22.252	39.697	2.1366	2.2338	29.768	39.697	0.21853	0.30546	0.61913	6.1551	39.697	0.79576	0.39699	5.0769	39.697	0.42253	0.43063	4.956	39.697	0.82307	0.11397	5.8048	39.697	0.21315	0.49824	0.49824	0.49824	0.49824	0.49824	0.49824	0.49824	0.49824	0.49824	0.49824	0.49824	0.49824	0.49824	0.49824	0.49824	0.49824	0.49824
10000	4.282	0.0036576	0.014517	1	1	0.1082	0.87268	1.2028	7.8093	18.918	1.0374	0.94089	17.945	18.918	0.87261	1.2267	10.605	18.918	1.0182	1.0646	14.186	18.918	0.10414	0.14557	0.29505	2.9333	18.918	0.37923	0.18919	2.4195	18.918	0.20136	0.20522	2.3619	18.918	0.39224	0.054315	2.7663	18.918	0.10158	0.47405	0.47405	0.47405	0.47405	0.47405	0.47405	0.47405	0.47405	0.47405	0.47405	0.47405	0.47405	0.47405	0.47405	0.47405	0.47405	0.47405
10000	10	0.0056354	0.022159	1	1	0.16769	1.3524	1.864	12.102	29.318	1.6077	1.4581	27.809	29.318	1.3523	1.901	16.434	29.318	1.578	1.6498	21.985	29.318	0.16139	0.2256	0.45725	4.5458	29.318	0.5877	0.29319	3.7495	29.318	0.31205	0.31804	3.6602	29.318	0.60787	0.084174	4.2871	29.318	0.15742	0.40803	0.40803	0.40803	0.40803	0.40803	0.40803	0.40803	0.40803	0.40803	0.40803	0.40803	0.40803	0.40803	0.40803	0.40803	0.40803	0.40803
10000	2.8393	0.011397	0.03968	1	1	0.15579	1.2565	1.7317	11.243	27.237	1.4936	1.3547	25.836	27.237	1.2563	1.7661	15.268	27.237	1.466	1.5327	20.425	27.237	0.14994	0.20959	0.42481	4.2232	27.237	0.546	0.27239	3.4834	27.237	0.28991	0.29547	3.4005	27.237	0.56473	0.078201	3.9829	27.237	0.14625	0.28079	0.28079	0.28079	0.28079	0.28079	0.28079	0.28079	0.28079	0.28079	0.28079	0.28079	0.28079	0.28079	0.28079	0.28079	0.28079	0.28079
10000	5	0.001	0.01	1	1	0.15581	1.2566	1.7319	11.245	27.241	1.4938	1.3548	25.839	27.241	1.2565	1.7663	15.27	27.241	1.4662	1.5329	20.428	27.241	0.14996	0.20962	0.42486	4.2238	27.241	0.54607	0.27242	3.4839	27.241	0.28995	0.29551	3.4009	27.241	0.56481	0.078211	3.9834	27.241	0.14627	0.4	0.4	0.4	0.4	0.4	0.4	0.4	0.4	0.4	0.4	0.4	0.4	0.4	0.4	0.4	0.4	0.4
10000	2.5234	0.001	0.016377	1	1	0.15538	1.2532	1.7271	11.214	27.166	1.4897	1.3511	25.768	27.166	1.253	1.7615	15.228	27.166	1.4621	1.5287	20.371	27.166	0.14955	0.20904	0.42369	4.2121	27.166	0.54457	0.27167	3.4743	27.166	0.28915	0.2947	3.3916	27.166	0.56325	0.077996	3.9724	27.166	0.14587	0.42126	0.42126	0.42126	0.42126	0.42126	0.42126	0.42126	0.42126	0.42126	0.42126	0.42126	0.42126	0.42126	0.42126	0.42126	0.42126	0.42126
10000	5.1863	0.001	0.019547	1	1	0.31376	2.5305	3.4877	22.645	54.857	3.0082	2.7283	52.035	54.857	2.5303	3.557	30.751	54.857	2.9526	3.0869	41.136	54.857	0.30198	0.42212	0.85557	8.5057	54.857	1.0997	0.5486	7.0158	54.857	0.58389	0.59509	6.8487	54.857	1.1374	0.1575	8.0216	54.857	0.29455	0.29105	0.29105	0.29105	0.29105	0.29105	0.29105	0.29105	0.29105	0.29105	0.29105	0.29105	0.29105	0.29105	0.29105	0.29105	0.29105	0.29105
10000	3.0575	0.002236	0.019353	1	1	0.15516	1.2514	1.7247	11.198	27.127	1.4876	1.3492	25.731	27.127	1.2513	1.7589	15.206	27.127	1.4601	1.5265	20.342	27.127	0.14933	0.20874	0.42308	4.2061	27.127	0.54379	0.27129	3.4693	27.127	0.28874	0.29427	3.3867	27.127	0.56245	0.077884	3.9667	27.127	0.14566	0.27541	0.27541	0.27541	0.27541	0.27541	0.27541	0.27541	0.27541	0.27541	0.27541	0.27541	0.27541	0.27541	0.27541	0.27541	0.27541	0.27541
10000	6.4329	0.0020963	0.01	1	1	0.68176	5.4985	7.5782	49.204	119.2	6.5363	5.9283	113.06	119.2	5.498	7.7287	66.816	119.2	6.4155	6.7074	89.383	119.2	0.65616	0.9172	1.859	18.482	119.2	2.3894	1.192	15.244	119.2	1.2687	1.293	14.881	119.2	2.4714	0.34222	17.43	119.2	0.64002	0.41539	0.41539	0.41539	0.41539	0.41539	0.41539	0.41539	0.41539	0.41539	0.41539	0.41539	0.41539	0.41539	0.41539	0.41539	0.41539	0.41539
10000	2.7546	0.001	0.020442	1	1	0.57281	4.6198	6.3672	41.341	100.15	5.4918	4.9809	94.996	100.15	4.6194	6.4937	56.139	100.15	5.3903	5.6355	75.1	100.15	0.5513	0.77063	1.562	15.528	100.15	2.0076	1.0015	12.808	100.15	1.066	1.0864	12.503	100.15	2.0765	0.28753	14.644	100.15	0.53774	0.4204	0.4204	0.4204	0.4204	0.4204	0.4204	0.4204	0.4204	0.4204	0.4204	0.4204	0.4204	0.4204	0.4204	0.4204	0.4204	0.4204
10000	2.8435	0.014748	0.030051	1	1	0.15549	1.254	1.7283	11.222	27.185	1.4907	1.352	25.786	27.185	1.2539	1.7627	15.239	27.185	1.4632	1.5297	20.385	27.185	0.14965	0.20918	0.42398	4.215	27.185	0.54494	0.27186	3.4767	27.185	0.28935	0.2949	3.3939	27.185	0.56364	0.078049	3.9751	27.185	0.14597	0.60098	0.60098	0.60098	0.60098	0.60098	0.60098	0.60098	0.60098	0.60098	0.60098	0.60098	0.60098	0.60098	0.60098	0.60098	0.60098	0.60098
10000	3	0.001	0.028338	1	1	0.15581	1.2566	1.7319	11.245	27.241	1.4938	1.3548	25.839	27.241	1.2565	1.7663	15.27	27.241	1.4662	1.5329	20.428	27.241	0.14996	0.20962	0.42486	4.2238	27.241	0.54607	0.27242	3.4839	27.241	0.28995	0.29551	3.4009	27.241	0.56481	0.078211	3.9834	27.241	0.14627	0.55633	0.55633	0.55633	0.55633	0.55633	0.55633	0.55633	0.55633	0.55633	0.55633	0.55633	0.55633	0.55633	0.55633	0.55633	0.55633	0.55633
10000	6.023	0.0025999	0.035178	1	1	0.32445	2.6168	3.6065	23.416	56.726	3.1107	2.8213	53.808	56.726	2.6165	3.6782	31.798	56.726	3.0532	3.1921	42.538	56.726	0.31227	0.4365	0.88473	8.7956	56.726	1.1371	0.56729	7.2548	56.726	0.60379	0.61537	7.0821	56.726	1.1762	0.16287	8.2949	56.726	0.30459	0.74766	0.74766	0.74766	0.74766	0.74766	0.74766	0.74766	0.74766	0.74766	0.74766	0.74766	0.74766	0.74766	0.74766	0.74766	0.74766	0.74766
10000	2.0103	0.001	0.04	1	1	0.15581	1.2566	1.7319	11.245	27.241	1.4938	1.3548	25.839	27.241	1.2565	1.7663	15.27	27.241	1.4662	1.5329	20.428	27.241	0.14996	0.20962	0.42486	4.2238	27.241	0.54607	0.27242	3.4839	27.241	0.28995	0.29551	3.4009	27.241	0.56481	0.078211	3.9834	27.241	0.14627	0.63704	0.63704	0.63704	0.63704	0.63704	0.63704	0.63704	0.63704	0.63704	0.63704	0.63704	0.63704	0.63704	0.63704	0.63704	0.63704	0.63704
10000	8.9616	0.012182	0.01	1	1	0.15581	1.2566	1.7319	11.245	27.241	1.4938	1.3548	25.839	27.241	1.2565	1.7663	15.27	27.241	1.4662	1.5329	20.428	27.241	0.14996	0.20962	0.42486	4.2238	27.241	0.54607	0.27242	3.4839	27.241	0.28995	0.29551	3.4009	27.241	0.56481	0.078211	3.9834	27.241	0.14627	0.53333	0.53333	0.53333	0.53333	0.53333	0.53333	0.53333	0.53333	0.53333	0.53333	0.53333	0.53333	0.53333	0.53333	0.53333	0.53333	0.53333
10000	5	0.0036667	0.02	1	1	0.12984	1.0472	1.4433	9.3707	22.701	1.2448	1.129	21.533	22.701	1.0471	1.4719	12.725	22.701	1.2218	1.2774	17.023	22.701	0.12496	0.17468	0.35405	3.5198	22.701	0.45506	0.22702	2.9032	22.701	0.24162	0.24626	2.8341	22.701	0.47067	0.065176	3.3195	22.701	0.12189	0.24813	0.24813	0.24813	0.24813	0.24813	0.24813	0.24813	0.24813	0.24813	0.24813	0.24813	0.24813	0.24813	0.24813	0.24813	0.24813	0.24813
10000	9.9999	0.005	0.045	1	1	0.15581	1.2566	1.7319	11.245	27.241	1.4938	1.3548	25.839	27.241	1.2565	1.7663	15.27	27.241	1.4662	1.5329	20.428	27.241	0.14996	0.20962	0.42486	4.2238	27.241	0.54607	0.27242	3.4839	27.241	0.28995	0.29551	3.4009	27.241	0.56481	0.078211	3.9834	27.241	0.14627	0.3	0.3	0.3	0.3	0.3	0.3	0.3	0.3	0.3	0.3	0.3	0.3	0.3	0.3	0.3	0.3	0.3
10000	5.1916	0.001	0.015048	1	1	0.16049	1.2944	1.784	11.583	28.06	1.5387	1.3956	26.616	28.06	1.2943	1.8194	15.729	28.06	1.5103	1.579	21.042	28.06	0.15447	0.21592	0.43764	4.3508	28.06	0.56249	0.28062	3.5887	28.06	0.29867	0.3044	3.5032	28.06	0.58179	0.080563	4.1032	28.06	0.15067	0.19793	0.19793	0.19793	0.19793	0.19793	0.19793	0.19793	0.19793	0.19793	0.19793	0.19793	0.19793	0.19793	0.19793	0.19793	0.19793	0.19793
10000	3	0.01	0.02	1	1	0.15581	1.2566	1.7319	11.245	27.241	1.4938	1.3548	25.839	27.241	1.2565	1.7663	15.27	27.241	1.4662	1.5329	20.428	27.241	0.14996	0.20962	0.42486	4.2238	27.241	0.54607	0.27242	3.4839	27.241	0.28995	0.29551	3.4009	27.241	0.56481	0.078211	3.9834	27.241	0.14627	0.2	0.2	0.2	0.2	0.2	0.2	0.2	0.2	0.2	0.2	0.2	0.2	0.2	0.2	0.2	0.2	0.2
10000	5	0.0059973	0.038764	1	1	0.15581	1.2566	1.7319	11.245	27.241	1.4938	1.3548	25.839	27.241	1.2565	1.7663	15.27	27.241	1.4662	1.5329	20.428	27.241	0.14996	0.20962	0.42486	4.2238	27.241	0.54607	0.27242	3.4839	27.241	0.28995	0.29551	3.4009	27.241	0.56481	0.078211	3.9834	27.241	0.14627	0.21711	0.21711	0.21711	0.21711	0.21711	0.21711	0.21711	0.21711	0.21711	0.21711	0.21711	0.21711	0.21711	0.21711	0.21711	0.21711	0.21711
10000	4.9395	0.001	0.01	1	1	0.14337	1.1563	1.5937	10.347	25.066	1.3746	1.2467	23.777	25.066	1.1562	1.6253	14.051	25.066	1.3491	1.4105	18.797	25.066	0.13799	0.19288	0.39094	3.8866	25.066	0.50248	0.25068	3.2058	25.066	0.2668	0.27192	3.1294	25.066	0.51972	0.071967	3.6654	25.066	0.13459	0.19789	0.19789	0.19789	0.19789	0.19789	0.19789	0.19789	0.19789	0.19789	0.19789	0.19789	0.19789	0.19789	0.19789	0.19789	0.19789	0.19789
10000	10	0.0041707	0.02	1	1	0.15581	1.2566	1.7319	11.245	27.241	1.4938	1.3548	25.839	27.241	1.2565	1.7663	15.27	27.241	1.4662	1.5329	20.427	27.241	0.14996	0.20961	0.42486	4.2237	27.241	0.54607	0.27242	3.4839	27.241	0.28994	0.29551	3.4009	27.241	0.5648	0.07821	3.9833	27.241	0.14627	0.18788	0.18788	0.18788	0.18788	0.18788	0.18788	0.18788	0.18788	0.18788	0.18788	0.18788	0.18788	0.18788	0.18788	0.18788	0.18788	0.18788
10000	10	0.0072423	0.021381	1	1	0.15349	1.2379	1.7061	11.077	26.835	1.4716	1.3347	25.455	26.835	1.2378	1.74	15.043	26.835	1.4444	1.5101	20.123	26.835	0.14773	0.2065	0.41853	4.1609	26.835	0.53794	0.26837	3.432	26.835	0.28563	0.29111	3.3503	26.835	0.5564	0.077046	3.9241	26.835	0.14409	0.18617	0.18617	0.18617	0.18617	0.18617	0.18617	0.18617	0.18617	0.18617	0.18617	0.18617	0.18617	0.18617	0.18617	0.18617	0.18617	0.18617
10000	4.1833	0.001	0.02	1	1	0.15581	1.2566	1.7319	11.245	27.241	1.4938	1.3548	25.839	27.241	1.2565	1.7663	15.27	27.241	1.4662	1.5329	20.428	27.241	0.14996	0.20962	0.42486	4.2238	27.241	0.54607	0.27242	3.4839	27.241	0.28995	0.29551	3.4009	27.241	0.56481	0.078211	3.9834	27.241	0.14627	0.21111	0.21111	0.21111	0.21111	0.21111	0.21111	0.21111	0.21111	0.21111	0.21111	0.21111	0.21111	0.21111	0.21111	0.21111	0.21111	0.21111
10000	3.6357	0.005	0.01	1	1	0.15581	1.2566	1.7319	11.245	27.241	1.4938	1.3548	25.839	27.241	1.2565	1.7663	15.27	27.241	1.4662	1.5329	20.428	27.241	0.14996	0.20962	0.42486	4.2238	27.241	0.54607	0.27242	3.4839	27.241	0.28995	0.29551	3.4009	27.241	0.56481	0.078211	3.9834	27.241	0.14627	0	0	0	0	0	0	0	0	0	0	0	0	0	0	0	0	0
10000	3.2373	0.0087076	0.03829	1	1	0.29746	2.3991	3.3065	21.468	52.007	2.8519	2.5866	49.331	52.007	2.3989	3.3721	29.153	52.007	2.7992	2.9265	38.999	52.007	0.28629	0.40019	0.81112	8.0638	52.007	1.0425	0.5201	6.6512	52.007	0.55355	0.56417	6.4929	52.007	1.0783	0.14932	7.6048	52.007	0.27925	0.49041	0.49041	0.49041	0.49041	0.49041	0.49041	0.49041	0.49041	0.49041	0.49041	0.49041	0.49041	0.49041	0.49041	0.49041	0.49041	0.49041
10000	6.2084	0.033514	0.01	1	1	0.35327	2.8491	3.9268	25.496	61.764	3.3869	3.0718	58.586	61.764	2.8489	4.0048	34.622	61.764	3.3243	3.4756	46.316	61.764	0.34	0.47527	0.96329	9.5766	61.764	1.2381	0.61767	7.8991	61.764	0.6574	0.67001	7.711	61.764	1.2806	0.17733	9.0315	61.764	0.33164	0.6094	0.6094	0.6094	0.6094	0.6094	0.6094	0.6094	0.6094	0.6094	0.6094	0.6094	0.6094	0.6094	0.6094	0.6094	0.6094	0.6094
10000	4.4907	0.01	0.06	1	1	0.15581	1.2566	1.7319	11.245	27.241	1.4938	1.3548	25.839	27.241	1.2565	1.7663	15.27	27.241	1.4662	1.5329	20.428	27.241	0.14996	0.20962	0.42486	4.2238	27.241	0.54607	0.27242	3.4839	27.241	0.28995	0.29551	3.4009	27.241	0.56481	0.078211	3.9834	27.241	0.14627	0.1	0.1	0.1	0.1	0.1	0.1	0.1	0.1	0.1	0.1	0.1	0.1	0.1	0.1	0.1	0.1	0.1
10000	4.7547	0.05325	0.02	1	1	0.20789	1.6767	2.3109	15.004	36.347	1.9932	1.8077	34.477	36.347	1.6765	2.3568	20.375	36.347	1.9563	2.0453	27.256	36.347	0.20009	0.27969	0.56689	5.6357	36.347	0.72862	0.36349	4.6485	36.347	0.38687	0.3943	4.5379	36.347	0.75362	0.10436	5.315	36.347	0.19516	0.23086	0.23086	0.23086	0.23086	0.23086	0.23086	0.23086	0.23086	0.23086	0.23086	0.23086	0.23086	0.23086	0.23086	0.23086	0.23086	0.23086
10000	2.9451	0.010827	0.0248	1	1	0.32016	2.5821	3.5588	23.106	55.975	3.0695	2.7839	53.095	55.975	2.5819	3.6295	31.377	55.975	3.0127	3.1498	41.975	55.975	0.30814	0.43072	0.87301	8.6791	55.975	1.1221	0.55978	7.1588	55.975	0.59579	0.60722	6.9883	55.975	1.1606	0.16071	8.1851	55.975	0.30056	0.56222	0.56222	0.56222	0.56222	0.56222	0.56222	0.56222	0.56222	0.56222	0.56222	0.56222	0.56222	0.56222	0.56222	0.56222	0.56222	0.56222
10000	10	0.001	0.026627	1	1	0.22065	1.7796	2.4527	15.925	38.578	2.1155	1.9187	36.593	38.578	1.7794	2.5014	21.625	38.578	2.0764	2.1709	28.929	38.578	0.21237	0.29685	0.60168	5.9816	38.578	0.77334	0.3858	4.9338	38.578	0.41062	0.41849	4.8163	38.578	0.79987	0.11076	5.6412	38.578	0.20714	0.53576	0.53576	0.53576	0.53576	0.53576	0.53576	0.53576	0.53576	0.53576	0.53576	0.53576	0.53576	0.53576	0.53576	0.53576	0.53576	0.53576
10000	5.9892	0.001	0.01	1	1	0.15581	1.2566	1.7319	11.245	27.241	1.4938	1.3548	25.839	27.241	1.2565	1.7663	15.27	27.241	1.4662	1.5329	20.428	27.241	0.14996	0.20962	0.42486	4.2238	27.241	0.54607	0.27242	3.4839	27.241	0.28995	0.29551	3.4009	27.241	0.56481	0.078211	3.9834	27.241	0.14627	0.26715	0.26715	0.26715	0.26715	0.26715	0.26715	0.26715	0.26715	0.26715	0.26715	0.26715	0.26715	0.26715	0.26715	0.26715	0.26715	0.26715
10000	4.5	0.001	0.019269	1	1	0.15581	1.2566	1.7319	11.245	27.241	1.4938	1.3548	25.839	27.241	1.2565	1.7663	15.27	27.241	1.4662	1.5329	20.428	27.241	0.14996	0.20962	0.42486	4.2238	27.241	0.54607	0.27242	3.4839	27.241	0.28995	0.29551	3.4009	27.241	0.56481	0.078211	3.9834	27.241	0.14627	0.3	0.3	0.3	0.3	0.3	0.3	0.3	0.3	0.3	0.3	0.3	0.3	0.3	0.3	0.3	0.3	0.3
10000	7.7266	0.001	0.03	1	1	0.15581	1.2566	1.7319	11.245	27.241	1.4938	1.3548	25.839	27.241	1.2565	1.7663	15.27	27.241	1.4662	1.5329	20.428	27.241	0.14996	0.20962	0.42486	4.2238	27.241	0.54607	0.27242	3.4839	27.241	0.28995	0.29551	3.4009	27.241	0.56481	0.078211	3.9834	27.241	0.14627	0.42778	0.42778	0.42778	0.42778	0.42778	0.42778	0.42778	0.42778	0.42778	0.42778	0.42778	0.42778	0.42778	0.42778	0.42778	0.42778	0.42778
10000	3	0.0043793	0.018959	1	1	0.17359	1.4	1.9295	12.528	30.349	1.6643	1.5094	28.788	30.349	1.3999	1.9679	17.013	30.349	1.6335	1.7078	22.759	30.349	0.16707	0.23354	0.47334	4.7058	30.349	0.60839	0.30351	3.8814	30.349	0.32303	0.32923	3.789	30.349	0.62926	0.087136	4.4379	30.349	0.16296	0.2	0.2	0.2	0.2	0.2	0.2	0.2	0.2	0.2	0.2	0.2	0.2	0.2	0.2	0.2	0.2	0.2
10000	3.0969	0.005	0.024395	1	1	0.15581	1.2566	1.7319	11.245	27.241	1.4938	1.3548	25.839	27.241	1.2565	1.7663	15.27	27.241	1.4662	1.5329	20.428	27.241	0.14996	0.20962	0.42486	4.2238	27.241	0.54607	0.27242	3.4839	27.241	0.28995	0.29551	3.4009	27.241	0.56481	0.078211	3.9834	27.241	0.14627	0.8	0.8	0.8	0.8	0.8	0.8	0.8	0.8	0.8	0.8	0.8	0.8	0.8	0.8	0.8	0.8	0.8
10000	10	0.0085	0.023528	1	1	0.15581	1.2566	1.7319	11.245	27.241	1.4938	1.3548	25.839	27.241	1.2565	1.7663	15.27	27.241	1.4662	1.5329	20.428	27.241	0.14996	0.20962	0.42486	4.2238	27.241	0.54607	0.27242	3.4839	27.241	0.28995	0.29551	3.4009	27.241	0.56481	0.078211	3.9834	27.241	0.14627	0.59015	0.59015	0.59015	0.59015	0.59015	0.59015	0.59015	0.59015	0.59015	0.59015	0.59015	0.59015	0.59015	0.59015	0.59015	0.59015	0.59015
10000	5	0.01	0.02	1	1	0.15581	1.2566	1.7319	11.245	27.241	1.4938	1.3548	25.839	27.241	1.2565	1.7663	15.27	27.241	1.4662	1.5329	20.428	27.241	0.14996	0.20962	0.42486	4.2238	27.241	0.54607	0.27242	3.4839	27.241	0.28995	0.29551	3.4009	27.241	0.56481	0.078211	3.9834	27.241	0.14627	0.4	0.4	0.4	0.4	0.4	0.4	0.4	0.4	0.4	0.4	0.4	0.4	0.4	0.4	0.4	0.4	0.4
10000	7.058	0.011553	0.038446	1	1	0.15067	1.2152	1.6748	10.874	26.343	1.4446	1.3102	24.988	26.343	1.2151	1.7081	14.767	26.343	1.4179	1.4824	19.754	26.343	0.14502	0.20271	0.41086	4.0845	26.343	0.52807	0.26344	3.3691	26.343	0.28039	0.28577	3.2888	26.343	0.54619	0.075633	3.8521	26.343	0.14145	0.67719	0.67719	0.67719	0.67719	0.67719	0.67719	0.67719	0.67719	0.67719	0.67719	0.67719	0.67719	0.67719	0.67719	0.67719	0.67719	0.67719
10000	7.8487	0.012039	0.042718	1	1	0.16081	1.297	1.7876	11.606	28.116	1.5418	1.3984	26.67	28.116	1.2969	1.8231	15.761	28.116	1.5133	1.5822	21.084	28.116	0.15478	0.21635	0.43851	4.3595	28.116	0.56362	0.28118	3.5958	28.116	0.29926	0.30501	3.5102	28.116	0.58296	0.080724	4.1114	28.116	0.15097	0.50115	0.50115	0.50115	0.50115	0.50115	0.50115	0.50115	0.50115	0.50115	0.50115	0.50115	0.50115	0.50115	0.50115	0.50115	0.50115	0.50115
10000	8.7852	0.0063516	0.01	1	1	0.18373	1.4818	2.0423	13.26	32.122	1.7615	1.5976	30.469	32.122	1.4817	2.0828	18.006	32.122	1.7289	1.8076	24.088	32.122	0.17683	0.24718	0.50099	4.9806	32.122	0.64392	0.32124	4.1082	32.122	0.3419	0.34846	4.0104	32.122	0.66601	0.092226	4.6971	32.122	0.17248	0.4	0.4	0.4	0.4	0.4	0.4	0.4	0.4	0.4	0.4	0.4	0.4	0.4	0.4	0.4	0.4	0.4
10000	10	0.026983	0.01	1	1	0.15308	1.2346	1.7015	11.048	26.763	1.4676	1.3311	25.386	26.763	1.2345	1.7353	15.002	26.763	1.4405	1.506	20.069	26.763	0.14733	0.20594	0.41741	4.1497	26.763	0.5365	0.26765	3.4228	26.763	0.28486	0.29033	3.3413	26.763	0.5549	0.07684	3.9135	26.763	0.1437	0.28947	0.28947	0.28947	0.28947	0.28947	0.28947	0.28947	0.28947	0.28947	0.28947	0.28947	0.28947	0.28947	0.28947	0.28947	0.28947	0.28947
10000	7	0.01	0.02	1	1	0.15581	1.2566	1.7319	11.245	27.241	1.4938	1.3548	25.839	27.241	1.2565	1.7663	15.27	27.241	1.4662	1.5329	20.428	27.241	0.14996	0.20962	0.42486	4.2238	27.241	0.54607	0.27242	3.4839	27.241	0.28995	0.29551	3.4009	27.241	0.56481	0.078211	3.9834	27.241	0.14627	0.3	0.3	0.3	0.3	0.3	0.3	0.3	0.3	0.3	0.3	0.3	0.3	0.3	0.3	0.3	0.3	0.3
10000	5.8988	0.02	0.02	1	1	0.15581	1.2566	1.7319	11.245	27.241	1.4938	1.3548	25.839	27.241	1.2565	1.7663	15.27	27.241	1.4662	1.5329	20.428	27.241	0.14996	0.20962	0.42486	4.2238	27.241	0.54607	0.27242	3.4839	27.241	0.28995	0.29551	3.4009	27.241	0.56481	0.078211	3.9834	27.241	0.14627	0.2	0.2	0.2	0.2	0.2	0.2	0.2	0.2	0.2	0.2	0.2	0.2	0.2	0.2	0.2	0.2	0.2
10000	5.2677	0.012308	0.018461	1	1	0.1661	1.3396	1.8463	11.987	29.039	1.5924	1.4443	27.545	29.039	1.3395	1.8829	16.278	29.039	1.563	1.6341	21.776	29.039	0.15986	0.22346	0.45291	4.5026	29.039	0.58213	0.29041	3.7139	29.039	0.30909	0.31502	3.6255	29.039	0.6021	0.083375	4.2464	29.039	0.15593	0.43956	0.43956	0.43956	0.43956	0.43956	0.43956	0.43956	0.43956	0.43956	0.43956	0.43956	0.43956	0.43956	0.43956	0.43956	0.43956	0.43956
10000	3	0.01	0.04	1	1	0.21571	1.7398	2.3978	15.568	37.715	2.0682	1.8757	35.774	37.715	1.7396	2.4454	21.141	37.715	2.0299	2.1223	28.282	37.715	0.20761	0.29021	0.58821	5.8477	37.715	0.75603	0.37717	4.8234	37.715	0.40143	0.40913	4.7086	37.715	0.78197	0.10828	5.5149	37.715	0.20251	0.2	0.2	0.2	0.2	0.2	0.2	0.2	0.2	0.2	0.2	0.2	0.2	0.2	0.2	0.2	0.2	0.2
10000	7.6472	0.001	0.02	1	1	0.38684	3.1199	4.3	27.919	67.633	3.7088	3.3638	64.154	67.633	3.1196	4.3854	37.913	67.633	3.6402	3.8059	50.717	67.633	0.37231	0.52043	1.0548	10.487	67.633	1.3558	0.67637	8.6498	67.633	0.71988	0.73369	8.4438	67.633	1.4023	0.19418	9.8899	67.633	0.36315	0.2	0.2	0.2	0.2	0.2	0.2	0.2	0.2	0.2	0.2	0.2	0.2	0.2	0.2	0.2	0.2	0.2
10000	5	0.01	0.02	1	1	0.15581	1.2566	1.7319	11.245	27.241	1.4938	1.3548	25.839	27.241	1.2565	1.7663	15.27	27.241	1.4662	1.5329	20.428	27.241	0.14996	0.20962	0.42486	4.2238	27.241	0.54607	0.27242	3.4839	27.241	0.28995	0.29551	3.4009	27.241	0.56481	0.078211	3.9834	27.241	0.14627	0.2	0.2	0.2	0.2	0.2	0.2	0.2	0.2	0.2	0.2	0.2	0.2	0.2	0.2	0.2	0.2	0.2
10000	4.3321	0.0029623	0.022847	1	1	0.31162	2.5132	3.4638	22.49	54.482	2.9876	2.7097	51.679	54.482	2.513	3.5326	30.54	54.482	2.9324	3.0658	40.855	54.482	0.29992	0.41923	0.84972	8.4475	54.482	1.0921	0.54485	6.9678	54.482	0.57989	0.59102	6.8019	54.482	1.1296	0.15642	7.9667	54.482	0.29254	0.2	0.2	0.2	0.2	0.2	0.2	0.2	0.2	0.2	0.2	0.2	0.2	0.2	0.2	0.2	0.2	0.2
10000	8.347	0.0059729	0.028389	1	1	0.54105	4.3636	6.0141	39.048	94.594	5.1873	4.7047	89.727	94.594	4.3632	6.1335	53.026	94.594	5.0913	5.323	70.935	94.594	0.52073	0.7279	1.4753	14.667	94.594	1.8962	0.946	12.098	94.594	1.0068	1.0262	11.81	94.594	1.9613	0.27159	13.832	94.594	0.50792	0.22404	0.22404	0.22404	0.22404	0.22404	0.22404	0.22404	0.22404	0.22404	0.22404	0.22404	0.22404	0.22404	0.22404	0.22404	0.22404	0.22404
10000	1.7918	0.026667	0.02	1	1	0.077904	0.62831	0.86596	5.6224	13.62	0.7469	0.67742	12.92	13.62	0.62825	0.88316	7.635	13.62	0.73309	0.76645	10.214	13.62	0.074979	0.10481	0.21243	2.1119	13.62	0.27304	0.13621	1.7419	13.62	0.14497	0.14775	1.7005	13.62	0.2824	0.039105	1.9917	13.62	0.073134	0.2	0.2	0.2	0.2	0.2	0.2	0.2	0.2	0.2	0.2	0.2	0.2	0.2	0.2	0.2	0.2	0.2
10000	10	0.0098081	0.021011	1	1	0.14148	1.1411	1.5727	10.211	24.737	1.3565	1.2303	23.464	24.737	1.141	1.6039	13.866	24.737	1.3314	1.392	18.55	24.737	0.13617	0.19035	0.3858	3.8355	24.737	0.49587	0.24738	3.1636	24.737	0.26329	0.26834	3.0883	24.737	0.51288	0.071021	3.6172	24.737	0.13282	0.1315	0.1315	0.1315	0.1315	0.1315	0.1315	0.1315	0.1315	0.1315	0.1315	0.1315	0.1315	0.1315	0.1315	0.1315	0.1315	0.1315
10000	8.1963	0.01	0.02	1	1	0.15581	1.2566	1.7319	11.245	27.241	1.4938	1.3548	25.839	27.241	1.2565	1.7663	15.27	27.241	1.4662	1.5329	20.428	27.241	0.14996	0.20962	0.42486	4.2238	27.241	0.54607	0.27242	3.4839	27.241	0.28995	0.29551	3.4009	27.241	0.56481	0.078211	3.9834	27.241	0.14627	0.71098	0.71098	0.71098	0.71098	0.71098	0.71098	0.71098	0.71098	0.71098	0.71098	0.71098	0.71098	0.71098	0.71098	0.71098	0.71098	0.71098
10000	2.5406	0.001	0.026667	1	1	0.15581	1.2566	1.7319	11.245	27.241	1.4938	1.3548	25.839	27.241	1.2565	1.7663	15.27	27.241	1.4662	1.5329	20.428	27.241	0.14996	0.20962	0.42486	4.2238	27.241	0.54607	0.27242	3.4839	27.241	0.28995	0.29551	3.401	27.241	0.56481	0.078211	3.9834	27.241	0.14627	0.19374	0.19374	0.19374	0.19374	0.19374	0.19374	0.19374	0.19374	0.19374	0.19374	0.19374	0.19374	0.19374	0.19374	0.19374	0.19374	0.19374
10000	10	0.0080065	0.02	1	1	0.091632	0.73903	1.0186	6.6132	16.021	0.87852	0.79679	15.196	16.021	0.73896	1.0388	8.9805	16.021	0.86228	0.90151	12.014	16.021	0.088192	0.12328	0.24986	2.484	16.021	0.32115	0.16022	2.0489	16.021	0.17052	0.17379	2.0001	16.021	0.33217	0.045997	2.3427	16.021	0.086022	0.3	0.3	0.3	0.3	0.3	0.3	0.3	0.3	0.3	0.3	0.3	0.3	0.3	0.3	0.3	0.3	0.3
10000	6.743	0.020389	0.02	1	1	0.15581	1.2566	1.7319	11.245	27.241	1.4938	1.3548	25.839	27.241	1.2565	1.7663	15.27	27.241	1.4662	1.5329	20.428	27.241	0.14996	0.20962	0.42486	4.2238	27.241	0.54607	0.27242	3.4839	27.241	0.28995	0.29551	3.4009	27.241	0.56481	0.078211	3.9834	27.241	0.14627	0.3	0.3	0.3	0.3	0.3	0.3	0.3	0.3	0.3	0.3	0.3	0.3	0.3	0.3	0.3	0.3	0.3
10000	3.3248	0.0076311	0.023333	1	1	0.16098	1.2983	1.7894	11.618	28.145	1.5434	1.3998	26.697	28.145	1.2982	1.8249	15.777	28.145	1.5149	1.5838	21.106	28.145	0.15494	0.21657	0.43896	4.364	28.145	0.5642	0.28147	3.5995	28.145	0.29957	0.30532	3.5138	28.145	0.58355	0.080807	4.1156	28.145	0.15112	0.38465	0.38465	0.38465	0.38465	0.38465	0.38465	0.38465	0.38465	0.38465	0.38465	0.38465	0.38465	0.38465	0.38465	0.38465	0.38465	0.38465
10000	1.1431	0.0073089	0.018851	1	1	0.11481	0.926	1.2762	8.2864	20.074	1.1008	0.99838	19.041	20.074	0.92592	1.3016	11.253	20.074	1.0804	1.1296	15.053	20.074	0.1105	0.15447	0.31308	3.1125	20.074	0.4024	0.20075	2.5673	20.074	0.21366	0.21776	2.5062	20.074	0.41621	0.057634	2.9353	20.074	0.10779	0.31358	0.31358	0.31358	0.31358	0.31358	0.31358	0.31358	0.31358	0.31358	0.31358	0.31358	0.31358	0.31358	0.31358	0.31358	0.31358	0.31358
10000	5	0.02	0.02	1	1	0.15581	1.2566	1.7319	11.245	27.241	1.4938	1.3548	25.839	27.241	1.2565	1.7663	15.27	27.241	1.4662	1.5329	20.428	27.241	0.14996	0.20962	0.42486	4.2238	27.241	0.54607	0.27242	3.4839	27.241	0.28995	0.29551	3.4009	27.241	0.56481	0.078211	3.9834	27.241	0.14627	0.3	0.3	0.3	0.3	0.3	0.3	0.3	0.3	0.3	0.3	0.3	0.3	0.3	0.3	0.3	0.3	0.3
10000	2.9981	0.019976	0.019802	1	1	0.15878	1.2806	1.765	11.459	27.761	1.5223	1.3807	26.332	27.761	1.2805	1.8	15.562	27.761	1.4942	1.5621	20.817	27.761	0.15282	0.21362	0.43297	4.3044	27.761	0.55649	0.27762	3.5504	27.761	0.29548	0.30115	3.4658	27.761	0.57559	0.079703	4.0594	27.761	0.14906	0.52506	0.52506	0.52506	0.52506	0.52506	0.52506	0.52506	0.52506	0.52506	0.52506	0.52506	0.52506	0.52506	0.52506	0.52506	0.52506	0.52506
10000	3.0456	0.019998	0.020342	1	1	0.3114	2.5115	3.4614	22.474	54.444	2.9855	2.7078	51.642	54.444	2.5113	3.5301	30.519	54.444	2.9303	3.0636	40.826	54.444	0.29971	0.41894	0.84912	8.4416	54.444	1.0914	0.54447	6.9629	54.444	0.57949	0.59061	6.7971	54.444	1.1288	0.15631	7.9611	54.444	0.29233	0.44734	0.44734	0.44734	0.44734	0.44734	0.44734	0.44734	0.44734	0.44734	0.44734	0.44734	0.44734	0.44734	0.44734	0.44734	0.44734	0.44734
10000	5.3921	0.0064338	0.01	1	1	0.214	1.7259	2.3787	15.445	37.415	2.0517	1.8608	35.49	37.415	1.7258	2.426	20.973	37.415	2.0138	2.1054	28.057	37.415	0.20596	0.2879	0.58354	5.8012	37.415	0.75002	0.37417	4.785	37.415	0.39824	0.40588	4.6711	37.415	0.77575	0.10742	5.4711	37.415	0.2009	0.38731	0.38731	0.38731	0.38731	0.38731	0.38731	0.38731	0.38731	0.38731	0.38731	0.38731	0.38731	0.38731	0.38731	0.38731	0.38731	0.38731
10000	3.8583	0.0047149	0.028579	1	1	0.21638	1.7451	2.4052	15.616	37.831	2.0745	1.8815	35.884	37.831	1.745	2.453	21.206	37.831	2.0362	2.1288	28.369	37.831	0.20825	0.2911	0.59002	5.8657	37.831	0.75835	0.37833	4.8382	37.831	0.40266	0.41039	4.723	37.831	0.78437	0.10862	5.5319	37.831	0.20313	0.4777	0.4777	0.4777	0.4777	0.4777	0.4777	0.4777	0.4777	0.4777	0.4777	0.4777	0.4777	0.4777	0.4777	0.4777	0.4777	0.4777
10000	3	0.0060512	0.020563	1	1	0.38684	3.1199	4.3	27.919	67.633	3.7088	3.3638	64.154	67.633	3.1196	4.3854	37.913	67.633	3.6402	3.8059	50.717	67.633	0.37231	0.52043	1.0548	10.487	67.633	1.3558	0.67637	8.6498	67.633	0.71988	0.73369	8.4438	67.633	1.4023	0.19418	9.8899	67.633	0.36315	0.36115	0.36115	0.36115	0.36115	0.36115	0.36115	0.36115	0.36115	0.36115	0.36115	0.36115	0.36115	0.36115	0.36115	0.36115	0.36115	0.36115
10000	2.4211	0.01012	0.020052	1	1	0.15457	1.2466	1.7182	11.156	27.025	1.4819	1.3441	25.634	27.025	1.2465	1.7523	15.149	27.025	1.4545	1.5207	20.265	27.025	0.14877	0.20795	0.42149	4.1902	27.025	0.54174	0.27026	3.4562	27.025	0.28765	0.29316	3.3739	27.025	0.56032	0.07759	3.9517	27.025	0.14511	0.34254	0.34254	0.34254	0.34254	0.34254	0.34254	0.34254	0.34254	0.34254	0.34254	0.34254	0.34254	0.34254	0.34254	0.34254	0.34254	0.34254
10000	5.968	0.001	0.019875	1	1	0.23394	1.8867	2.6004	16.883	40.9	2.2428	2.0342	38.796	40.9	1.8866	2.652	22.927	40.9	2.2014	2.3015	30.671	40.9	0.22515	0.31472	0.6379	6.3417	40.9	0.81989	0.40903	5.2308	40.9	0.43534	0.44369	5.1063	40.9	0.84802	0.11743	5.9807	40.9	0.21961	0.40455	0.40455	0.40455	0.40455	0.40455	0.40455	0.40455	0.40455	0.40455	0.40455	0.40455	0.40455	0.40455	0.40455	0.40455	0.40455	0.40455
10000	3.8487	0.01	0.01	1	1	0.16216	1.3078	1.8025	11.703	28.351	1.5547	1.41	26.892	28.351	1.3077	1.8383	15.892	28.351	1.5259	1.5954	21.26	28.351	0.15607	0.21816	0.44217	4.3959	28.351	0.56832	0.28352	3.6258	28.351	0.30176	0.30755	3.5395	28.351	0.58782	0.081398	4.1457	28.351	0.15223	0.2	0.2	0.2	0.2	0.2	0.2	0.2	0.2	0.2	0.2	0.2	0.2	0.2	0.2	0.2	0.2	0.2
10000	6.3161	0.0080116	0.02704	1	1	0.20336	1.6401	2.2605	14.677	35.555	1.9497	1.7683	33.725	35.555	1.64	2.3054	19.93	35.555	1.9137	2.0007	26.662	35.555	0.19572	0.27359	0.55453	5.5128	35.555	0.71273	0.35557	4.5471	35.555	0.37844	0.3857	4.4389	35.555	0.73718	0.10208	5.1991	35.555	0.19091	0.39532	0.39532	0.39532	0.39532	0.39532	0.39532	0.39532	0.39532	0.39532	0.39532	0.39532	0.39532	0.39532	0.39532	0.39532	0.39532	0.39532
10000	7.0384	0.011625	0.030544	1	1	0.55927	4.5106	6.2167	40.363	97.781	5.362	4.8632	92.75	97.781	4.5102	6.3402	54.812	97.781	5.2628	5.5023	73.324	97.781	0.53827	0.75242	1.525	15.161	97.781	1.9601	0.97786	12.505	97.781	1.0408	1.0607	12.208	97.781	2.0274	0.28074	14.298	97.781	0.52503	0.39776	0.39776	0.39776	0.39776	0.39776	0.39776	0.39776	0.39776	0.39776	0.39776	0.39776	0.39776	0.39776	0.39776	0.39776	0.39776	0.39776
10000	3	0.01	0.02	1	1	0.15581	1.2566	1.7319	11.245	27.241	1.4938	1.3548	25.839	27.241	1.2565	1.7663	15.27	27.241	1.4662	1.5329	20.428	27.241	0.14996	0.20962	0.42486	4.2238	27.241	0.54607	0.27242	3.4839	27.241	0.28995	0.29551	3.4009	27.241	0.56481	0.078211	3.9834	27.241	0.14627	0.2	0.2	0.2	0.2	0.2	0.2	0.2	0.2	0.2	0.2	0.2	0.2	0.2	0.2	0.2	0.2	0.2
10000	5	0.005	0.02	1	1	0.15581	1.2566	1.7319	11.245	27.241	1.4938	1.3548	25.839	27.241	1.2565	1.7663	15.27	27.241	1.4662	1.5329	20.428	27.241	0.14996	0.20962	0.42486	4.2238	27.241	0.54607	0.27242	3.4839	27.241	0.28995	0.29551	3.4009	27.241	0.56481	0.078211	3.9834	27.241	0.14627	0.3	0.3	0.3	0.3	0.3	0.3	0.3	0.3	0.3	0.3	0.3	0.3	0.3	0.3	0.3	0.3	0.3
10000	4.7055	0.0028634	0.04	1	1	0.29091	2.3462	3.2336	20.995	50.861	2.7891	2.5296	48.244	50.861	2.346	3.2979	28.511	50.861	2.7375	2.8621	38.14	50.861	0.27999	0.39137	0.79325	7.8862	50.861	1.0196	0.50864	6.5047	50.861	0.54136	0.55174	6.3499	50.861	1.0545	0.14603	7.4373	50.861	0.2731	0.3822	0.3822	0.3822	0.3822	0.3822	0.3822	0.3822	0.3822	0.3822	0.3822	0.3822	0.3822	0.3822	0.3822	0.3822	0.3822	0.3822
10000	8.1609	0.018214	0.028376	1	1	0.28817	2.3241	3.2032	20.797	50.382	2.7628	2.5058	47.79	50.382	2.3239	3.2668	28.242	50.382	2.7117	2.8351	37.781	50.382	0.27735	0.38769	0.78578	7.8118	50.382	1.01	0.50385	6.4434	50.382	0.53626	0.54654	6.29	50.382	1.0446	0.14465	7.3672	50.382	0.27052	0.5102	0.5102	0.5102	0.5102	0.5102	0.5102	0.5102	0.5102	0.5102	0.5102	0.5102	0.5102	0.5102	0.5102	0.5102	0.5102	0.5102
10000	3.8194	0.010259	0.02025	1	1	0.16274	1.3125	1.8089	11.745	28.452	1.5602	1.4151	26.988	28.452	1.3124	1.8449	15.949	28.452	1.5314	1.6011	21.336	28.452	0.15663	0.21894	0.44375	4.4116	28.452	0.57035	0.28454	3.6388	28.452	0.30284	0.30865	3.5522	28.452	0.58992	0.081689	4.1605	28.452	0.15277	0.20097	0.20097	0.20097	0.20097	0.20097	0.20097	0.20097	0.20097	0.20097	0.20097	0.20097	0.20097	0.20097	0.20097	0.20097	0.20097	0.20097
10000	6.6047	0.016556	0.015114	1	1	0.22779	1.8372	2.5321	16.44	39.827	2.184	1.9808	37.777	39.827	1.837	2.5824	22.325	39.827	2.1436	2.2411	29.865	39.827	0.21924	0.30646	0.62115	6.1752	39.827	0.79836	0.39829	5.0935	39.827	0.42391	0.43204	4.9722	39.827	0.82576	0.11435	5.8237	39.827	0.21385	0.4185	0.4185	0.4185	0.4185	0.4185	0.4185	0.4185	0.4185	0.4185	0.4185	0.4185	0.4185	0.4185	0.4185	0.4185	0.4185	0.4185
10000	0.1	0.14901	0.025106	1	1	0.05795	0.46738	0.64415	4.1823	10.132	0.55559	0.50391	9.6105	10.132	0.46733	0.65695	5.6794	10.132	0.54532	0.57013	7.5977	10.132	0.055774	0.077963	0.15802	1.571	10.132	0.2031	0.10132	1.2958	10.132	0.10784	0.10991	1.2649	10.132	0.21007	0.029089	1.4815	10.132	0.054402	0.3	0.3	0.3	0.3	0.3	0.3	0.3	0.3	0.3	0.3	0.3	0.3	0.3	0.3	0.3	0.3	0.3
10000	0.1	0.013108	0.02	1	1	0.1321	1.0654	1.4684	9.5342	23.097	1.2666	1.1487	21.908	23.097	1.0654	1.4976	12.947	23.097	1.2431	1.2997	17.32	23.097	0.12714	0.17773	0.36023	3.5812	23.097	0.463	0.23098	2.9539	23.097	0.24584	0.25055	2.8836	23.097	0.47888	0.066313	3.3774	23.097	0.12402	0.21592	0.21592	0.21592	0.21592	0.21592	0.21592	0.21592	0.21592	0.21592	0.21592	0.21592	0.21592	0.21592	0.21592	0.21592	0.21592	0.21592
10000	7.5999	0.012763	0.020201	1	1	0.15037	1.2127	1.6714	10.852	26.29	1.4416	1.3075	24.937	26.29	1.2126	1.7046	14.737	26.29	1.415	1.4794	19.714	26.29	0.14472	0.2023	0.41003	4.0763	26.29	0.52701	0.26291	3.3622	26.29	0.27982	0.28519	3.2822	26.29	0.54509	0.07548	3.8443	26.29	0.14116	0.52007	0.52007	0.52007	0.52007	0.52007	0.52007	0.52007	0.52007	0.52007	0.52007	0.52007	0.52007	0.52007	0.52007	0.52007	0.52007	0.52007
10000	8.3245	0.01	0.020714	1	1	0.15581	1.2566	1.7319	11.245	27.241	1.4938	1.3548	25.839	27.241	1.2565	1.7663	15.27	27.241	1.4662	1.5329	20.428	27.241	0.14996	0.20962	0.42486	4.2238	27.241	0.54607	0.27242	3.4839	27.241	0.28995	0.29551	3.4009	27.241	0.56481	0.078211	3.9834	27.241	0.14627	0.4	0.4	0.4	0.4	0.4	0.4	0.4	0.4	0.4	0.4	0.4	0.4	0.4	0.4	0.4	0.4	0.4
10000	5.0309	0.001	0.01	1	1	0.14965	1.207	1.6635	10.801	26.165	1.4348	1.3013	24.819	26.165	1.2069	1.6965	14.667	26.165	1.4083	1.4723	19.621	26.165	0.14403	0.20134	0.40808	4.0569	26.165	0.5245	0.26166	3.3463	26.165	0.27849	0.28384	3.2666	26.165	0.5425	0.075121	3.826	26.165	0.14049	0.6	0.6	0.6	0.6	0.6	0.6	0.6	0.6	0.6	0.6	0.6	0.6	0.6	0.6	0.6	0.6	0.6
10000	6.9999	0.020001	0.01	1	1	0.15581	1.2566	1.732	11.245	27.241	1.4938	1.3549	25.84	27.241	1.2565	1.7664	15.27	27.241	1.4662	1.5329	20.428	27.241	0.14996	0.20962	0.42487	4.2239	27.241	0.54608	0.27243	3.484	27.241	0.28995	0.29552	3.401	27.241	0.56482	0.078213	3.9835	27.241	0.14627	0.55	0.55	0.55	0.55	0.55	0.55	0.55	0.55	0.55	0.55	0.55	0.55	0.55	0.55	0.55	0.55	0.55
10000	5.7666	0.016136	0.01	1	1	0.1629	1.3139	1.8108	11.757	28.482	1.5618	1.4165	27.016	28.482	1.3137	1.8468	15.966	28.482	1.533	1.6027	21.358	28.482	0.15679	0.21916	0.44421	4.4161	28.482	0.57094	0.28483	3.6426	28.482	0.30315	0.30897	3.5559	28.482	0.59053	0.081773	4.1648	28.482	0.15293	0.59583	0.59583	0.59583	0.59583	0.59583	0.59583	0.59583	0.59583	0.59583	0.59583	0.59583	0.59583	0.59583	0.59583	0.59583	0.59583	0.59583
10000	10	0.014159	0.037751	1	1	0.087688	0.70722	0.97472	6.3286	15.331	0.84071	0.7625	14.542	15.331	0.70716	0.99408	8.594	15.331	0.82516	0.86271	11.497	15.331	0.084396	0.11797	0.23911	2.3771	15.331	0.30733	0.15332	1.9607	15.331	0.16318	0.16631	1.914	15.331	0.31787	0.044017	2.2418	15.331	0.08232	0.29132	0.29132	0.29132	0.29132	0.29132	0.29132	0.29132	0.29132	0.29132	0.29132	0.29132	0.29132	0.29132	0.29132	0.29132	0.29132	0.29132
10000	10	0.0068814	0.026155	1	1	0.20759	1.6743	2.3076	14.982	36.295	1.9903	1.8051	34.428	36.295	1.6741	2.3534	20.346	36.295	1.9535	2.0424	27.217	36.295	0.1998	0.27929	0.56607	5.6276	36.295	0.72757	0.36297	4.6418	36.295	0.38632	0.39373	4.5313	36.295	0.75253	0.10421	5.3073	36.295	0.19488	0.39947	0.39947	0.39947	0.39947	0.39947	0.39947	0.39947	0.39947	0.39947	0.39947	0.39947	0.39947	0.39947	0.39947	0.39947	0.39947	0.39947
10000	4.497	0.01762	0.02	1	1	0.1159	0.93475	1.2883	8.3647	20.263	1.1112	1.0078	19.221	20.263	0.93467	1.3139	11.359	20.263	1.0906	1.1403	15.195	20.263	0.11155	0.15593	0.31604	3.1419	20.263	0.4062	0.20265	2.5915	20.263	0.21568	0.21982	2.5298	20.263	0.42014	0.058178	2.9631	20.263	0.1088	0.3	0.3	0.3	0.3	0.3	0.3	0.3	0.3	0.3	0.3	0.3	0.3	0.3	0.3	0.3	0.3	0.3
10000	7	0.012585	0.02	1	1	0.31162	2.5132	3.4638	22.49	54.482	2.9876	2.7097	51.679	54.482	2.513	3.5326	30.54	54.482	2.9324	3.0658	40.855	54.482	0.29992	0.41923	0.84972	8.4475	54.482	1.0921	0.54485	6.9678	54.482	0.57989	0.59102	6.8019	54.482	1.1296	0.15642	7.9667	54.482	0.29254	0.2	0.2	0.2	0.2	0.2	0.2	0.2	0.2	0.2	0.2	0.2	0.2	0.2	0.2	0.2	0.2	0.2
10000	6.2599	0.001	0.02	1	1	0.15581	1.2566	1.7319	11.245	27.241	1.4938	1.3548	25.839	27.241	1.2565	1.7663	15.27	27.241	1.4662	1.5329	20.428	27.241	0.14996	0.20962	0.42486	4.2238	27.241	0.54607	0.27242	3.4839	27.241	0.28995	0.29551	3.4009	27.241	0.56481	0.078211	3.9834	27.241	0.14627	0.2	0.2	0.2	0.2	0.2	0.2	0.2	0.2	0.2	0.2	0.2	0.2	0.2	0.2	0.2	0.2	0.2
10000	10	0.001	0.017985	1	1	0.38684	3.1199	4.3	27.919	67.633	3.7088	3.3638	64.154	67.633	3.1196	4.3854	37.913	67.633	3.6402	3.8059	50.717	67.633	0.37231	0.52043	1.0548	10.487	67.633	1.3558	0.67637	8.6498	67.633	0.71988	0.73369	8.4438	67.633	1.4023	0.19418	9.8899	67.633	0.36315	0.2	0.2	0.2	0.2	0.2	0.2	0.2	0.2	0.2	0.2	0.2	0.2	0.2	0.2	0.2	0.2	0.2
10000	7.392	0.013739	0.018183	1	1	0.38684	3.1199	4.3	27.919	67.633	3.7088	3.3638	64.154	67.633	3.1196	4.3854	37.913	67.633	3.6402	3.8059	50.717	67.633	0.37231	0.52043	1.0548	10.487	67.633	1.3558	0.67637	8.6498	67.633	0.71988	0.73369	8.4438	67.633	1.4023	0.19418	9.8899	67.633	0.36315	0.2	0.2	0.2	0.2	0.2	0.2	0.2	0.2	0.2	0.2	0.2	0.2	0.2	0.2	0.2	0.2	0.2
10000	3.3964	0.009884	0.013333	1	1	0.18557	1.4966	2.0627	13.393	32.444	1.7791	1.6136	30.775	32.444	1.4965	2.1037	18.187	32.444	1.7462	1.8257	24.329	32.444	0.1786	0.24965	0.50601	5.0305	32.444	0.65037	0.32446	4.1493	32.444	0.34533	0.35195	4.0505	32.444	0.67268	0.093149	4.7442	32.444	0.17421	0.1	0.1	0.1	0.1	0.1	0.1	0.1	0.1	0.1	0.1	0.1	0.1	0.1	0.1	0.1	0.1	0.1
10000	7	0.018496	0.02	1	1	0.23119	1.8646	2.5698	16.685	40.421	2.2165	2.0103	38.341	40.421	1.8644	2.6209	22.658	40.421	2.1756	2.2745	30.311	40.421	0.22251	0.31103	0.63042	6.2673	40.421	0.81027	0.40423	5.1695	40.421	0.43023	0.43848	5.0464	40.421	0.83807	0.11605	5.9106	40.421	0.21704	0.3	0.3	0.3	0.3	0.3	0.3	0.3	0.3	0.3	0.3	0.3	0.3	0.3	0.3	0.3	0.3	0.3
10000	7.7401	0.001	0.03	1	1	0.22336	1.8014	2.4828	16.12	39.051	2.1414	1.9422	37.042	39.051	1.8013	2.5321	21.89	39.051	2.1018	2.1975	29.284	39.051	0.21497	0.30049	0.60906	6.055	39.051	0.78282	0.39053	4.9943	39.051	0.41565	0.42363	4.8754	39.051	0.80968	0.11212	5.7103	39.051	0.20968	0.22234	0.22234	0.22234	0.22234	0.22234	0.22234	0.22234	0.22234	0.22234	0.22234	0.22234	0.22234	0.22234	0.22234	0.22234	0.22234	0.22234
10000	9.9999	0.0099999	0.01835	1	1	0.22527	1.8169	2.5041	16.258	39.386	2.1598	1.9589	37.36	39.386	1.8167	2.5538	22.078	39.386	2.1199	2.2163	29.535	39.386	0.21682	0.30307	0.61428	6.1069	39.386	0.78953	0.39388	5.0372	39.386	0.41922	0.42726	4.9172	39.386	0.81662	0.11308	5.7593	39.386	0.21148	0.3	0.3	0.3	0.3	0.3	0.3	0.3	0.3	0.3	0.3	0.3	0.3	0.3	0.3	0.3	0.3	0.3
10000	7	0.01	0.015	1	1	0.31162	2.5132	3.4638	22.49	54.482	2.9876	2.7097	51.679	54.482	2.513	3.5326	30.54	54.482	2.9324	3.0658	40.855	54.482	0.29992	0.41923	0.84972	8.4475	54.482	1.0921	0.54485	6.9678	54.482	0.57989	0.59102	6.8019	54.482	1.1296	0.15642	7.9667	54.482	0.29254	0.4	0.4	0.4	0.4	0.4	0.4	0.4	0.4	0.4	0.4	0.4	0.4	0.4	0.4	0.4	0.4	0.4
10000	2.6269	0.010325	0.011813	1	1	0.15554	1.2544	1.7289	11.225	27.194	1.4912	1.3525	25.795	27.194	1.2543	1.7633	15.244	27.194	1.4636	1.5302	20.392	27.194	0.1497	0.20925	0.42412	4.2165	27.194	0.54513	0.27195	3.4779	27.194	0.28945	0.295	3.3951	27.194	0.56383	0.078076	3.9765	27.194	0.14602	0.20106	0.20106	0.20106	0.20106	0.20106	0.20106	0.20106	0.20106	0.20106	0.20106	0.20106	0.20106	0.20106	0.20106	0.20106	0.20106	0.20106
10000	0.1	0.015452	0.01	1	1	1.1439	9.226	12.716	82.559	200	10.967	9.9471	189.71	200	9.2252	12.968	112.11	200	10.765	11.254	149.98	200	1.101	1.539	3.1193	31.011	200	4.0092	2.0001	25.578	200	2.1288	2.1696	24.969	200	4.1468	0.57422	29.246	200	1.0739	0.3614	0.3614	0.3614	0.3614	0.3614	0.3614	0.3614	0.3614	0.3614	0.3614	0.3614	0.3614	0.3614	0.3614	0.3614	0.3614	0.3614
10000	8.5709	0.001	0.017721	1	1	0.22279	1.7968	2.4764	16.079	38.951	2.136	1.9372	36.947	38.951	1.7967	2.5256	21.834	38.951	2.0965	2.1919	29.209	38.951	0.21442	0.29973	0.6075	6.0395	38.951	0.78082	0.38953	4.9815	38.951	0.41459	0.42254	4.8629	38.951	0.80761	0.11183	5.6957	38.951	0.20915	0.19384	0.19384	0.19384	0.19384	0.19384	0.19384	0.19384	0.19384	0.19384	0.19384	0.19384	0.19384	0.19384	0.19384	0.19384	0.19384	0.19384
10000	7.0007	0.005477	0.019971	1	1	0.94595	7.6292	10.515	68.271	165.39	9.0693	8.2255	156.88	165.39	7.6286	10.724	92.709	165.39	8.9016	9.3066	124.02	165.39	0.91043	1.2726	2.5794	25.644	165.39	3.3153	1.654	21.152	165.39	1.7603	1.7941	20.648	165.39	3.4291	0.47484	24.184	165.39	0.88803	0.29729	0.29729	0.29729	0.29729	0.29729	0.29729	0.29729	0.29729	0.29729	0.29729	0.29729	0.29729	0.29729	0.29729	0.29729	0.29729	0.29729
10000	4.488	0.001	0.016579	1	1	0.87882	7.0878	9.7687	63.426	153.65	8.4257	7.6418	145.74	153.65	7.0872	9.9627	86.13	153.65	8.2699	8.6461	115.22	153.65	0.84582	1.1823	2.3964	23.824	153.65	3.0801	1.5366	19.651	153.65	1.6354	1.6668	19.183	153.65	3.1857	0.44114	22.468	153.65	0.82501	0.19021	0.19021	0.19021	0.19021	0.19021	0.19021	0.19021	0.19021	0.19021	0.19021	0.19021	0.19021	0.19021	0.19021	0.19021	0.19021	0.19021
10000	5.5243	1	0.01	1	1	0.51211	4.1302	5.6924	36.959	89.534	4.9098	4.453	84.928	89.534	4.1298	5.8055	50.189	89.534	4.819	5.0383	67.141	89.534	0.49288	0.68896	1.3964	13.883	89.534	1.7948	0.89539	11.451	89.534	0.95299	0.97127	11.178	89.534	1.8564	0.25706	13.092	89.534	0.48075	0.40007	0.40007	0.40007	0.40007	0.40007	0.40007	0.40007	0.40007	0.40007	0.40007	0.40007	0.40007	0.40007	0.40007	0.40007	0.40007	0.40007
10000	10	0.005	0.02	1	1	0.15581	1.2566	1.7319	11.245	27.241	1.4938	1.3548	25.839	27.241	1.2565	1.7663	15.27	27.241	1.4662	1.5329	20.428	27.241	0.14996	0.20962	0.42486	4.2238	27.241	0.54607	0.27242	3.4839	27.241	0.28995	0.29551	3.4009	27.241	0.56481	0.078211	3.9834	27.241	0.14627	0.38662	0.38662	0.38662	0.38662	0.38662	0.38662	0.38662	0.38662	0.38662	0.38662	0.38662	0.38662	0.38662	0.38662	0.38662	0.38662	0.38662
10000	7.0586	0.021104	0.013331	1	1	0.15583	1.2568	1.7322	11.247	27.245	1.494	1.355	25.843	27.245	1.2567	1.7666	15.272	27.245	1.4664	1.5331	20.431	27.245	0.14998	0.20965	0.42492	4.2244	27.245	0.54615	0.27246	3.4844	27.245	0.28999	0.29555	3.4014	27.245	0.56489	0.078222	3.9839	27.245	0.14629	0.31723	0.31723	0.31723	0.31723	0.31723	0.31723	0.31723	0.31723	0.31723	0.31723	0.31723	0.31723	0.31723	0.31723	0.31723	0.31723	0.31723
10000	10	0.01	0.035	1	1	0.22389	1.8057	2.4886	16.158	39.143	2.1465	1.9468	37.129	39.143	1.8055	2.5381	21.942	39.143	2.1068	2.2027	29.353	39.143	0.21548	0.3012	0.61049	6.0693	39.143	0.78467	0.39145	5.0061	39.143	0.41663	0.42463	4.8869	39.143	0.81159	0.11238	5.7238	39.143	0.21018	0.43141	0.43141	0.43141	0.43141	0.43141	0.43141	0.43141	0.43141	0.43141	0.43141	0.43141	0.43141	0.43141	0.43141	0.43141	0.43141	0.43141
10000	8.3158	0.010426	0.01	1	1	0.15412	1.243	1.7131	11.123	26.946	1.4776	1.3401	25.559	26.946	1.2429	1.7472	15.105	26.946	1.4503	1.5163	20.206	26.946	0.14833	0.20734	0.42025	4.178	26.946	0.54015	0.26947	3.4461	26.946	0.2868	0.29231	3.3641	26.946	0.55868	0.077363	3.9402	26.946	0.14468	0.24329	0.24329	0.24329	0.24329	0.24329	0.24329	0.24329	0.24329	0.24329	0.24329	0.24329	0.24329	0.24329	0.24329	0.24329	0.24329	0.24329
10000	10	0.001	0.012252	1	1	0.22321	1.8002	2.4811	16.109	39.024	2.14	1.9409	37.017	39.024	1.8	2.5304	21.875	39.024	2.1004	2.196	29.264	39.024	0.21483	0.30029	0.60864	6.0508	39.024	0.78229	0.39027	4.9909	39.024	0.41537	0.42334	4.8721	39.024	0.80912	0.11204	5.7064	39.024	0.20954	0.54783	0.54783	0.54783	0.54783	0.54783	0.54783	0.54783	0.54783	0.54783	0.54783	0.54783	0.54783	0.54783	0.54783	0.54783	0.54783	0.54783
10000	10	0.011667	0.01771	1	1	0.15581	1.2566	1.7319	11.245	27.241	1.4938	1.3548	25.839	27.241	1.2565	1.7663	15.27	27.241	1.4662	1.5329	20.428	27.241	0.14996	0.20962	0.42486	4.2238	27.241	0.54607	0.27242	3.4839	27.241	0.28995	0.29551	3.4009	27.241	0.56481	0.078211	3.9834	27.241	0.14627	0.3	0.3	0.3	0.3	0.3	0.3	0.3	0.3	0.3	0.3	0.3	0.3	0.3	0.3	0.3	0.3	0.3
10000	6.6645	0.012277	0.02253	1	1	0.17387	1.4023	1.9327	12.548	30.398	1.667	1.5119	28.834	30.398	1.4022	1.971	17.04	30.398	1.6361	1.7106	22.795	30.398	0.16734	0.23391	0.47411	4.7133	30.398	0.60937	0.304	3.8877	30.398	0.32356	0.32976	3.7952	30.398	0.63027	0.087277	4.4451	30.398	0.16322	0.23947	0.23947	0.23947	0.23947	0.23947	0.23947	0.23947	0.23947	0.23947	0.23947	0.23947	0.23947	0.23947	0.23947	0.23947	0.23947	0.23947
10000	3.5428	0.016369	0.033602	1	1	0.24187	1.9507	2.6886	17.456	42.288	2.3189	2.1032	40.112	42.288	1.9506	2.742	23.705	42.288	2.276	2.3796	31.711	42.288	0.23279	0.3254	0.65954	6.5568	42.288	0.8477	0.4229	5.4083	42.288	0.4501	0.45874	5.2795	42.288	0.87679	0.12141	6.1836	42.288	0.22706	0.30362	0.30362	0.30362	0.30362	0.30362	0.30362	0.30362	0.30362	0.30362	0.30362	0.30362	0.30362	0.30362	0.30362	0.30362	0.30362	0.30362
10000	3	0.01	0.02	1	1	0.15581	1.2566	1.7319	11.245	27.241	1.4938	1.3548	25.839	27.241	1.2565	1.7663	15.27	27.241	1.4662	1.5329	20.428	27.241	0.14996	0.20962	0.42486	4.2238	27.241	0.54607	0.27242	3.4839	27.241	0.28995	0.29551	3.4009	27.241	0.56481	0.078211	3.9834	27.241	0.14627	0.2	0.2	0.2	0.2	0.2	0.2	0.2	0.2	0.2	0.2	0.2	0.2	0.2	0.2	0.2	0.2	0.2
10000	5.0266	0.0049278	0.02018	1	1	0.3104	2.5034	3.4503	22.402	54.268	2.9759	2.6991	51.476	54.268	2.5032	3.5188	30.421	54.268	2.9209	3.0538	40.695	54.268	0.29874	0.41759	0.84639	8.4145	54.268	1.0879	0.54271	6.9405	54.268	0.57763	0.58871	6.7753	54.268	1.1252	0.15581	7.9355	54.268	0.29139	0.1971	0.1971	0.1971	0.1971	0.1971	0.1971	0.1971	0.1971	0.1971	0.1971	0.1971	0.1971	0.1971	0.1971	0.1971	0.1971	0.1971
10000	2.9993	0.0050007	0.034779	1	1	0.15392	1.2414	1.7109	11.109	26.911	1.4757	1.3384	25.526	26.911	1.2413	1.7449	15.085	26.911	1.4484	1.5143	20.18	26.911	0.14814	0.20708	0.41971	4.1726	26.911	0.53945	0.26912	3.4416	26.911	0.28643	0.29193	3.3597	26.911	0.55796	0.077263	3.9351	26.911	0.1445	0.69917	0.69917	0.69917	0.69917	0.69917	0.69917	0.69917	0.69917	0.69917	0.69917	0.69917	0.69917	0.69917	0.69917	0.69917	0.69917	0.69917
10000	5.2822	0.001	0.038335	1	1	0.2382	1.9211	2.6477	17.191	41.645	2.2837	2.0712	39.503	41.645	1.9209	2.7003	23.345	41.645	2.2415	2.3435	31.229	41.645	0.22925	0.32046	0.64952	6.4572	41.645	0.83482	0.41648	5.3261	41.645	0.44327	0.45177	5.1993	41.645	0.86346	0.11957	6.0897	41.645	0.22361	0.77459	0.77459	0.77459	0.77459	0.77459	0.77459	0.77459	0.77459	0.77459	0.77459	0.77459	0.77459	0.77459	0.77459	0.77459	0.77459	0.77459
10000	0.1	0.005	0.24794	1	1	0.048292	0.38948	0.53679	3.4853	8.4431	0.46299	0.41992	8.0087	8.4431	0.38945	0.54746	4.7329	8.4431	0.45443	0.47511	6.3314	8.4431	0.046478	0.064969	0.13168	1.3091	8.4431	0.16925	0.084436	1.0798	8.4431	0.089867	0.091591	1.0541	8.4431	0.17506	0.024241	1.2346	8.4431	0.045335	0.34045	0.34045	0.34045	0.34045	0.34045	0.34045	0.34045	0.34045	0.34045	0.34045	0.34045	0.34045	0.34045	0.34045	0.34045	0.34045	0.34045
10000	8.1708	0.020253	0.018369	1	1	0.24801	2.0003	2.7568	17.899	43.361	2.3778	2.1566	41.131	43.361	2.0001	2.8116	24.307	43.361	2.3338	2.44	32.516	43.361	0.2387	0.33366	0.67628	6.7233	43.361	0.86923	0.43364	5.5456	43.361	0.46153	0.47039	5.4136	43.361	0.89905	0.12449	6.3406	43.361	0.23283	0.62947	0.62947	0.62947	0.62947	0.62947	0.62947	0.62947	0.62947	0.62947	0.62947	0.62947	0.62947	0.62947	0.62947	0.62947	0.62947	0.62947
10000	0.1	0.001	0.47083	1	1	0.22506	1.8152	2.5017	16.243	39.349	2.1578	1.957	37.325	39.349	1.815	2.5514	22.057	39.349	2.1179	2.2142	29.507	39.349	0.21661	0.30279	0.6137	6.1012	39.349	0.78879	0.39351	5.0324	39.349	0.41882	0.42686	4.9126	39.349	0.81586	0.11297	5.7539	39.349	0.21128	0.2828	0.2828	0.2828	0.2828	0.2828	0.2828	0.2828	0.2828	0.2828	0.2828	0.2828	0.2828	0.2828	0.2828	0.2828	0.2828	0.2828
10000	5.525	0.014834	0.01	1	1	0.18192	1.4672	2.0222	13.129	31.806	1.7441	1.5819	30.17	31.806	1.4671	2.0623	17.829	31.806	1.7119	1.7898	23.851	31.806	0.17509	0.24475	0.49606	4.9316	31.806	0.63759	0.31808	4.0677	31.806	0.33854	0.34503	3.9709	31.806	0.65946	0.091318	4.6509	31.806	0.17078	0.4	0.4	0.4	0.4	0.4	0.4	0.4	0.4	0.4	0.4	0.4	0.4	0.4	0.4	0.4	0.4	0.4
10000	4.774	0.015	0.02037	1	1	0.15432	1.2446	1.7154	11.138	26.981	1.4795	1.3419	25.593	26.981	1.2445	1.7494	15.124	26.981	1.4522	1.5183	20.232	26.981	0.14853	0.20761	0.4208	4.1834	26.981	0.54086	0.26982	3.4506	26.981	0.28718	0.29269	3.3685	26.981	0.55941	0.077464	3.9453	26.981	0.14487	0.23333	0.23333	0.23333	0.23333	0.23333	0.23333	0.23333	0.23333	0.23333	0.23333	0.23333	0.23333	0.23333	0.23333	0.23333	0.23333	0.23333
10000	4.4107	0.0015667	0.043416	1	1	0.1959	1.58	2.1776	14.139	34.251	1.8782	1.7035	32.488	34.251	1.5798	2.2208	19.199	34.251	1.8435	1.9273	25.684	34.251	0.18855	0.26356	0.53419	5.3106	34.251	0.68659	0.34253	4.3804	34.251	0.36456	0.37155	4.2761	34.251	0.71015	0.098337	5.0084	34.251	0.18391	0.51647	0.51647	0.51647	0.51647	0.51647	0.51647	0.51647	0.51647	0.51647	0.51647	0.51647	0.51647	0.51647	0.51647	0.51647	0.51647	0.51647
10000	3.975	0.019	0.023622	1	1	0.16528	1.333	1.8372	11.928	28.897	1.5846	1.4372	27.41	28.897	1.3329	1.8737	16.198	28.897	1.5553	1.6261	21.669	28.897	0.15907	0.22236	0.45069	4.4805	28.897	0.57927	0.28898	3.6957	28.897	0.30757	0.31347	3.6077	28.897	0.59914	0.082965	4.2255	28.897	0.15516	0.4	0.4	0.4	0.4	0.4	0.4	0.4	0.4	0.4	0.4	0.4	0.4	0.4	0.4	0.4	0.4	0.4
10000	6.059	0.011466	0.022561	1	1	0.2076	1.6743	2.3076	14.983	36.296	1.9904	1.8052	34.429	36.296	1.6742	2.3535	20.346	36.296	1.9536	2.0425	27.218	36.296	0.19981	0.2793	0.56609	5.6278	36.296	0.7276	0.36298	4.642	36.296	0.38633	0.39374	4.5315	36.296	0.75256	0.10421	5.3075	36.296	0.19489	0.51167	0.51167	0.51167	0.51167	0.51167	0.51167	0.51167	0.51167	0.51167	0.51167	0.51167	0.51167	0.51167	0.51167	0.51167	0.51167	0.51167
10000	3	0.014669	0.03	1	1	0.15581	1.2566	1.7319	11.245	27.241	1.4938	1.3548	25.839	27.241	1.2565	1.7663	15.27	27.241	1.4662	1.5329	20.428	27.241	0.14996	0.20962	0.42486	4.2238	27.241	0.54607	0.27242	3.4839	27.241	0.28995	0.29551	3.4009	27.241	0.56481	0.078211	3.9834	27.241	0.14627	0.3	0.3	0.3	0.3	0.3	0.3	0.3	0.3	0.3	0.3	0.3	0.3	0.3	0.3	0.3	0.3	0.3
10000	4.3259	0.04	0.02	1	1	0.15581	1.2566	1.7319	11.245	27.241	1.4938	1.3548	25.839	27.241	1.2565	1.7663	15.27	27.241	1.4662	1.5329	20.428	27.241	0.14996	0.20962	0.42486	4.2238	27.241	0.54607	0.27242	3.4839	27.241	0.28995	0.29551	3.4009	27.241	0.56481	0.078211	3.9834	27.241	0.14627	0.22505	0.22505	0.22505	0.22505	0.22505	0.22505	0.22505	0.22505	0.22505	0.22505	0.22505	0.22505	0.22505	0.22505	0.22505	0.22505	0.22505
10000	3	0.01	0.02	1	1	0.15581	1.2566	1.7319	11.245	27.241	1.4938	1.3548	25.839	27.241	1.2565	1.7663	15.27	27.241	1.4662	1.5329	20.428	27.241	0.14996	0.20962	0.42486	4.2238	27.241	0.54607	0.27242	3.4839	27.241	0.28995	0.29551	3.4009	27.241	0.56481	0.078211	3.9834	27.241	0.14627	0.2	0.2	0.2	0.2	0.2	0.2	0.2	0.2	0.2	0.2	0.2	0.2	0.2	0.2	0.2	0.2	0.2
10000	3.1887	0.0050007	0.01	1	1	0.14906	1.2022	1.6569	10.758	26.061	1.4291	1.2962	24.721	26.061	1.2021	1.6898	14.609	26.061	1.4027	1.4665	19.543	26.061	0.14347	0.20054	0.40646	4.0409	26.061	0.52243	0.26063	3.333	26.061	0.27739	0.28271	3.2537	26.061	0.54035	0.074825	3.8109	26.061	0.13994	0.27126	0.27126	0.27126	0.27126	0.27126	0.27126	0.27126	0.27126	0.27126	0.27126	0.27126	0.27126	0.27126	0.27126	0.27126	0.27126	0.27126
10000	7	0.01	0.02	1	1	0.15581	1.2566	1.7319	11.245	27.241	1.4938	1.3548	25.839	27.241	1.2565	1.7663	15.27	27.241	1.4662	1.5329	20.428	27.241	0.14996	0.20962	0.42486	4.2238	27.241	0.54607	0.27242	3.4839	27.241	0.28995	0.29551	3.4009	27.241	0.56481	0.078211	3.9834	27.241	0.14627	0.4	0.4	0.4	0.4	0.4	0.4	0.4	0.4	0.4	0.4	0.4	0.4	0.4	0.4	0.4	0.4	0.4
10000	1.8765	0.001	0.0125	1	1	0.38684	3.1199	4.3	27.919	67.633	3.7088	3.3638	64.154	67.633	3.1196	4.3854	37.913	67.633	3.6402	3.8059	50.717	67.633	0.37231	0.52043	1.0548	10.487	67.633	1.3558	0.67637	8.6498	67.633	0.71988	0.73369	8.4438	67.633	1.4023	0.19418	9.8899	67.633	0.36315	0.4	0.4	0.4	0.4	0.4	0.4	0.4	0.4	0.4	0.4	0.4	0.4	0.4	0.4	0.4	0.4	0.4
10000	6.66	0.0049989	0.020007	1	1	0.19775	1.5949	2.1981	14.272	34.574	1.8959	1.7196	32.795	34.574	1.5948	2.2418	19.381	34.574	1.8609	1.9456	25.927	34.574	0.19033	0.26605	0.53923	5.3608	34.574	0.69308	0.34576	4.4218	34.574	0.368	0.37506	4.3165	34.574	0.71685	0.099266	5.0557	34.574	0.18564	0.3702	0.3702	0.3702	0.3702	0.3702	0.3702	0.3702	0.3702	0.3702	0.3702	0.3702	0.3702	0.3702	0.3702	0.3702	0.3702	0.3702
10000	8.1799	0.02	0.019271	1	1	0.12984	1.0472	1.4433	9.3707	22.701	1.2448	1.129	21.533	22.701	1.0471	1.4719	12.725	22.701	1.2218	1.2774	17.023	22.701	0.12496	0.17468	0.35405	3.5198	22.701	0.45506	0.22702	2.9032	22.701	0.24162	0.24626	2.8341	22.701	0.47067	0.065176	3.3195	22.701	0.12189	0.28333	0.28333	0.28333	0.28333	0.28333	0.28333	0.28333	0.28333	0.28333	0.28333	0.28333	0.28333	0.28333	0.28333	0.28333	0.28333	0.28333
10000	3	0.01	0.04	1	1	0.15581	1.2566	1.7319	11.245	27.241	1.4938	1.3548	25.839	27.241	1.2565	1.7663	15.27	27.241	1.4662	1.5329	20.428	27.241	0.14996	0.20962	0.42486	4.2238	27.241	0.54607	0.27242	3.4839	27.241	0.28995	0.29551	3.4009	27.241	0.56481	0.078211	3.9834	27.241	0.14627	0.22907	0.22907	0.22907	0.22907	0.22907	0.22907	0.22907	0.22907	0.22907	0.22907	0.22907	0.22907	0.22907	0.22907	0.22907	0.22907	0.22907
10000	0.91667	0.010955	0.025536	1	1	0.32401	2.6132	3.6016	23.384	56.648	3.1064	2.8174	53.734	56.648	2.6129	3.6731	31.755	56.648	3.049	3.1877	42.48	56.648	0.31184	0.4359	0.88351	8.7834	56.648	1.1356	0.56651	7.2448	56.648	0.60295	0.61452	7.0724	56.648	1.1745	0.16264	8.2835	56.648	0.30417	0.37605	0.37605	0.37605	0.37605	0.37605	0.37605	0.37605	0.37605	0.37605	0.37605	0.37605	0.37605	0.37605	0.37605	0.37605	0.37605	0.37605
10000	10	0.02	0.043728	1	1	0.22452	1.8108	2.4957	16.204	39.255	2.1526	1.9524	37.235	39.255	1.8107	2.5453	22.005	39.255	2.1128	2.2089	29.437	39.255	0.21609	0.30206	0.61224	6.0866	39.255	0.78691	0.39257	5.0204	39.255	0.41782	0.42584	4.9009	39.255	0.8139	0.1127	5.7401	39.255	0.21078	0.24779	0.24779	0.24779	0.24779	0.24779	0.24779	0.24779	0.24779	0.24779	0.24779	0.24779	0.24779	0.24779	0.24779	0.24779	0.24779	0.24779
10000	3	0.005	0.02	1	1	0.15581	1.2566	1.7319	11.245	27.241	1.4938	1.3548	25.839	27.241	1.2565	1.7663	15.27	27.241	1.4662	1.5329	20.428	27.241	0.14996	0.20962	0.42486	4.2238	27.241	0.54607	0.27242	3.4839	27.241	0.28995	0.29551	3.4009	27.241	0.56481	0.078211	3.9834	27.241	0.14627	0.2	0.2	0.2	0.2	0.2	0.2	0.2	0.2	0.2	0.2	0.2	0.2	0.2	0.2	0.2	0.2	0.2
10000	6.5279	0.0050011	0.02335	1	1	0.20054	1.6174	2.2292	14.473	35.062	1.9227	1.7438	33.258	35.062	1.6173	2.2734	19.654	35.062	1.8871	1.973	26.293	35.062	0.19301	0.2698	0.54684	5.4365	35.062	0.70286	0.35064	4.4841	35.062	0.37319	0.38035	4.3774	35.062	0.72697	0.10067	5.127	35.062	0.18826	0.19988	0.19988	0.19988	0.19988	0.19988	0.19988	0.19988	0.19988	0.19988	0.19988	0.19988	0.19988	0.19988	0.19988	0.19988	0.19988	0.19988
10000	10	0.0080332	0.02	1	1	0.15581	1.2566	1.7319	11.245	27.241	1.4938	1.3548	25.839	27.241	1.2565	1.7663	15.27	27.241	1.4662	1.5329	20.428	27.241	0.14996	0.20962	0.42486	4.2238	27.241	0.54607	0.27242	3.4839	27.241	0.28995	0.29551	3.4009	27.241	0.56481	0.078211	3.9834	27.241	0.14627	0.2	0.2	0.2	0.2	0.2	0.2	0.2	0.2	0.2	0.2	0.2	0.2	0.2	0.2	0.2	0.2	0.2
10000	10	0.0049964	0.020053	1	1	0.1565	1.2622	1.7396	11.295	27.362	1.5005	1.3609	25.954	27.362	1.2621	1.7742	15.338	27.362	1.4727	1.5397	20.518	27.362	0.15063	0.21055	0.42675	4.2426	27.362	0.5485	0.27364	3.4994	27.362	0.29124	0.29682	3.4161	27.362	0.56732	0.078559	4.0011	27.362	0.14692	0.19962	0.19962	0.19962	0.19962	0.19962	0.19962	0.19962	0.19962	0.19962	0.19962	0.19962	0.19962	0.19962	0.19962	0.19962	0.19962	0.19962
10000	5.2184	0.022088	0.029161	1	1	0.20017	1.6144	2.225	14.446	34.997	1.9191	1.7406	33.196	34.997	1.6142	2.2692	19.618	34.997	1.8836	1.9693	26.244	34.997	0.19265	0.2693	0.54582	5.4263	34.997	0.70155	0.34999	4.4758	34.997	0.3725	0.37965	4.3692	34.997	0.72561	0.10048	5.1175	34.997	0.18791	0.53567	0.53567	0.53567	0.53567	0.53567	0.53567	0.53567	0.53567	0.53567	0.53567	0.53567	0.53567	0.53567	0.53567	0.53567	0.53567	0.53567
10000	5.85	0.02	0.06	1	1	0.31162	2.5132	3.4638	22.49	54.482	2.9876	2.7097	51.679	54.482	2.513	3.5326	30.54	54.482	2.9324	3.0658	40.855	54.482	0.29992	0.41923	0.84972	8.4475	54.482	1.0921	0.54485	6.9678	54.482	0.57989	0.59102	6.8019	54.482	1.1296	0.15642	7.9667	54.482	0.29254	0.6	0.6	0.6	0.6	0.6	0.6	0.6	0.6	0.6	0.6	0.6	0.6	0.6	0.6	0.6	0.6	0.6
10000	6.6487	0.010338	0.12667	1	1	0.15581	1.2566	1.7319	11.245	27.241	1.4938	1.3548	25.839	27.241	1.2565	1.7663	15.27	27.241	1.4662	1.5329	20.428	27.241	0.14996	0.20962	0.42486	4.2238	27.241	0.54607	0.27242	3.4839	27.241	0.28995	0.29551	3.4009	27.241	0.56481	0.078211	3.9834	27.241	0.14627	0.29065	0.29065	0.29065	0.29065	0.29065	0.29065	0.29065	0.29065	0.29065	0.29065	0.29065	0.29065	0.29065	0.29065	0.29065	0.29065	0.29065
10000	4.5889	0.024786	0.036273	1	1	0.15739	1.2693	1.7494	11.359	27.517	1.5089	1.3685	26.101	27.517	1.2692	1.7842	15.425	27.517	1.481	1.5484	20.634	27.517	0.15148	0.21174	0.42916	4.2665	27.517	0.5516	0.27518	3.5192	27.517	0.29288	0.2985	3.4354	27.517	0.57052	0.079003	4.0237	27.517	0.14775	0.37067	0.37067	0.37067	0.37067	0.37067	0.37067	0.37067	0.37067	0.37067	0.37067	0.37067	0.37067	0.37067	0.37067	0.37067	0.37067	0.37067
10000	5.0018	0.019986	0.03503	1	1	0.15573	1.256	1.7311	11.24	27.228	1.4931	1.3542	25.827	27.228	1.2559	1.7655	15.263	27.228	1.4655	1.5322	20.418	27.228	0.14989	0.20952	0.42466	4.2218	27.228	0.54581	0.27229	3.4822	27.228	0.28981	0.29537	3.3993	27.228	0.56454	0.078174	3.9815	27.228	0.1462	0.62685	0.62685	0.62685	0.62685	0.62685	0.62685	0.62685	0.62685	0.62685	0.62685	0.62685	0.62685	0.62685	0.62685	0.62685	0.62685	0.62685
10000	4.2575	0.0054511	0.111	1	1	0.11418	0.9209	1.2692	8.2407	19.963	1.0947	0.99288	18.936	19.963	0.92082	1.2944	11.191	19.963	1.0745	1.1234	14.97	19.963	0.1099	0.15362	0.31136	3.0954	19.963	0.40018	0.19964	2.5531	19.963	0.21249	0.21656	2.4924	19.963	0.41391	0.057316	2.9192	19.963	0.10719	0.58592	0.58592	0.58592	0.58592	0.58592	0.58592	0.58592	0.58592	0.58592	0.58592	0.58592	0.58592	0.58592	0.58592	0.58592	0.58592	0.58592
10000	6.475	0.001	0.01	1	1	0.10562	0.85186	1.1741	7.6229	18.467	1.0126	0.91844	17.516	18.467	0.85178	1.1974	10.352	18.467	0.99392	1.0391	13.848	18.467	0.10166	0.1421	0.28801	2.8633	18.467	0.37018	0.18468	2.3617	18.467	0.19655	0.20033	2.3055	18.467	0.38288	0.053019	2.7003	18.467	0.099155	0.6	0.6	0.6	0.6	0.6	0.6	0.6	0.6	0.6	0.6	0.6	0.6	0.6	0.6	0.6	0.6	0.6
10000	6.1215	0.013969	0.060648	1	1	0.22481	1.8131	2.4989	16.225	39.305	2.1553	1.9548	37.282	39.305	1.813	2.5485	22.033	39.305	2.1155	2.2117	29.474	39.305	0.21637	0.30245	0.61301	6.0943	39.305	0.7879	0.39307	5.0267	39.305	0.41835	0.42638	4.9071	39.305	0.81493	0.11285	5.7474	39.305	0.21104	0.61714	0.61714	0.61714	0.61714	0.61714	0.61714	0.61714	0.61714	0.61714	0.61714	0.61714	0.61714	0.61714	0.61714	0.61714	0.61714	0.61714
10000	5.3865	0.0058333	0.02	1	1	0.31162	2.5132	3.4638	22.49	54.482	2.9876	2.7097	51.679	54.482	2.513	3.5326	30.54	54.482	2.9324	3.0658	40.855	54.482	0.29992	0.41923	0.84972	8.4475	54.482	1.0921	0.54485	6.9678	54.482	0.57989	0.59102	6.8019	54.482	1.1296	0.15642	7.9667	54.482	0.29254	0.70054	0.70054	0.70054	0.70054	0.70054	0.70054	0.70054	0.70054	0.70054	0.70054	0.70054	0.70054	0.70054	0.70054	0.70054	0.70054	0.70054
10000	1.55	0.001	0.039997	1	1	0.08466	0.6828	0.94105	6.11	14.802	0.81167	0.73616	14.04	14.802	0.68274	0.95974	8.2972	14.802	0.79667	0.83291	11.1	14.802	0.081481	0.1139	0.23085	2.295	14.802	0.29671	0.14802	1.893	14.802	0.15755	0.16057	1.8479	14.802	0.30689	0.042497	2.1644	14.802	0.079477	0.54154	0.54154	0.54154	0.54154	0.54154	0.54154	0.54154	0.54154	0.54154	0.54154	0.54154	0.54154	0.54154	0.54154	0.54154	0.54154	0.54154
10000	4.8896	0.0049997	0.022135	1	1	0.38687	3.1202	4.3004	27.921	67.639	3.7091	3.3641	64.159	67.639	3.1199	4.3858	37.916	67.639	3.6405	3.8062	50.722	67.639	0.37235	0.52048	1.0549	10.488	67.639	1.3559	0.67643	8.6505	67.639	0.71994	0.73375	8.4446	67.639	1.4024	0.1942	9.8907	67.639	0.36319	0.25718	0.25718	0.25718	0.25718	0.25718	0.25718	0.25718	0.25718	0.25718	0.25718	0.25718	0.25718	0.25718	0.25718	0.25718	0.25718	0.25718
10000	4.2154	0.001	0.016506	1	1	0.37442	3.0197	4.1619	27.022	65.462	3.5897	3.2558	62.094	65.462	3.0195	4.2446	36.695	65.462	3.5233	3.6836	49.089	65.462	0.36036	0.50372	1.021	10.15	65.462	1.3122	0.65465	8.372	65.462	0.69676	0.71013	8.1727	65.462	1.3573	0.18795	9.5723	65.462	0.35149	0.17415	0.17415	0.17415	0.17415	0.17415	0.17415	0.17415	0.17415	0.17415	0.17415	0.17415	0.17415	0.17415	0.17415	0.17415	0.17415	0.17415
10000	5.4604	0.0038353	0.01	1	1	0.34539	2.7856	3.8393	24.927	60.387	3.3114	3.0034	57.28	60.387	2.7854	3.9155	33.85	60.387	3.2502	3.3981	45.283	60.387	0.33242	0.46467	0.94182	9.3631	60.387	1.2105	0.6039	7.723	60.387	0.64275	0.65508	7.5391	60.387	1.252	0.17338	8.8302	60.387	0.32424	0.20937	0.20937	0.20937	0.20937	0.20937	0.20937	0.20937	0.20937	0.20937	0.20937	0.20937	0.20937	0.20937	0.20937	0.20937	0.20937	0.20937
10000	5	0.01	0.02	1	1	0.31619	2.5501	3.5146	22.82	55.281	3.0314	2.7494	52.436	55.281	2.5499	3.5844	30.988	55.281	2.9754	3.1107	41.454	55.281	0.30431	0.42538	0.86218	8.5714	55.281	1.1082	0.55284	7.0699	55.281	0.5884	0.59969	6.9016	55.281	1.1462	0.15872	8.0835	55.281	0.29683	0.2	0.2	0.2	0.2	0.2	0.2	0.2	0.2	0.2	0.2	0.2	0.2	0.2	0.2	0.2	0.2	0.2
10000	5.8003	0.001	0.02	1	1	0.38684	3.1199	4.3	27.919	67.633	3.7088	3.3638	64.154	67.633	3.1196	4.3854	37.913	67.633	3.6402	3.8059	50.717	67.633	0.37231	0.52043	1.0548	10.487	67.633	1.3558	0.67637	8.6498	67.633	0.71988	0.73369	8.4438	67.633	1.4023	0.19418	9.8899	67.633	0.36315	0.3	0.3	0.3	0.3	0.3	0.3	0.3	0.3	0.3	0.3	0.3	0.3	0.3	0.3	0.3	0.3	0.3
10000	4.9505	0.0051925	0.019574	1	1	0.22619	1.8243	2.5142	16.324	39.546	2.1686	1.9668	37.511	39.546	1.8241	2.5642	22.168	39.546	2.1285	2.2253	29.655	39.546	0.2177	0.3043	0.61678	6.1317	39.546	0.79274	0.39548	5.0576	39.546	0.42092	0.429	4.9372	39.546	0.81994	0.11354	5.7827	39.546	0.21234	0.18856	0.18856	0.18856	0.18856	0.18856	0.18856	0.18856	0.18856	0.18856	0.18856	0.18856	0.18856	0.18856	0.18856	0.18856	0.18856	0.18856
10000	5.04	0.0048918	0.021103	1	1	0.15764	1.2714	1.7523	11.377	27.561	1.5113	1.3707	26.143	27.561	1.2713	1.7871	15.449	27.561	1.4834	1.5509	20.667	27.561	0.15172	0.21208	0.42985	4.2734	27.561	0.55248	0.27562	3.5248	27.561	0.29335	0.29898	3.4409	27.561	0.57144	0.079129	4.0301	27.561	0.14799	0.21079	0.21079	0.21079	0.21079	0.21079	0.21079	0.21079	0.21079	0.21079	0.21079	0.21079	0.21079	0.21079	0.21079	0.21079	0.21079	0.21079
10000	7.837	0.009442	0.010283	1	1	0.2396	1.9324	2.6634	17.293	41.891	2.2972	2.0835	39.736	41.891	1.9323	2.7163	23.483	41.891	2.2547	2.3573	31.414	41.891	0.23061	0.32235	0.65336	6.4954	41.891	0.83976	0.41894	5.3576	41.891	0.44589	0.45444	5.23	41.891	0.86857	0.12027	6.1257	41.891	0.22493	0.20618	0.20618	0.20618	0.20618	0.20618	0.20618	0.20618	0.20618	0.20618	0.20618	0.20618	0.20618	0.20618	0.20618	0.20618	0.20618	0.20618
10000	2.5167	0.005	0.023333	1	1	0.15581	1.2566	1.7319	11.245	27.241	1.4938	1.3548	25.839	27.241	1.2565	1.7663	15.27	27.241	1.4662	1.5329	20.428	27.241	0.14996	0.20962	0.42486	4.2238	27.241	0.54607	0.27242	3.4839	27.241	0.28995	0.29551	3.4009	27.241	0.56481	0.078211	3.9834	27.241	0.14627	0.2	0.2	0.2	0.2	0.2	0.2	0.2	0.2	0.2	0.2	0.2	0.2	0.2	0.2	0.2	0.2	0.2
10000	5.4612	0.001	0.021477	1	1	0.15581	1.2566	1.7319	11.245	27.241	1.4938	1.3548	25.839	27.241	1.2565	1.7663	15.27	27.241	1.4662	1.5329	20.428	27.241	0.14996	0.20962	0.42486	4.2238	27.241	0.54607	0.27242	3.4839	27.241	0.28995	0.29551	3.4009	27.241	0.56481	0.078211	3.9834	27.241	0.14627	0.2	0.2	0.2	0.2	0.2	0.2	0.2	0.2	0.2	0.2	0.2	0.2	0.2	0.2	0.2	0.2	0.2
10000	1.1005	0.0069277	0.020849	1	1	0.53717	4.3323	5.971	38.768	93.916	5.1501	4.671	89.084	93.916	4.332	6.0896	52.646	93.916	5.0548	5.2848	70.426	93.916	0.517	0.72268	1.4648	14.562	93.916	1.8826	0.93921	12.011	93.916	0.99963	1.0188	11.725	93.916	1.9472	0.26964	13.733	93.916	0.50428	0.41637	0.41637	0.41637	0.41637	0.41637	0.41637	0.41637	0.41637	0.41637	0.41637	0.41637	0.41637	0.41637	0.41637	0.41637	0.41637	0.41637
10000	3.4306	0.016942	0.035246	1	1	0.35397	2.8549	3.9347	25.547	61.887	3.3937	3.078	58.703	61.887	2.8546	4.0128	34.692	61.887	3.331	3.4825	46.408	61.887	0.34068	0.47622	0.96522	9.5958	61.887	1.2406	0.61891	7.9149	61.887	0.65872	0.67136	7.7265	61.887	1.2832	0.17768	9.0496	61.887	0.3323	0.25191	0.25191	0.25191	0.25191	0.25191	0.25191	0.25191	0.25191	0.25191	0.25191	0.25191	0.25191	0.25191	0.25191	0.25191	0.25191	0.25191
10000	3	0.01	0.018998	1	1	0.38684	3.1199	4.3	27.919	67.633	3.7088	3.3638	64.154	67.633	3.1196	4.3854	37.913	67.633	3.6402	3.8059	50.717	67.633	0.37231	0.52043	1.0548	10.487	67.633	1.3558	0.67637	8.6498	67.633	0.71988	0.73369	8.4438	67.633	1.4023	0.19418	9.8899	67.633	0.36315	0.3371	0.3371	0.3371	0.3371	0.3371	0.3371	0.3371	0.3371	0.3371	0.3371	0.3371	0.3371	0.3371	0.3371	0.3371	0.3371	0.3371
10000	1.3286	0.005	0.01	1	1	0.57191	4.6125	6.3571	41.275	99.99	5.4831	4.973	94.845	99.99	4.6121	6.4834	56.05	99.99	5.3817	5.6266	74.981	99.99	0.55043	0.76941	1.5595	15.504	99.99	2.0044	0.99995	12.788	99.99	1.0643	1.0847	12.483	99.99	2.0732	0.28708	14.621	99.99	0.53689	0.33851	0.33851	0.33851	0.33851	0.33851	0.33851	0.33851	0.33851	0.33851	0.33851	0.33851	0.33851	0.33851	0.33851	0.33851	0.33851	0.33851
10000	0.67759	0.0059708	0.01	1	1	0.57093	4.6047	6.3463	41.205	99.819	5.4738	4.9646	94.684	99.819	4.6043	6.4724	55.955	99.819	5.3726	5.617	74.853	99.819	0.5495	0.7681	1.5568	15.477	99.819	2.001	0.99825	12.766	99.819	1.0625	1.0828	12.462	99.819	2.0696	0.28659	14.596	99.819	0.53598	0.32841	0.32841	0.32841	0.32841	0.32841	0.32841	0.32841	0.32841	0.32841	0.32841	0.32841	0.32841	0.32841	0.32841	0.32841	0.32841	0.32841
10000	4.0331	0.001	0.024364	1	1	0.23793	1.919	2.6448	17.172	41.6	2.2812	2.069	39.459	41.6	1.9188	2.6973	23.319	41.6	2.239	2.3409	31.195	41.6	0.229	0.32011	0.6488	6.4501	41.6	0.83391	0.41602	5.3202	41.6	0.44278	0.45127	5.1936	41.6	0.86252	0.11944	6.083	41.6	0.22337	0.34205	0.34205	0.34205	0.34205	0.34205	0.34205	0.34205	0.34205	0.34205	0.34205	0.34205	0.34205	0.34205	0.34205	0.34205	0.34205	0.34205
10000	3.4948	0.004527	0.01	1	1	0.16513	1.3318	1.8355	11.918	28.871	1.5832	1.4359	27.385	28.871	1.3317	1.872	16.184	28.871	1.5539	1.6246	21.65	28.871	0.15893	0.22216	0.45028	4.4765	28.871	0.57874	0.28872	3.6923	28.871	0.3073	0.31319	3.6044	28.871	0.5986	0.082891	4.2217	28.871	0.15502	0.16882	0.16882	0.16882	0.16882	0.16882	0.16882	0.16882	0.16882	0.16882	0.16882	0.16882	0.16882	0.16882	0.16882	0.16882	0.16882	0.16882
10000	2.55	0.01	0.02	1	1	0.15581	1.2566	1.7319	11.245	27.241	1.4938	1.3548	25.839	27.241	1.2565	1.7663	15.27	27.241	1.4662	1.5329	20.428	27.241	0.14996	0.20962	0.42486	4.2238	27.241	0.54607	0.27242	3.4839	27.241	0.28995	0.29551	3.4009	27.241	0.56481	0.078211	3.9834	27.241	0.14627	0.2	0.2	0.2	0.2	0.2	0.2	0.2	0.2	0.2	0.2	0.2	0.2	0.2	0.2	0.2	0.2	0.2
10000	10	0.0065861	0.018615	1	1	0.31162	2.5132	3.4638	22.49	54.482	2.9876	2.7097	51.679	54.482	2.513	3.5326	30.54	54.482	2.9324	3.0658	40.855	54.482	0.29992	0.41923	0.84972	8.4475	54.482	1.0921	0.54485	6.9678	54.482	0.57989	0.59102	6.8019	54.482	1.1296	0.15642	7.9667	54.482	0.29254	0.2	0.2	0.2	0.2	0.2	0.2	0.2	0.2	0.2	0.2	0.2	0.2	0.2	0.2	0.2	0.2	0.2
10000	2.9467	0.006517	0.016667	1	1	0.15581	1.2567	1.732	11.245	27.242	1.4939	1.3549	25.84	27.242	1.2565	1.7664	15.271	27.242	1.4662	1.5329	20.428	27.242	0.14996	0.20962	0.42487	4.2239	27.242	0.54609	0.27243	3.484	27.242	0.28996	0.29552	3.4011	27.242	0.56483	0.078214	3.9835	27.242	0.14627	0.24071	0.24071	0.24071	0.24071	0.24071	0.24071	0.24071	0.24071	0.24071	0.24071	0.24071	0.24071	0.24071	0.24071	0.24071	0.24071	0.24071
10000	6.4029	0.001	0.02	1	1	0.086958	0.70133	0.9666	6.2759	15.203	0.83371	0.75615	14.421	15.203	0.70127	0.9858	8.5224	15.203	0.81829	0.85553	11.401	15.203	0.083693	0.11699	0.23712	2.3573	15.203	0.30477	0.15204	1.9444	15.203	0.16182	0.16493	1.8981	15.203	0.31523	0.04365	2.2232	15.203	0.081634	0.21157	0.21157	0.21157	0.21157	0.21157	0.21157	0.21157	0.21157	0.21157	0.21157	0.21157	0.21157	0.21157	0.21157	0.21157	0.21157	0.21157
10000	4.9159	0.0045734	0.016874	1	1	0.13133	1.0592	1.4598	9.4781	22.961	1.2591	1.142	21.78	22.961	1.0591	1.4888	12.871	22.961	1.2358	1.2921	17.218	22.961	0.1264	0.17668	0.35811	3.5601	22.961	0.46027	0.22962	2.9365	22.961	0.24439	0.24908	2.8666	22.961	0.47607	0.065923	3.3575	22.961	0.12329	0.21299	0.21299	0.21299	0.21299	0.21299	0.21299	0.21299	0.21299	0.21299	0.21299	0.21299	0.21299	0.21299	0.21299	0.21299	0.21299	0.21299
10000	5.1704	0.001	0.01	1	1	0.15581	1.2566	1.7319	11.245	27.241	1.4938	1.3548	25.839	27.241	1.2565	1.7663	15.27	27.241	1.4662	1.5329	20.428	27.241	0.14996	0.20962	0.42486	4.2238	27.241	0.54607	0.27242	3.4839	27.241	0.28995	0.29551	3.4009	27.241	0.56481	0.078211	3.9834	27.241	0.14627	0.20286	0.20286	0.20286	0.20286	0.20286	0.20286	0.20286	0.20286	0.20286	0.20286	0.20286	0.20286	0.20286	0.20286	0.20286	0.20286	0.20286
10000	7.5119	0.001	0.02	1	1	0.15581	1.2566	1.7319	11.245	27.241	1.4938	1.3548	25.839	27.241	1.2565	1.7663	15.27	27.241	1.4662	1.5329	20.428	27.241	0.14996	0.20962	0.42486	4.2238	27.241	0.54607	0.27242	3.4839	27.241	0.28995	0.29551	3.4009	27.241	0.56481	0.078211	3.9834	27.241	0.14627	0.14757	0.14757	0.14757	0.14757	0.14757	0.14757	0.14757	0.14757	0.14757	0.14757	0.14757	0.14757	0.14757	0.14757	0.14757	0.14757	0.14757
10000	9.9999	0.001	0.02	1	1	0.15581	1.2566	1.7319	11.245	27.241	1.4938	1.3548	25.839	27.241	1.2565	1.7663	15.27	27.241	1.4662	1.5329	20.428	27.241	0.14996	0.20962	0.42486	4.2238	27.241	0.54607	0.27242	3.4839	27.241	0.28995	0.29551	3.4009	27.241	0.56481	0.078211	3.9834	27.241	0.14627	0.21367	0.21367	0.21367	0.21367	0.21367	0.21367	0.21367	0.21367	0.21367	0.21367	0.21367	0.21367	0.21367	0.21367	0.21367	0.21367	0.21367
10000	1.6028	0.001	0.01	1	1	0.14715	1.1868	1.6357	10.62	25.727	1.4108	1.2796	24.404	25.727	1.1867	1.6682	14.422	25.727	1.3847	1.4477	19.293	25.727	0.14163	0.19797	0.40126	3.9891	25.727	0.51573	0.25729	3.2903	25.727	0.27384	0.27909	3.212	25.727	0.53343	0.073866	3.7621	25.727	0.13814	0.29024	0.29024	0.29024	0.29024	0.29024	0.29024	0.29024	0.29024	0.29024	0.29024	0.29024	0.29024	0.29024	0.29024	0.29024	0.29024	0.29024
10000	3.5	0.005	0.026114	1	1	0.15581	1.2566	1.7319	11.245	27.241	1.4938	1.3548	25.839	27.241	1.2565	1.7663	15.27	27.241	1.4662	1.5329	20.428	27.241	0.14996	0.20962	0.42486	4.2238	27.241	0.54607	0.27242	3.4839	27.241	0.28995	0.29551	3.4009	27.241	0.56481	0.078211	3.9834	27.241	0.14627	0.34836	0.34836	0.34836	0.34836	0.34836	0.34836	0.34836	0.34836	0.34836	0.34836	0.34836	0.34836	0.34836	0.34836	0.34836	0.34836	0.34836
10000	1.784	0.005	0.02	1	1	0.15581	1.2566	1.7319	11.245	27.241	1.4938	1.3548	25.839	27.241	1.2565	1.7663	15.27	27.241	1.4662	1.5329	20.428	27.241	0.14996	0.20962	0.42486	4.2238	27.241	0.54607	0.27242	3.4839	27.241	0.28995	0.29551	3.4009	27.241	0.56481	0.078211	3.9834	27.241	0.14627	0.2	0.2	0.2	0.2	0.2	0.2	0.2	0.2	0.2	0.2	0.2	0.2	0.2	0.2	0.2	0.2	0.2
10000	5.1492	0.001	0.027233	1	1	0.14937	1.2047	1.6604	10.78	26.115	1.4321	1.2989	24.772	26.115	1.2046	1.6933	14.639	26.115	1.4056	1.4696	19.584	26.115	0.14376	0.20096	0.40731	4.0493	26.115	0.52351	0.26117	3.3399	26.115	0.27797	0.2833	3.2604	26.115	0.54147	0.07498	3.8188	26.115	0.14023	0.49745	0.49745	0.49745	0.49745	0.49745	0.49745	0.49745	0.49745	0.49745	0.49745	0.49745	0.49745	0.49745	0.49745	0.49745	0.49745	0.49745
10000	1.3083	0.0096903	0.01	1	1	0.1258	1.0146	1.3984	9.0794	21.995	1.2061	1.0939	20.863	21.995	1.0145	1.4262	12.329	21.995	1.1838	1.2377	16.494	21.995	0.12108	0.16925	0.34304	3.4104	21.995	0.44091	0.21996	2.813	21.995	0.23411	0.2386	2.746	21.995	0.45604	0.063149	3.2162	21.995	0.1181	0.30148	0.30148	0.30148	0.30148	0.30148	0.30148	0.30148	0.30148	0.30148	0.30148	0.30148	0.30148	0.30148	0.30148	0.30148	0.30148	0.30148
10000	4.9274	0.018012	0.019987	1	1	0.18219	1.4694	2.0251	13.149	31.853	1.7467	1.5842	30.214	31.853	1.4692	2.0654	17.855	31.853	1.7144	1.7924	23.886	31.853	0.17535	0.24511	0.49679	4.9389	31.853	0.63853	0.31855	4.0737	31.853	0.33904	0.34554	3.9768	31.853	0.66043	0.091453	4.6578	31.853	0.17103	0.44391	0.44391	0.44391	0.44391	0.44391	0.44391	0.44391	0.44391	0.44391	0.44391	0.44391	0.44391	0.44391	0.44391	0.44391	0.44391	0.44391
10000	2.5167	0.02	0.03	1	1	0.14391	1.1606	1.5996	10.386	25.16	1.3797	1.2513	23.865	25.16	1.1605	1.6314	14.104	25.16	1.3542	1.4158	18.867	25.16	0.1385	0.1936	0.3924	3.9011	25.16	0.50435	0.25161	3.2177	25.16	0.2678	0.27293	3.1411	25.16	0.52166	0.072236	3.679	25.16	0.13509	0.42429	0.42429	0.42429	0.42429	0.42429	0.42429	0.42429	0.42429	0.42429	0.42429	0.42429	0.42429	0.42429	0.42429	0.42429	0.42429	0.42429
10000	2.229	0.01786	0.020114	1	1	0.22299	1.7984	2.4786	16.093	38.986	2.1379	1.939	36.98	38.986	1.7983	2.5279	21.854	38.986	2.0983	2.1938	29.235	38.986	0.21461	0.3	0.60804	6.0449	38.986	0.78152	0.38988	4.986	38.986	0.41496	0.42292	4.8673	38.986	0.80833	0.11193	5.7008	38.986	0.20933	0.60247	0.60247	0.60247	0.60247	0.60247	0.60247	0.60247	0.60247	0.60247	0.60247	0.60247	0.60247	0.60247	0.60247	0.60247	0.60247	0.60247
10000	4.5	0.57299	0.022708	1	1	0.15581	1.2566	1.7319	11.245	27.241	1.4938	1.3548	25.839	27.241	1.2565	1.7663	15.27	27.241	1.4662	1.5329	20.428	27.241	0.14996	0.20962	0.42486	4.2238	27.241	0.54607	0.27242	3.4839	27.241	0.28995	0.29551	3.4009	27.241	0.56481	0.078211	3.9834	27.241	0.14627	0.33989	0.33989	0.33989	0.33989	0.33989	0.33989	0.33989	0.33989	0.33989	0.33989	0.33989	0.33989	0.33989	0.33989	0.33989	0.33989	0.33989
10000	0.1	0.00125	0.10407	1	1	0.15581	1.2566	1.7319	11.245	27.241	1.4938	1.3548	25.839	27.241	1.2565	1.7663	15.27	27.241	1.4662	1.5329	20.428	27.241	0.14996	0.20962	0.42486	4.2238	27.241	0.54607	0.27242	3.4839	27.241	0.28995	0.29551	3.4009	27.241	0.56481	0.078211	3.9834	27.241	0.14627	0.48171	0.48171	0.48171	0.48171	0.48171	0.48171	0.48171	0.48171	0.48171	0.48171	0.48171	0.48171	0.48171	0.48171	0.48171	0.48171	0.48171
10000	7	0.02	0.015	1	1	0.15581	1.2566	1.7319	11.245	27.241	1.4938	1.3548	25.839	27.241	1.2565	1.7663	15.27	27.241	1.4662	1.5329	20.428	27.241	0.14996	0.20962	0.42486	4.2238	27.241	0.54607	0.27243	3.4839	27.241	0.28995	0.29551	3.401	27.241	0.56481	0.078211	3.9834	27.241	0.14627	0.42945	0.42945	0.42945	0.42945	0.42945	0.42945	0.42945	0.42945	0.42945	0.42945	0.42945	0.42945	0.42945	0.42945	0.42945	0.42945	0.42945
10000	6.6645	0.027228	0.019527	1	1	0.16602	1.339	1.8455	11.982	29.027	1.5917	1.4437	27.533	29.027	1.3389	1.8821	16.271	29.027	1.5623	1.6334	21.767	29.027	0.15979	0.22336	0.45272	4.5007	29.027	0.58187	0.29028	3.7123	29.027	0.30896	0.31488	3.6239	29.027	0.60184	0.083339	4.2445	29.027	0.15586	0.55404	0.55404	0.55404	0.55404	0.55404	0.55404	0.55404	0.55404	0.55404	0.55404	0.55404	0.55404	0.55404	0.55404	0.55404	0.55404	0.55404
10000	3.9879	0.015	0.018188	1	1	0.14904	1.202	1.6566	10.756	26.057	1.4289	1.2959	24.716	26.057	1.2019	1.6895	14.606	26.057	1.4024	1.4663	19.54	26.057	0.14344	0.2005	0.40639	4.0402	26.057	0.52233	0.26058	3.3324	26.057	0.27734	0.28266	3.2531	26.057	0.54026	0.074811	3.8102	26.057	0.13991	0.36953	0.36953	0.36953	0.36953	0.36953	0.36953	0.36953	0.36953	0.36953	0.36953	0.36953	0.36953	0.36953	0.36953	0.36953	0.36953	0.36953
10000	3.0612	0.022975	0.046667	1	1	0.09056	0.73038	1.0066	6.5358	15.833	0.86824	0.78747	15.018	15.833	0.73031	1.0266	8.8754	15.833	0.85218	0.89096	11.873	15.833	0.08716	0.12183	0.24694	2.455	15.833	0.31739	0.15834	2.0249	15.833	0.16853	0.17176	1.9767	15.833	0.32828	0.045458	2.3152	15.833	0.085015	0.30003	0.30003	0.30003	0.30003	0.30003	0.30003	0.30003	0.30003	0.30003	0.30003	0.30003	0.30003	0.30003	0.30003	0.30003	0.30003	0.30003
10000	5.3665	0.028897	0.01	1	1	0.15581	1.2566	1.7319	11.245	27.241	1.4938	1.3548	25.839	27.241	1.2565	1.7663	15.27	27.241	1.4662	1.5329	20.428	27.241	0.14996	0.20962	0.42486	4.2238	27.241	0.54607	0.27243	3.4839	27.241	0.28995	0.29551	3.401	27.241	0.56481	0.078211	3.9834	27.241	0.14627	0.6	0.6	0.6	0.6	0.6	0.6	0.6	0.6	0.6	0.6	0.6	0.6	0.6	0.6	0.6	0.6	0.6
10000	7.7041	0.011738	0.021592	1	1	0.31116	2.5096	3.4588	22.457	54.403	2.9833	2.7057	51.604	54.403	2.5094	3.5275	30.496	54.403	2.9281	3.0614	40.796	54.403	0.29948	0.41863	0.84849	8.4353	54.403	1.0906	0.54406	6.9577	54.403	0.57905	0.59016	6.792	54.403	1.128	0.1562	7.9552	54.403	0.29211	0.60217	0.60217	0.60217	0.60217	0.60217	0.60217	0.60217	0.60217	0.60217	0.60217	0.60217	0.60217	0.60217	0.60217	0.60217	0.60217	0.60217
10000	3.8984	0.082626	0.02	1	1	0.22273	1.7964	2.4758	16.075	38.942	2.1354	1.9368	36.938	38.942	1.7962	2.525	21.829	38.942	2.096	2.1913	29.202	38.942	0.21437	0.29965	0.60735	6.038	38.942	0.78063	0.38944	4.9803	38.942	0.41449	0.42244	4.8618	38.942	0.80741	0.1118	5.6943	38.942	0.2091	0.21712	0.21712	0.21712	0.21712	0.21712	0.21712	0.21712	0.21712	0.21712	0.21712	0.21712	0.21712	0.21712	0.21712	0.21712	0.21712	0.21712
10000	5	0.01	0.02	1	1	0.15581	1.2566	1.7319	11.245	27.241	1.4938	1.3548	25.839	27.241	1.2565	1.7663	15.27	27.241	1.4662	1.5329	20.428	27.241	0.14996	0.20962	0.42486	4.2238	27.241	0.54607	0.27242	3.4839	27.241	0.28995	0.29551	3.4009	27.241	0.56481	0.078211	3.9834	27.241	0.14627	0.3	0.3	0.3	0.3	0.3	0.3	0.3	0.3	0.3	0.3	0.3	0.3	0.3	0.3	0.3	0.3	0.3
10000	5.9331	0.001	0.014693	1	1	0.3516	2.8357	3.9083	25.376	61.472	3.371	3.0573	58.31	61.472	2.8355	3.9859	34.459	61.472	3.3086	3.4592	46.097	61.472	0.3384	0.47303	0.95875	9.5314	61.472	1.2323	0.61476	7.8618	61.472	0.6543	0.66685	7.6747	61.472	1.2746	0.17649	8.9889	61.472	0.33007	0.58276	0.58276	0.58276	0.58276	0.58276	0.58276	0.58276	0.58276	0.58276	0.58276	0.58276	0.58276	0.58276	0.58276	0.58276	0.58276	0.58276
10000	7	0.01	0.01758	1	1	0.15581	1.2566	1.7319	11.245	27.241	1.4938	1.3548	25.839	27.241	1.2565	1.7663	15.27	27.241	1.4662	1.5329	20.428	27.241	0.14996	0.20962	0.42486	4.2238	27.241	0.54607	0.27242	3.4839	27.241	0.28995	0.29551	3.4009	27.241	0.56481	0.078211	3.9834	27.241	0.14627	0.30267	0.30267	0.30267	0.30267	0.30267	0.30267	0.30267	0.30267	0.30267	0.30267	0.30267	0.30267	0.30267	0.30267	0.30267	0.30267	0.30267
10000	6.6257	0.029831	0.039937	1	1	0.16019	1.2919	1.7806	11.561	28.006	1.5358	1.3929	26.565	28.006	1.2918	1.8159	15.699	28.006	1.5074	1.576	21.001	28.006	0.15417	0.21551	0.4368	4.3424	28.006	0.56141	0.28008	3.5818	28.006	0.29809	0.30381	3.4965	28.006	0.58068	0.080408	4.0953	28.006	0.15038	0.21534	0.21534	0.21534	0.21534	0.21534	0.21534	0.21534	0.21534	0.21534	0.21534	0.21534	0.21534	0.21534	0.21534	0.21534	0.21534	0.21534
10000	7.0276	0.001	0.017692	1	1	0.17489	1.4105	1.944	12.622	30.577	1.6767	1.5207	29.004	30.577	1.4104	1.9826	17.14	30.577	1.6457	1.7206	22.929	30.577	0.16832	0.23529	0.47689	4.741	30.577	0.61294	0.30578	3.9105	30.577	0.32545	0.3317	3.8174	30.577	0.63397	0.087789	4.4712	30.577	0.16418	0.52801	0.52801	0.52801	0.52801	0.52801	0.52801	0.52801	0.52801	0.52801	0.52801	0.52801	0.52801	0.52801	0.52801	0.52801	0.52801	0.52801
10000	10	0.0026171	0.035432	1	1	0.1113	0.89762	1.2371	8.0324	19.459	1.067	0.96778	18.457	19.459	0.89754	1.2617	10.908	19.459	1.0473	1.095	14.592	19.459	0.10712	0.14973	0.30348	3.0171	19.459	0.39007	0.1946	2.4886	19.459	0.20711	0.21109	2.4294	19.459	0.40345	0.055867	2.8454	19.459	0.10448	0.49311	0.49311	0.49311	0.49311	0.49311	0.49311	0.49311	0.49311	0.49311	0.49311	0.49311	0.49311	0.49311	0.49311	0.49311	0.49311	0.49311
10000	10	0.0035783	0.020339	1	1	0.1559	1.2574	1.733	11.252	27.257	1.4947	1.3556	25.855	27.257	1.2573	1.7674	15.279	27.257	1.4671	1.5338	20.44	27.257	0.15005	0.20974	0.42512	4.2263	27.257	0.5464	0.27259	3.486	27.257	0.29012	0.29569	3.403	27.257	0.56515	0.078258	3.9858	27.257	0.14636	0.59955	0.59955	0.59955	0.59955	0.59955	0.59955	0.59955	0.59955	0.59955	0.59955	0.59955	0.59955	0.59955	0.59955	0.59955	0.59955	0.59955
10000	5.0817	0.01	0.01652	1	1	0.15581	1.2566	1.7319	11.245	27.241	1.4938	1.3548	25.839	27.241	1.2565	1.7663	15.27	27.241	1.4662	1.5329	20.428	27.241	0.14996	0.20962	0.42486	4.2238	27.241	0.54607	0.27242	3.4839	27.241	0.28995	0.29551	3.4009	27.241	0.56481	0.078211	3.9834	27.241	0.14627	0.47954	0.47954	0.47954	0.47954	0.47954	0.47954	0.47954	0.47954	0.47954	0.47954	0.47954	0.47954	0.47954	0.47954	0.47954	0.47954	0.47954
