10000	5.8834	0.0047786	0.01	1	1	0.80439	0.73436	0.56403	4.2868	15.221	0.73436	0.56403	4.2868	15.221	0.73436	0.56403	4.2868	15.221	0.73436	0.56403	4.2868	15.221	0	0.75214	0.57768	4.3906	15.59	0.75214	0.57768	4.3906	15.59	0.75214	0.57768	4.3906	15.59	0.75214	0.57768	4.3906	15.59	0	0.34474	0.34474	0.34474	0.34474	0.34474	0.34474	0.34474	0.34474	0.34474	0.34474	0.34474	0.34474	0.34474	0.34474	0.34474	0.34474	0.34474
10000	6.4938	0.013011	0.014396	1	1	0.43992	0.97854	1.2804	3.2161	17.502	0.97854	1.2804	3.2161	17.502	0.97854	1.2804	3.2161	17.502	0.97854	1.2804	3.2161	17.502	0	0.77734	1.0171	2.5549	13.904	0.77734	1.0171	2.5549	13.904	0.77734	1.0171	2.5549	13.904	0.77734	1.0171	2.5549	13.904	0	0.31529	0.31529	0.31529	0.31529	0.31529	0.31529	0.31529	0.31529	0.31529	0.31529	0.31529	0.31529	0.31529	0.31529	0.31529	0.31529	0.31529
10000	6.5249	0.001	0.020606	1	1	0.38134	1.0303	0.31969	2.553	14.816	1.0303	0.31969	2.553	14.816	1.0303	0.31969	2.553	14.816	1.0303	0.31969	2.553	14.816	0	1.0576	0.32817	2.6207	15.209	1.0576	0.32817	2.6207	15.209	1.0576	0.32817	2.6207	15.209	1.0576	0.32817	2.6207	15.209	0	0.23255	0.23255	0.23255	0.23255	0.23255	0.23255	0.23255	0.23255	0.23255	0.23255	0.23255	0.23255	0.23255	0.23255	0.23255	0.23255	0.23255
10000	2.0596	0.01053	0.020459	1	1	0.44832	0.75785	0.34487	2.4764	19.892	0.75785	0.34487	2.4764	19.892	0.75785	0.34487	2.4764	19.892	0.75785	0.34487	2.4764	19.892	0	0.45817	0.2085	1.4972	12.026	0.45817	0.2085	1.4972	12.026	0.45817	0.2085	1.4972	12.026	0.45817	0.2085	1.4972	12.026	0	0.22762	0.22762	0.22762	0.22762	0.22762	0.22762	0.22762	0.22762	0.22762	0.22762	0.22762	0.22762	0.22762	0.22762	0.22762	0.22762	0.22762
10000	5	0.01	0.01	1	1	0.69074	0.72484	0.3	2.5	10	0.72484	0.3	2.5	10	0.72484	0.3	2.5	10	0.72484	0.3	2.5	10	0	0.72484	0.3	2.5	10	0.72484	0.3	2.5	10	0.72484	0.3	2.5	10	0.72484	0.3	2.5	10	0	0.3	0.3	0.3	0.3	0.3	0.3	0.3	0.3	0.3	0.3	0.3	0.3	0.3	0.3	0.3	0.3	0.3
10000	0.1	0.001	0.02	1	1	0.63965	0.54479	0.3	2.5	15	0.54479	0.3	2.5	15	0.54479	0.3	2.5	15	0.54479	0.3	2.5	15	0	0.54479	0.3	2.5	15	0.54479	0.3	2.5	15	0.54479	0.3	2.5	15	0.54479	0.3	2.5	15	0	0.2	0.2	0.2	0.2	0.2	0.2	0.2	0.2	0.2	0.2	0.2	0.2	0.2	0.2	0.2	0.2	0.2
10000	1.2641	0.02272	0.019467	1	1	0.8	0.62557	0.3	2.5	15	0.62557	0.3	2.5	15	0.62557	0.3	2.5	15	0.62557	0.3	2.5	15	0	1.2511	0.60001	5	30	1.2511	0.60001	5	30	1.2511	0.60001	5	30	1.2511	0.60001	5	30	0	0.2	0.2	0.2	0.2	0.2	0.2	0.2	0.2	0.2	0.2	0.2	0.2	0.2	0.2	0.2	0.2	0.2
10000	0.1	0.0095	0.01787	1	1	0.66801	0.98812	0.17513	3.4896	8.0356	0.98812	0.17513	3.4896	8.0356	0.98812	0.17513	3.4896	8.0356	0.98812	0.17513	3.4896	8.0356	0	0.96411	0.17088	3.4048	7.8403	0.96411	0.17088	3.4048	7.8403	0.96411	0.17088	3.4048	7.8403	0.96411	0.17088	3.4048	7.8403	0	0.49131	0.49131	0.49131	0.49131	0.49131	0.49131	0.49131	0.49131	0.49131	0.49131	0.49131	0.49131	0.49131	0.49131	0.49131	0.49131	0.49131
10000	1.7333	1	0.04	1	1	0.61737	0.58359	0.3	2.5	8.2907	0.58359	0.3	2.5	8.2907	0.58359	0.3	2.5	8.2907	0.58359	0.3	2.5	8.2907	0	0.67771	0.34838	2.9032	9.6278	0.67771	0.34838	2.9032	9.6278	0.67771	0.34838	2.9032	9.6278	0.67771	0.34838	2.9032	9.6278	0	0.3	0.3	0.3	0.3	0.3	0.3	0.3	0.3	0.3	0.3	0.3	0.3	0.3	0.3	0.3	0.3	0.3
10000	0.1	0.087623	0.02	1	1	0.8	0.8	0.3	3.5	20	0.8	0.3	3.5	20	0.8	0.3	3.5	20	0.8	0.3	3.5	20	0	0.8	0.3	3.5	20	0.8	0.3	3.5	20	0.8	0.3	3.5	20	0.8	0.3	3.5	20	0	0.37645	0.37645	0.37645	0.37645	0.37645	0.37645	0.37645	0.37645	0.37645	0.37645	0.37645	0.37645	0.37645	0.37645	0.37645	0.37645	0.37645
10000	0.1	0.010529	0.012284	1	1	0.11511	1	0.3	2.5	15	1	0.3	2.5	15	1	0.3	2.5	15	1	0.3	2.5	15	0	1	0.3	2.5	15	1	0.3	2.5	15	1	0.3	2.5	15	1	0.3	2.5	15	0	0.33333	0.33333	0.33333	0.33333	0.33333	0.33333	0.33333	0.33333	0.33333	0.33333	0.33333	0.33333	0.33333	0.33333	0.33333	0.33333	0.33333
10000	3	0.54928	0.01	1	1	0.4	0.8	0.3	3.5	15	0.8	0.3	3.5	15	0.8	0.3	3.5	15	0.8	0.3	3.5	15	0	0.8	0.3	3.5	15	0.8	0.3	3.5	15	0.8	0.3	3.5	15	0.8	0.3	3.5	15	0	0.2	0.2	0.2	0.2	0.2	0.2	0.2	0.2	0.2	0.2	0.2	0.2	0.2	0.2	0.2	0.2	0.2
10000	0.1	0.0092643	0.02052	1	1	0.53665	1	0.23148	3.5	78.556	1	0.23148	3.5	78.556	1	0.23148	3.5	78.556	1	0.23148	3.5	78.556	0	1.4682	0.33985	5.1387	115.33	1.4682	0.33985	5.1387	115.33	1.4682	0.33985	5.1387	115.33	1.4682	0.33985	5.1387	115.33	0	0.53333	0.53333	0.53333	0.53333	0.53333	0.53333	0.53333	0.53333	0.53333	0.53333	0.53333	0.53333	0.53333	0.53333	0.53333	0.53333	0.53333
10000	2.7673	0.00925	0.020833	1	1	0.24023	0.83749	-0.020833	2.52	14.667	0.83749	-0.020833	2.52	14.667	0.83749	-0.020833	2.52	14.667	0.83749	-0.020833	2.52	14.667	0	1.627	-0.040473	4.8957	28.493	1.627	-0.040473	4.8957	28.493	1.627	-0.040473	4.8957	28.493	1.627	-0.040473	4.8957	28.493	0	0.2718	0.2718	0.2718	0.2718	0.2718	0.2718	0.2718	0.2718	0.2718	0.2718	0.2718	0.2718	0.2718	0.2718	0.2718	0.2718	0.2718
10000	3.1467	0.25992	0.015782	1	1	0.73998	1.0122	0.22923	5.378	18.179	1.0122	0.22923	5.378	18.179	1.0122	0.22923	5.378	18.179	1.0122	0.22923	5.378	18.179	0	1.4294	0.32373	7.5951	25.674	1.4294	0.32373	7.5951	25.674	1.4294	0.32373	7.5951	25.674	1.4294	0.32373	7.5951	25.674	0	0.31151	0.31151	0.31151	0.31151	0.31151	0.31151	0.31151	0.31151	0.31151	0.31151	0.31151	0.31151	0.31151	0.31151	0.31151	0.31151	0.31151
10000	3.386	0.005	0.025741	1	1	1	1.0472	-10	2.3649	15	1.0472	-10	2.3649	15	1.0472	-10	2.3649	15	1.0472	-10	2.3649	15	0	0.43634	-4.1667	0.98537	6.25	0.43634	-4.1667	0.98537	6.25	0.43634	-4.1667	0.98537	6.25	0.43634	-4.1667	0.98537	6.25	0	0.3	0.3	0.3	0.3	0.3	0.3	0.3	0.3	0.3	0.3	0.3	0.3	0.3	0.3	0.3	0.3	0.3
10000	0.1	0.0041528	0.022584	1	1	0.67774	0.49851	-0.62781	3.5925	14.112	0.49851	-0.62781	3.5925	14.112	0.49851	-0.62781	3.5925	14.112	0.49851	-0.62781	3.5925	14.112	0	0.43209	-0.54417	3.1139	12.231	0.43209	-0.54417	3.1139	12.231	0.43209	-0.54417	3.1139	12.231	0.43209	-0.54417	3.1139	12.231	0	0.36253	0.36253	0.36253	0.36253	0.36253	0.36253	0.36253	0.36253	0.36253	0.36253	0.36253	0.36253	0.36253	0.36253	0.36253	0.36253	0.36253
10000	4.1621	0.01	0.015	1	1	0.80788	1	0.3	2.5	15	1	0.3	2.5	15	1	0.3	2.5	15	1	0.3	2.5	15	0	0.48611	0.14583	1.2153	7.2917	0.48611	0.14583	1.2153	7.2917	0.48611	0.14583	1.2153	7.2917	0.48611	0.14583	1.2153	7.2917	0	0.2701	0.2701	0.2701	0.2701	0.2701	0.2701	0.2701	0.2701	0.2701	0.2701	0.2701	0.2701	0.2701	0.2701	0.2701	0.2701	0.2701
10000	0.1	0.01	0.028889	1	1	0.76116	0.58478	0.26667	2.5	14.444	0.58478	0.26667	2.5	14.444	0.58478	0.26667	2.5	14.444	0.58478	0.26667	2.5	14.444	0	0.58413	0.26637	2.4972	14.429	0.58413	0.26637	2.4972	14.429	0.58413	0.26637	2.4972	14.429	0.58413	0.26637	2.4972	14.429	0	0.35254	0.35254	0.35254	0.35254	0.35254	0.35254	0.35254	0.35254	0.35254	0.35254	0.35254	0.35254	0.35254	0.35254	0.35254	0.35254	0.35254
10000	0.38388	0.01	0.02	1	1	0.8	0.608	0.09982	3.5	11.476	0.608	0.09982	3.5	11.476	0.608	0.09982	3.5	11.476	0.608	0.09982	3.5	11.476	0	0.67239	0.11039	3.8706	12.691	0.67239	0.11039	3.8706	12.691	0.67239	0.11039	3.8706	12.691	0.67239	0.11039	3.8706	12.691	0	0.3	0.3	0.3	0.3	0.3	0.3	0.3	0.3	0.3	0.3	0.3	0.3	0.3	0.3	0.3	0.3	0.3
10000	3.3515	0.019056	0.018424	1	1	0.24746	1.0122	0.32724	2.5213	10.067	1.0122	0.32724	2.5213	10.067	1.0122	0.32724	2.5213	10.067	1.0122	0.32724	2.5213	10.067	0	1.023	0.33073	2.5482	10.174	1.023	0.33073	2.5482	10.174	1.023	0.33073	2.5482	10.174	1.023	0.33073	2.5482	10.174	0	0.28502	0.28502	0.28502	0.28502	0.28502	0.28502	0.28502	0.28502	0.28502	0.28502	0.28502	0.28502	0.28502	0.28502	0.28502	0.28502	0.28502
10000	8.7787	0.0098118	0.01	1	1	0.39268	0.76502	0.2932	4.9817	9.9425	0.76502	0.2932	4.9817	9.9425	0.76502	0.2932	4.9817	9.9425	0.76502	0.2932	4.9817	9.9425	0	0.75802	0.29052	4.9361	9.8515	0.75802	0.29052	4.9361	9.8515	0.75802	0.29052	4.9361	9.8515	0.75802	0.29052	4.9361	9.8515	0	0.28967	0.28967	0.28967	0.28967	0.28967	0.28967	0.28967	0.28967	0.28967	0.28967	0.28967	0.28967	0.28967	0.28967	0.28967	0.28967	0.28967
10000	2.5167	0.013667	0.015558	1	1	0.42256	0.91976	0.18105	2.5	15	0.91976	0.18105	2.5	15	0.91976	0.18105	2.5	15	0.91976	0.18105	2.5	15	0	0.91976	0.18105	2.5	15	0.91976	0.18105	2.5	15	0.91976	0.18105	2.5	15	0.91976	0.18105	2.5	15	0	0.2	0.2	0.2	0.2	0.2	0.2	0.2	0.2	0.2	0.2	0.2	0.2	0.2	0.2	0.2	0.2	0.2
10000	5	0.0074763	0.01	1	1	0.4	0.8	0.6	2.6958	15	0.8	0.6	2.6958	15	0.8	0.6	2.6958	15	0.8	0.6	2.6958	15	0	0.8	0.6	2.6958	15	0.8	0.6	2.6958	15	0.8	0.6	2.6958	15	0.8	0.6	2.6958	15	0	0.2	0.2	0.2	0.2	0.2	0.2	0.2	0.2	0.2	0.2	0.2	0.2	0.2	0.2	0.2	0.2	0.2
10000	3.1383	0.020175	0.043447	1	1	0.37593	0.85041	0.31056	2.4956	15.164	0.85041	0.31056	2.4956	15.164	0.85041	0.31056	2.4956	15.164	0.85041	0.31056	2.4956	15.164	0	0.85003	0.31042	2.4945	15.157	0.85003	0.31042	2.4945	15.157	0.85003	0.31042	2.4945	15.157	0.85003	0.31042	2.4945	15.157	0	0.22102	0.22102	0.22102	0.22102	0.22102	0.22102	0.22102	0.22102	0.22102	0.22102	0.22102	0.22102	0.22102	0.22102	0.22102	0.22102	0.22102
10000	2.6703	0.019573	0.016667	1	1	0.40147	0.80188	-0.0010503	2.4963	19.978	0.80188	-0.0010503	2.4963	19.978	0.80188	-0.0010503	2.4963	19.978	0.80188	-0.0010503	2.4963	19.978	0	0.51234	-0.00067109	1.5949	12.764	0.51234	-0.00067109	1.5949	12.764	0.51234	-0.00067109	1.5949	12.764	0.51234	-0.00067109	1.5949	12.764	0	0.099657	0.099657	0.099657	0.099657	0.099657	0.099657	0.099657	0.099657	0.099657	0.099657	0.099657	0.099657	0.099657	0.099657	0.099657	0.099657	0.099657
10000	4.7038	0.026058	0.023333	1	1	0.65	1.1667	0.19167	2.7917	13.667	1.1667	0.19167	2.7917	13.667	1.1667	0.19167	2.7917	13.667	1.1667	0.19167	2.7917	13.667	0	1.0048	0.16507	2.4042	11.77	1.0048	0.16507	2.4042	11.77	1.0048	0.16507	2.4042	11.77	1.0048	0.16507	2.4042	11.77	0	0.15142	0.15142	0.15142	0.15142	0.15142	0.15142	0.15142	0.15142	0.15142	0.15142	0.15142	0.15142	0.15142	0.15142	0.15142	0.15142	0.15142
10000	5.275	0.005	0.011111	1	1	0.39154	0.85923	-0.09662	2.5	15	0.85923	-0.09662	2.5	15	0.85923	-0.09662	2.5	15	0.85923	-0.09662	2.5	15	0	0.85923	-0.09662	2.5	15	0.85923	-0.09662	2.5	15	0.85923	-0.09662	2.5	15	0.85923	-0.09662	2.5	15	0	0.22184	0.22184	0.22184	0.22184	0.22184	0.22184	0.22184	0.22184	0.22184	0.22184	0.22184	0.22184	0.22184	0.22184	0.22184	0.22184	0.22184
10000	5.0502	0.018914	0.01	1	1	0.4	0.8	0.3	3.5	10	0.8	0.3	3.5	10	0.8	0.3	3.5	10	0.8	0.3	3.5	10	0	0.8	0.3	3.5	9.9999	0.8	0.3	3.5	9.9999	0.8	0.3	3.5	9.9999	0.8	0.3	3.5	9.9999	0	0.2	0.2	0.2	0.2	0.2	0.2	0.2	0.2	0.2	0.2	0.2	0.2	0.2	0.2	0.2	0.2	0.2
10000	5	0.005	0.02	1	1	0.4	1	0	2.5	15	1	0	2.5	15	1	0	2.5	15	1	0	2.5	15	0	0.94323	0	2.3581	14.148	0.94323	0	2.3581	14.148	0.94323	0	2.3581	14.148	0.94323	0	2.3581	14.148	0	0.30928	0.30928	0.30928	0.30928	0.30928	0.30928	0.30928	0.30928	0.30928	0.30928	0.30928	0.30928	0.30928	0.30928	0.30928	0.30928	0.30928
10000	4.4276	0.001	0.01	1	1	0.53334	0.8	-0.18163	2.5	15	0.8	-0.18163	2.5	15	0.8	-0.18163	2.5	15	0.8	-0.18163	2.5	15	0	0.2	-0.045407	0.625	3.75	0.2	-0.045407	0.625	3.75	0.2	-0.045407	0.625	3.75	0.2	-0.045407	0.625	3.75	0	0.2	0.2	0.2	0.2	0.2	0.2	0.2	0.2	0.2	0.2	0.2	0.2	0.2	0.2	0.2	0.2	0.2
10000	1.55	0.02	0.02037	1	1	0.50264	1.0748	0.3	3.3333	20	1.0748	0.3	3.3333	20	1.0748	0.3	3.3333	20	1.0748	0.3	3.3333	20	0	0.2687	0.075	0.83333	5	0.2687	0.075	0.83333	5	0.2687	0.075	0.83333	5	0.2687	0.075	0.83333	5	0	0.19715	0.19715	0.19715	0.19715	0.19715	0.19715	0.19715	0.19715	0.19715	0.19715	0.19715	0.19715	0.19715	0.19715	0.19715	0.19715	0.19715
10000	2.8701	0.0089814	0.02	1	1	0.8	1	0.3	2.5	15	1	0.3	2.5	15	1	0.3	2.5	15	1	0.3	2.5	15	0	0.99999	0.3	2.5	15	0.99999	0.3	2.5	15	0.99999	0.3	2.5	15	0.99999	0.3	2.5	15	0	0.2	0.2	0.2	0.2	0.2	0.2	0.2	0.2	0.2	0.2	0.2	0.2	0.2	0.2	0.2	0.2	0.2
10000	7	0.02	0.02	1	1	0.8	1	0	3.5	10	1	0	3.5	10	1	0	3.5	10	1	0	3.5	10	0	1	0	3.5	10	1	0	3.5	10	1	0	3.5	10	1	0	3.5	10	0	0.4	0.4	0.4	0.4	0.4	0.4	0.4	0.4	0.4	0.4	0.4	0.4	0.4	0.4	0.4	0.4	0.4
10000	5	0.01	0.02	1	1	0.51428	0.8	0.3	2.5	15	0.8	0.3	2.5	15	0.8	0.3	2.5	15	0.8	0.3	2.5	15	0	0.8	0.3	2.5	15	0.8	0.3	2.5	15	0.8	0.3	2.5	15	0.8	0.3	2.5	15	0	0.3	0.3	0.3	0.3	0.3	0.3	0.3	0.3	0.3	0.3	0.3	0.3	0.3	0.3	0.3	0.3	0.3
10000	2.0109	0.026073	0.041024	1	1	0.53556	1.0171	0.09664	2.4701	14.863	1.0171	0.09664	2.4701	14.863	1.0171	0.09664	2.4701	14.863	1.0171	0.09664	2.4701	14.863	0	0.51722	0.049145	1.2562	7.5586	0.51722	0.049145	1.2562	7.5586	0.51722	0.049145	1.2562	7.5586	0.51722	0.049145	1.2562	7.5586	0	0.53976	0.53976	0.53976	0.53976	0.53976	0.53976	0.53976	0.53976	0.53976	0.53976	0.53976	0.53976	0.53976	0.53976	0.53976	0.53976	0.53976
10000	2.9146	0.21	0.02	1	1	0.63903	0.5089	0.3	2.5	20	0.5089	0.3	2.5	20	0.5089	0.3	2.5	20	0.5089	0.3	2.5	20	0	0.5089	0.3	2.5	20	0.5089	0.3	2.5	20	0.5089	0.3	2.5	20	0.5089	0.3	2.5	20	0	0.20574	0.20574	0.20574	0.20574	0.20574	0.20574	0.20574	0.20574	0.20574	0.20574	0.20574	0.20574	0.20574	0.20574	0.20574	0.20574	0.20574
10000	3.2437	0.02475	0.019534	1	1	0.9125	0.34886	0.38125	2.7188	5.3771	0.34886	0.38125	2.7188	5.3771	0.34886	0.38125	2.7188	5.3771	0.34886	0.38125	2.7188	5.3771	0	0.39521	0.43191	3.08	6.0916	0.39521	0.43191	3.08	6.0916	0.39521	0.43191	3.08	6.0916	0.39521	0.43191	3.08	6.0916	0	0.6008	0.6008	0.6008	0.6008	0.6008	0.6008	0.6008	0.6008	0.6008	0.6008	0.6008	0.6008	0.6008	0.6008	0.6008	0.6008	0.6008
10000	3	0.49101	0.02	1	1	0.8	0.41288	0.15315	3.3333	15	0.41288	0.15315	3.3333	15	0.41288	0.15315	3.3333	15	0.41288	0.15315	3.3333	15	0	0.41288	0.15315	3.3333	15	0.41288	0.15315	3.3333	15	0.41288	0.15315	3.3333	15	0.41288	0.15315	3.3333	15	0	0.25	0.25	0.25	0.25	0.25	0.25	0.25	0.25	0.25	0.25	0.25	0.25	0.25	0.25	0.25	0.25	0.25
10000	3	0.01	0.016667	1	1	0.46938	1	0.5	2.5	15	1	0.5	2.5	15	1	0.5	2.5	15	1	0.5	2.5	15	0	1	0.5	2.5	15	1	0.5	2.5	15	1	0.5	2.5	15	1	0.5	2.5	15	0	0.51467	0.51467	0.51467	0.51467	0.51467	0.51467	0.51467	0.51467	0.51467	0.51467	0.51467	0.51467	0.51467	0.51467	0.51467	0.51467	0.51467
10000	2.697	0.011079	0.06	1	1	0.54395	1	0.3	2.5	15	1	0.3	2.5	15	1	0.3	2.5	15	1	0.3	2.5	15	0	0.5	0.15	1.25	7.5	0.5	0.15	1.25	7.5	0.5	0.15	1.25	7.5	0.5	0.15	1.25	7.5	0	0.76677	0.76677	0.76677	0.76677	0.76677	0.76677	0.76677	0.76677	0.76677	0.76677	0.76677	0.76677	0.76677	0.76677	0.76677	0.76677	0.76677
10000	0.1	0.013027	0.016637	1	1	0.4746	0.61367	0.62611	2.2057	16.04	0.61367	0.62611	2.2057	16.04	0.61367	0.62611	2.2057	16.04	0.61367	0.62611	2.2057	16.04	0	0.25524	0.26041	0.91741	6.6715	0.25524	0.26041	0.91741	6.6715	0.25524	0.26041	0.91741	6.6715	0.25524	0.26041	0.91741	6.6715	0	0.50976	0.50976	0.50976	0.50976	0.50976	0.50976	0.50976	0.50976	0.50976	0.50976	0.50976	0.50976	0.50976	0.50976	0.50976	0.50976	0.50976
10000	5	0.0098015	0.022222	1	1	0.8	0.39806	0.3	2.5	4.4212	0.39806	0.3	2.5	4.4212	0.39806	0.3	2.5	4.4212	0.39806	0.3	2.5	4.4212	0	0.44129	0.33257	2.7715	4.9013	0.44129	0.33257	2.7715	4.9013	0.44129	0.33257	2.7715	4.9013	0.44129	0.33257	2.7715	4.9013	0	0.57062	0.57062	0.57062	0.57062	0.57062	0.57062	0.57062	0.57062	0.57062	0.57062	0.57062	0.57062	0.57062	0.57062	0.57062	0.57062	0.57062
10000	3.4314	0.019	0.01	1	1	0.75	1.5	-0.025	3.375	19	1.5	-0.025	3.375	19	1.5	-0.025	3.375	19	1.5	-0.025	3.375	19	0	2.1562	-0.035938	4.8516	27.312	2.1562	-0.035938	4.8516	27.312	2.1562	-0.035938	4.8516	27.312	2.1562	-0.035938	4.8516	27.312	0	1	1	1	1	1	1	1	1	1	1	1	1	1	1	1	1	1
10000	7	0.01	0.49189	1	1	0.40443	0.11427	0.3	2.5	15	0.11427	0.3	2.5	15	0.11427	0.3	2.5	15	0.11427	0.3	2.5	15	0	0.057134	0.15	1.25	7.5	0.057134	0.15	1.25	7.5	0.057134	0.15	1.25	7.5	0.057134	0.15	1.25	7.5	0	0.3	0.3	0.3	0.3	0.3	0.3	0.3	0.3	0.3	0.3	0.3	0.3	0.3	0.3	0.3	0.3	0.3
10000	3	0.005	0.027765	1	1	0.58111	1	0.5	3.3333	15	1	0.5	3.3333	15	1	0.5	3.3333	15	1	0.5	3.3333	15	0	0.5	0.25	1.6667	7.5	0.5	0.25	1.6667	7.5	0.5	0.25	1.6667	7.5	0.5	0.25	1.6667	7.5	0	0.65986	0.65986	0.65986	0.65986	0.65986	0.65986	0.65986	0.65986	0.65986	0.65986	0.65986	0.65986	0.65986	0.65986	0.65986	0.65986	0.65986
10000	2.7785	0.007422	0.01	1	1	0.682	0.9045	0.9457	2.7474	18.869	0.9045	0.9457	2.7474	18.869	0.9045	0.9457	2.7474	18.869	0.9045	0.9457	2.7474	18.869	0	0.99225	1.0374	3.0139	20.7	0.99225	1.0374	3.0139	20.7	0.99225	1.0374	3.0139	20.7	0.99225	1.0374	3.0139	20.7	0	0.6919	0.6919	0.6919	0.6919	0.6919	0.6919	0.6919	0.6919	0.6919	0.6919	0.6919	0.6919	0.6919	0.6919	0.6919	0.6919	0.6919
10000	2.7996	0.0060565	0.01	1	1	0.41901	1.0711	0.22685	2.6798	15.933	1.0711	0.22685	2.6798	15.933	1.0711	0.22685	2.6798	15.933	1.0711	0.22685	2.6798	15.933	0	0.96175	0.2037	2.4063	14.307	0.96175	0.2037	2.4063	14.307	0.96175	0.2037	2.4063	14.307	0.96175	0.2037	2.4063	14.307	0	0.75169	0.75169	0.75169	0.75169	0.75169	0.75169	0.75169	0.75169	0.75169	0.75169	0.75169	0.75169	0.75169	0.75169	0.75169	0.75169	0.75169
10000	1.9019	0.01	0.035413	1	1	0.56407	0.10252	0.20102	1.9388	7.5744	0.10252	0.20102	1.9388	7.5744	0.10252	0.20102	1.9388	7.5744	0.10252	0.20102	1.9388	7.5744	0	0.038445	0.075383	0.72706	2.8404	0.038445	0.075383	0.72706	2.8404	0.038445	0.075383	0.72706	2.8404	0.038445	0.075383	0.72706	2.8404	0	0.37614	0.37614	0.37614	0.37614	0.37614	0.37614	0.37614	0.37614	0.37614	0.37614	0.37614	0.37614	0.37614	0.37614	0.37614	0.37614	0.37614
10000	3.0752	0.02	0.03361	1	1	0.8	0.7942	0.8478	3.3333	15	0.7942	0.8478	3.3333	15	0.7942	0.8478	3.3333	15	0.7942	0.8478	3.3333	15	0	0.29783	0.31793	1.25	5.625	0.29783	0.31793	1.25	5.625	0.29783	0.31793	1.25	5.625	0.29783	0.31793	1.25	5.625	0	0.67992	0.67992	0.67992	0.67992	0.67992	0.67992	0.67992	0.67992	0.67992	0.67992	0.67992	0.67992	0.67992	0.67992	0.67992	0.67992	0.67992
10000	5.1997	0.0099952	0.033697	1	1	0.79976	1.0001	0.29983	2.4995	14.998	1.0001	0.29983	2.4995	14.998	1.0001	0.29983	2.4995	14.998	1.0001	0.29983	2.4995	14.998	0	1.0004	0.2999	2.5001	15.001	1.0004	0.2999	2.5001	15.001	1.0004	0.2999	2.5001	15.001	1.0004	0.2999	2.5001	15.001	0	0.20004	0.20004	0.20004	0.20004	0.20004	0.20004	0.20004	0.20004	0.20004	0.20004	0.20004	0.20004	0.20004	0.20004	0.20004	0.20004	0.20004
10000	5	0.004456	0.020969	1	1	0.55915	0.90709	0.6	2.5	16.667	0.90709	0.6	2.5	16.667	0.90709	0.6	2.5	16.667	0.90709	0.6	2.5	16.667	0	1.0583	0.7	2.9167	19.444	1.0583	0.7	2.9167	19.444	1.0583	0.7	2.9167	19.444	1.0583	0.7	2.9167	19.444	0	0.3	0.3	0.3	0.3	0.3	0.3	0.3	0.3	0.3	0.3	0.3	0.3	0.3	0.3	0.3	0.3	0.3
10000	5.5366	0.01	0.02	1	1	0.8	1	0.3	2.5	10	1	0.3	2.5	10	1	0.3	2.5	10	1	0.3	2.5	10	0	1	0.3	2.5	10	1	0.3	2.5	10	1	0.3	2.5	10	1	0.3	2.5	10	0	0.3	0.3	0.3	0.3	0.3	0.3	0.3	0.3	0.3	0.3	0.3	0.3	0.3	0.3	0.3	0.3	0.3
10000	3.9972	0.011326	0.019836	1	1	0.57799	0.83075	0.3	3.3333	15	0.83075	0.3	3.3333	15	0.83075	0.3	3.3333	15	0.83075	0.3	3.3333	15	0	0.83075	0.3	3.3333	15	0.83075	0.3	3.3333	15	0.83075	0.3	3.3333	15	0.83075	0.3	3.3333	15	0	0.2	0.2	0.2	0.2	0.2	0.2	0.2	0.2	0.2	0.2	0.2	0.2	0.2	0.2	0.2	0.2	0.2
10000	2.2467	0.0099992	0.018334	1	1	0.61171	0.52676	0.30003	4.9302	15	0.52676	0.30003	4.9302	15	0.52676	0.30003	4.9302	15	0.52676	0.30003	4.9302	15	0	0.26337	0.15001	2.465	7.4996	0.26337	0.15001	2.465	7.4996	0.26337	0.15001	2.465	7.4996	0.26337	0.15001	2.465	7.4996	0	0.2336	0.2336	0.2336	0.2336	0.2336	0.2336	0.2336	0.2336	0.2336	0.2336	0.2336	0.2336	0.2336	0.2336	0.2336	0.2336	0.2336
10000	6.1517	0.0038275	0.02	1	1	0.9331	1	0.42714	2.5	15	1	0.42714	2.5	15	1	0.42714	2.5	15	1	0.42714	2.5	15	0	1	0.42714	2.5	15	1	0.42714	2.5	15	1	0.42714	2.5	15	1	0.42714	2.5	15	0	0.2	0.2	0.2	0.2	0.2	0.2	0.2	0.2	0.2	0.2	0.2	0.2	0.2	0.2	0.2	0.2	0.2
10000	8	0.0036667	0.045	1	1	1.0583	0.86667	0.23754	3.3333	12.806	0.86667	0.23754	3.3333	12.806	0.86667	0.23754	3.3333	12.806	0.86667	0.23754	3.3333	12.806	0	0.74151	0.20324	2.852	10.956	0.74151	0.20324	2.852	10.956	0.74151	0.20324	2.852	10.956	0.74151	0.20324	2.852	10.956	0	0.13971	0.13971	0.13971	0.13971	0.13971	0.13971	0.13971	0.13971	0.13971	0.13971	0.13971	0.13971	0.13971	0.13971	0.13971	0.13971	0.13971
10000	5.5944	0.001	0.04001	1	1	0.80016	1.0363	0.30011	2.4997	14.999	1.0363	0.30011	2.4997	14.999	1.0363	0.30011	2.4997	14.999	1.0363	0.30011	2.4997	14.999	0	0.815	0.23603	1.966	11.796	0.815	0.23603	1.966	11.796	0.815	0.23603	1.966	11.796	0.815	0.23603	1.966	11.796	0	0.28268	0.28268	0.28268	0.28268	0.28268	0.28268	0.28268	0.28268	0.28268	0.28268	0.28268	0.28268	0.28268	0.28268	0.28268	0.28268	0.28268
10000	3	0.01	0.02	1	1	0.8	0.86437	0.3	2.5	20	0.86437	0.3	2.5	20	0.86437	0.3	2.5	20	0.86437	0.3	2.5	20	0	0.62811	0.218	1.8167	14.533	0.62811	0.218	1.8167	14.533	0.62811	0.218	1.8167	14.533	0.62811	0.218	1.8167	14.533	0	0.2	0.2	0.2	0.2	0.2	0.2	0.2	0.2	0.2	0.2	0.2	0.2	0.2	0.2	0.2	0.2	0.2
10000	5	0.01	0.02	1	1	1.0667	0.74401	0.4	2.5	15	0.74401	0.4	2.5	15	0.74401	0.4	2.5	15	0.74401	0.4	2.5	15	0	0.74401	0.4	2.5	15	0.74401	0.4	2.5	15	0.74401	0.4	2.5	15	0.74401	0.4	2.5	15	0	0.3	0.3	0.3	0.3	0.3	0.3	0.3	0.3	0.3	0.3	0.3	0.3	0.3	0.3	0.3	0.3	0.3
10000	5	0.01	0.02	1	1	0.8	1	0.3	2.5	15	1	0.3	2.5	15	1	0.3	2.5	15	1	0.3	2.5	15	0	1	0.3	2.5	15	1	0.3	2.5	15	1	0.3	2.5	15	1	0.3	2.5	15	0	0.2	0.2	0.2	0.2	0.2	0.2	0.2	0.2	0.2	0.2	0.2	0.2	0.2	0.2	0.2	0.2	0.2
10000	3	0.011149	0.02	1	1	0.8	1	0.3	2.5	20	1	0.3	2.5	20	1	0.3	2.5	20	1	0.3	2.5	20	0	0.6403	0.19209	1.6008	12.806	0.6403	0.19209	1.6008	12.806	0.6403	0.19209	1.6008	12.806	0.6403	0.19209	1.6008	12.806	0	0.099999	0.099999	0.099999	0.099999	0.099999	0.099999	0.099999	0.099999	0.099999	0.099999	0.099999	0.099999	0.099999	0.099999	0.099999	0.099999	0.099999
10000	5	0.01	0.019525	1	1	0.8	0.84388	0.3	2.5	15	0.84388	0.3	2.5	15	0.84388	0.3	2.5	15	0.84388	0.3	2.5	15	0	0.84388	0.3	2.5	15	0.84388	0.3	2.5	15	0.84388	0.3	2.5	15	0.84388	0.3	2.5	15	0	0.27772	0.27772	0.27772	0.27772	0.27772	0.27772	0.27772	0.27772	0.27772	0.27772	0.27772	0.27772	0.27772	0.27772	0.27772	0.27772	0.27772
10000	7.7519	0.005	0.022222	1	1	0.88889	1.0703	0.36667	2.5	15	1.0703	0.36667	2.5	15	1.0703	0.36667	2.5	15	1.0703	0.36667	2.5	15	0	1.0703	0.36666	2.5	15	1.0703	0.36666	2.5	15	1.0703	0.36666	2.5	15	1.0703	0.36666	2.5	15	0	0.2	0.2	0.2	0.2	0.2	0.2	0.2	0.2	0.2	0.2	0.2	0.2	0.2	0.2	0.2	0.2	0.2
10000	6.6719	0.01042	0.031019	1	1	0.93504	1.0002	0.56318	3.7436	15.015	1.0002	0.56318	3.7436	15.015	1.0002	0.56318	3.7436	15.015	1.0002	0.56318	3.7436	15.015	0	0.82478	0.4644	3.087	12.381	0.82478	0.4644	3.087	12.381	0.82478	0.4644	3.087	12.381	0.82478	0.4644	3.087	12.381	0	0.20069	0.20069	0.20069	0.20069	0.20069	0.20069	0.20069	0.20069	0.20069	0.20069	0.20069	0.20069	0.20069	0.20069	0.20069	0.20069	0.20069
10000	10	0.010457	0.02926	1	1	0.80567	0.9586	-1.0389	2.3898	17.753	0.9586	-1.0389	2.3898	17.753	0.9586	-1.0389	2.3898	17.753	0.9586	-1.0389	2.3898	17.753	0	0.77498	-0.83988	1.932	14.352	0.77498	-0.83988	1.932	14.352	0.77498	-0.83988	1.932	14.352	0.77498	-0.83988	1.932	14.352	0	0.20193	0.20193	0.20193	0.20193	0.20193	0.20193	0.20193	0.20193	0.20193	0.20193	0.20193	0.20193	0.20193	0.20193	0.20193	0.20193	0.20193
10000	0.44962	0.011277	0.022215	1	1	0.92682	0.96332	0.22039	2.5735	10.201	0.96332	0.22039	2.5735	10.201	0.96332	0.22039	2.5735	10.201	0.96332	0.22039	2.5735	10.201	0	0.93241	0.21331	2.4909	9.8738	0.93241	0.21331	2.4909	9.8738	0.93241	0.21331	2.4909	9.8738	0.93241	0.21331	2.4909	9.8738	0	0	0	0	0	0	0	0	0	0	0	0	0	0	0	0	0	0
10000	3.3378	0.001	0.01	1	1	1.2762	0.99999	-0.36448	2.5	20	0.99999	-0.36448	2.5	20	0.99999	-0.36448	2.5	20	0.99999	-0.36448	2.5	20	0	0.99999	-0.36448	2.5	20	0.99999	-0.36448	2.5	20	0.99999	-0.36448	2.5	20	0.99999	-0.36448	2.5	20	0	0.25	0.25	0.25	0.25	0.25	0.25	0.25	0.25	0.25	0.25	0.25	0.25	0.25	0.25	0.25	0.25	0.25
10000	4.9996	0.020004	0.018786	1	1	1.5999	0.99986	0.29989	3.3338	20.002	0.99986	0.29989	3.3338	20.002	0.99986	0.29989	3.3338	20.002	0.99986	0.29989	3.3338	20.002	0	0.94362	0.28302	3.1463	18.877	0.94362	0.28302	3.1463	18.877	0.94362	0.28302	3.1463	18.877	0.94362	0.28302	3.1463	18.877	0	0.20005	0.20005	0.20005	0.20005	0.20005	0.20005	0.20005	0.20005	0.20005	0.20005	0.20005	0.20005	0.20005	0.20005	0.20005	0.20005	0.20005
10000	0.1	0.028917	0.0175	1	1	1.3088	0.875	0.18707	2.7188	15.064	0.875	0.18707	2.7188	15.064	0.875	0.18707	2.7188	15.064	0.875	0.18707	2.7188	15.064	0	0.7793	0.16661	2.4214	13.417	0.7793	0.16661	2.4214	13.417	0.7793	0.16661	2.4214	13.417	0.7793	0.16661	2.4214	13.417	0	0.25	0.25	0.25	0.25	0.25	0.25	0.25	0.25	0.25	0.25	0.25	0.25	0.25	0.25	0.25	0.25	0.25
10000	2.5962	0.001	0.01	1	1	1	1.0507	0.037037	3.3346	15	1.0507	0.037037	3.3346	15	1.0507	0.037037	3.3346	15	1.0507	0.037037	3.3346	15	0	0.42256	0.014895	1.3411	6.0325	0.42256	0.014895	1.3411	6.0325	0.42256	0.014895	1.3411	6.0325	0.42256	0.014895	1.3411	6.0325	0	0.36695	0.36695	0.36695	0.36695	0.36695	0.36695	0.36695	0.36695	0.36695	0.36695	0.36695	0.36695	0.36695	0.36695	0.36695	0.36695	0.36695
10000	3.3923	0.0016666	0.01	1	1	0.80003	1.4014	0.3	3.3334	15	1.4014	0.3	3.3334	15	1.4014	0.3	3.3334	15	1.4014	0.3	3.3334	15	0	0.52554	0.1125	1.25	5.625	0.52554	0.1125	1.25	5.625	0.52554	0.1125	1.25	5.625	0.52554	0.1125	1.25	5.625	0	0.20001	0.20001	0.20001	0.20001	0.20001	0.20001	0.20001	0.20001	0.20001	0.20001	0.20001	0.20001	0.20001	0.20001	0.20001	0.20001	0.20001
10000	2.8389	0.001	0.028489	1	1	0.8	1.1595	0.5	3.3333	30	1.1595	0.5	3.3333	30	1.1595	0.5	3.3333	30	1.1595	0.5	3.3333	30	0	1.1595	0.5	3.3333	30	1.1595	0.5	3.3333	30	1.1595	0.5	3.3333	30	1.1595	0.5	3.3333	30	0	0.2909	0.2909	0.2909	0.2909	0.2909	0.2909	0.2909	0.2909	0.2909	0.2909	0.2909	0.2909	0.2909	0.2909	0.2909	0.2909	0.2909
10000	1.4901	0.0072059	0.031228	1	1	1.039	0.89392	0.34869	3.7545	15.246	0.89392	0.34869	3.7545	15.246	0.89392	0.34869	3.7545	15.246	0.89392	0.34869	3.7545	15.246	0	0.67596	0.26367	2.839	11.528	0.67596	0.26367	2.839	11.528	0.67596	0.26367	2.839	11.528	0.67596	0.26367	2.839	11.528	0	0.20833	0.20833	0.20833	0.20833	0.20833	0.20833	0.20833	0.20833	0.20833	0.20833	0.20833	0.20833	0.20833	0.20833	0.20833	0.20833	0.20833
10000	2.55	0.0022306	0.021603	1	1	0.94585	0.94217	0.3	3.3333	20	0.94217	0.3	3.3333	20	0.94217	0.3	3.3333	20	0.94217	0.3	3.3333	20	0	0.65123	0.20736	2.304	13.824	0.65123	0.20736	2.304	13.824	0.65123	0.20736	2.304	13.824	0.65123	0.20736	2.304	13.824	0	0.24782	0.24782	0.24782	0.24782	0.24782	0.24782	0.24782	0.24782	0.24782	0.24782	0.24782	0.24782	0.24782	0.24782	0.24782	0.24782	0.24782
10000	3.3063	0.0036538	0.020967	1	1	1.0193	1.2068	0.42416	2.4565	15.903	1.2068	0.42416	2.4565	15.903	1.2068	0.42416	2.4565	15.903	1.2068	0.42416	2.4565	15.903	0	0.93692	0.32929	1.9071	12.346	0.93692	0.32929	1.9071	12.346	0.93692	0.32929	1.9071	12.346	0.93692	0.32929	1.9071	12.346	0	0.22839	0.22839	0.22839	0.22839	0.22839	0.22839	0.22839	0.22839	0.22839	0.22839	0.22839	0.22839	0.22839	0.22839	0.22839	0.22839	0.22839
10000	3	0.001	0.026667	1	1	0.8946	1.0864	0.3	2.5	15	1.0864	0.3	2.5	15	1.0864	0.3	2.5	15	1.0864	0.3	2.5	15	0	1.0864	0.3	2.5	15	1.0864	0.3	2.5	15	1.0864	0.3	2.5	15	1.0864	0.3	2.5	15	0	0.3	0.3	0.3	0.3	0.3	0.3	0.3	0.3	0.3	0.3	0.3	0.3	0.3	0.3	0.3	0.3	0.3
10000	2.759	0.001	0.01	1	1	1.1601	1.2504	0.22737	2.5009	15.03	1.2504	0.22737	2.5009	15.03	1.2504	0.22737	2.5009	15.03	1.2504	0.22737	2.5009	15.03	0	0.92792	0.16874	1.856	11.154	0.92792	0.16874	1.856	11.154	0.92792	0.16874	1.856	11.154	0.92792	0.16874	1.856	11.154	0	0.3065	0.3065	0.3065	0.3065	0.3065	0.3065	0.3065	0.3065	0.3065	0.3065	0.3065	0.3065	0.3065	0.3065	0.3065	0.3065	0.3065
10000	7.1691	0.01	0.01	1	1	1.0667	1	0.3	3.3334	15	1	0.3	3.3334	15	1	0.3	3.3334	15	1	0.3	3.3334	15	0	0.82003	0.24601	2.7335	12.301	0.82003	0.24601	2.7335	12.301	0.82003	0.24601	2.7335	12.301	0.82003	0.24601	2.7335	12.301	0	0.2	0.2	0.2	0.2	0.2	0.2	0.2	0.2	0.2	0.2	0.2	0.2	0.2	0.2	0.2	0.2	0.2
10000	4.8732	0.001	0.040486	1	1	1.1066	1.1054	-1.0358	2.7022	13.33	1.1054	-1.0358	2.7022	13.33	1.1054	-1.0358	2.7022	13.33	1.1054	-1.0358	2.7022	13.33	0	0.99782	-0.93498	2.4392	12.033	0.99782	-0.93498	2.4392	12.033	0.99782	-0.93498	2.4392	12.033	0.99782	-0.93498	2.4392	12.033	0	0.26997	0.26997	0.26997	0.26997	0.26997	0.26997	0.26997	0.26997	0.26997	0.26997	0.26997	0.26997	0.26997	0.26997	0.26997	0.26997	0.26997
10000	7	0.005	0.02	1	1	0.46245	0.37713	0.33333	2.5	10	0.37713	0.33333	2.5	10	0.37713	0.33333	2.5	10	0.37713	0.33333	2.5	10	0	0.73236	0.64731	4.8548	19.419	0.73236	0.64731	4.8548	19.419	0.73236	0.64731	4.8548	19.419	0.73236	0.64731	4.8548	19.419	0	0.2	0.2	0.2	0.2	0.2	0.2	0.2	0.2	0.2	0.2	0.2	0.2	0.2	0.2	0.2	0.2	0.2
10000	10	0.010003	0.020828	1	1	0.80021	0.50626	0.53349	3.4995	15.002	0.50626	0.53349	3.4995	15.002	0.50626	0.53349	3.4995	15.002	0.50626	0.53349	3.4995	15.002	0	1.1812	1.2447	8.1648	35.001	1.1812	1.2447	8.1648	35.001	1.1812	1.2447	8.1648	35.001	1.1812	1.2447	8.1648	35.001	0	0.20001	0.20001	0.20001	0.20001	0.20001	0.20001	0.20001	0.20001	0.20001	0.20001	0.20001	0.20001	0.20001	0.20001	0.20001	0.20001	0.20001
10000	6.9138	0.0050961	0.014991	1	1	0.67584	0.99908	0.3006	4.1667	13.022	0.99908	0.3006	4.1667	13.022	0.99908	0.3006	4.1667	13.022	0.99908	0.3006	4.1667	13.022	0	1.4102	0.42431	5.8814	18.381	1.4102	0.42431	5.8814	18.381	1.4102	0.42431	5.8814	18.381	1.4102	0.42431	5.8814	18.381	0	0.099814	0.099814	0.099814	0.099814	0.099814	0.099814	0.099814	0.099814	0.099814	0.099814	0.099814	0.099814	0.099814	0.099814	0.099814	0.099814	0.099814
10000	8.087	0.0050541	0.018314	1	1	0.80697	0.50752	0.40522	3.2948	5.9737	0.50752	0.40522	3.2948	5.9737	0.50752	0.40522	3.2948	5.9737	0.50752	0.40522	3.2948	5.9737	0	1.0183	0.81305	6.6109	11.986	1.0183	0.81305	6.6109	11.986	1.0183	0.81305	6.6109	11.986	1.0183	0.81305	6.6109	11.986	0	0.20754	0.20754	0.20754	0.20754	0.20754	0.20754	0.20754	0.20754	0.20754	0.20754	0.20754	0.20754	0.20754	0.20754	0.20754	0.20754	0.20754
10000	4.0065	0.01	0.021352	1	1	0.61592	0.5653	0.3	3.3334	30	0.5653	0.3	3.3334	30	0.5653	0.3	3.3334	30	0.5653	0.3	3.3334	30	0	0.84795	0.45	5	45	0.84795	0.45	5	45	0.84795	0.45	5	45	0.84795	0.45	5	45	0	0.24641	0.24641	0.24641	0.24641	0.24641	0.24641	0.24641	0.24641	0.24641	0.24641	0.24641	0.24641	0.24641	0.24641	0.24641	0.24641	0.24641
10000	10	0.003	0.023491	1	1	0.56591	0.82663	0.5	2.5	30	0.82663	0.5	2.5	30	0.82663	0.5	2.5	30	0.82663	0.5	2.5	30	0	0.74696	0.45181	2.2591	27.109	0.74696	0.45181	2.2591	27.109	0.74696	0.45181	2.2591	27.109	0.74696	0.45181	2.2591	27.109	0	0.1	0.1	0.1	0.1	0.1	0.1	0.1	0.1	0.1	0.1	0.1	0.1	0.1	0.1	0.1	0.1	0.1
10000	10	0.0040807	0.045	1	1	0.57008	1	0.3	2.5	15	1	0.3	2.5	15	1	0.3	2.5	15	1	0.3	2.5	15	0	0.5	0.15	1.25	7.5	0.5	0.15	1.25	7.5	0.5	0.15	1.25	7.5	0.5	0.15	1.25	7.5	0	0.1	0.1	0.1	0.1	0.1	0.1	0.1	0.1	0.1	0.1	0.1	0.1	0.1	0.1	0.1	0.1	0.1
10000	8.7183	0.005	0.026667	1	1	0.53333	0.58885	0.6	2.5	23.333	0.58885	0.6	2.5	23.333	0.58885	0.6	2.5	23.333	0.58885	0.6	2.5	23.333	0	0.58885	0.6	2.5	23.333	0.58885	0.6	2.5	23.333	0.58885	0.6	2.5	23.333	0.58885	0.6	2.5	23.333	0	0	0	0	0	0	0	0	0	0	0	0	0	0	0	0	0	0
10000	8	0.01	0.04	1	1	0.51212	0.83086	0.44234	4.0725	15	0.83086	0.44234	4.0725	15	0.83086	0.44234	4.0725	15	0.83086	0.44234	4.0725	15	0	0.83086	0.44234	4.0725	15	0.83086	0.44234	4.0725	15	0.83086	0.44234	4.0725	15	0.83086	0.44234	4.0725	15	0	0.2	0.2	0.2	0.2	0.2	0.2	0.2	0.2	0.2	0.2	0.2	0.2	0.2	0.2	0.2	0.2	0.2
10000	9.9999	0.0072831	0.01	1	1	0.8	0.80215	0.6	3.4969	104.87	0.80215	0.6	3.4969	104.87	0.80215	0.6	3.4969	104.87	0.80215	0.6	3.4969	104.87	0	0.87272	0.65279	3.8046	114.1	0.87272	0.65279	3.8046	114.1	0.87272	0.65279	3.8046	114.1	0.87272	0.65279	3.8046	114.1	0	0.2	0.2	0.2	0.2	0.2	0.2	0.2	0.2	0.2	0.2	0.2	0.2	0.2	0.2	0.2	0.2	0.2
10000	4.4096	0.0058333	0.02	1	1	0.4	0.3155	0.3	3.5	20	0.3155	0.3	3.5	20	0.3155	0.3	3.5	20	0.3155	0.3	3.5	20	0	0.3155	0.3	3.5	20	0.3155	0.3	3.5	20	0.3155	0.3	3.5	20	0.3155	0.3	3.5	20	0	0.25576	0.25576	0.25576	0.25576	0.25576	0.25576	0.25576	0.25576	0.25576	0.25576	0.25576	0.25576	0.25576	0.25576	0.25576	0.25576	0.25576
10000	5.1878	0.0089774	0.03	1	1	0.8	0.62527	0.25661	3.5	15	0.62527	0.25661	3.5	15	0.62527	0.25661	3.5	15	0.62527	0.25661	3.5	15	0	0.66526	0.27302	3.7238	15.959	0.66526	0.27302	3.7238	15.959	0.66526	0.27302	3.7238	15.959	0.66526	0.27302	3.7238	15.959	0	0.21175	0.21175	0.21175	0.21175	0.21175	0.21175	0.21175	0.21175	0.21175	0.21175	0.21175	0.21175	0.21175	0.21175	0.21175	0.21175	0.21175
10000	1.6958	0.01	0.02	1	1	0.55453	1.1292	0.3	5	15	1.1292	0.3	5	15	1.1292	0.3	5	15	1.1292	0.3	5	15	0	0.56123	0.14911	2.4852	7.4555	0.56123	0.14911	2.4852	7.4555	0.56123	0.14911	2.4852	7.4555	0.56123	0.14911	2.4852	7.4555	0	0.2	0.2	0.2	0.2	0.2	0.2	0.2	0.2	0.2	0.2	0.2	0.2	0.2	0.2	0.2	0.2	0.2
10000	5.5451	0.01	0.02	1	1	0.31646	1	0.79571	3.5	20	1	0.79571	3.5	20	1	0.79571	3.5	20	1	0.79571	3.5	20	0	1	0.79571	3.5	20	1	0.79571	3.5	20	1	0.79571	3.5	20	1	0.79571	3.5	20	0	0.2	0.2	0.2	0.2	0.2	0.2	0.2	0.2	0.2	0.2	0.2	0.2	0.2	0.2	0.2	0.2	0.2
10000	2.9966	0.0099688	0.022562	1	1	0.56445	0.79844	0.00086596	2.503	15.014	0.79844	0.00086596	2.503	15.014	0.79844	0.00086596	2.503	15.014	0.79844	0.00086596	2.503	15.014	0	0.79966	0.00086727	2.5068	15.037	0.79966	0.00086727	2.5068	15.037	0.79966	0.00086727	2.5068	15.037	0.79966	0.00086727	2.5068	15.037	0	0.19931	0.19931	0.19931	0.19931	0.19931	0.19931	0.19931	0.19931	0.19931	0.19931	0.19931	0.19931	0.19931	0.19931	0.19931	0.19931	0.19931
10000	4.05	0.02	0.01	1	1	0.2856	0.8	0.4397	2.5	13.333	0.8	0.4397	2.5	13.333	0.8	0.4397	2.5	13.333	0.8	0.4397	2.5	13.333	0	0.93333	0.51299	2.9167	15.556	0.93333	0.51299	2.9167	15.556	0.93333	0.51299	2.9167	15.556	0.93333	0.51299	2.9167	15.556	0	0.4	0.4	0.4	0.4	0.4	0.4	0.4	0.4	0.4	0.4	0.4	0.4	0.4	0.4	0.4	0.4	0.4
10000	5.0019	0.012067	0.020005	1	1	0.032838	0.7474	0.43823	3.6676	9.1615	0.7474	0.43823	3.6676	9.1615	0.7474	0.43823	3.6676	9.1615	0.7474	0.43823	3.6676	9.1615	0	0.87154	0.51102	4.2768	10.683	0.87154	0.51102	4.2768	10.683	0.87154	0.51102	4.2768	10.683	0.87154	0.51102	4.2768	10.683	0	0.36667	0.36667	0.36667	0.36667	0.36667	0.36667	0.36667	0.36667	0.36667	0.36667	0.36667	0.36667	0.36667	0.36667	0.36667	0.36667	0.36667
10000	10	0.01055	0.018333	1	1	-0.038838	0.80036	1.1469	1.4995	14.997	0.80036	1.1469	1.4995	14.997	0.80036	1.1469	1.4995	14.997	0.80036	1.1469	1.4995	14.997	0	0.20009	0.28672	0.37487	3.7492	0.20009	0.28672	0.37487	3.7492	0.20009	0.28672	0.37487	3.7492	0.20009	0.28672	0.37487	3.7492	0	0.20015	0.20015	0.20015	0.20015	0.20015	0.20015	0.20015	0.20015	0.20015	0.20015	0.20015	0.20015	0.20015	0.20015	0.20015	0.20015	0.20015
10000	6.225	0.01	0.01	1	1	0.37812	0.8	0.54912	2.9444	17.778	0.8	0.54912	2.9444	17.778	0.8	0.54912	2.9444	17.778	0.8	0.54912	2.9444	17.778	0	0.87168	0.59832	3.2083	19.371	0.87168	0.59832	3.2083	19.371	0.87168	0.59832	3.2083	19.371	0.87168	0.59832	3.2083	19.371	0	0.56201	0.56201	0.56201	0.56201	0.56201	0.56201	0.56201	0.56201	0.56201	0.56201	0.56201	0.56201	0.56201	0.56201	0.56201	0.56201	0.56201
10000	5.2222	0.03	0.02	1	1	0.24174	0.8	0.3	2.5	15	0.8	0.3	2.5	15	0.8	0.3	2.5	15	0.8	0.3	2.5	15	0	0.84444	0.31667	2.6389	15.833	0.84444	0.31667	2.6389	15.833	0.84444	0.31667	2.6389	15.833	0.84444	0.31667	2.6389	15.833	0	0.29952	0.29952	0.29952	0.29952	0.29952	0.29952	0.29952	0.29952	0.29952	0.29952	0.29952	0.29952	0.29952	0.29952	0.29952	0.29952	0.29952
10000	10	0.0064743	0.021667	1	1	-1.0337	0.24498	0.19133	4.8542	10.982	0.24498	0.19133	4.8542	10.982	0.24498	0.19133	4.8542	10.982	0.24498	0.19133	4.8542	10.982	0	0.14704	0.11484	2.9135	6.5911	0.14704	0.11484	2.9135	6.5911	0.14704	0.11484	2.9135	6.5911	0.14704	0.11484	2.9135	6.5911	0	0.18558	0.18558	0.18558	0.18558	0.18558	0.18558	0.18558	0.18558	0.18558	0.18558	0.18558	0.18558	0.18558	0.18558	0.18558	0.18558	0.18558
10000	9.3634	0.010871	0.01	1	1	0.4	1	0.3	3.3333	15	1	0.3	3.3333	15	1	0.3	3.3333	15	1	0.3	3.3333	15	0	1	0.3	3.3333	15	1	0.3	3.3333	15	1	0.3	3.3333	15	1	0.3	3.3333	15	0	0.16667	0.16667	0.16667	0.16667	0.16667	0.16667	0.16667	0.16667	0.16667	0.16667	0.16667	0.16667	0.16667	0.16667	0.16667	0.16667	0.16667
10000	6.6709	0.023167	0.018551	1	1	0.45833	0.725	0.24583	2.6458	14.333	0.725	0.24583	2.6458	14.333	0.725	0.24583	2.6458	14.333	0.725	0.24583	2.6458	14.333	0	0.67214	0.22791	2.4529	13.288	0.67214	0.22791	2.4529	13.288	0.67214	0.22791	2.4529	13.288	0.67214	0.22791	2.4529	13.288	0	0.2087	0.2087	0.2087	0.2087	0.2087	0.2087	0.2087	0.2087	0.2087	0.2087	0.2087	0.2087	0.2087	0.2087	0.2087	0.2087	0.2087
10000	7	0.007496	0.02	1	1	0.8	0.48424	0.14362	3.5477	15	0.48424	0.14362	3.5477	15	0.48424	0.14362	3.5477	15	0.48424	0.14362	3.5477	15	0	0.3691	0.10947	2.7042	11.433	0.3691	0.10947	2.7042	11.433	0.3691	0.10947	2.7042	11.433	0.3691	0.10947	2.7042	11.433	0	0.2	0.2	0.2	0.2	0.2	0.2	0.2	0.2	0.2	0.2	0.2	0.2	0.2	0.2	0.2	0.2	0.2
10000	1.9389	0.0011933	0.029231	1	1	0.38462	0.53846	0.6	1.6923	11.308	0.53846	0.6	1.6923	11.308	0.53846	0.6	1.6923	11.308	0.53846	0.6	1.6923	11.308	0	0.75592	0.84231	2.3757	15.874	0.75592	0.84231	2.3757	15.874	0.75592	0.84231	2.3757	15.874	0.75592	0.84231	2.3757	15.874	0	0.017465	0.017465	0.017465	0.017465	0.017465	0.017465	0.017465	0.017465	0.017465	0.017465	0.017465	0.017465	0.017465	0.017465	0.017465	0.017465	0.017465
10000	7.3217	0.021458	0.023434	1	1	0.27979	0.95455	0.3712	5.3005	13.626	0.95455	0.3712	5.3005	13.626	0.95455	0.3712	5.3005	13.626	0.95455	0.3712	5.3005	13.626	0	0.86941	0.33809	4.8277	12.411	0.86941	0.33809	4.8277	12.411	0.86941	0.33809	4.8277	12.411	0.86941	0.33809	4.8277	12.411	0	0.56879	0.56879	0.56879	0.56879	0.56879	0.56879	0.56879	0.56879	0.56879	0.56879	0.56879	0.56879	0.56879	0.56879	0.56879	0.56879	0.56879
10000	0.1	0.01451	0.049442	1	1	0.063465	1.2505	0.42537	2.9385	12.996	1.2505	0.42537	2.9385	12.996	1.2505	0.42537	2.9385	12.996	1.2505	0.42537	2.9385	12.996	0	0.78336	0.26646	1.8407	8.1407	0.78336	0.26646	1.8407	8.1407	0.78336	0.26646	1.8407	8.1407	0.78336	0.26646	1.8407	8.1407	0	0.15844	0.15844	0.15844	0.15844	0.15844	0.15844	0.15844	0.15844	0.15844	0.15844	0.15844	0.15844	0.15844	0.15844	0.15844	0.15844	0.15844
10000	3.9459	0.0070605	0.050337	1	1	0.3758	0.96542	0.32247	4.9395	15.277	0.96542	0.32247	4.9395	15.277	0.96542	0.32247	4.9395	15.277	0.96542	0.32247	4.9395	15.277	0	0.94557	0.31584	4.8379	14.963	0.94557	0.31584	4.8379	14.963	0.94557	0.31584	4.8379	14.963	0.94557	0.31584	4.8379	14.963	0	0.42074	0.42074	0.42074	0.42074	0.42074	0.42074	0.42074	0.42074	0.42074	0.42074	0.42074	0.42074	0.42074	0.42074	0.42074	0.42074	0.42074
10000	7	0.005	0.02	1	1	0.25494	1	0.41013	2.5	15	1	0.41013	2.5	15	1	0.41013	2.5	15	1	0.41013	2.5	15	0	1	0.41013	2.5	15	1	0.41013	2.5	15	1	0.41013	2.5	15	1	0.41013	2.5	15	0	0.22214	0.22214	0.22214	0.22214	0.22214	0.22214	0.22214	0.22214	0.22214	0.22214	0.22214	0.22214	0.22214	0.22214	0.22214	0.22214	0.22214
10000	2.9999	0.023644	0.026706	1	1	0.31723	0.6887	0.20746	3.7862	30.001	0.6887	0.20746	3.7862	30.001	0.6887	0.20746	3.7862	30.001	0.6887	0.20746	3.7862	30.001	0	0.69761	0.21014	3.8352	30.389	0.69761	0.21014	3.8352	30.389	0.69761	0.21014	3.8352	30.389	0.69761	0.21014	3.8352	30.389	0	0.31253	0.31253	0.31253	0.31253	0.31253	0.31253	0.31253	0.31253	0.31253	0.31253	0.31253	0.31253	0.31253	0.31253	0.31253	0.31253	0.31253
10000	6.4357	0.011667	0.015	1	1	0.075945	0.94063	0.66667	3.5	15	0.94063	0.66667	3.5	15	0.94063	0.66667	3.5	15	0.94063	0.66667	3.5	15	0	1.6084	1.14	5.9848	25.649	1.6084	1.14	5.9848	25.649	1.6084	1.14	5.9848	25.649	1.6084	1.14	5.9848	25.649	0	0.2048	0.2048	0.2048	0.2048	0.2048	0.2048	0.2048	0.2048	0.2048	0.2048	0.2048	0.2048	0.2048	0.2048	0.2048	0.2048	0.2048
10000	3	0.001	0.02	1	1	0.26331	1.0839	0.3	2.7727	15	1.0839	0.3	2.7727	15	1.0839	0.3	2.7727	15	1.0839	0.3	2.7727	15	0	0.45163	0.125	1.1553	6.25	0.45163	0.125	1.1553	6.25	0.45163	0.125	1.1553	6.25	0.45163	0.125	1.1553	6.25	0	0.3	0.3	0.3	0.3	0.3	0.3	0.3	0.3	0.3	0.3	0.3	0.3	0.3	0.3	0.3	0.3	0.3
10000	2.998	0.013443	0.020021	1	1	-0.4303	0.99898	0.30067	3.3351	15.008	0.99898	0.30067	3.3351	15.008	0.99898	0.30067	3.3351	15.008	0.99898	0.30067	3.3351	15.008	0	0.99988	0.30094	3.3381	15.022	0.99988	0.30094	3.3381	15.022	0.99988	0.30094	3.3381	15.022	0.99988	0.30094	3.3381	15.022	0	0.20017	0.20017	0.20017	0.20017	0.20017	0.20017	0.20017	0.20017	0.20017	0.20017	0.20017	0.20017	0.20017	0.20017	0.20017	0.20017	0.20017
10000	6.5675	0.0040338	0.025169	1	1	0.2293	0.74155	0.52279	3.266	17.068	0.74155	0.52279	3.266	17.068	0.74155	0.52279	3.266	17.068	0.74155	0.52279	3.266	17.068	0	0.9304	0.65593	4.0977	21.414	0.9304	0.65593	4.0977	21.414	0.9304	0.65593	4.0977	21.414	0.9304	0.65593	4.0977	21.414	0	0.15683	0.15683	0.15683	0.15683	0.15683	0.15683	0.15683	0.15683	0.15683	0.15683	0.15683	0.15683	0.15683	0.15683	0.15683	0.15683	0.15683
10000	9.4576	0.01	0.018333	1	1	-0.17585	0.92424	0.3	3.9032	13.018	0.92424	0.3	3.9032	13.018	0.92424	0.3	3.9032	13.018	0.92424	0.3	3.9032	13.018	0	1.7566	0.57017	7.4184	24.741	1.7566	0.57017	7.4184	24.741	1.7566	0.57017	7.4184	24.741	1.7566	0.57017	7.4184	24.741	0	0.42985	0.42985	0.42985	0.42985	0.42985	0.42985	0.42985	0.42985	0.42985	0.42985	0.42985	0.42985	0.42985	0.42985	0.42985	0.42985	0.42985
10000	2.8389	0.001	0.02	1	1	-0.38578	0.99999	0.6	3.3333	15	0.99999	0.6	3.3333	15	0.99999	0.6	3.3333	15	0.99999	0.6	3.3333	15	0	1.1496	0.68978	3.8321	17.244	1.1496	0.68978	3.8321	17.244	1.1496	0.68978	3.8321	17.244	1.1496	0.68978	3.8321	17.244	0	0.4	0.4	0.4	0.4	0.4	0.4	0.4	0.4	0.4	0.4	0.4	0.4	0.4	0.4	0.4	0.4	0.4
10000	5.4378	0.0087086	0.02298	1	1	0.67643	0.85986	0.38545	3.5279	11.677	0.85986	0.38545	3.5279	11.677	0.85986	0.38545	3.5279	11.677	0.85986	0.38545	3.5279	11.677	0	0.95009	0.4259	3.8981	12.903	0.95009	0.4259	3.8981	12.903	0.95009	0.4259	3.8981	12.903	0.95009	0.4259	3.8981	12.903	0	0.45337	0.45337	0.45337	0.45337	0.45337	0.45337	0.45337	0.45337	0.45337	0.45337	0.45337	0.45337	0.45337	0.45337	0.45337	0.45337	0.45337
10000	3.0001	0.0099973	0.019776	1	1	0.80014	1.0002	0.66655	3.621	29.999	1.0002	0.66655	3.621	29.999	1.0002	0.66655	3.621	29.999	1.0002	0.66655	3.621	29.999	0	0.50005	0.33326	1.8104	14.998	0.50005	0.33326	1.8104	14.998	0.50005	0.33326	1.8104	14.998	0.50005	0.33326	1.8104	14.998	0	0.17789	0.17789	0.17789	0.17789	0.17789	0.17789	0.17789	0.17789	0.17789	0.17789	0.17789	0.17789	0.17789	0.17789	0.17789	0.17789	0.17789
10000	3	0.01	0.02	1	1	-0.35765	0.8	0.4	2.5	15	0.8	0.4	2.5	15	0.8	0.4	2.5	15	0.8	0.4	2.5	15	0	0.8	0.4	2.5	15	0.8	0.4	2.5	15	0.8	0.4	2.5	15	0.8	0.4	2.5	15	0	0.2	0.2	0.2	0.2	0.2	0.2	0.2	0.2	0.2	0.2	0.2	0.2	0.2	0.2	0.2	0.2	0.2
10000	4.6077	0.0099194	0.040117	1	1	0.39686	0.72799	0.55892	3.4899	27.912	0.72799	0.55892	3.4899	27.912	0.72799	0.55892	3.4899	27.912	0.72799	0.55892	3.4899	27.912	0	0.72513	0.55672	3.4762	27.802	0.72513	0.55672	3.4762	27.802	0.72513	0.55672	3.4762	27.802	0.72513	0.55672	3.4762	27.802	0	0.27872	0.27872	0.27872	0.27872	0.27872	0.27872	0.27872	0.27872	0.27872	0.27872	0.27872	0.27872	0.27872	0.27872	0.27872	0.27872	0.27872
10000	3.0328	0.001	0.01	1	1	0.38824	0.9832	0.31092	2.4706	14.866	0.9832	0.31092	2.4706	14.866	0.9832	0.31092	2.4706	14.866	0.9832	0.31092	2.4706	14.866	0	0.90925	0.28754	2.2848	13.748	0.90925	0.28754	2.2848	13.748	0.90925	0.28754	2.2848	13.748	0.90925	0.28754	2.2848	13.748	0	0.31199	0.31199	0.31199	0.31199	0.31199	0.31199	0.31199	0.31199	0.31199	0.31199	0.31199	0.31199	0.31199	0.31199	0.31199	0.31199	0.31199
10000	5.2459	0.0043332	0.035618	1	1	0.32758	1.1156	0.54425	3.3403	16.246	1.1156	0.54425	3.3403	16.246	1.1156	0.54425	3.3403	16.246	1.1156	0.54425	3.3403	16.246	0	1.1504	0.56122	3.4445	16.752	1.1504	0.56122	3.4445	16.752	1.1504	0.56122	3.4445	16.752	1.1504	0.56122	3.4445	16.752	0	0.45239	0.45239	0.45239	0.45239	0.45239	0.45239	0.45239	0.45239	0.45239	0.45239	0.45239	0.45239	0.45239	0.45239	0.45239	0.45239	0.45239
10000	5.633	0.011128	0.021445	1	1	0.38932	0.44143	0.44648	2.8944	16.803	0.44143	0.44648	2.8944	16.803	0.44143	0.44648	2.8944	16.803	0.44143	0.44648	2.8944	16.803	0	0.65405	0.66153	4.2885	24.896	0.65405	0.66153	4.2885	24.896	0.65405	0.66153	4.2885	24.896	0.65405	0.66153	4.2885	24.896	0	0.43521	0.43521	0.43521	0.43521	0.43521	0.43521	0.43521	0.43521	0.43521	0.43521	0.43521	0.43521	0.43521	0.43521	0.43521	0.43521	0.43521
10000	5.0302	0.001	0.024	1	1	0.54779	0.8981	0.30984	4.6897	5.2634	0.8981	0.30984	4.6897	5.2634	0.8981	0.30984	4.6897	5.2634	0.8981	0.30984	4.6897	5.2634	0	0.90614	0.31262	4.7317	5.3105	0.90614	0.31262	4.7317	5.3105	0.90614	0.31262	4.7317	5.3105	0.90614	0.31262	4.7317	5.3105	0	0.53761	0.53761	0.53761	0.53761	0.53761	0.53761	0.53761	0.53761	0.53761	0.53761	0.53761	0.53761	0.53761	0.53761	0.53761	0.53761	0.53761
10000	4.352	0.010209	0.020275	1	1	0.40964	0.98624	0.4812	7.0309	20.148	0.98624	0.4812	7.0309	20.148	0.98624	0.4812	7.0309	20.148	0.98624	0.4812	7.0309	20.148	0	0.99812	0.487	7.1156	20.39	0.99812	0.487	7.1156	20.39	0.99812	0.487	7.1156	20.39	0.99812	0.487	7.1156	20.39	0	0.63308	0.63308	0.63308	0.63308	0.63308	0.63308	0.63308	0.63308	0.63308	0.63308	0.63308	0.63308	0.63308	0.63308	0.63308	0.63308	0.63308
10000	3	0.01	0.02	1	1	0.4	0.8	0.3	2.5	15	0.8	0.3	2.5	15	0.8	0.3	2.5	15	0.8	0.3	2.5	15	0	0.8	0.3	2.5	15	0.8	0.3	2.5	15	0.8	0.3	2.5	15	0.8	0.3	2.5	15	0	0.2	0.2	0.2	0.2	0.2	0.2	0.2	0.2	0.2	0.2	0.2	0.2	0.2	0.2	0.2	0.2	0.2
10000	2.7556	0.0058947	0.01	1	1	0.36541	0.75553	0.24735	4.4773	14.605	0.75553	0.24735	4.4773	14.605	0.75553	0.24735	4.4773	14.605	0.75553	0.24735	4.4773	14.605	0	0.39512	0.12936	2.3415	7.6378	0.39512	0.12936	2.3415	7.6378	0.39512	0.12936	2.3415	7.6378	0.39512	0.12936	2.3415	7.6378	0	0.24941	0.24941	0.24941	0.24941	0.24941	0.24941	0.24941	0.24941	0.24941	0.24941	0.24941	0.24941	0.24941	0.24941	0.24941	0.24941	0.24941
10000	4.2085	0.0066677	0.02	1	1	0.38381	0.8	0.3	3.3333	15	0.8	0.3	3.3333	15	0.8	0.3	3.3333	15	0.8	0.3	3.3333	15	0	0.46667	0.175	1.9444	8.7501	0.46667	0.175	1.9444	8.7501	0.46667	0.175	1.9444	8.7501	0.46667	0.175	1.9444	8.7501	0	0.2	0.2	0.2	0.2	0.2	0.2	0.2	0.2	0.2	0.2	0.2	0.2	0.2	0.2	0.2	0.2	0.2
10000	1.637	0.001	0.020892	1	1	0.48517	1.0446	-0.18367	3.6004	15.357	1.0446	-0.18367	3.6004	15.357	1.0446	-0.18367	3.6004	15.357	1.0446	-0.18367	3.6004	15.357	0	0.49901	-0.087739	1.7199	7.3359	0.49901	-0.087739	1.7199	7.3359	0.49901	-0.087739	1.7199	7.3359	0.49901	-0.087739	1.7199	7.3359	0	0.21898	0.21898	0.21898	0.21898	0.21898	0.21898	0.21898	0.21898	0.21898	0.21898	0.21898	0.21898	0.21898	0.21898	0.21898	0.21898	0.21898
10000	3.0895	0.001	0.027946	1	1	0.35383	1.3333	0.3	2.5	15	1.3333	0.3	2.5	15	1.3333	0.3	2.5	15	1.3333	0.3	2.5	15	0	0.78843	0.17739	1.4783	8.8698	0.78843	0.17739	1.4783	8.8698	0.78843	0.17739	1.4783	8.8698	0.78843	0.17739	1.4783	8.8698	0	0.2	0.2	0.2	0.2	0.2	0.2	0.2	0.2	0.2	0.2	0.2	0.2	0.2	0.2	0.2	0.2	0.2
10000	0.1	0.0070142	0.02931	1	1	0.46627	1.2458	0.29948	2.8841	15.006	1.2458	0.29948	2.8841	15.006	1.2458	0.29948	2.8841	15.006	1.2458	0.29948	2.8841	15.006	0	1.1939	0.287	2.7639	14.381	1.1939	0.287	2.7639	14.381	1.1939	0.287	2.7639	14.381	1.1939	0.287	2.7639	14.381	0	0.39981	0.39981	0.39981	0.39981	0.39981	0.39981	0.39981	0.39981	0.39981	0.39981	0.39981	0.39981	0.39981	0.39981	0.39981	0.39981	0.39981
10000	0.65268	0.005	0.02	1	1	0.4	1.5	-0.20202	3.5	15	1.5	-0.20202	3.5	15	1.5	-0.20202	3.5	15	1.5	-0.20202	3.5	15	0	1.5	-0.20202	3.5	15	1.5	-0.20202	3.5	15	1.5	-0.20202	3.5	15	1.5	-0.20202	3.5	15	0	0.4	0.4	0.4	0.4	0.4	0.4	0.4	0.4	0.4	0.4	0.4	0.4	0.4	0.4	0.4	0.4	0.4
10000	0.1	0.023317	0.019993	1	1	0.31211	0.80032	0.26873	2.1083	20.004	0.80032	0.26873	2.1083	20.004	0.80032	0.26873	2.1083	20.004	0.80032	0.26873	2.1083	20.004	0	0.8005	0.26879	2.1088	20.008	0.8005	0.26879	2.1088	20.008	0.8005	0.26879	2.1088	20.008	0.8005	0.26879	2.1088	20.008	0	0.22661	0.22661	0.22661	0.22661	0.22661	0.22661	0.22661	0.22661	0.22661	0.22661	0.22661	0.22661	0.22661	0.22661	0.22661	0.22661	0.22661
10000	0.1	0.005	0.02	1	1	0.43065	1	0.3	2.5	15	1	0.3	2.5	15	1	0.3	2.5	15	1	0.3	2.5	15	0	1	0.3	2.5	15	1	0.3	2.5	15	1	0.3	2.5	15	1	0.3	2.5	15	0	0.2	0.2	0.2	0.2	0.2	0.2	0.2	0.2	0.2	0.2	0.2	0.2	0.2	0.2	0.2	0.2	0.2
10000	1.2382	0.01	0.026667	1	1	0.35049	1	0.3	2.5	15	1	0.3	2.5	15	1	0.3	2.5	15	1	0.3	2.5	15	0	0.75385	0.22616	1.8846	11.308	0.75385	0.22616	1.8846	11.308	0.75385	0.22616	1.8846	11.308	0.75385	0.22616	1.8846	11.308	0	0.16667	0.16667	0.16667	0.16667	0.16667	0.16667	0.16667	0.16667	0.16667	0.16667	0.16667	0.16667	0.16667	0.16667	0.16667	0.16667	0.16667
10000	2.6315	0.0077638	0.021314	1	1	0.51163	0.88509	0.3747	2.7011	10.241	0.88509	0.3747	2.7011	10.241	0.88509	0.3747	2.7011	10.241	0.88509	0.3747	2.7011	10.241	0	0.34768	0.14719	1.0611	4.023	0.34768	0.14719	1.0611	4.023	0.34768	0.14719	1.0611	4.023	0.34768	0.14719	1.0611	4.023	0	0.1742	0.1742	0.1742	0.1742	0.1742	0.1742	0.1742	0.1742	0.1742	0.1742	0.1742	0.1742	0.1742	0.1742	0.1742	0.1742	0.1742
10000	5	0.01	0.02	1	1	0.46846	0.99999	0.4	5	20	0.99999	0.4	5	20	0.99999	0.4	5	20	0.99999	0.4	5	20	0	0.99999	0.4	5	20	0.99999	0.4	5	20	0.99999	0.4	5	20	0.99999	0.4	5	20	0	0.6	0.6	0.6	0.6	0.6	0.6	0.6	0.6	0.6	0.6	0.6	0.6	0.6	0.6	0.6	0.6	0.6
10000	1.0667	0.0044326	0.017246	1	1	0.49222	0.65958	0.3	2.6104	15	0.65958	0.3	2.6104	15	0.65958	0.3	2.6104	15	0.65958	0.3	2.6104	15	0	0.34811	0.15833	1.3777	7.9167	0.34811	0.15833	1.3777	7.9167	0.34811	0.15833	1.3777	7.9167	0.34811	0.15833	1.3777	7.9167	0	0.2	0.2	0.2	0.2	0.2	0.2	0.2	0.2	0.2	0.2	0.2	0.2	0.2	0.2	0.2	0.2	0.2
10000	9.9999	0.01	0.02	1	1	0.4	1.3333	0.3	5	-47.133	1.3333	0.3	5	-47.133	1.3333	0.3	5	-47.133	1.3333	0.3	5	-47.133	0	1.2144	0.27325	4.5541	-42.93	1.2144	0.27325	4.5541	-42.93	1.2144	0.27325	4.5541	-42.93	1.2144	0.27325	4.5541	-42.93	0	0.6	0.6	0.6	0.6	0.6	0.6	0.6	0.6	0.6	0.6	0.6	0.6	0.6	0.6	0.6	0.6	0.6
10000	2.0333	0.005	0.02	1	1	0.4	1	0.10519	2.5	13.333	1	0.10519	2.5	13.333	1	0.10519	2.5	13.333	1	0.10519	2.5	13.333	0	0.5	0.052595	1.25	6.6667	0.5	0.052595	1.25	6.6667	0.5	0.052595	1.25	6.6667	0.5	0.052595	1.25	6.6667	0	0.24543	0.24543	0.24543	0.24543	0.24543	0.24543	0.24543	0.24543	0.24543	0.24543	0.24543	0.24543	0.24543	0.24543	0.24543	0.24543	0.24543
10000	3.2698	0.01	0.030938	1	1	0.57239	0.77321	0.53047	1.9987	13.292	0.77321	0.53047	1.9987	13.292	0.77321	0.53047	1.9987	13.292	0.77321	0.53047	1.9987	13.292	0	0.53823	0.36926	1.3913	9.2524	0.53823	0.36926	1.3913	9.2524	0.53823	0.36926	1.3913	9.2524	0.53823	0.36926	1.3913	9.2524	0	0.23513	0.23513	0.23513	0.23513	0.23513	0.23513	0.23513	0.23513	0.23513	0.23513	0.23513	0.23513	0.23513	0.23513	0.23513	0.23513	0.23513
10000	3	0.01	0.02	1	1	0.8	1	0.3	2.5	15	1	0.3	2.5	15	1	0.3	2.5	15	1	0.3	2.5	15	0	1	0.3	2.5	15	1	0.3	2.5	15	1	0.3	2.5	15	1	0.3	2.5	15	0	0.2	0.2	0.2	0.2	0.2	0.2	0.2	0.2	0.2	0.2	0.2	0.2	0.2	0.2	0.2	0.2	0.2
10000	5	0.005	0.02	1	1	0.63639	1	0.3	2.5	15	1	0.3	2.5	15	1	0.3	2.5	15	1	0.3	2.5	15	0	0.83852	0.25156	2.0963	12.578	0.83852	0.25156	2.0963	12.578	0.83852	0.25156	2.0963	12.578	0.83852	0.25156	2.0963	12.578	0	0.32816	0.32816	0.32816	0.32816	0.32816	0.32816	0.32816	0.32816	0.32816	0.32816	0.32816	0.32816	0.32816	0.32816	0.32816	0.32816	0.32816
10000	5	0.015	0.02	1	1	1.0162	0.8	0.4	2.5	12.553	0.8	0.4	2.5	12.553	0.8	0.4	2.5	12.553	0.8	0.4	2.5	12.553	0	0.78091	0.39045	2.4403	12.254	0.78091	0.39045	2.4403	12.254	0.78091	0.39045	2.4403	12.254	0.78091	0.39045	2.4403	12.254	0	0.33116	0.33116	0.33116	0.33116	0.33116	0.33116	0.33116	0.33116	0.33116	0.33116	0.33116	0.33116	0.33116	0.33116	0.33116	0.33116	0.33116
10000	5.8745	0.02	0.028889	1	1	0.84444	0.87722	0.32222	2.5266	30	0.87722	0.32222	2.5266	30	0.87722	0.32222	2.5266	30	0.87722	0.32222	2.5266	30	0	0.87722	0.32222	2.5266	30	0.87722	0.32222	2.5266	30	0.87722	0.32222	2.5266	30	0.87722	0.32222	2.5266	30	0	0.31579	0.31579	0.31579	0.31579	0.31579	0.31579	0.31579	0.31579	0.31579	0.31579	0.31579	0.31579	0.31579	0.31579	0.31579	0.31579	0.31579
10000	3.3739	0.010025	0.020556	1	1	0.775	0.75393	0.30203	3.5625	14.778	0.75393	0.30203	3.5625	14.778	0.75393	0.30203	3.5625	14.778	0.75393	0.30203	3.5625	14.778	0	0.73561	0.29469	3.4759	14.419	0.73561	0.29469	3.4759	14.419	0.73561	0.29469	3.4759	14.419	0.73561	0.29469	3.4759	14.419	0	0.32319	0.32319	0.32319	0.32319	0.32319	0.32319	0.32319	0.32319	0.32319	0.32319	0.32319	0.32319	0.32319	0.32319	0.32319	0.32319	0.32319
10000	3	0.001	0.02	1	1	0.15987	1	-0.13637	2.5	15	1	-0.13637	2.5	15	1	-0.13637	2.5	15	1	-0.13637	2.5	15	0	1	-0.13637	2.5	15	1	-0.13637	2.5	15	1	-0.13637	2.5	15	1	-0.13637	2.5	15	0	0.3	0.3	0.3	0.3	0.3	0.3	0.3	0.3	0.3	0.3	0.3	0.3	0.3	0.3	0.3	0.3	0.3
10000	3.6449	0.0052153	0.020405	1	1	0.68154	0.98217	0.62969	3.5247	13.174	0.98217	0.62969	3.5247	13.174	0.98217	0.62969	3.5247	13.174	0.98217	0.62969	3.5247	13.174	0	1.1336	0.72678	4.0682	15.205	1.1336	0.72678	4.0682	15.205	1.1336	0.72678	4.0682	15.205	1.1336	0.72678	4.0682	15.205	0	0.42301	0.42301	0.42301	0.42301	0.42301	0.42301	0.42301	0.42301	0.42301	0.42301	0.42301	0.42301	0.42301	0.42301	0.42301	0.42301	0.42301
10000	2.3721	0.001	0.016743	1	1	0.8	1	0.17839	2.5	10	1	0.17839	2.5	10	1	0.17839	2.5	10	1	0.17839	2.5	10	0	0.99999	0.17839	2.5	9.9999	0.99999	0.17839	2.5	9.9999	0.99999	0.17839	2.5	9.9999	0.99999	0.17839	2.5	9.9999	0	0.29626	0.29626	0.29626	0.29626	0.29626	0.29626	0.29626	0.29626	0.29626	0.29626	0.29626	0.29626	0.29626	0.29626	0.29626	0.29626	0.29626
10000	0.1	0.007	0.017153	1	1	0.7931	1.0289	0.225	6.1623	16.333	1.0289	0.225	6.1623	16.333	1.0289	0.225	6.1623	16.333	1.0289	0.225	6.1623	16.333	0	0.25722	0.05625	1.5406	4.0833	0.25722	0.05625	1.5406	4.0833	0.25722	0.05625	1.5406	4.0833	0.25722	0.05625	1.5406	4.0833	0	0.13333	0.13333	0.13333	0.13333	0.13333	0.13333	0.13333	0.13333	0.13333	0.13333	0.13333	0.13333	0.13333	0.13333	0.13333	0.13333	0.13333
10000	0.14297	0.0169	0.028938	1	1	0.68652	1.0939	0.22577	3.4238	15.414	1.0939	0.22577	3.4238	15.414	1.0939	0.22577	3.4238	15.414	1.0939	0.22577	3.4238	15.414	0	0.40531	0.08365	1.2686	5.7109	0.40531	0.08365	1.2686	5.7109	0.40531	0.08365	1.2686	5.7109	0.40531	0.08365	1.2686	5.7109	0	0.30614	0.30614	0.30614	0.30614	0.30614	0.30614	0.30614	0.30614	0.30614	0.30614	0.30614	0.30614	0.30614	0.30614	0.30614	0.30614	0.30614
10000	1.8931	0.001	0.014985	1	1	0.40103	0.79867	0.49889	2.4974	14.988	0.79867	0.49889	2.4974	14.988	0.79867	0.49889	2.4974	14.988	0.79867	0.49889	2.4974	14.988	0	0.79764	0.49825	2.4942	14.969	0.79764	0.49825	2.4942	14.969	0.79764	0.49825	2.4942	14.969	0.79764	0.49825	2.4942	14.969	0	0.30089	0.30089	0.30089	0.30089	0.30089	0.30089	0.30089	0.30089	0.30089	0.30089	0.30089	0.30089	0.30089	0.30089	0.30089	0.30089	0.30089
10000	10	0.01641	0.029408	1	1	0.49165	0.90759	0.30232	3.8979	-7.8829	0.90759	0.30232	3.8979	-7.8829	0.90759	0.30232	3.8979	-7.8829	0.90759	0.30232	3.8979	-7.8829	0	0.90682	0.30206	3.8946	-7.8763	0.90682	0.30206	3.8946	-7.8763	0.90682	0.30206	3.8946	-7.8763	0.90682	0.30206	3.8946	-7.8763	0	0.35538	0.35538	0.35538	0.35538	0.35538	0.35538	0.35538	0.35538	0.35538	0.35538	0.35538	0.35538	0.35538	0.35538	0.35538	0.35538	0.35538
10000	3.4914	0.02	0.045	1	1	0.25372	0.8	0.33333	5	15	0.8	0.33333	5	15	0.8	0.33333	5	15	0.8	0.33333	5	15	0	0.83535	0.34806	5.2209	15.663	0.83535	0.34806	5.2209	15.663	0.83535	0.34806	5.2209	15.663	0.83535	0.34806	5.2209	15.663	0	0.43175	0.43175	0.43175	0.43175	0.43175	0.43175	0.43175	0.43175	0.43175	0.43175	0.43175	0.43175	0.43175	0.43175	0.43175	0.43175	0.43175
10000	0.94581	0.0035495	0.021242	1	1	0.67195	0.99986	0.36613	2.4987	13.011	0.99986	0.36613	2.4987	13.011	0.99986	0.36613	2.4987	13.011	0.99986	0.36613	2.4987	13.011	0	0.41661	0.15255	1.0411	5.4211	0.41661	0.15255	1.0411	5.4211	0.41661	0.15255	1.0411	5.4211	0.41661	0.15255	1.0411	5.4211	0	0.29528	0.29528	0.29528	0.29528	0.29528	0.29528	0.29528	0.29528	0.29528	0.29528	0.29528	0.29528	0.29528	0.29528	0.29528	0.29528	0.29528
10000	2.6407	0.45681	0.014954	1	1	0.79582	1.0035	0.39698	2.4919	3.4621	1.0035	0.39698	2.4919	3.4621	1.0035	0.39698	2.4919	3.4621	1.0035	0.39698	2.4919	3.4621	0	1.1667	0.46154	2.8971	4.0251	1.1667	0.46154	2.8971	4.0251	1.1667	0.46154	2.8971	4.0251	1.1667	0.46154	2.8971	4.0251	0	0.40279	0.40279	0.40279	0.40279	0.40279	0.40279	0.40279	0.40279	0.40279	0.40279	0.40279	0.40279	0.40279	0.40279	0.40279	0.40279	0.40279
10000	5.3772	0.0061458	0.018043	1	1	0.68493	0.91507	0.34244	5.2238	-34.123	0.91507	0.34244	5.2238	-34.123	0.91507	0.34244	5.2238	-34.123	0.91507	0.34244	5.2238	-34.123	0	0.8127	0.30412	4.6393	-30.305	0.8127	0.30412	4.6393	-30.305	0.8127	0.30412	4.6393	-30.305	0.8127	0.30412	4.6393	-30.305	0	0.62672	0.62672	0.62672	0.62672	0.62672	0.62672	0.62672	0.62672	0.62672	0.62672	0.62672	0.62672	0.62672	0.62672	0.62672	0.62672	0.62672
10000	2.695	0.001	0.021414	1	1	0.8	0.94584	0.3	2.5	15	0.94584	0.3	2.5	15	0.94584	0.3	2.5	15	0.94584	0.3	2.5	15	0	0.94584	0.3	2.5	15	0.94584	0.3	2.5	15	0.94584	0.3	2.5	15	0.94584	0.3	2.5	15	0	0.6	0.6	0.6	0.6	0.6	0.6	0.6	0.6	0.6	0.6	0.6	0.6	0.6	0.6	0.6	0.6	0.6
10000	3.7796	0.0098843	0.019815	1	1	0.32208	1.3426	0.60266	4.9838	14.926	1.3426	0.60266	4.9838	14.926	1.3426	0.60266	4.9838	14.926	1.3426	0.60266	4.9838	14.926	0	1.3535	0.60755	5.0242	15.047	1.3535	0.60755	5.0242	15.047	1.3535	0.60755	5.0242	15.047	1.3535	0.60755	5.0242	15.047	0	0.62202	0.62202	0.62202	0.62202	0.62202	0.62202	0.62202	0.62202	0.62202	0.62202	0.62202	0.62202	0.62202	0.62202	0.62202	0.62202	0.62202
10000	3	0.01	0.03	1	1	0.8	1	0.3	2.5	15	1	0.3	2.5	15	1	0.3	2.5	15	1	0.3	2.5	15	0	1	0.3	2.5	15	1	0.3	2.5	15	1	0.3	2.5	15	1	0.3	2.5	15	0	0.6	0.6	0.6	0.6	0.6	0.6	0.6	0.6	0.6	0.6	0.6	0.6	0.6	0.6	0.6	0.6	0.6
10000	2.0321	0.0025228	0.02	1	1	0.80001	0.8	0.18157	1.5	10.941	0.8	0.18157	1.5	10.941	0.8	0.18157	1.5	10.941	0.8	0.18157	1.5	10.941	0	0.97658	0.22165	1.8311	13.355	0.97658	0.22165	1.8311	13.355	0.97658	0.22165	1.8311	13.355	0.97658	0.22165	1.8311	13.355	0	0.41691	0.41691	0.41691	0.41691	0.41691	0.41691	0.41691	0.41691	0.41691	0.41691	0.41691	0.41691	0.41691	0.41691	0.41691	0.41691	0.41691
10000	4.5639	0.01	0.021938	1	1	1	1	0.4	2.5	15	1	0.4	2.5	15	1	0.4	2.5	15	1	0.4	2.5	15	0	1.5739	0.62954	3.9347	23.608	1.5739	0.62954	3.9347	23.608	1.5739	0.62954	3.9347	23.608	1.5739	0.62954	3.9347	23.608	0	0.7	0.7	0.7	0.7	0.7	0.7	0.7	0.7	0.7	0.7	0.7	0.7	0.7	0.7	0.7	0.7	0.7
10000	4.0069	0.43445	0.062137	1	1	1.1942	1.3279	0.30301	2.6009	-134.96	1.3279	0.30301	2.6009	-134.96	1.3279	0.30301	2.6009	-134.96	1.3279	0.30301	2.6009	-134.96	0	1.2264	0.27983	2.402	-124.64	1.2264	0.27983	2.402	-124.64	1.2264	0.27983	2.402	-124.64	1.2264	0.27983	2.402	-124.64	0	0.64402	0.64402	0.64402	0.64402	0.64402	0.64402	0.64402	0.64402	0.64402	0.64402	0.64402	0.64402	0.64402	0.64402	0.64402	0.64402	0.64402
10000	2.025	0.001	0.014598	1	1	0.86111	0.5	-0.25	1.2774	19	0.5	-0.25	1.2774	19	0.5	-0.25	1.2774	19	0.5	-0.25	1.2774	19	0	0.42895	-0.21447	1.0959	16.3	0.42895	-0.21447	1.0959	16.3	0.42895	-0.21447	1.0959	16.3	0.42895	-0.21447	1.0959	16.3	0	0.25978	0.25978	0.25978	0.25978	0.25978	0.25978	0.25978	0.25978	0.25978	0.25978	0.25978	0.25978	0.25978	0.25978	0.25978	0.25978	0.25978
10000	3	0.0055	0.01	1	1	0.51958	1.0667	0.3	2.5	-17.49	1.0667	0.3	2.5	-17.49	1.0667	0.3	2.5	-17.49	1.0667	0.3	2.5	-17.49	0	0.91883	0.25842	2.1535	-15.066	0.91883	0.25842	2.1535	-15.066	0.91883	0.25842	2.1535	-15.066	0.91883	0.25842	2.1535	-15.066	0	0.51145	0.51145	0.51145	0.51145	0.51145	0.51145	0.51145	0.51145	0.51145	0.51145	0.51145	0.51145	0.51145	0.51145	0.51145	0.51145	0.51145
10000	3.0679	0.009325	0.053333	1	1	1.0909	1.3333	0.33518	2.7778	5.001	1.3333	0.33518	2.7778	5.001	1.3333	0.33518	2.7778	5.001	1.3333	0.33518	2.7778	5.001	0	1.3815	0.34729	2.8781	5.1817	1.3815	0.34729	2.8781	5.1817	1.3815	0.34729	2.8781	5.1817	1.3815	0.34729	2.8781	5.1817	0	0.69689	0.69689	0.69689	0.69689	0.69689	0.69689	0.69689	0.69689	0.69689	0.69689	0.69689	0.69689	0.69689	0.69689	0.69689	0.69689	0.69689
10000	2.4631	0.011466	0.023408	1	1	1.0359	0.99718	0.12346	2.5049	19.97	0.99718	0.12346	2.5049	19.97	0.99718	0.12346	2.5049	19.97	0.99718	0.12346	2.5049	19.97	0	0.99964	0.12376	2.5111	20.02	0.99964	0.12376	2.5111	20.02	0.99964	0.12376	2.5111	20.02	0.99964	0.12376	2.5111	20.02	0	0.70528	0.70528	0.70528	0.70528	0.70528	0.70528	0.70528	0.70528	0.70528	0.70528	0.70528	0.70528	0.70528	0.70528	0.70528	0.70528	0.70528
10000	2.942	0.020007	0.066516	1	1	1.0144	1.0002	0.23187	2.5003	15.001	1.0002	0.23187	2.5003	15.001	1.0002	0.23187	2.5003	15.001	1.0002	0.23187	2.5003	15.001	0	1.167	0.27055	2.9174	17.504	1.167	0.27055	2.9174	17.504	1.167	0.27055	2.9174	17.504	1.167	0.27055	2.9174	17.504	0	0.5558	0.5558	0.5558	0.5558	0.5558	0.5558	0.5558	0.5558	0.5558	0.5558	0.5558	0.5558	0.5558	0.5558	0.5558	0.5558	0.5558
10000	2.129	0.011717	0.023724	1	1	0.80836	0.88847	0.29396	2.4837	15.074	0.88847	0.29396	2.4837	15.074	0.88847	0.29396	2.4837	15.074	0.88847	0.29396	2.4837	15.074	0	0.89156	0.29498	2.4924	15.127	0.89156	0.29498	2.4924	15.127	0.89156	0.29498	2.4924	15.127	0.89156	0.29498	2.4924	15.127	0	0.64958	0.64958	0.64958	0.64958	0.64958	0.64958	0.64958	0.64958	0.64958	0.64958	0.64958	0.64958	0.64958	0.64958	0.64958	0.64958	0.64958
10000	1.6653	0.011667	0.01	1	1	1.0667	1	0.3	2.5	15	1	0.3	2.5	15	1	0.3	2.5	15	1	0.3	2.5	15	0	1	0.3	2.5	15	1	0.3	2.5	15	1	0.3	2.5	15	1	0.3	2.5	15	0	0.66478	0.66478	0.66478	0.66478	0.66478	0.66478	0.66478	0.66478	0.66478	0.66478	0.66478	0.66478	0.66478	0.66478	0.66478	0.66478	0.66478
10000	5	0.013333	0.01	1	1	0.53333	1	0.3	2.5	15	1	0.3	2.5	15	1	0.3	2.5	15	1	0.3	2.5	15	0	0.41667	0.125	1.0417	6.25	0.41667	0.125	1.0417	6.25	0.41667	0.125	1.0417	6.25	0.41667	0.125	1.0417	6.25	0	0.2	0.2	0.2	0.2	0.2	0.2	0.2	0.2	0.2	0.2	0.2	0.2	0.2	0.2	0.2	0.2	0.2
10000	3	0.01	0.02	1	1	0.8	1	0.3	2.5	21.286	1	0.3	2.5	21.286	1	0.3	2.5	21.286	1	0.3	2.5	21.286	0	0.81526	0.24458	2.0382	17.354	0.81526	0.24458	2.0382	17.354	0.81526	0.24458	2.0382	17.354	0.81526	0.24458	2.0382	17.354	0	0.2	0.2	0.2	0.2	0.2	0.2	0.2	0.2	0.2	0.2	0.2	0.2	0.2	0.2	0.2	0.2	0.2
10000	7	0.01	0.017988	1	1	0.8	0.8	0.3	2.5	15	0.8	0.3	2.5	15	0.8	0.3	2.5	15	0.8	0.3	2.5	15	0	0.8	0.3	2.5	15	0.8	0.3	2.5	15	0.8	0.3	2.5	15	0.8	0.3	2.5	15	0	0.2	0.2	0.2	0.2	0.2	0.2	0.2	0.2	0.2	0.2	0.2	0.2	0.2	0.2	0.2	0.2	0.2
10000	3	0.027548	0.06	1	1	0.53359	0.8	0.5	2.5	10	0.8	0.5	2.5	10	0.8	0.5	2.5	10	0.8	0.5	2.5	10	0	0.8	0.5	2.5	10	0.8	0.5	2.5	10	0.8	0.5	2.5	10	0.8	0.5	2.5	10	0	0.2	0.2	0.2	0.2	0.2	0.2	0.2	0.2	0.2	0.2	0.2	0.2	0.2	0.2	0.2	0.2	0.2
10000	4.8452	0.010944	0.021049	1	1	0.55993	1.0453	0.02623	3.4251	19.58	1.0453	0.02623	3.4251	19.58	1.0453	0.02623	3.4251	19.58	1.0453	0.02623	3.4251	19.58	0	1.0411	0.026126	3.4114	19.502	1.0411	0.026126	3.4114	19.502	1.0411	0.026126	3.4114	19.502	1.0411	0.026126	3.4114	19.502	0	0.22098	0.22098	0.22098	0.22098	0.22098	0.22098	0.22098	0.22098	0.22098	0.22098	0.22098	0.22098	0.22098	0.22098	0.22098	0.22098	0.22098
10000	5.0788	0.0031165	0.023441	1	1	0.76306	0.7177	0.29713	2.3555	26.716	0.7177	0.29713	2.3555	26.716	0.7177	0.29713	2.3555	26.716	0.7177	0.29713	2.3555	26.716	0	0.71479	0.29592	2.346	26.608	0.71479	0.29592	2.346	26.608	0.71479	0.29592	2.346	26.608	0.71479	0.29592	2.346	26.608	0	0.20577	0.20577	0.20577	0.20577	0.20577	0.20577	0.20577	0.20577	0.20577	0.20577	0.20577	0.20577	0.20577	0.20577	0.20577	0.20577	0.20577
10000	8.0502	0.0097714	0.019746	1	1	0.78857	0.52886	0.44831	3.5286	12.058	0.52886	0.44831	3.5286	12.058	0.52886	0.44831	3.5286	12.058	0.52886	0.44831	3.5286	12.058	0	0.55237	0.46823	3.6854	12.594	0.55237	0.46823	3.6854	12.594	0.55237	0.46823	3.6854	12.594	0.55237	0.46823	3.6854	12.594	0	0.098414	0.098414	0.098414	0.098414	0.098414	0.098414	0.098414	0.098414	0.098414	0.098414	0.098414	0.098414	0.098414	0.098414	0.098414	0.098414	0.098414
10000	3.364	0.0020803	0.029874	1	1	0.79717	1.0869	0.44205	2.5055	15.025	1.0869	0.44205	2.5055	15.025	1.0869	0.44205	2.5055	15.025	1.0869	0.44205	2.5055	15.025	0	1.0839	0.44083	2.4986	14.984	1.0839	0.44083	2.4986	14.984	1.0839	0.44083	2.4986	14.984	1.0839	0.44083	2.4986	14.984	0	0.19874	0.19874	0.19874	0.19874	0.19874	0.19874	0.19874	0.19874	0.19874	0.19874	0.19874	0.19874	0.19874	0.19874	0.19874	0.19874	0.19874
10000	3	0.001	0.014108	1	1	0.8	0.81642	0.6	2.5	15	0.81642	0.6	2.5	15	0.81642	0.6	2.5	15	0.81642	0.6	2.5	15	0	0.81642	0.6	2.5	15	0.81642	0.6	2.5	15	0.81642	0.6	2.5	15	0.81642	0.6	2.5	15	0	0.20071	0.20071	0.20071	0.20071	0.20071	0.20071	0.20071	0.20071	0.20071	0.20071	0.20071	0.20071	0.20071	0.20071	0.20071	0.20071	0.20071
10000	10	0.0099999	0.02	1	1	0.8	1	0.3	2.5	15	1	0.3	2.5	15	1	0.3	2.5	15	1	0.3	2.5	15	0	0.5	0.15	1.25	7.5	0.5	0.15	1.25	7.5	0.5	0.15	1.25	7.5	0.5	0.15	1.25	7.5	0	0.2	0.2	0.2	0.2	0.2	0.2	0.2	0.2	0.2	0.2	0.2	0.2	0.2	0.2	0.2	0.2	0.2
10000	4.7177	0.011667	0.02	1	1	0.71093	1	0.6	3.5263	15	1	0.6	3.5263	15	1	0.6	3.5263	15	1	0.6	3.5263	15	0	1.1978	0.7187	4.2239	17.968	1.1978	0.7187	4.2239	17.968	1.1978	0.7187	4.2239	17.968	1.1978	0.7187	4.2239	17.968	0	0.52167	0.52167	0.52167	0.52167	0.52167	0.52167	0.52167	0.52167	0.52167	0.52167	0.52167	0.52167	0.52167	0.52167	0.52167	0.52167	0.52167
10000	4.1301	0.018875	0.030369	1	1	0.52935	0.89949	0.30606	2.5754	13.419	0.89949	0.30606	2.5754	13.419	0.89949	0.30606	2.5754	13.419	0.89949	0.30606	2.5754	13.419	0	0.96671	0.32893	2.7678	14.422	0.96671	0.32893	2.7678	14.422	0.96671	0.32893	2.7678	14.422	0.96671	0.32893	2.7678	14.422	0	0.30319	0.30319	0.30319	0.30319	0.30319	0.30319	0.30319	0.30319	0.30319	0.30319	0.30319	0.30319	0.30319	0.30319	0.30319	0.30319	0.30319
10000	2.4544	0.0058267	0.030892	1	1	0.57515	1.3324	0.59687	6.113	29.993	1.3324	0.59687	6.113	29.993	1.3324	0.59687	6.113	29.993	1.3324	0.59687	6.113	29.993	0	0.33311	0.14922	1.5282	7.4982	0.33311	0.14922	1.5282	7.4982	0.33311	0.14922	1.5282	7.4982	0.33311	0.14922	1.5282	7.4982	0	0.2939	0.2939	0.2939	0.2939	0.2939	0.2939	0.2939	0.2939	0.2939	0.2939	0.2939	0.2939	0.2939	0.2939	0.2939	0.2939	0.2939
10000	1.6849	0.001	0.017653	1	1	0.50451	0.65635	0.36249	2.7793	16.277	0.65635	0.36249	2.7793	16.277	0.65635	0.36249	2.7793	16.277	0.65635	0.36249	2.7793	16.277	0	0.56468	0.31187	2.3912	14.004	0.56468	0.31187	2.3912	14.004	0.56468	0.31187	2.3912	14.004	0.56468	0.31187	2.3912	14.004	0	0.25419	0.25419	0.25419	0.25419	0.25419	0.25419	0.25419	0.25419	0.25419	0.25419	0.25419	0.25419	0.25419	0.25419	0.25419	0.25419	0.25419
10000	1.0875	0.001	0.016667	1	1	0.44444	0.59716	0.3	2.5	15	0.59716	0.3	2.5	15	0.59716	0.3	2.5	15	0.59716	0.3	2.5	15	0	0.55617	0.27941	2.3284	13.97	0.55617	0.27941	2.3284	13.97	0.55617	0.27941	2.3284	13.97	0.55617	0.27941	2.3284	13.97	0	0.3	0.3	0.3	0.3	0.3	0.3	0.3	0.3	0.3	0.3	0.3	0.3	0.3	0.3	0.3	0.3	0.3
10000	6.3567	0.020955	0.01948	1	1	1.026	1.3073	0.28308	4.9545	10.369	1.3073	0.28308	4.9545	10.369	1.3073	0.28308	4.9545	10.369	1.3073	0.28308	4.9545	10.369	0	1.6492	0.35712	6.2502	13.081	1.6492	0.35712	6.2502	13.081	1.6492	0.35712	6.2502	13.081	1.6492	0.35712	6.2502	13.081	0	0.21041	0.21041	0.21041	0.21041	0.21041	0.21041	0.21041	0.21041	0.21041	0.21041	0.21041	0.21041	0.21041	0.21041	0.21041	0.21041	0.21041
10000	4.7769	0.003426	0.021253	1	1	0.81875	0.79082	0.30649	4.8919	14.664	0.79082	0.30649	4.8919	14.664	0.79082	0.30649	4.8919	14.664	0.79082	0.30649	4.8919	14.664	0	0.80621	0.31246	4.9871	14.949	0.80621	0.31246	4.9871	14.949	0.80621	0.31246	4.9871	14.949	0.80621	0.31246	4.9871	14.949	0	0.22122	0.22122	0.22122	0.22122	0.22122	0.22122	0.22122	0.22122	0.22122	0.22122	0.22122	0.22122	0.22122	0.22122	0.22122	0.22122	0.22122
10000	5.1307	0.01	0.015593	1	1	0.82962	0.57575	0.4	4.2963	14.758	0.57575	0.4	4.2963	14.758	0.57575	0.4	4.2963	14.758	0.57575	0.4	4.2963	14.758	0	0.76979	0.53481	5.7443	19.732	0.76979	0.53481	5.7443	19.732	0.76979	0.53481	5.7443	19.732	0.76979	0.53481	5.7443	19.732	0	0.15	0.15	0.15	0.15	0.15	0.15	0.15	0.15	0.15	0.15	0.15	0.15	0.15	0.15	0.15	0.15	0.15
10000	6.9183	0.001	0.015297	1	1	0.80105	1.0054	0.29648	3.7162	14.957	1.0054	0.29648	3.7162	14.957	1.0054	0.29648	3.7162	14.957	1.0054	0.29648	3.7162	14.957	0	1.0102	0.29788	3.7338	15.028	1.0102	0.29788	3.7338	15.028	1.0102	0.29788	3.7338	15.028	1.0102	0.29788	3.7338	15.028	0	0.14691	0.14691	0.14691	0.14691	0.14691	0.14691	0.14691	0.14691	0.14691	0.14691	0.14691	0.14691	0.14691	0.14691	0.14691	0.14691	0.14691
10000	2.9267	0.02	0.02	1	1	0.8	1	0.3	3.3333	20.231	1	0.3	3.3333	20.231	1	0.3	3.3333	20.231	1	0.3	3.3333	20.231	0	1	0.3	3.3333	20.231	1	0.3	3.3333	20.231	1	0.3	3.3333	20.231	1	0.3	3.3333	20.231	0	0.19256	0.19256	0.19256	0.19256	0.19256	0.19256	0.19256	0.19256	0.19256	0.19256	0.19256	0.19256	0.19256	0.19256	0.19256	0.19256	0.19256
10000	5.6026	0.001	0.01779	1	1	0.85223	0.69509	0.20985	3.0785	13.304	0.69509	0.20985	3.0785	13.304	0.69509	0.20985	3.0785	13.304	0.69509	0.20985	3.0785	13.304	0	0.69453	0.20968	3.076	13.293	0.69453	0.20968	3.076	13.293	0.69453	0.20968	3.076	13.293	0.69453	0.20968	3.076	13.293	0	0.32453	0.32453	0.32453	0.32453	0.32453	0.32453	0.32453	0.32453	0.32453	0.32453	0.32453	0.32453	0.32453	0.32453	0.32453	0.32453	0.32453
10000	7	0.01	0.02	1	1	1.0667	0.99999	0.3	5	15	0.99999	0.3	5	15	0.99999	0.3	5	15	0.99999	0.3	5	15	0	1.0187	0.3056	5.0934	15.28	1.0187	0.3056	5.0934	15.28	1.0187	0.3056	5.0934	15.28	1.0187	0.3056	5.0934	15.28	0	0.2	0.2	0.2	0.2	0.2	0.2	0.2	0.2	0.2	0.2	0.2	0.2	0.2	0.2	0.2	0.2	0.2
10000	1.5904	0.001	0.019997	1	1	0.8001	1	0.29989	3.5004	39.998	1	0.29989	3.5004	39.998	1	0.29989	3.5004	39.998	1	0.29989	3.5004	39.998	0	0.25001	0.074972	0.8751	9.9996	0.25001	0.074972	0.8751	9.9996	0.25001	0.074972	0.8751	9.9996	0.25001	0.074972	0.8751	9.9996	0	0.16661	0.16661	0.16661	0.16661	0.16661	0.16661	0.16661	0.16661	0.16661	0.16661	0.16661	0.16661	0.16661	0.16661	0.16661	0.16661	0.16661
10000	3.7087	0.0038799	0.011957	1	1	0.84806	1.1963	0.21214	3.7098	14.683	1.1963	0.21214	3.7098	14.683	1.1963	0.21214	3.7098	14.683	1.1963	0.21214	3.7098	14.683	0	1.0641	0.18872	3.3001	13.061	1.0641	0.18872	3.3001	13.061	1.0641	0.18872	3.3001	13.061	1.0641	0.18872	3.3001	13.061	0	0.33796	0.33796	0.33796	0.33796	0.33796	0.33796	0.33796	0.33796	0.33796	0.33796	0.33796	0.33796	0.33796	0.33796	0.33796	0.33796	0.33796
10000	3.0258	0.001	0.01	1	1	1.0667	1	0.3	3.3333	20	1	0.3	3.3333	20	1	0.3	3.3333	20	1	0.3	3.3333	20	0	0.94283	0.28285	3.1428	18.857	0.94283	0.28285	3.1428	18.857	0.94283	0.28285	3.1428	18.857	0.94283	0.28285	3.1428	18.857	0	0.2	0.2	0.2	0.2	0.2	0.2	0.2	0.2	0.2	0.2	0.2	0.2	0.2	0.2	0.2	0.2	0.2
10000	7.6147	0.001	0.032165	1	1	0.72659	1.0975	0.3366	6.7805	14.22	1.0975	0.3366	6.7805	14.22	1.0975	0.3366	6.7805	14.22	1.0975	0.3366	6.7805	14.22	0	0.79117	0.24264	4.8878	10.25	0.79117	0.24264	4.8878	10.25	0.79117	0.24264	4.8878	10.25	0.79117	0.24264	4.8878	10.25	0	0.30592	0.30592	0.30592	0.30592	0.30592	0.30592	0.30592	0.30592	0.30592	0.30592	0.30592	0.30592	0.30592	0.30592	0.30592	0.30592	0.30592
10000	8.526	0.001	0.022683	1	1	0.8	0.96415	0.5	2.5	5.8354	0.96415	0.5	2.5	5.8354	0.96415	0.5	2.5	5.8354	0.96415	0.5	2.5	5.8354	0	1.602	0.83081	4.154	9.6962	1.602	0.83081	4.154	9.6962	1.602	0.83081	4.154	9.6962	1.602	0.83081	4.154	9.6962	0	0.21154	0.21154	0.21154	0.21154	0.21154	0.21154	0.21154	0.21154	0.21154	0.21154	0.21154	0.21154	0.21154	0.21154	0.21154	0.21154	0.21154
10000	3.9272	0.001	0.02	1	1	0.8	1	0.6	2.6732	15	1	0.6	2.6732	15	1	0.6	2.6732	15	1	0.6	2.6732	15	0	0.92808	0.55685	2.4809	13.921	0.92808	0.55685	2.4809	13.921	0.92808	0.55685	2.4809	13.921	0.92808	0.55685	2.4809	13.921	0	0.2	0.2	0.2	0.2	0.2	0.2	0.2	0.2	0.2	0.2	0.2	0.2	0.2	0.2	0.2	0.2	0.2
10000	3.6548	0.001	0.015	1	1	0.8	1	0.2398	2.5	15	1	0.2398	2.5	15	1	0.2398	2.5	15	1	0.2398	2.5	15	0	1	0.2398	2.5	15	1	0.2398	2.5	15	1	0.2398	2.5	15	1	0.2398	2.5	15	0	0.2	0.2	0.2	0.2	0.2	0.2	0.2	0.2	0.2	0.2	0.2	0.2	0.2	0.2	0.2	0.2	0.2
10000	3	0.001	0.04	1	1	0.66667	0.9392	0.3	2.7778	15	0.9392	0.3	2.7778	15	0.9392	0.3	2.7778	15	0.9392	0.3	2.7778	15	0	0.9392	0.3	2.7778	15	0.9392	0.3	2.7778	15	0.9392	0.3	2.7778	15	0.9392	0.3	2.7778	15	0	0.2	0.2	0.2	0.2	0.2	0.2	0.2	0.2	0.2	0.2	0.2	0.2	0.2	0.2	0.2	0.2	0.2
