10000	10000	0.005019	0.01	1	1	0.80278	0.79796	0.99846	2.4946	29.975	0.79796	0.99846	2.4946	29.975	0.79796	0.99846	2.4946	29.975	0.79796	0.99846	2.4946	29.975	0	0.7963	0.99639	2.4894	29.913	0.7963	0.99639	2.4894	29.913	0.7963	0.99639	2.4894	29.913	0.7963	0.99639	2.4894	29.913	0	0.19957	0.19957	0.19957	0.19957	0.19957	0.19957	0.19957	0.19957	0.19957	0.19957	0.19957	0.19957	0.19957	0.19957	0.19957	0.19957	0.19957
10000	10000	0.74266	0.01	1	1	0.20018	1.5	1.775	5.875	-58.91	1.5	1.775	5.875	-58.91	1.5	1.775	5.875	-58.91	1.5	1.775	5.875	-58.91	0	0.375	0.44375	1.4688	-14.728	0.375	0.44375	1.4688	-14.728	0.375	0.44375	1.4688	-14.728	0.375	0.44375	1.4688	-14.728	0	0.091773	0.091773	0.091773	0.091773	0.091773	0.091773	0.091773	0.091773	0.091773	0.091773	0.091773	0.091773	0.091773	0.091773	0.091773	0.091773	0.091773
10000	10000	0.02	0.016667	1	1	0.7999	0.81161	0.29993	5.0004	-9.7176	0.81161	0.29993	5.0004	-9.7176	0.81161	0.29993	5.0004	-9.7176	0.81161	0.29993	5.0004	-9.7176	0	0.84475	0.31217	5.2045	-10.114	0.84475	0.31217	5.2045	-10.114	0.84475	0.31217	5.2045	-10.114	0.84475	0.31217	5.2045	-10.114	0	0.12744	0.12744	0.12744	0.12744	0.12744	0.12744	0.12744	0.12744	0.12744	0.12744	0.12744	0.12744	0.12744	0.12744	0.12744	0.12744	0.12744
10000	10000	0.005	0.03	1	1	0.8	1	0.3	2.5	15	1	0.3	2.5	15	1	0.3	2.5	15	1	0.3	2.5	15	0	1	0.3	2.5	15	1	0.3	2.5	15	1	0.3	2.5	15	1	0.3	2.5	15	0	0.2	0.2	0.2	0.2	0.2	0.2	0.2	0.2	0.2	0.2	0.2	0.2	0.2	0.2	0.2	0.2	0.2
10000	10000	0.005	0.036667	1	1	0.8	1.0667	0.6	5	15	1.0667	0.6	5	15	1.0667	0.6	5	15	1.0667	0.6	5	15	0	1.0948	0.61583	5.1319	15.396	1.0948	0.61583	5.1319	15.396	1.0948	0.61583	5.1319	15.396	1.0948	0.61583	5.1319	15.396	0	0.43027	0.43027	0.43027	0.43027	0.43027	0.43027	0.43027	0.43027	0.43027	0.43027	0.43027	0.43027	0.43027	0.43027	0.43027	0.43027	0.43027
10000	10000	1	0.01	1	1	0.74371	1	0.3	2.5	15	1	0.3	2.5	15	1	0.3	2.5	15	1	0.3	2.5	15	0	1.5	0.45	3.75	22.5	1.5	0.45	3.75	22.5	1.5	0.45	3.75	22.5	1.5	0.45	3.75	22.5	0	0.55	0.55	0.55	0.55	0.55	0.55	0.55	0.55	0.55	0.55	0.55	0.55	0.55	0.55	0.55	0.55	0.55
10000	10000	0.013295	0.017036	1	1	0.66529	0.68266	0.27355	2.5	10	0.68266	0.27355	2.5	10	0.68266	0.27355	2.5	10	0.68266	0.27355	2.5	10	0	0.68266	0.27355	2.5	10	0.68266	0.27355	2.5	10	0.68266	0.27355	2.5	10	0.68266	0.27355	2.5	10	0	0.21667	0.21667	0.21667	0.21667	0.21667	0.21667	0.21667	0.21667	0.21667	0.21667	0.21667	0.21667	0.21667	0.21667	0.21667	0.21667	0.21667
10000	10000	0.0094821	0.020515	1	1	0.8	1	-2.7	2.5	20	1	-2.7	2.5	20	1	-2.7	2.5	20	1	-2.7	2.5	20	0	1.031	-2.7836	2.5774	20.619	1.031	-2.7836	2.5774	20.619	1.031	-2.7836	2.5774	20.619	1.031	-2.7836	2.5774	20.619	0	0.2	0.2	0.2	0.2	0.2	0.2	0.2	0.2	0.2	0.2	0.2	0.2	0.2	0.2	0.2	0.2	0.2
10000	10000	1	0.02	1	1	0.8	0.57642	0	2.5	15	0.57642	0	2.5	15	0.57642	0	2.5	15	0.57642	0	2.5	15	0	0.65699	0	2.8495	17.097	0.65699	0	2.8495	17.097	0.65699	0	2.8495	17.097	0.65699	0	2.8495	17.097	0	0.21955	0.21955	0.21955	0.21955	0.21955	0.21955	0.21955	0.21955	0.21955	0.21955	0.21955	0.21955	0.21955	0.21955	0.21955	0.21955	0.21955
10000	10000	1	0.021705	1	1	0.54193	1.0852	0.24624	3.2296	14.318	1.0852	0.24624	3.2296	14.318	1.0852	0.24624	3.2296	14.318	1.0852	0.24624	3.2296	14.318	0	1.3959	0.31673	4.1541	18.417	1.3959	0.31673	4.1541	18.417	1.3959	0.31673	4.1541	18.417	1.3959	0.31673	4.1541	18.417	0	0.59688	0.59688	0.59688	0.59688	0.59688	0.59688	0.59688	0.59688	0.59688	0.59688	0.59688	0.59688	0.59688	0.59688	0.59688	0.59688	0.59688
10000	10000	1	0.01	1	1	0.61211	1.0047	0.0088567	3.0701	13.663	1.0047	0.0088567	3.0701	13.663	1.0047	0.0088567	3.0701	13.663	1.0047	0.0088567	3.0701	13.663	0	0.99573	0.0087776	3.0427	13.541	0.99573	0.0087776	3.0427	13.541	0.99573	0.0087776	3.0427	13.541	0.99573	0.0087776	3.0427	13.541	0	0.55503	0.55503	0.55503	0.55503	0.55503	0.55503	0.55503	0.55503	0.55503	0.55503	0.55503	0.55503	0.55503	0.55503	0.55503	0.55503	0.55503
10000	10000	0.0097819	0.025059	1	1	-0.14708	0.9879	-0.0060662	2.8096	15.097	0.9879	-0.0060662	2.8096	15.097	0.9879	-0.0060662	2.8096	15.097	0.9879	-0.0060662	2.8096	15.097	0	0.923	-0.0056677	2.6251	14.105	0.923	-0.0056677	2.6251	14.105	0.923	-0.0056677	2.6251	14.105	0.923	-0.0056677	2.6251	14.105	0	0.18696	0.18696	0.18696	0.18696	0.18696	0.18696	0.18696	0.18696	0.18696	0.18696	0.18696	0.18696	0.18696	0.18696	0.18696	0.18696	0.18696
10000	10000	0.040828	0.01	1	1	0.4	1.2149	0	3.3333	15	1.2149	0	3.3333	15	1.2149	0	3.3333	15	1.2149	0	3.3333	15	0	0.9646	0	2.6466	11.91	0.9646	0	2.6466	11.91	0.9646	0	2.6466	11.91	0.9646	0	2.6466	11.91	0	0.2	0.2	0.2	0.2	0.2	0.2	0.2	0.2	0.2	0.2	0.2	0.2	0.2	0.2	0.2	0.2	0.2
10000	10000	0.010012	0.033333	1	1	0.46303	1.0007	0.00033714	3.5015	15.005	1.0007	0.00033714	3.5015	15.005	1.0007	0.00033714	3.5015	15.005	1.0007	0.00033714	3.5015	15.005	0	1.0001	0.00033694	3.4995	14.997	1.0001	0.00033694	3.4995	14.997	1.0001	0.00033694	3.4995	14.997	1.0001	0.00033694	3.4995	14.997	0	0.20302	0.20302	0.20302	0.20302	0.20302	0.20302	0.20302	0.20302	0.20302	0.20302	0.20302	0.20302	0.20302	0.20302	0.20302	0.20302	0.20302
10000	10000	1	0.01	1	1	0.4	1	0.3	2.5	15	1	0.3	2.5	15	1	0.3	2.5	15	1	0.3	2.5	15	0	1	0.3	2.5	15	1	0.3	2.5	15	1	0.3	2.5	15	1	0.3	2.5	15	0	0.3	0.3	0.3	0.3	0.3	0.3	0.3	0.3	0.3	0.3	0.3	0.3	0.3	0.3	0.3	0.3	0.3
10000	10000	1	0.03	1	1	0.78025	1	-0.29741	5.9633	-6.0334	1	-0.29741	5.9633	-6.0334	1	-0.29741	5.9633	-6.0334	1	-0.29741	5.9633	-6.0334	0	0.62252	-0.18515	3.7123	-3.7559	0.62252	-0.18515	3.7123	-3.7559	0.62252	-0.18515	3.7123	-3.7559	0.62252	-0.18515	3.7123	-3.7559	0	0.4	0.4	0.4	0.4	0.4	0.4	0.4	0.4	0.4	0.4	0.4	0.4	0.4	0.4	0.4	0.4	0.4
10000	10000	0.013205	0.01642	1	1	0.74175	0.68491	-0.28527	2.5	15	0.68491	-0.28527	2.5	15	0.68491	-0.28527	2.5	15	0.68491	-0.28527	2.5	15	0	0.58209	-0.24245	2.1247	12.748	0.58209	-0.24245	2.1247	12.748	0.58209	-0.24245	2.1247	12.748	0.58209	-0.24245	2.1247	12.748	0	0.1	0.1	0.1	0.1	0.1	0.1	0.1	0.1	0.1	0.1	0.1	0.1	0.1	0.1	0.1	0.1	0.1
10000	10000	0.0099156	0.01	1	1	0.80422	0.99531	0.30305	2.5082	14.963	0.99531	0.30305	2.5082	14.963	0.99531	0.30305	2.5082	14.963	0.99531	0.30305	2.5082	14.963	0	0.24883	0.075762	0.62705	3.7406	0.24883	0.075762	0.62705	3.7406	0.24883	0.075762	0.62705	3.7406	0.24883	0.075762	0.62705	3.7406	0	0.19813	0.19813	0.19813	0.19813	0.19813	0.19813	0.19813	0.19813	0.19813	0.19813	0.19813	0.19813	0.19813	0.19813	0.19813	0.19813	0.19813
10000	10000	0.40216	0.057979	1	1	1.1863	1.2639	-0.20166	9.0666	33.677	1.2639	-0.20166	9.0666	33.677	1.2639	-0.20166	9.0666	33.677	1.2639	-0.20166	9.0666	33.677	0	1.7722	-0.28275	12.713	47.219	1.7722	-0.28275	12.713	47.219	1.7722	-0.28275	12.713	47.219	1.7722	-0.28275	12.713	47.219	0	0	0	0	0	0	0	0	0	0	0	0	0	0	0	0	0	0
10000	10000	0.013523	0.019946	1	1	1.0027	0.99993	0.11721	3.3286	14.978	0.99993	0.11721	3.3286	14.978	0.99993	0.11721	3.3286	14.978	0.99993	0.11721	3.3286	14.978	0	0.58343	0.068388	1.9421	8.7393	0.58343	0.068388	1.9421	8.7393	0.58343	0.068388	1.9421	8.7393	0.58343	0.068388	1.9421	8.7393	0	0.20074	0.20074	0.20074	0.20074	0.20074	0.20074	0.20074	0.20074	0.20074	0.20074	0.20074	0.20074	0.20074	0.20074	0.20074	0.20074	0.20074
10000	10000	0.0061423	0.024562	1	1	0.39727	0.80361	0.50286	4.9924	14.965	0.80361	0.50286	4.9924	14.965	0.80361	0.50286	4.9924	14.965	0.80361	0.50286	4.9924	14.965	0	0.80666	0.50478	5.0113	15.022	0.80666	0.50478	5.0113	15.022	0.80666	0.50478	5.0113	15.022	0.80666	0.50478	5.0113	15.022	0	0.31774	0.31774	0.31774	0.31774	0.31774	0.31774	0.31774	0.31774	0.31774	0.31774	0.31774	0.31774	0.31774	0.31774	0.31774	0.31774	0.31774
10000	10000	0.0057449	0.01	1	1	0.0019793	0.78628	0.37129	7.5185	7.4837	0.78628	0.37129	7.5185	7.4837	0.78628	0.37129	7.5185	7.4837	0.78628	0.37129	7.5185	7.4837	0	0.68799	0.32488	6.5787	6.5482	0.68799	0.32488	6.5787	6.5482	0.68799	0.32488	6.5787	6.5482	0.68799	0.32488	6.5787	6.5482	0	0.3932	0.3932	0.3932	0.3932	0.3932	0.3932	0.3932	0.3932	0.3932	0.3932	0.3932	0.3932	0.3932	0.3932	0.3932	0.3932	0.3932
10000	10000	0.87581	0.019416	1	1	0.11464	0.90171	0.23354	2.7706	13.568	0.90171	0.23354	2.7706	13.568	0.90171	0.23354	2.7706	13.568	0.90171	0.23354	2.7706	13.568	0	0.66564	0.1724	2.0453	10.016	0.66564	0.1724	2.0453	10.016	0.66564	0.1724	2.0453	10.016	0.66564	0.1724	2.0453	10.016	0	0.22713	0.22713	0.22713	0.22713	0.22713	0.22713	0.22713	0.22713	0.22713	0.22713	0.22713	0.22713	0.22713	0.22713	0.22713	0.22713	0.22713
10000	10000	0.0078156	0.018297	1	1	0.37557	0.7686	0.25603	3.5785	15.279	0.7686	0.25603	3.5785	15.279	0.7686	0.25603	3.5785	15.279	0.7686	0.25603	3.5785	15.279	0	0.68964	0.22973	3.2109	13.709	0.68964	0.22973	3.2109	13.709	0.68964	0.22973	3.2109	13.709	0.68964	0.22973	3.2109	13.709	0	0.24015	0.24015	0.24015	0.24015	0.24015	0.24015	0.24015	0.24015	0.24015	0.24015	0.24015	0.24015	0.24015	0.24015	0.24015	0.24015	0.24015
10000	10000	0.01	0.02999	1	1	0.45495	1	0.3	5	15	1	0.3	5	15	1	0.3	5	15	1	0.3	5	15	0	1	0.3	5	15	1	0.3	5	15	1	0.3	5	15	1	0.3	5	15	0	0.2	0.2	0.2	0.2	0.2	0.2	0.2	0.2	0.2	0.2	0.2	0.2	0.2	0.2	0.2	0.2	0.2
10000	10000	0.005	0.03	1	1	0.4536	1.3282	0.3	2.5	15	1.3282	0.3	2.5	15	1.3282	0.3	2.5	15	1.3282	0.3	2.5	15	0	0.4805	0.10853	0.90443	5.4266	0.4805	0.10853	0.90443	5.4266	0.4805	0.10853	0.90443	5.4266	0.4805	0.10853	0.90443	5.4266	0	0.1	0.1	0.1	0.1	0.1	0.1	0.1	0.1	0.1	0.1	0.1	0.1	0.1	0.1	0.1	0.1	0.1
10000	10000	0.008237	0.021636	1	1	0.67419	1.1493	0.24683	2.3569	7.2057	1.1493	0.24683	2.3569	7.2057	1.1493	0.24683	2.3569	7.2057	1.1493	0.24683	2.3569	7.2057	0	1.067	0.22917	2.1882	6.69	1.067	0.22917	2.1882	6.69	1.067	0.22917	2.1882	6.69	1.067	0.22917	2.1882	6.69	0	0.23272	0.23272	0.23272	0.23272	0.23272	0.23272	0.23272	0.23272	0.23272	0.23272	0.23272	0.23272	0.23272	0.23272	0.23272	0.23272	0.23272
10000	10000	0.0036945	0.025049	1	1	0.25628	1.4197	0.3	2.5	6.5541	1.4197	0.3	2.5	6.5541	1.4197	0.3	2.5	6.5541	1.4197	0.3	2.5	6.5541	0	0.59153	0.125	1.0417	2.7309	0.59153	0.125	1.0417	2.7309	0.59153	0.125	1.0417	2.7309	0.59153	0.125	1.0417	2.7309	0	0.2	0.2	0.2	0.2	0.2	0.2	0.2	0.2	0.2	0.2	0.2	0.2	0.2	0.2	0.2	0.2	0.2
10000	10000	0.006009	0.026667	1	1	0.72236	1	0.28573	2.5	15	1	0.28573	2.5	15	1	0.28573	2.5	15	1	0.28573	2.5	15	0	0.30018	0.08577	0.75045	4.5027	0.30018	0.08577	0.75045	4.5027	0.30018	0.08577	0.75045	4.5027	0.30018	0.08577	0.75045	4.5027	0	0	0	0	0	0	0	0	0	0	0	0	0	0	0	0	0	0
10000	10000	0.0051728	0.025026	1	1	0.41113	0.87435	0.19921	2.2824	16.005	0.87435	0.19921	2.2824	16.005	0.87435	0.19921	2.2824	16.005	0.87435	0.19921	2.2824	16.005	0	0.89325	0.20351	2.3317	16.351	0.89325	0.20351	2.3317	16.351	0.89325	0.20351	2.3317	16.351	0.89325	0.20351	2.3317	16.351	0	0.26363	0.26363	0.26363	0.26363	0.26363	0.26363	0.26363	0.26363	0.26363	0.26363	0.26363	0.26363	0.26363	0.26363	0.26363	0.26363	0.26363
10000	10000	0.001	0.03466	1	1	0.80058	0.99936	0.49952	3.4986	14.995	0.99936	0.49952	3.4986	14.995	0.99936	0.49952	3.4986	14.995	0.99936	0.49952	3.4986	14.995	0	0.49936	0.2496	1.7482	7.4927	0.49936	0.2496	1.7482	7.4927	0.49936	0.2496	1.7482	7.4927	0.49936	0.2496	1.7482	7.4927	0	0.17886	0.17886	0.17886	0.17886	0.17886	0.17886	0.17886	0.17886	0.17886	0.17886	0.17886	0.17886	0.17886	0.17886	0.17886	0.17886	0.17886
10000	10000	0.0079652	0.025023	1	1	0.47611	1.0183	0.00033176	2.9355	-11.188	1.0183	0.00033176	2.9355	-11.188	1.0183	0.00033176	2.9355	-11.188	1.0183	0.00033176	2.9355	-11.188	0	0.25458	8.294e-05	0.73387	-2.797	0.25458	8.294e-05	0.73387	-2.797	0.25458	8.294e-05	0.73387	-2.797	0.25458	8.294e-05	0.73387	-2.797	0	0	0	0	0	0	0	0	0	0	0	0	0	0	0	0	0	0
10000	10000	0.0025	0.03	1	1	0.63849	1	0.3	5	20	1	0.3	5	20	1	0.3	5	20	1	0.3	5	20	0	0.5	0.15	2.5	10	0.5	0.15	2.5	10	0.5	0.15	2.5	10	0.5	0.15	2.5	10	0	0.25	0.25	0.25	0.25	0.25	0.25	0.25	0.25	0.25	0.25	0.25	0.25	0.25	0.25	0.25	0.25	0.25
10000	10000	0.0052679	0.02	1	1	0.8	1.1111	0.13651	2.5	15	1.1111	0.13651	2.5	15	1.1111	0.13651	2.5	15	1.1111	0.13651	2.5	15	0	0.91487	0.1124	2.0584	12.351	0.91487	0.1124	2.0584	12.351	0.91487	0.1124	2.0584	12.351	0.91487	0.1124	2.0584	12.351	0	0.2	0.2	0.2	0.2	0.2	0.2	0.2	0.2	0.2	0.2	0.2	0.2	0.2	0.2	0.2	0.2	0.2
10000	10000	0.0039086	0.01	1	1	0.4	1	0.5	2.5	14.191	1	0.5	2.5	14.191	1	0.5	2.5	14.191	1	0.5	2.5	14.191	0	1	0.5	2.5	14.191	1	0.5	2.5	14.191	1	0.5	2.5	14.191	1	0.5	2.5	14.191	0	0.2	0.2	0.2	0.2	0.2	0.2	0.2	0.2	0.2	0.2	0.2	0.2	0.2	0.2	0.2	0.2	0.2
10000	10000	0.011672	0.020089	1	1	0.8104	1.0116	0.30751	2.5202	20.121	1.0116	0.30751	2.5202	20.121	1.0116	0.30751	2.5202	20.121	1.0116	0.30751	2.5202	20.121	0	1.1699	0.35565	2.9148	23.271	1.1699	0.35565	2.9148	23.271	1.1699	0.35565	2.9148	23.271	1.1699	0.35565	2.9148	23.271	0	0.52688	0.52688	0.52688	0.52688	0.52688	0.52688	0.52688	0.52688	0.52688	0.52688	0.52688	0.52688	0.52688	0.52688	0.52688	0.52688	0.52688
10000	10000	0.33954	0.047421	1	1	0.71497	0.85907	0.073547	3.9626	14.998	0.85907	0.073547	3.9626	14.998	0.85907	0.073547	3.9626	14.998	0.85907	0.073547	3.9626	14.998	0	0.85901	0.073542	3.9623	14.997	0.85901	0.073542	3.9623	14.997	0.85901	0.073542	3.9623	14.997	0.85901	0.073542	3.9623	14.997	0	0.29492	0.29492	0.29492	0.29492	0.29492	0.29492	0.29492	0.29492	0.29492	0.29492	0.29492	0.29492	0.29492	0.29492	0.29492	0.29492	0.29492
10000	10000	0.21293	0.02	1	1	0.8	0.24486	6.0555e-06	3.5	15	0.24486	6.0555e-06	3.5	15	0.24486	6.0555e-06	3.5	15	0.24486	6.0555e-06	3.5	15	0	0.36729	9.0832e-06	5.25	22.5	0.36729	9.0832e-06	5.25	22.5	0.36729	9.0832e-06	5.25	22.5	0.36729	9.0832e-06	5.25	22.5	0	0.2	0.2	0.2	0.2	0.2	0.2	0.2	0.2	0.2	0.2	0.2	0.2	0.2	0.2	0.2	0.2	0.2
10000	10000	0.17242	0.02	1	1	0.8	1	0.3	2.5	15	1	0.3	2.5	15	1	0.3	2.5	15	1	0.3	2.5	15	0	1	0.3	2.5	15	1	0.3	2.5	15	1	0.3	2.5	15	1	0.3	2.5	15	0	0.2	0.2	0.2	0.2	0.2	0.2	0.2	0.2	0.2	0.2	0.2	0.2	0.2	0.2	0.2	0.2	0.2
10000	10000	0.47435	0.01	1	1	0.39994	0.91123	0.30001	3.3331	15.001	0.91123	0.30001	3.3331	15.001	0.91123	0.30001	3.3331	15.001	0.91123	0.30001	3.3331	15.001	0	0.91113	0.29998	3.3327	14.999	0.91113	0.29998	3.3327	14.999	0.91113	0.29998	3.3327	14.999	0.91113	0.29998	3.3327	14.999	0	0.32041	0.32041	0.32041	0.32041	0.32041	0.32041	0.32041	0.32041	0.32041	0.32041	0.32041	0.32041	0.32041	0.32041	0.32041	0.32041	0.32041
10000	10000	0.31727	0.019304	1	1	0.8098	0.50076	0.18258	2.5191	13.255	0.50076	0.18258	2.5191	13.255	0.50076	0.18258	2.5191	13.255	0.50076	0.18258	2.5191	13.255	0	0.50553	0.18432	2.543	13.382	0.50553	0.18432	2.543	13.382	0.50553	0.18432	2.543	13.382	0.50553	0.18432	2.543	13.382	0	0.58024	0.58024	0.58024	0.58024	0.58024	0.58024	0.58024	0.58024	0.58024	0.58024	0.58024	0.58024	0.58024	0.58024	0.58024	0.58024	0.58024
10000	10000	0.02	0.02	1	1	0.60676	0.69235	0.3	2.5	15	0.69235	0.3	2.5	15	0.69235	0.3	2.5	15	0.69235	0.3	2.5	15	0	1.3847	0.6	5	30	1.3847	0.6	5	30	1.3847	0.6	5	30	1.3847	0.6	5	30	0	0.10185	0.10185	0.10185	0.10185	0.10185	0.10185	0.10185	0.10185	0.10185	0.10185	0.10185	0.10185	0.10185	0.10185	0.10185	0.10185	0.10185
10000	10000	0.01	0.50722	1	1	0.8	1	0.3	2.5	15	1	0.3	2.5	15	1	0.3	2.5	15	1	0.3	2.5	15	0	2	0.6	5	30	2	0.6	5	30	2	0.6	5	30	2	0.6	5	30	0	0.2	0.2	0.2	0.2	0.2	0.2	0.2	0.2	0.2	0.2	0.2	0.2	0.2	0.2	0.2	0.2	0.2
10000	10000	0.047609	0.02334	1	1	0.99249	1.3336	0.42226	2.5003	15.001	1.3336	0.42226	2.5003	15.001	1.3336	0.42226	2.5003	15.001	1.3336	0.42226	2.5003	15.001	0	1.502	0.47558	2.816	16.896	1.502	0.47558	2.816	16.896	1.502	0.47558	2.816	16.896	1.502	0.47558	2.816	16.896	0	0.31808	0.31808	0.31808	0.31808	0.31808	0.31808	0.31808	0.31808	0.31808	0.31808	0.31808	0.31808	0.31808	0.31808	0.31808	0.31808	0.31808
10000	10000	0.02	0.02	1	1	0.8	1	0.3	2.5	15	1	0.3	2.5	15	1	0.3	2.5	15	1	0.3	2.5	15	0	1.0963	0.32888	2.7406	16.444	1.0963	0.32888	2.7406	16.444	1.0963	0.32888	2.7406	16.444	1.0963	0.32888	2.7406	16.444	0	0.61421	0.61421	0.61421	0.61421	0.61421	0.61421	0.61421	0.61421	0.61421	0.61421	0.61421	0.61421	0.61421	0.61421	0.61421	0.61421	0.61421
10000	10000	0.02	0.025888	1	1	0.8	0.51091	0.3	3.5	15	0.51091	0.3	3.5	15	0.51091	0.3	3.5	15	0.51091	0.3	3.5	15	0	0.47232	0.27734	3.2357	13.867	0.47232	0.27734	3.2357	13.867	0.47232	0.27734	3.2357	13.867	0.47232	0.27734	3.2357	13.867	0	0.6	0.6	0.6	0.6	0.6	0.6	0.6	0.6	0.6	0.6	0.6	0.6	0.6	0.6	0.6	0.6	0.6
10000	10000	0.038525	0.02	1	1	0.6902	0.21392	0.3	2.5	9.4681	0.21392	0.3	2.5	9.4681	0.21392	0.3	2.5	9.4681	0.21392	0.3	2.5	9.4681	0	0.21392	0.3	2.5	9.4681	0.21392	0.3	2.5	9.4681	0.21392	0.3	2.5	9.4681	0.21392	0.3	2.5	9.4681	0	0.53333	0.53333	0.53333	0.53333	0.53333	0.53333	0.53333	0.53333	0.53333	0.53333	0.53333	0.53333	0.53333	0.53333	0.53333	0.53333	0.53333
10000	10000	0.073257	0.02002	1	1	0.86014	1.0751	0.50073	2.5017	15.979	1.0751	0.50073	2.5017	15.979	1.0751	0.50073	2.5017	15.979	1.0751	0.50073	2.5017	15.979	0	1.1158	0.51971	2.5965	16.585	1.1158	0.51971	2.5965	16.585	1.1158	0.51971	2.5965	16.585	1.1158	0.51971	2.5965	16.585	0	0	0	0	0	0	0	0	0	0	0	0	0	0	0	0	0	0
10000	10000	0.24	0.02	1	1	0.8	0.8	0.3	2.5	15	0.8	0.3	2.5	15	0.8	0.3	2.5	15	0.8	0.3	2.5	15	0	0.8	0.3	2.5	15	0.8	0.3	2.5	15	0.8	0.3	2.5	15	0.8	0.3	2.5	15	0	0.1	0.1	0.1	0.1	0.1	0.1	0.1	0.1	0.1	0.1	0.1	0.1	0.1	0.1	0.1	0.1	0.1
10000	10000	0.014074	0.125	1	1	0.70833	0.75	0.4625	2.0625	17	0.75	0.4625	2.0625	17	0.75	0.4625	2.0625	17	0.75	0.4625	2.0625	17	0	0.32812	0.20234	0.90234	7.4375	0.32812	0.20234	0.90234	7.4375	0.32812	0.20234	0.90234	7.4375	0.32812	0.20234	0.90234	7.4375	0	0.24564	0.24564	0.24564	0.24564	0.24564	0.24564	0.24564	0.24564	0.24564	0.24564	0.24564	0.24564	0.24564	0.24564	0.24564	0.24564	0.24564
10000	10000	0.005	0.02	1	1	0.65956	1	0.3	2.5	15	1	0.3	2.5	15	1	0.3	2.5	15	1	0.3	2.5	15	0	1	0.3	2.5	15	1	0.3	2.5	15	1	0.3	2.5	15	1	0.3	2.5	15	0	0.2	0.2	0.2	0.2	0.2	0.2	0.2	0.2	0.2	0.2	0.2	0.2	0.2	0.2	0.2	0.2	0.2
10000	10000	0.01	0.02	1	1	0.67212	1.5	0.14845	2.5	15	1.5	0.14845	2.5	15	1.5	0.14845	2.5	15	1.5	0.14845	2.5	15	0	0.75	0.074227	1.25	7.5	0.75	0.074227	1.25	7.5	0.75	0.074227	1.25	7.5	0.75	0.074227	1.25	7.5	0	0.25225	0.25225	0.25225	0.25225	0.25225	0.25225	0.25225	0.25225	0.25225	0.25225	0.25225	0.25225	0.25225	0.25225	0.25225	0.25225	0.25225
10000	10000	0.009896	0.01	1	1	0.71472	0.99999	0.3	2.5	20	0.99999	0.3	2.5	20	0.99999	0.3	2.5	20	0.99999	0.3	2.5	20	0	0.99999	0.3	2.5	20	0.99999	0.3	2.5	20	0.99999	0.3	2.5	20	0.99999	0.3	2.5	20	0	0.099999	0.099999	0.099999	0.099999	0.099999	0.099999	0.099999	0.099999	0.099999	0.099999	0.099999	0.099999	0.099999	0.099999	0.099999	0.099999	0.099999
10000	10000	0.005	0.02	1	1	0.8	1	0.3	2.5	10	1	0.3	2.5	10	1	0.3	2.5	10	1	0.3	2.5	10	0	0.5	0.15	1.25	5	0.5	0.15	1.25	5	0.5	0.15	1.25	5	0.5	0.15	1.25	5	0	0.4	0.4	0.4	0.4	0.4	0.4	0.4	0.4	0.4	0.4	0.4	0.4	0.4	0.4	0.4	0.4	0.4
10000	10000	0.0089282	0.01	1	1	0.50608	0.83211	0.17272	3.3333	-17.869	0.83211	0.17272	3.3333	-17.869	0.83211	0.17272	3.3333	-17.869	0.83211	0.17272	3.3333	-17.869	0	0.83211	0.17272	3.3333	-17.869	0.83211	0.17272	3.3333	-17.869	0.83211	0.17272	3.3333	-17.869	0.83211	0.17272	3.3333	-17.869	0	0.18889	0.18889	0.18889	0.18889	0.18889	0.18889	0.18889	0.18889	0.18889	0.18889	0.18889	0.18889	0.18889	0.18889	0.18889	0.18889	0.18889
10000	10000	0.0047063	0.016204	1	1	0.8	1	0.4	2.5	20	1	0.4	2.5	20	1	0.4	2.5	20	1	0.4	2.5	20	0	0.5	0.2	1.25	10	0.5	0.2	1.25	10	0.5	0.2	1.25	10	0.5	0.2	1.25	10	0	0.2	0.2	0.2	0.2	0.2	0.2	0.2	0.2	0.2	0.2	0.2	0.2	0.2	0.2	0.2	0.2	0.2
10000	10000	0.005	0.03	1	1	0.8	1	0.3	2.5	15	1	0.3	2.5	15	1	0.3	2.5	15	1	0.3	2.5	15	0	0.79025	0.23707	1.9756	11.854	0.79025	0.23707	1.9756	11.854	0.79025	0.23707	1.9756	11.854	0.79025	0.23707	1.9756	11.854	0	0.1	0.1	0.1	0.1	0.1	0.1	0.1	0.1	0.1	0.1	0.1	0.1	0.1	0.1	0.1	0.1	0.1
10000	10000	0.005	0.02	1	1	0.88541	1	0.24199	2.5	15	1	0.24199	2.5	15	1	0.24199	2.5	15	1	0.24199	2.5	15	0	0.80939	0.19586	2.0235	12.141	0.80939	0.19586	2.0235	12.141	0.80939	0.19586	2.0235	12.141	0.80939	0.19586	2.0235	12.141	0	0.05	0.05	0.05	0.05	0.05	0.05	0.05	0.05	0.05	0.05	0.05	0.05	0.05	0.05	0.05	0.05	0.05
10000	10000	0.0099003	0.019988	1	1	1.0617	1.0275	0.3004	2.5097	16.716	1.0275	0.3004	2.5097	16.716	1.0275	0.3004	2.5097	16.716	1.0275	0.3004	2.5097	16.716	0	0.85578	0.25019	2.0902	13.921	0.85578	0.25019	2.0902	13.921	0.85578	0.25019	2.0902	13.921	0.85578	0.25019	2.0902	13.921	0	0.066749	0.066749	0.066749	0.066749	0.066749	0.066749	0.066749	0.066749	0.066749	0.066749	0.066749	0.066749	0.066749	0.066749	0.066749	0.066749	0.066749
10000	10000	0.005	0.01	1	1	0.8	1	0.3	2.5	15	1	0.3	2.5	15	1	0.3	2.5	15	1	0.3	2.5	15	0	1	0.3	2.5	15	1	0.3	2.5	15	1	0.3	2.5	15	1	0.3	2.5	15	0	0.2	0.2	0.2	0.2	0.2	0.2	0.2	0.2	0.2	0.2	0.2	0.2	0.2	0.2	0.2	0.2	0.2
10000	10000	0.0050038	0.019998	1	1	0.80223	1.0157	0.28982	2.4726	15.125	1.0157	0.28982	2.4726	15.125	1.0157	0.28982	2.4726	15.125	1.0157	0.28982	2.4726	15.125	0	1.0652	0.30396	2.5932	15.863	1.0652	0.30396	2.5932	15.863	1.0652	0.30396	2.5932	15.863	1.0652	0.30396	2.5932	15.863	0	0.20626	0.20626	0.20626	0.20626	0.20626	0.20626	0.20626	0.20626	0.20626	0.20626	0.20626	0.20626	0.20626	0.20626	0.20626	0.20626	0.20626
10000	10000	0.005	0.02	1	1	0.8	1	0.3	2.5	15	1	0.3	2.5	15	1	0.3	2.5	15	1	0.3	2.5	15	0	0.5	0.15	1.25	7.5	0.5	0.15	1.25	7.5	0.5	0.15	1.25	7.5	0.5	0.15	1.25	7.5	0	0.1	0.1	0.1	0.1	0.1	0.1	0.1	0.1	0.1	0.1	0.1	0.1	0.1	0.1	0.1	0.1	0.1
10000	10000	0.0042886	0.020002	1	1	0.68638	0.99989	0.60007	2.5002	14.999	0.99989	0.60007	2.5002	14.999	0.99989	0.60007	2.5002	14.999	0.99989	0.60007	2.5002	14.999	0	1.1645	0.69888	2.9119	17.469	1.1645	0.69888	2.9119	17.469	1.1645	0.69888	2.9119	17.469	1.1645	0.69888	2.9119	17.469	0	0.24999	0.24999	0.24999	0.24999	0.24999	0.24999	0.24999	0.24999	0.24999	0.24999	0.24999	0.24999	0.24999	0.24999	0.24999	0.24999	0.24999
10000	10000	0.001	0.01	1	1	0.8	1.107	0.3	3.3333	20	1.107	0.3	3.3333	20	1.107	0.3	3.3333	20	1.107	0.3	3.3333	20	0	1.041	0.28211	3.1345	18.807	1.041	0.28211	3.1345	18.807	1.041	0.28211	3.1345	18.807	1.041	0.28211	3.1345	18.807	0	0.24521	0.24521	0.24521	0.24521	0.24521	0.24521	0.24521	0.24521	0.24521	0.24521	0.24521	0.24521	0.24521	0.24521	0.24521	0.24521	0.24521
10000	10000	0.005	0.02	1	1	0.4	1.4394	0.3	3.3333	-7.154	1.4394	0.3	3.3333	-7.154	1.4394	0.3	3.3333	-7.154	1.4394	0.3	3.3333	-7.154	0	0.53976	0.1125	1.25	-2.6828	0.53976	0.1125	1.25	-2.6828	0.53976	0.1125	1.25	-2.6828	0.53976	0.1125	1.25	-2.6828	0	0.2	0.2	0.2	0.2	0.2	0.2	0.2	0.2	0.2	0.2	0.2	0.2	0.2	0.2	0.2	0.2	0.2
10000	10000	0.003	0.023333	1	1	1	1	0.3	2.1667	-135	1	0.3	2.1667	-135	1	0.3	2.1667	-135	1	0.3	2.1667	-135	0	0.9457	0.28371	2.049	-127.67	0.9457	0.28371	2.049	-127.67	0.9457	0.28371	2.049	-127.67	0.9457	0.28371	2.049	-127.67	0	0.1	0.1	0.1	0.1	0.1	0.1	0.1	0.1	0.1	0.1	0.1	0.1	0.1	0.1	0.1	0.1	0.1
10000	10000	0.006375	0.01	1	1	1.1	1.1389	-2.5375	1.9897	15.222	1.1389	-2.5375	1.9897	15.222	1.1389	-2.5375	1.9897	15.222	1.1389	-2.5375	1.9897	15.222	0	0.58526	-1.304	1.0225	7.8225	0.58526	-1.304	1.0225	7.8225	0.58526	-1.304	1.0225	7.8225	0.58526	-1.304	1.0225	7.8225	0	0.16401	0.16401	0.16401	0.16401	0.16401	0.16401	0.16401	0.16401	0.16401	0.16401	0.16401	0.16401	0.16401	0.16401	0.16401	0.16401	0.16401
10000	10000	0.004	0.02	1	1	1.0667	1.5087	0.3	2.5	15	1.5087	0.3	2.5	15	1.5087	0.3	2.5	15	1.5087	0.3	2.5	15	0	1.5087	0.3	2.5	15	1.5087	0.3	2.5	15	1.5087	0.3	2.5	15	1.5087	0.3	2.5	15	0	0.45	0.45	0.45	0.45	0.45	0.45	0.45	0.45	0.45	0.45	0.45	0.45	0.45	0.45	0.45	0.45	0.45
10000	10000	0.99999	0.02	1	1	1.6	0.8	0.5	2.5	15	0.8	0.5	2.5	15	0.8	0.5	2.5	15	0.8	0.5	2.5	15	0	0.76495	0.47809	2.3905	14.343	0.76495	0.47809	2.3905	14.343	0.76495	0.47809	2.3905	14.343	0.76495	0.47809	2.3905	14.343	0	0.18883	0.18883	0.18883	0.18883	0.18883	0.18883	0.18883	0.18883	0.18883	0.18883	0.18883	0.18883	0.18883	0.18883	0.18883	0.18883	0.18883
10000	10000	0.99999	0.01	1	1	1.0667	1	0.3	2.5	15	1	0.3	2.5	15	1	0.3	2.5	15	1	0.3	2.5	15	0	0.93724	0.28117	2.3431	14.058	0.93724	0.28117	2.3431	14.058	0.93724	0.28117	2.3431	14.058	0.93724	0.28117	2.3431	14.058	0	0.2	0.2	0.2	0.2	0.2	0.2	0.2	0.2	0.2	0.2	0.2	0.2	0.2	0.2	0.2	0.2	0.2
10000	10000	0.005	0.02	1	1	0.78222	1.3333	0.3	2.5	-135	1.3333	0.3	2.5	-135	1.3333	0.3	2.5	-135	1.3333	0.3	2.5	-135	0	0.33333	0.075	0.625	-33.75	0.33333	0.075	0.625	-33.75	0.33333	0.075	0.625	-33.75	0.33333	0.075	0.625	-33.75	0	0.17963	0.17963	0.17963	0.17963	0.17963	0.17963	0.17963	0.17963	0.17963	0.17963	0.17963	0.17963	0.17963	0.17963	0.17963	0.17963	0.17963
10000	10000	0.001	0.10577	1	1	1	1	0.3	1.9009	15	1	0.3	1.9009	15	1	0.3	1.9009	15	1	0.3	1.9009	15	0	0.25	0.075	0.47523	3.75	0.25	0.075	0.47523	3.75	0.25	0.075	0.47523	3.75	0.25	0.075	0.47523	3.75	0	0.14821	0.14821	0.14821	0.14821	0.14821	0.14821	0.14821	0.14821	0.14821	0.14821	0.14821	0.14821	0.14821	0.14821	0.14821	0.14821	0.14821
10000	10000	0.013287	0.01	1	1	1.1525	1.5074	0.49557	2.8983	15.047	1.5074	0.49557	2.8983	15.047	1.5074	0.49557	2.8983	15.047	1.5074	0.49557	2.8983	15.047	0	0.5675	0.18657	1.0911	5.6649	0.5675	0.18657	1.0911	5.6649	0.5675	0.18657	1.0911	5.6649	0.5675	0.18657	1.0911	5.6649	0	0.28668	0.28668	0.28668	0.28668	0.28668	0.28668	0.28668	0.28668	0.28668	0.28668	0.28668	0.28668	0.28668	0.28668	0.28668	0.28668	0.28668
10000	10000	0.0098729	0.022352	1	1	1.0004	1.4087	0.1927	3.3338	15.006	1.4087	0.1927	3.3338	15.006	1.4087	0.1927	3.3338	15.006	1.4087	0.1927	3.3338	15.006	0	0.66482	0.090947	1.5734	7.0819	0.66482	0.090947	1.5734	7.0819	0.66482	0.090947	1.5734	7.0819	0.66482	0.090947	1.5734	7.0819	0	0.083277	0.083277	0.083277	0.083277	0.083277	0.083277	0.083277	0.083277	0.083277	0.083277	0.083277	0.083277	0.083277	0.083277	0.083277	0.083277	0.083277
10000	10000	0.011667	0.02	1	1	1.0667	1	0.3	2.5	200	1	0.3	2.5	200	1	0.3	2.5	200	1	0.3	2.5	200	0	0.81672	0.24502	2.0418	163.34	0.81672	0.24502	2.0418	163.34	0.81672	0.24502	2.0418	163.34	0.81672	0.24502	2.0418	163.34	0	0.2	0.2	0.2	0.2	0.2	0.2	0.2	0.2	0.2	0.2	0.2	0.2	0.2	0.2	0.2	0.2	0.2
10000	10000	0.007532	0.01	1	1	1	1.1364	0.16682	3.5	20	1.1364	0.16682	3.5	20	1.1364	0.16682	3.5	20	1.1364	0.16682	3.5	20	0	0.55243	0.081095	1.7014	9.7222	0.55243	0.081095	1.7014	9.7222	0.55243	0.081095	1.7014	9.7222	0.55243	0.081095	1.7014	9.7222	0	0.31474	0.31474	0.31474	0.31474	0.31474	0.31474	0.31474	0.31474	0.31474	0.31474	0.31474	0.31474	0.31474	0.31474	0.31474	0.31474	0.31474
10000	10000	0.0023333	0.01	1	1	1	1.6	0.36667	2.5	15	1.6	0.36667	2.5	15	1.6	0.36667	2.5	15	1.6	0.36667	2.5	15	0	1.6	0.36666	2.5	15	1.6	0.36666	2.5	15	1.6	0.36666	2.5	15	1.6	0.36666	2.5	15	0	0.4	0.4	0.4	0.4	0.4	0.4	0.4	0.4	0.4	0.4	0.4	0.4	0.4	0.4	0.4	0.4	0.4
10000	10000	0.009153	0.02	1	1	1.3333	1.5	0	5	-135	1.5	0	5	-135	1.5	0	5	-135	1.5	0	5	-135	0	0.75	0	2.5	-67.5	0.75	0	2.5	-67.5	0.75	0	2.5	-67.5	0.75	0	2.5	-67.5	0	0.242	0.242	0.242	0.242	0.242	0.242	0.242	0.242	0.242	0.242	0.242	0.242	0.242	0.242	0.242	0.242	0.242
10000	10000	0.001	0.025956	1	1	0.95269	1.3736	0.26718	3.3333	-7.9304	1.3736	0.26718	3.3333	-7.9304	1.3736	0.26718	3.3333	-7.9304	1.3736	0.26718	3.3333	-7.9304	0	0.81508	0.15854	1.978	-4.7059	0.81508	0.15854	1.978	-4.7059	0.81508	0.15854	1.978	-4.7059	0.81508	0.15854	1.978	-4.7059	0	0.21214	0.21214	0.21214	0.21214	0.21214	0.21214	0.21214	0.21214	0.21214	0.21214	0.21214	0.21214	0.21214	0.21214	0.21214	0.21214	0.21214
10000	10000	0.001	0.026276	1	1	1.2124	1	0.33333	2.5	15	1	0.33333	2.5	15	1	0.33333	2.5	15	1	0.33333	2.5	15	0	1	0.33333	2.5	15	1	0.33333	2.5	15	1	0.33333	2.5	15	1	0.33333	2.5	15	0	0.3	0.3	0.3	0.3	0.3	0.3	0.3	0.3	0.3	0.3	0.3	0.3	0.3	0.3	0.3	0.3	0.3
10000	10000	0.001	0.04	1	1	0.48603	1	0.23391	3.5	15	1	0.23391	3.5	15	1	0.23391	3.5	15	1	0.23391	3.5	15	0	1.5356	0.3592	5.3747	23.034	1.5356	0.3592	5.3747	23.034	1.5356	0.3592	5.3747	23.034	1.5356	0.3592	5.3747	23.034	0	0.090985	0.090985	0.090985	0.090985	0.090985	0.090985	0.090985	0.090985	0.090985	0.090985	0.090985	0.090985	0.090985	0.090985	0.090985	0.090985	0.090985
10000	10000	0.0014885	0.020188	1	1	0.52265	0.99055	0.29385	5.3551	11.439	0.99055	0.29385	5.3551	11.439	0.99055	0.29385	5.3551	11.439	0.99055	0.29385	5.3551	11.439	0	1.6788	0.49804	9.076	19.387	1.6788	0.49804	9.076	19.387	1.6788	0.49804	9.076	19.387	1.6788	0.49804	9.076	19.387	0	0.21126	0.21126	0.21126	0.21126	0.21126	0.21126	0.21126	0.21126	0.21126	0.21126	0.21126	0.21126	0.21126	0.21126	0.21126	0.21126	0.21126
10000	10000	0.0047778	0.02	1	1	0.66811	0.49826	0.5	5	-9.4383	0.49826	0.5	5	-9.4383	0.49826	0.5	5	-9.4383	0.49826	0.5	5	-9.4383	0	1.0392	1.0429	10.429	-19.686	1.0392	1.0429	10.429	-19.686	1.0392	1.0429	10.429	-19.686	1.0392	1.0429	10.429	-19.686	0	0.25242	0.25242	0.25242	0.25242	0.25242	0.25242	0.25242	0.25242	0.25242	0.25242	0.25242	0.25242	0.25242	0.25242	0.25242	0.25242	0.25242
10000	10000	0.0032237	0.05	1	1	1.0799	0.15572	0.25	4.1137	0.63596	0.15572	0.25	4.1137	0.63596	0.15572	0.25	4.1137	0.63596	0.15572	0.25	4.1137	0.63596	0	0.25936	0.4164	6.8518	1.0593	0.25936	0.4164	6.8518	1.0593	0.25936	0.4164	6.8518	1.0593	0.25936	0.4164	6.8518	1.0593	0	0.34165	0.34165	0.34165	0.34165	0.34165	0.34165	0.34165	0.34165	0.34165	0.34165	0.34165	0.34165	0.34165	0.34165	0.34165	0.34165	0.34165
10000	10000	0.001	0.02	1	1	0.70801	0.38182	0.31111	2.5	10	0.38182	0.31111	2.5	10	0.38182	0.31111	2.5	10	0.38182	0.31111	2.5	10	0	0.76363	0.62222	5	20	0.76363	0.62222	5	20	0.76363	0.62222	5	20	0.76363	0.62222	5	20	0	0.25	0.25	0.25	0.25	0.25	0.25	0.25	0.25	0.25	0.25	0.25	0.25	0.25	0.25	0.25	0.25	0.25
10000	10000	0.001	0.020303	1	1	0.24882	0.87254	0.2385	2.8833	13.272	0.87254	0.2385	2.8833	13.272	0.87254	0.2385	2.8833	13.272	0.87254	0.2385	2.8833	13.272	0	0.71427	0.19524	2.3603	10.865	0.71427	0.19524	2.3603	10.865	0.71427	0.19524	2.3603	10.865	0.71427	0.19524	2.3603	10.865	0	0.13393	0.13393	0.13393	0.13393	0.13393	0.13393	0.13393	0.13393	0.13393	0.13393	0.13393	0.13393	0.13393	0.13393	0.13393	0.13393	0.13393
10000	10000	0.001	0.010833	1	1	0.6541	0.79945	0.31289	2.5799	15	0.79945	0.31289	2.5799	15	0.79945	0.31289	2.5799	15	0.79945	0.31289	2.5799	15	0	0.79945	0.31289	2.5799	15	0.79945	0.31289	2.5799	15	0.79945	0.31289	2.5799	15	0.79945	0.31289	2.5799	15	0	0.14853	0.14853	0.14853	0.14853	0.14853	0.14853	0.14853	0.14853	0.14853	0.14853	0.14853	0.14853	0.14853	0.14853	0.14853	0.14853	0.14853
10000	10000	0.00175	0.017013	1	1	0.66217	0.72317	0.47599	5.5498	-135	0.72317	0.47599	5.5498	-135	0.72317	0.47599	5.5498	-135	0.72317	0.47599	5.5498	-135	0	0.84369	0.55532	6.4748	-157.5	0.84369	0.55532	6.4748	-157.5	0.84369	0.55532	6.4748	-157.5	0.84369	0.55532	6.4748	-157.5	0	0.1523	0.1523	0.1523	0.1523	0.1523	0.1523	0.1523	0.1523	0.1523	0.1523	0.1523	0.1523	0.1523	0.1523	0.1523	0.1523	0.1523
10000	10000	0.0014372	0.03167	1	1	0.42472	1.271	0.30002	6.8173	15	1.271	0.30002	6.8173	15	1.271	0.30002	6.8173	15	1.271	0.30002	6.8173	15	0	0.31775	0.075005	1.7043	3.7501	0.31775	0.075005	1.7043	3.7501	0.31775	0.075005	1.7043	3.7501	0.31775	0.075005	1.7043	3.7501	0	0.21347	0.21347	0.21347	0.21347	0.21347	0.21347	0.21347	0.21347	0.21347	0.21347	0.21347	0.21347	0.21347	0.21347	0.21347	0.21347	0.21347
10000	10000	0.0064343	0.01	1	1	0.58903	0.5	0.725	4.125	19	0.5	0.725	4.125	19	0.5	0.725	4.125	19	0.5	0.725	4.125	19	0	0.375	0.54375	3.0937	14.25	0.375	0.54375	3.0937	14.25	0.375	0.54375	3.0937	14.25	0.375	0.54375	3.0937	14.25	0	0.041027	0.041027	0.041027	0.041027	0.041027	0.041027	0.041027	0.041027	0.041027	0.041027	0.041027	0.041027	0.041027	0.041027	0.041027	0.041027	0.041027
10000	10000	0.0043936	0.01	1	1	0.8	1	0.6	3.3333	6.9751	1	0.6	3.3333	6.9751	1	0.6	3.3333	6.9751	1	0.6	3.3333	6.9751	0	1	0.6	3.3333	6.9751	1	0.6	3.3333	6.9751	1	0.6	3.3333	6.9751	1	0.6	3.3333	6.9751	0	0.2	0.2	0.2	0.2	0.2	0.2	0.2	0.2	0.2	0.2	0.2	0.2	0.2	0.2	0.2	0.2	0.2
10000	10000	0.0030657	0.014012	1	1	0.46916	0.71108	0.59257	2.6729	15.79	0.71108	0.59257	2.6729	15.79	0.71108	0.59257	2.6729	15.79	0.71108	0.59257	2.6729	15.79	0	0.64961	0.54135	2.4418	14.425	0.64961	0.54135	2.4418	14.425	0.64961	0.54135	2.4418	14.425	0.64961	0.54135	2.4418	14.425	0	0.21328	0.21328	0.21328	0.21328	0.21328	0.21328	0.21328	0.21328	0.21328	0.21328	0.21328	0.21328	0.21328	0.21328	0.21328	0.21328	0.21328
10000	10000	0.0030838	0.031736	1	1	0.60922	0.8213	0.3	3.5002	20.001	0.8213	0.3	3.5002	20.001	0.8213	0.3	3.5002	20.001	0.8213	0.3	3.5002	20.001	0	0.82131	0.3	3.5002	20.001	0.82131	0.3	3.5002	20.001	0.82131	0.3	3.5002	20.001	0.82131	0.3	3.5002	20.001	0	0.20646	0.20646	0.20646	0.20646	0.20646	0.20646	0.20646	0.20646	0.20646	0.20646	0.20646	0.20646	0.20646	0.20646	0.20646	0.20646	0.20646
10000	10000	0.0037294	0.02	1	1	0.69219	1.3333	0.4	5	30	1.3333	0.4	5	30	1.3333	0.4	5	30	1.3333	0.4	5	30	0	0.83333	0.25	3.125	18.75	0.83333	0.25	3.125	18.75	0.83333	0.25	3.125	18.75	0.83333	0.25	3.125	18.75	0	0.21462	0.21462	0.21462	0.21462	0.21462	0.21462	0.21462	0.21462	0.21462	0.21462	0.21462	0.21462	0.21462	0.21462	0.21462	0.21462	0.21462
10000	10000	0.0066667	0.034312	1	1	0.32454	0.97421	0.3	4.4444	15	0.97421	0.3	4.4444	15	0.97421	0.3	4.4444	15	0.97421	0.3	4.4444	15	0	0.84113	0.25902	3.8373	12.951	0.84113	0.25902	3.8373	12.951	0.84113	0.25902	3.8373	12.951	0.84113	0.25902	3.8373	12.951	0	0.3	0.3	0.3	0.3	0.3	0.3	0.3	0.3	0.3	0.3	0.3	0.3	0.3	0.3	0.3	0.3	0.3
10000	10000	0.01	0.01	1	1	0.4	1	0.3	2.5	20	1	0.3	2.5	20	1	0.3	2.5	20	1	0.3	2.5	20	0	0.25	0.075	0.625	5	0.25	0.075	0.625	5	0.25	0.075	0.625	5	0.25	0.075	0.625	5	0	0.15581	0.15581	0.15581	0.15581	0.15581	0.15581	0.15581	0.15581	0.15581	0.15581	0.15581	0.15581	0.15581	0.15581	0.15581	0.15581	0.15581
10000	10000	0.019738	0.020138	1	1	0.24305	1.3307	0.30448	3.3201	10.037	1.3307	0.30448	3.3201	10.037	1.3307	0.30448	3.3201	10.037	1.3307	0.30448	3.3201	10.037	0	0.33268	0.07612	0.83003	2.5093	0.33268	0.07612	0.83003	2.5093	0.33268	0.07612	0.83003	2.5093	0.33268	0.07612	0.83003	2.5093	0	0.1972	0.1972	0.1972	0.1972	0.1972	0.1972	0.1972	0.1972	0.1972	0.1972	0.1972	0.1972	0.1972	0.1972	0.1972	0.1972	0.1972
10000	10000	0.013333	0.02	1	1	-0.24136	1.0351	0.5	2.5	15	1.0351	0.5	2.5	15	1.0351	0.5	2.5	15	1.0351	0.5	2.5	15	0	0.25877	0.125	0.625	3.75	0.25877	0.125	0.625	3.75	0.25877	0.125	0.625	3.75	0.25877	0.125	0.625	3.75	0	0.14241	0.14241	0.14241	0.14241	0.14241	0.14241	0.14241	0.14241	0.14241	0.14241	0.14241	0.14241	0.14241	0.14241	0.14241	0.14241	0.14241
10000	10000	0.02	0.01	1	1	0.8	1	0.3	15.226	20	1	0.3	15.226	20	1	0.3	15.226	20	1	0.3	15.226	20	0	0.5	0.15	7.6131	10	0.5	0.15	7.6131	10	0.5	0.15	7.6131	10	0.5	0.15	7.6131	10	0	0.55577	0.55577	0.55577	0.55577	0.55577	0.55577	0.55577	0.55577	0.55577	0.55577	0.55577	0.55577	0.55577	0.55577	0.55577	0.55577	0.55577
10000	10000	0.0092327	0.01	1	1	0.50009	0.76164	0.46803	6.9041	5.9574	0.76164	0.46803	6.9041	5.9574	0.76164	0.46803	6.9041	5.9574	0.76164	0.46803	6.9041	5.9574	0	0.55895	0.34348	5.0668	4.3721	0.55895	0.34348	5.0668	4.3721	0.55895	0.34348	5.0668	4.3721	0.55895	0.34348	5.0668	4.3721	0	0.41071	0.41071	0.41071	0.41071	0.41071	0.41071	0.41071	0.41071	0.41071	0.41071	0.41071	0.41071	0.41071	0.41071	0.41071	0.41071	0.41071
10000	10000	0.0068831	0.036434	1	1	-0.18093	1.0922	0.40234	4.6606	-135.19	1.0922	0.40234	4.6606	-135.19	1.0922	0.40234	4.6606	-135.19	1.0922	0.40234	4.6606	-135.19	0	0.54462	0.20063	2.324	-67.415	0.54462	0.20063	2.324	-67.415	0.54462	0.20063	2.324	-67.415	0.54462	0.20063	2.324	-67.415	0	0.14919	0.14919	0.14919	0.14919	0.14919	0.14919	0.14919	0.14919	0.14919	0.14919	0.14919	0.14919	0.14919	0.14919	0.14919	0.14919	0.14919
10000	10000	0.0055693	0.01674	1	1	0.50015	0.97537	0.11426	5.0365	15.311	0.97537	0.11426	5.0365	15.311	0.97537	0.11426	5.0365	15.311	0.97537	0.11426	5.0365	15.311	0	1.1871	0.13906	6.13	18.635	1.1871	0.13906	6.13	18.635	1.1871	0.13906	6.13	18.635	1.1871	0.13906	6.13	18.635	0	0.25869	0.25869	0.25869	0.25869	0.25869	0.25869	0.25869	0.25869	0.25869	0.25869	0.25869	0.25869	0.25869	0.25869	0.25869	0.25869	0.25869
10000	10000	0.022192	0.01	1	1	0.44431	1.059	0.65506	4.8517	-54.62	1.059	0.65506	4.8517	-54.62	1.059	0.65506	4.8517	-54.62	1.059	0.65506	4.8517	-54.62	0	0.68792	0.42553	3.1517	-35.482	0.68792	0.42553	3.1517	-35.482	0.68792	0.42553	3.1517	-35.482	0.68792	0.42553	3.1517	-35.482	0	0	0	0	0	0	0	0	0	0	0	0	0	0	0	0	0	0
10000	10000	0.005	0.02	1	1	0.4	0.8	0.3	2.5	10	0.8	0.3	2.5	10	0.8	0.3	2.5	10	0.8	0.3	2.5	10	0	0.46667	0.175	1.4583	5.8333	0.46667	0.175	1.4583	5.8333	0.46667	0.175	1.4583	5.8333	0.46667	0.175	1.4583	5.8333	0	0.2	0.2	0.2	0.2	0.2	0.2	0.2	0.2	0.2	0.2	0.2	0.2	0.2	0.2	0.2	0.2	0.2
10000	10000	0.020453	0.024444	1	1	0.63662	1.0741	0.3	3.5185	13.271	1.0741	0.3	3.5185	13.271	1.0741	0.3	3.5185	13.271	1.0741	0.3	3.5185	13.271	0	0.97869	0.27336	3.2061	12.092	0.97869	0.27336	3.2061	12.092	0.97869	0.27336	3.2061	12.092	0.97869	0.27336	3.2061	12.092	0	0.2	0.2	0.2	0.2	0.2	0.2	0.2	0.2	0.2	0.2	0.2	0.2	0.2	0.2	0.2	0.2	0.2
10000	10000	0.011057	0.026673	1	1	0.40007	1.0001	0.30006	16.704	11.667	1.0001	0.30006	16.704	11.667	1.0001	0.30006	16.704	11.667	1.0001	0.30006	16.704	11.667	0	1.0002	0.30009	16.705	11.668	1.0002	0.30009	16.705	11.668	1.0002	0.30009	16.705	11.668	1.0002	0.30009	16.705	11.668	0	0.60012	0.60012	0.60012	0.60012	0.60012	0.60012	0.60012	0.60012	0.60012	0.60012	0.60012	0.60012	0.60012	0.60012	0.60012	0.60012	0.60012
10000	10000	0.01	0.02	1	1	0.4	0.8	0.3	3.5	15	0.8	0.3	3.5	15	0.8	0.3	3.5	15	0.8	0.3	3.5	15	0	0.8	0.3	3.5	15	0.8	0.3	3.5	15	0.8	0.3	3.5	15	0.8	0.3	3.5	15	0	0.2	0.2	0.2	0.2	0.2	0.2	0.2	0.2	0.2	0.2	0.2	0.2	0.2	0.2	0.2	0.2	0.2
10000	10000	0.019648	0.023938	1	1	-0.35447	1.2631	0.4	7	28.354	1.2631	0.4	7	28.354	1.2631	0.4	7	28.354	1.2631	0.4	7	28.354	0	1.2631	0.4	7	28.355	1.2631	0.4	7	28.355	1.2631	0.4	7	28.355	1.2631	0.4	7	28.355	0	0.36392	0.36392	0.36392	0.36392	0.36392	0.36392	0.36392	0.36392	0.36392	0.36392	0.36392	0.36392	0.36392	0.36392	0.36392	0.36392	0.36392
10000	10000	1	0.020002	1	1	0.25531	0.99981	0.73253	3.333	5.4682	0.99981	0.73253	3.333	5.4682	0.99981	0.73253	3.333	5.4682	0.99981	0.73253	3.333	5.4682	0	0.41702	0.30554	1.3902	2.2808	0.41702	0.30554	1.3902	2.2808	0.41702	0.30554	1.3902	2.2808	0.41702	0.30554	1.3902	2.2808	0	0.094432	0.094432	0.094432	0.094432	0.094432	0.094432	0.094432	0.094432	0.094432	0.094432	0.094432	0.094432	0.094432	0.094432	0.094432	0.094432	0.094432
10000	10000	0.0099925	0.014934	1	1	-0.50298	0.99807	0.29571	4.6815	15.053	0.99807	0.29571	4.6815	15.053	0.99807	0.29571	4.6815	15.053	0.99807	0.29571	4.6815	15.053	0	0.99766	0.29558	4.6796	15.047	0.99766	0.29558	4.6796	15.047	0.99766	0.29558	4.6796	15.047	0.99766	0.29558	4.6796	15.047	0	0.29267	0.29267	0.29267	0.29267	0.29267	0.29267	0.29267	0.29267	0.29267	0.29267	0.29267	0.29267	0.29267	0.29267	0.29267	0.29267	0.29267
10000	10000	0.001	0.033906	1	1	0.63991	0.52656	0.54922	3.5599	19.845	0.52656	0.54922	3.5599	19.845	0.52656	0.54922	3.5599	19.845	0.52656	0.54922	3.5599	19.845	0	1.4916	1.5558	10.084	56.218	1.4916	1.5558	10.084	56.218	1.4916	1.5558	10.084	56.218	1.4916	1.5558	10.084	56.218	0	0.58487	0.58487	0.58487	0.58487	0.58487	0.58487	0.58487	0.58487	0.58487	0.58487	0.58487	0.58487	0.58487	0.58487	0.58487	0.58487	0.58487
10000	10000	0.0063227	0.01	1	1	0.61679	0.93885	0.40108	3.4772	13.372	0.93885	0.40108	3.4772	13.372	0.93885	0.40108	3.4772	13.372	0.93885	0.40108	3.4772	13.372	0	1.5236	0.65088	5.6429	21.7	1.5236	0.65088	5.6429	21.7	1.5236	0.65088	5.6429	21.7	1.5236	0.65088	5.6429	21.7	0	0.28586	0.28586	0.28586	0.28586	0.28586	0.28586	0.28586	0.28586	0.28586	0.28586	0.28586	0.28586	0.28586	0.28586	0.28586	0.28586	0.28586
10000	10000	0.001	0.01	1	1	0.39897	1	0.3	2.5	30	1	0.3	2.5	30	1	0.3	2.5	30	1	0.3	2.5	30	0	1	0.3	2.5	30	1	0.3	2.5	30	1	0.3	2.5	30	1	0.3	2.5	30	0	0.3	0.3	0.3	0.3	0.3	0.3	0.3	0.3	0.3	0.3	0.3	0.3	0.3	0.3	0.3	0.3	0.3
10000	10000	0.001	0.01938	1	1	0.32585	1.5	0.3	7	15	1.5	0.3	7	15	1.5	0.3	7	15	1.5	0.3	7	15	0	3	0.6	14	30	3	0.6	14	30	3	0.6	14	30	3	0.6	14	30	0	0.4	0.4	0.4	0.4	0.4	0.4	0.4	0.4	0.4	0.4	0.4	0.4	0.4	0.4	0.4	0.4	0.4
10000	10000	0.0055254	0.02	1	1	0.4	0.66833	0.5	2.5	10	0.66833	0.5	2.5	10	0.66833	0.5	2.5	10	0.66833	0.5	2.5	10	0	1.5594	1.1667	5.8333	23.333	1.5594	1.1667	5.8333	23.333	1.5594	1.1667	5.8333	23.333	1.5594	1.1667	5.8333	23.333	0	0.1	0.1	0.1	0.1	0.1	0.1	0.1	0.1	0.1	0.1	0.1	0.1	0.1	0.1	0.1	0.1	0.1
10000	10000	0.01	0.017906	1	1	0.24823	0.8	0.33333	3.3334	5.607	0.8	0.33333	3.3334	5.607	0.8	0.33333	3.3334	5.607	0.8	0.33333	3.3334	5.607	0	0.8	0.33333	3.3334	5.607	0.8	0.33333	3.3334	5.607	0.8	0.33333	3.3334	5.607	0.8	0.33333	3.3334	5.607	0	0.2882	0.2882	0.2882	0.2882	0.2882	0.2882	0.2882	0.2882	0.2882	0.2882	0.2882	0.2882	0.2882	0.2882	0.2882	0.2882	0.2882
10000	10000	0.0094906	0.019194	1	1	0.80206	0.95666	0.66171	7.6822	14.912	0.95666	0.66171	7.6822	14.912	0.95666	0.66171	7.6822	14.912	0.95666	0.66171	7.6822	14.912	0	0.89741	0.62073	7.2064	13.989	0.89741	0.62073	7.2064	13.989	0.89741	0.62073	7.2064	13.989	0.89741	0.62073	7.2064	13.989	0	0.22779	0.22779	0.22779	0.22779	0.22779	0.22779	0.22779	0.22779	0.22779	0.22779	0.22779	0.22779	0.22779	0.22779	0.22779	0.22779	0.22779
10000	10000	0.011493	0.015	1	1	0.81502	1	0.6	3.5	30	1	0.6	3.5	30	1	0.6	3.5	30	1	0.6	3.5	30	0	1	0.6	3.5	30	1	0.6	3.5	30	1	0.6	3.5	30	1	0.6	3.5	30	0	0.2	0.2	0.2	0.2	0.2	0.2	0.2	0.2	0.2	0.2	0.2	0.2	0.2	0.2	0.2	0.2	0.2
10000	10000	0.0049502	0.023443	1	1	0.81156	1.0129	0.30835	3.5672	20.103	1.0129	0.30835	3.5672	20.103	1.0129	0.30835	3.5672	20.103	1.0129	0.30835	3.5672	20.103	0	1.0015	0.30488	3.5271	19.877	1.0015	0.30488	3.5271	19.877	1.0015	0.30488	3.5271	19.877	1.0015	0.30488	3.5271	19.877	0	0.31049	0.31049	0.31049	0.31049	0.31049	0.31049	0.31049	0.31049	0.31049	0.31049	0.31049	0.31049	0.31049	0.31049	0.31049	0.31049	0.31049
10000	10000	0.015997	0.056478	1	1	0.76038	1.1325	0.93396	2.577	14.648	1.1325	0.93396	2.577	14.648	1.1325	0.93396	2.577	14.648	1.1325	0.93396	2.577	14.648	0	0.52106	0.4297	1.1857	6.7393	0.52106	0.4297	1.1857	6.7393	0.52106	0.4297	1.1857	6.7393	0.52106	0.4297	1.1857	6.7393	0	0	0	0	0	0	0	0	0	0	0	0	0	0	0	0	0	0
10000	10000	0.0076385	0.018357	1	1	0.38747	0.8026	0.001444	6.0588	12.801	0.8026	0.001444	6.0588	12.801	0.8026	0.001444	6.0588	12.801	0.8026	0.001444	6.0588	12.801	0	0.77032	0.0013859	5.8152	12.286	0.77032	0.0013859	5.8152	12.286	0.77032	0.0013859	5.8152	12.286	0.77032	0.0013859	5.8152	12.286	0	0.50707	0.50707	0.50707	0.50707	0.50707	0.50707	0.50707	0.50707	0.50707	0.50707	0.50707	0.50707	0.50707	0.50707	0.50707	0.50707	0.50707
10000	10000	0.0033963	0.024444	1	1	0.38323	0.82406	0.3	2.5529	10.942	0.82406	0.3	2.5529	10.942	0.82406	0.3	2.5529	10.942	0.82406	0.3	2.5529	10.942	0	1.0252	0.37321	3.1759	13.612	1.0252	0.37321	3.1759	13.612	1.0252	0.37321	3.1759	13.612	1.0252	0.37321	3.1759	13.612	0	0.40727	0.40727	0.40727	0.40727	0.40727	0.40727	0.40727	0.40727	0.40727	0.40727	0.40727	0.40727	0.40727	0.40727	0.40727	0.40727	0.40727
10000	10000	0.0062084	0.033333	1	1	0.51502	0.8	0.3	4.6667	15	0.8	0.3	4.6667	15	0.8	0.3	4.6667	15	0.8	0.3	4.6667	15	0	0.84444	0.31666	4.9259	15.833	0.84444	0.31666	4.9259	15.833	0.84444	0.31666	4.9259	15.833	0.84444	0.31666	4.9259	15.833	0	0.46395	0.46395	0.46395	0.46395	0.46395	0.46395	0.46395	0.46395	0.46395	0.46395	0.46395	0.46395	0.46395	0.46395	0.46395	0.46395	0.46395
10000	10000	0.001	0.024416	1	1	0.36288	0.99869	0.18104	3.1604	15.214	0.99869	0.18104	3.1604	15.214	0.99869	0.18104	3.1604	15.214	0.99869	0.18104	3.1604	15.214	0	1.1241	0.20377	3.5572	17.125	1.1241	0.20377	3.5572	17.125	1.1241	0.20377	3.5572	17.125	1.1241	0.20377	3.5572	17.125	0	0.41782	0.41782	0.41782	0.41782	0.41782	0.41782	0.41782	0.41782	0.41782	0.41782	0.41782	0.41782	0.41782	0.41782	0.41782	0.41782	0.41782
10000	10000	0.0099999	0.03	1	1	0.26974	0.68686	0.3	5	-15.259	0.68686	0.3	5	-15.259	0.68686	0.3	5	-15.259	0.68686	0.3	5	-15.259	0	0.68686	0.3	5	-15.259	0.68686	0.3	5	-15.259	0.68686	0.3	5	-15.259	0.68686	0.3	5	-15.259	0	0.4	0.4	0.4	0.4	0.4	0.4	0.4	0.4	0.4	0.4	0.4	0.4	0.4	0.4	0.4	0.4	0.4
10000	10000	0.005	0.02	1	1	0.4	1	0.5	2.5	15	1	0.5	2.5	15	1	0.5	2.5	15	1	0.5	2.5	15	0	0.25	0.125	0.625	3.75	0.25	0.125	0.625	3.75	0.25	0.125	0.625	3.75	0.25	0.125	0.625	3.75	0	0.2	0.2	0.2	0.2	0.2	0.2	0.2	0.2	0.2	0.2	0.2	0.2	0.2	0.2	0.2	0.2	0.2
10000	10000	0.011985	0.065121	1	1	0.42354	1.564	0.012867	11.342	13.147	1.564	0.012867	11.342	13.147	1.564	0.012867	11.342	13.147	1.564	0.012867	11.342	13.147	0	0.79454	0.0065368	5.762	6.679	0.79454	0.0065368	5.762	6.679	0.79454	0.0065368	5.762	6.679	0.79454	0.0065368	5.762	6.679	0	0.21392	0.21392	0.21392	0.21392	0.21392	0.21392	0.21392	0.21392	0.21392	0.21392	0.21392	0.21392	0.21392	0.21392	0.21392	0.21392	0.21392
10000	10000	0.0044253	0.026657	1	1	0.40011	1.0665	0.29998	3.3331	14.999	1.0665	0.29998	3.3331	14.999	1.0665	0.29998	3.3331	14.999	1.0665	0.29998	3.3331	14.999	0	0.62203	0.17496	1.944	8.7478	0.62203	0.17496	1.944	8.7478	0.62203	0.17496	1.944	8.7478	0.62203	0.17496	1.944	8.7478	0	0.11131	0.11131	0.11131	0.11131	0.11131	0.11131	0.11131	0.11131	0.11131	0.11131	0.11131	0.11131	0.11131	0.11131	0.11131	0.11131	0.11131
10000	10000	0.0028617	0.01	1	1	0.48644	1.0781	0.44599	3.5133	14.992	1.0781	0.44599	3.5133	14.992	1.0781	0.44599	3.5133	14.992	1.0781	0.44599	3.5133	14.992	0	0.75493	0.31229	2.4601	10.498	0.75493	0.31229	2.4601	10.498	0.75493	0.31229	2.4601	10.498	0.75493	0.31229	2.4601	10.498	0	0.20109	0.20109	0.20109	0.20109	0.20109	0.20109	0.20109	0.20109	0.20109	0.20109	0.20109	0.20109	0.20109	0.20109	0.20109	0.20109	0.20109
10000	10000	0.020134	0.016614	1	1	0.40309	0.99927	0.1416	3.2426	14.972	0.99927	0.1416	3.2426	14.972	0.99927	0.1416	3.2426	14.972	0.99927	0.1416	3.2426	14.972	0	0.67352	0.09544	2.1855	10.091	0.67352	0.09544	2.1855	10.091	0.67352	0.09544	2.1855	10.091	0.67352	0.09544	2.1855	10.091	0	0.20136	0.20136	0.20136	0.20136	0.20136	0.20136	0.20136	0.20136	0.20136	0.20136	0.20136	0.20136	0.20136	0.20136	0.20136	0.20136	0.20136
10000	10000	0.008199	0.01	1	1	0.041937	1.1111	0.13751	2.5772	15	1.1111	0.13751	2.5772	15	1.1111	0.13751	2.5772	15	1.1111	0.13751	2.5772	15	0	0.97222	0.12032	2.2551	13.125	0.97222	0.12032	2.2551	13.125	0.97222	0.12032	2.2551	13.125	0.97222	0.12032	2.2551	13.125	0	0.29473	0.29473	0.29473	0.29473	0.29473	0.29473	0.29473	0.29473	0.29473	0.29473	0.29473	0.29473	0.29473	0.29473	0.29473	0.29473	0.29473
10000	10000	0.011435	0.02	1	1	0.4	1.5	-0.53769	3.3333	30	1.5	-0.53769	3.3333	30	1.5	-0.53769	3.3333	30	1.5	-0.53769	3.3333	30	0	1.5	-0.53769	3.3333	30	1.5	-0.53769	3.3333	30	1.5	-0.53769	3.3333	30	1.5	-0.53769	3.3333	30	0	0.1	0.1	0.1	0.1	0.1	0.1	0.1	0.1	0.1	0.1	0.1	0.1	0.1	0.1	0.1	0.1	0.1
10000	10000	0.015	0.01827	1	1	0.348	1	0.3961	3.3527	15	1	0.3961	3.3527	15	1	0.3961	3.3527	15	1	0.3961	3.3527	15	0	0.72837	0.2885	2.442	10.925	0.72837	0.2885	2.442	10.925	0.72837	0.2885	2.442	10.925	0.72837	0.2885	2.442	10.925	0	0.2	0.2	0.2	0.2	0.2	0.2	0.2	0.2	0.2	0.2	0.2	0.2	0.2	0.2	0.2	0.2	0.2
10000	10000	0.005	0.02	1	1	0.6519	1.224	0.3	2.5	15	1.224	0.3	2.5	15	1.224	0.3	2.5	15	1.224	0.3	2.5	15	0	0.612	0.15	1.25	7.5	0.612	0.15	1.25	7.5	0.612	0.15	1.25	7.5	0.612	0.15	1.25	7.5	0	0.13942	0.13942	0.13942	0.13942	0.13942	0.13942	0.13942	0.13942	0.13942	0.13942	0.13942	0.13942	0.13942	0.13942	0.13942	0.13942	0.13942
10000	10000	0.001	0.01	1	1	0.094528	0.81038	0.22389	2.2083	18	0.81038	0.22389	2.2083	18	0.81038	0.22389	2.2083	18	0.81038	0.22389	2.2083	18	0	0.65912	0.1821	1.7961	14.64	0.65912	0.1821	1.7961	14.64	0.65912	0.1821	1.7961	14.64	0.65912	0.1821	1.7961	14.64	0	0.11456	0.11456	0.11456	0.11456	0.11456	0.11456	0.11456	0.11456	0.11456	0.11456	0.11456	0.11456	0.11456	0.11456	0.11456	0.11456	0.11456
10000	10000	0.019447	0.022811	1	1	0.39969	1.0004	0.49967	3.499	14.373	1.0004	0.49967	3.499	14.373	1.0004	0.49967	3.499	14.373	1.0004	0.49967	3.499	14.373	0	0.5	0.24972	1.7487	7.1832	0.5	0.24972	1.7487	7.1832	0.5	0.24972	1.7487	7.1832	0.5	0.24972	1.7487	7.1832	0	0.28838	0.28838	0.28838	0.28838	0.28838	0.28838	0.28838	0.28838	0.28838	0.28838	0.28838	0.28838	0.28838	0.28838	0.28838	0.28838	0.28838
10000	10000	0.016757	0.01	1	1	0.4	1.5	0.3	2.5	15	1.5	0.3	2.5	15	1.5	0.3	2.5	15	1.5	0.3	2.5	15	0	0.75	0.15	1.25	7.5	0.75	0.15	1.25	7.5	0.75	0.15	1.25	7.5	0.75	0.15	1.25	7.5	0	0.3	0.3	0.3	0.3	0.3	0.3	0.3	0.3	0.3	0.3	0.3	0.3	0.3	0.3	0.3	0.3	0.3
10000	10000	0.020001	0.13996	1	1	0.63867	1.0002	0.2999	2.5003	29.999	1.0002	0.2999	2.5003	29.999	1.0002	0.2999	2.5003	29.999	1.0002	0.2999	2.5003	29.999	0	0.45616	0.13678	1.1403	13.682	0.45616	0.13678	1.1403	13.682	0.45616	0.13678	1.1403	13.682	0.45616	0.13678	1.1403	13.682	0	0.25887	0.25887	0.25887	0.25887	0.25887	0.25887	0.25887	0.25887	0.25887	0.25887	0.25887	0.25887	0.25887	0.25887	0.25887	0.25887	0.25887
10000	10000	0.011121	0.016163	1	1	0.41304	0.82964	0.52758	2.7576	13.397	0.82964	0.52758	2.7576	13.397	0.82964	0.52758	2.7576	13.397	0.82964	0.52758	2.7576	13.397	0	0.83224	0.52923	2.7663	13.439	0.83224	0.52923	2.7663	13.439	0.83224	0.52923	2.7663	13.439	0.83224	0.52923	2.7663	13.439	0	0.30052	0.30052	0.30052	0.30052	0.30052	0.30052	0.30052	0.30052	0.30052	0.30052	0.30052	0.30052	0.30052	0.30052	0.30052	0.30052	0.30052
10000	10000	0.40607	0.020245	1	1	0.7638	0.92839	0.32084	4.9588	-8.6077	0.92839	0.32084	4.9588	-8.6077	0.92839	0.32084	4.9588	-8.6077	0.92839	0.32084	4.9588	-8.6077	0	0.80841	0.27938	4.318	-7.4953	0.80841	0.27938	4.318	-7.4953	0.80841	0.27938	4.318	-7.4953	0.80841	0.27938	4.318	-7.4953	0	0.20087	0.20087	0.20087	0.20087	0.20087	0.20087	0.20087	0.20087	0.20087	0.20087	0.20087	0.20087	0.20087	0.20087	0.20087	0.20087	0.20087
10000	10000	0.0052306	0.022059	1	1	0.94931	1.0802	-0.38776	2.5256	-17.612	1.0802	-0.38776	2.5256	-17.612	1.0802	-0.38776	2.5256	-17.612	1.0802	-0.38776	2.5256	-17.612	0	0.27004	-0.096941	0.63141	-4.4029	0.27004	-0.096941	0.63141	-4.4029	0.27004	-0.096941	0.63141	-4.4029	0.27004	-0.096941	0.63141	-4.4029	0	0.26378	0.26378	0.26378	0.26378	0.26378	0.26378	0.26378	0.26378	0.26378	0.26378	0.26378	0.26378	0.26378	0.26378	0.26378	0.26378	0.26378
10000	10000	0.011087	0.02	1	1	0.8	1	0.3	2.5	15	1	0.3	2.5	15	1	0.3	2.5	15	1	0.3	2.5	15	0	0.52138	0.15641	1.3034	7.8206	0.52138	0.15641	1.3034	7.8206	0.52138	0.15641	1.3034	7.8206	0.52138	0.15641	1.3034	7.8206	0	0.3	0.3	0.3	0.3	0.3	0.3	0.3	0.3	0.3	0.3	0.3	0.3	0.3	0.3	0.3	0.3	0.3
10000	10000	0.018505	0.017366	1	1	0.84379	1	0.25357	2.5	15	1	0.25357	2.5	15	1	0.25357	2.5	15	1	0.25357	2.5	15	0	0.75169	0.19061	1.8792	11.275	0.75169	0.19061	1.8792	11.275	0.75169	0.19061	1.8792	11.275	0.75169	0.19061	1.8792	11.275	0	0.19887	0.19887	0.19887	0.19887	0.19887	0.19887	0.19887	0.19887	0.19887	0.19887	0.19887	0.19887	0.19887	0.19887	0.19887	0.19887	0.19887
10000	10000	0.01	0.02	1	1	1.135	1.3333	0.3	2.5	15	1.3333	0.3	2.5	15	1.3333	0.3	2.5	15	1.3333	0.3	2.5	15	0	1.3333	0.3	2.5	15	1.3333	0.3	2.5	15	1.3333	0.3	2.5	15	1.3333	0.3	2.5	15	0	0.4	0.4	0.4	0.4	0.4	0.4	0.4	0.4	0.4	0.4	0.4	0.4	0.4	0.4	0.4	0.4	0.4
10000	10000	0.0076698	0.023921	1	1	0.90387	0.89096	0.5	2.5	15	0.89096	0.5	2.5	15	0.89096	0.5	2.5	15	0.89096	0.5	2.5	15	0	0.66889	0.37538	1.8769	11.261	0.66889	0.37538	1.8769	11.261	0.66889	0.37538	1.8769	11.261	0.66889	0.37538	1.8769	11.261	0	0.31019	0.31019	0.31019	0.31019	0.31019	0.31019	0.31019	0.31019	0.31019	0.31019	0.31019	0.31019	0.31019	0.31019	0.31019	0.31019	0.31019
10000	10000	0.01	0.02	1	1	0.80001	1	0.3	3.5	10	1	0.3	3.5	10	1	0.3	3.5	10	1	0.3	3.5	10	0	1	0.3	3.5	10	1	0.3	3.5	10	1	0.3	3.5	10	1	0.3	3.5	10	0	0.3	0.3	0.3	0.3	0.3	0.3	0.3	0.3	0.3	0.3	0.3	0.3	0.3	0.3	0.3	0.3	0.3
10000	10000	0.014998	0.024379	1	1	0.80018	1.0002	-0.0015624	3.4995	14.998	1.0002	-0.0015624	3.4995	14.998	1.0002	-0.0015624	3.4995	14.998	1.0002	-0.0015624	3.4995	14.998	0	1.0002	-0.0015624	3.4995	14.998	1.0002	-0.0015624	3.4995	14.998	1.0002	-0.0015624	3.4995	14.998	1.0002	-0.0015624	3.4995	14.998	0	0.21458	0.21458	0.21458	0.21458	0.21458	0.21458	0.21458	0.21458	0.21458	0.21458	0.21458	0.21458	0.21458	0.21458	0.21458	0.21458	0.21458
10000	10000	0.001	0.17388	1	1	0.68551	1.0041	0.30264	2.4929	29.967	1.0041	0.30264	2.4929	29.967	1.0041	0.30264	2.4929	29.967	1.0041	0.30264	2.4929	29.967	0	1.0076	0.30372	2.5018	30.074	1.0076	0.30372	2.5018	30.074	1.0076	0.30372	2.5018	30.074	1.0076	0.30372	2.5018	30.074	0	0.39108	0.39108	0.39108	0.39108	0.39108	0.39108	0.39108	0.39108	0.39108	0.39108	0.39108	0.39108	0.39108	0.39108	0.39108	0.39108	0.39108
10000	10000	0.0054578	0.10847	1	1	0.80691	1.145	0.34979	2.4856	14.939	1.145	0.34979	2.4856	14.939	1.145	0.34979	2.4856	14.939	1.145	0.34979	2.4856	14.939	0	0.85199	0.26027	1.8495	11.116	0.85199	0.26027	1.8495	11.116	0.85199	0.26027	1.8495	11.116	0.85199	0.26027	1.8495	11.116	0	0.20307	0.20307	0.20307	0.20307	0.20307	0.20307	0.20307	0.20307	0.20307	0.20307	0.20307	0.20307	0.20307	0.20307	0.20307	0.20307	0.20307
10000	10000	0.016911	0.038999	1	1	1.0303	0.80296	0.29786	3.3391	14.974	0.80296	0.29786	3.3391	14.974	0.80296	0.29786	3.3391	14.974	0.80296	0.29786	3.3391	14.974	0	0.8507	0.31557	3.5376	15.864	0.8507	0.31557	3.5376	15.864	0.8507	0.31557	3.5376	15.864	0.8507	0.31557	3.5376	15.864	0	0.22383	0.22383	0.22383	0.22383	0.22383	0.22383	0.22383	0.22383	0.22383	0.22383	0.22383	0.22383	0.22383	0.22383	0.22383	0.22383	0.22383
10000	10000	0.33308	0.023803	1	1	1.0667	0.59815	0.3	2.5	15	0.59815	0.3	2.5	15	0.59815	0.3	2.5	15	0.59815	0.3	2.5	15	0	0.62342	0.31267	2.6056	15.634	0.62342	0.31267	2.6056	15.634	0.62342	0.31267	2.6056	15.634	0.62342	0.31267	2.6056	15.634	0	0.30781	0.30781	0.30781	0.30781	0.30781	0.30781	0.30781	0.30781	0.30781	0.30781	0.30781	0.30781	0.30781	0.30781	0.30781	0.30781	0.30781
10000	10000	0.0099999	0.087309	1	1	0.2008	1	0.35854	4.4444	5.035	1	0.35854	4.4444	5.035	1	0.35854	4.4444	5.035	1	0.35854	4.4444	5.035	0	1.0304	0.36944	4.5796	5.188	1.0304	0.36944	4.5796	5.188	1.0304	0.36944	4.5796	5.188	1.0304	0.36944	4.5796	5.188	0	0.33333	0.33333	0.33333	0.33333	0.33333	0.33333	0.33333	0.33333	0.33333	0.33333	0.33333	0.33333	0.33333	0.33333	0.33333	0.33333	0.33333
10000	10000	0.018811	0.021811	1	1	0.69245	0.64247	0.39995	3.3335	5.2977	0.64247	0.39995	3.3335	5.2977	0.64247	0.39995	3.3335	5.2977	0.64247	0.39995	3.3335	5.2977	0	0.72317	0.45019	3.7523	5.9632	0.72317	0.45019	3.7523	5.9632	0.72317	0.45019	3.7523	5.9632	0.72317	0.45019	3.7523	5.9632	0	0.39993	0.39993	0.39993	0.39993	0.39993	0.39993	0.39993	0.39993	0.39993	0.39993	0.39993	0.39993	0.39993	0.39993	0.39993	0.39993	0.39993
10000	10000	0.24636	0.019734	1	1	1.0214	0.92415	0.59928	4.9564	16.306	0.92415	0.59928	4.9564	16.306	0.92415	0.59928	4.9564	16.306	0.92415	0.59928	4.9564	16.306	0	1.1687	0.75788	6.2682	20.622	1.1687	0.75788	6.2682	20.622	1.1687	0.75788	6.2682	20.622	1.1687	0.75788	6.2682	20.622	0	0.064841	0.064841	0.064841	0.064841	0.064841	0.064841	0.064841	0.064841	0.064841	0.064841	0.064841	0.064841	0.064841	0.064841	0.064841	0.064841	0.064841
10000	10000	0.02	0.01	1	1	0.59486	0.8	0.5	3.3765	15	0.8	0.5	3.3765	15	0.8	0.5	3.3765	15	0.8	0.5	3.3765	15	0	0.2	0.125	0.84412	3.75	0.2	0.125	0.84412	3.75	0.2	0.125	0.84412	3.75	0.2	0.125	0.84412	3.75	0	0.17463	0.17463	0.17463	0.17463	0.17463	0.17463	0.17463	0.17463	0.17463	0.17463	0.17463	0.17463	0.17463	0.17463	0.17463	0.17463	0.17463
10000	10000	0.032701	0.29554	1	1	1.4006	0.55054	-0.14463	1.2568	-35.731	0.55054	-0.14463	1.2568	-35.731	0.55054	-0.14463	1.2568	-35.731	0.55054	-0.14463	1.2568	-35.731	0	0.89999	-0.23643	2.0546	-58.411	0.89999	-0.23643	2.0546	-58.411	0.89999	-0.23643	2.0546	-58.411	0.89999	-0.23643	2.0546	-58.411	0	0.53592	0.53592	0.53592	0.53592	0.53592	0.53592	0.53592	0.53592	0.53592	0.53592	0.53592	0.53592	0.53592	0.53592	0.53592	0.53592	0.53592
10000	10000	0.019997	0.049735	1	1	0.79992	0.4643	0.40006	2.4998	14.999	0.4643	0.40006	2.4998	14.999	0.4643	0.40006	2.4998	14.999	0.4643	0.40006	2.4998	14.999	0	0.92855	0.80009	4.9995	29.997	0.92855	0.80009	4.9995	29.997	0.92855	0.80009	4.9995	29.997	0.92855	0.80009	4.9995	29.997	0	0.20004	0.20004	0.20004	0.20004	0.20004	0.20004	0.20004	0.20004	0.20004	0.20004	0.20004	0.20004	0.20004	0.20004	0.20004	0.20004	0.20004
10000	10000	0.01	0.24	1	1	0.8	1.2292	0.5	2.5	10	1.2292	0.5	2.5	10	1.2292	0.5	2.5	10	1.2292	0.5	2.5	10	0	1.2292	0.5	2.5	10	1.2292	0.5	2.5	10	1.2292	0.5	2.5	10	1.2292	0.5	2.5	10	0	0.1	0.1	0.1	0.1	0.1	0.1	0.1	0.1	0.1	0.1	0.1	0.1	0.1	0.1	0.1	0.1	0.1
10000	10000	0.11612	0.03	1	1	0.8	1	0.3	3.5	15	1	0.3	3.5	15	1	0.3	3.5	15	1	0.3	3.5	15	0	1	0.3	3.5	15	1	0.3	3.5	15	1	0.3	3.5	15	1	0.3	3.5	15	0	0.3	0.3	0.3	0.3	0.3	0.3	0.3	0.3	0.3	0.3	0.3	0.3	0.3	0.3	0.3	0.3	0.3
10000	10000	0.01	0.02	1	1	0.8	1	0.3	2.5	15	1	0.3	2.5	15	1	0.3	2.5	15	1	0.3	2.5	15	0	1	0.3	2.5	15	1	0.3	2.5	15	1	0.3	2.5	15	1	0.3	2.5	15	0	0.51629	0.51629	0.51629	0.51629	0.51629	0.51629	0.51629	0.51629	0.51629	0.51629	0.51629	0.51629	0.51629	0.51629	0.51629	0.51629	0.51629
10000	10000	0.23879	0.068046	1	1	1.6	1	0.3	2.5	15	1	0.3	2.5	15	1	0.3	2.5	15	1	0.3	2.5	15	0	1	0.3	2.5	15	1	0.3	2.5	15	1	0.3	2.5	15	1	0.3	2.5	15	0	0	0	0	0	0	0	0	0	0	0	0	0	0	0	0	0	0
10000	10000	0.43213	0.055786	1	1	0.88889	1.1819	0.4	2.5	15	1.1819	0.4	2.5	15	1.1819	0.4	2.5	15	1.1819	0.4	2.5	15	0	1.1819	0.4	2.5	15	1.1819	0.4	2.5	15	1.1819	0.4	2.5	15	1.1819	0.4	2.5	15	0	0.45	0.45	0.45	0.45	0.45	0.45	0.45	0.45	0.45	0.45	0.45	0.45	0.45	0.45	0.45	0.45	0.45
10000	10000	0.02	0.02	1	1	0.8	1	0.3	2.5	15	1	0.3	2.5	15	1	0.3	2.5	15	1	0.3	2.5	15	0	1	0.3	2.5	15	1	0.3	2.5	15	1	0.3	2.5	15	1	0.3	2.5	15	0	0.2	0.2	0.2	0.2	0.2	0.2	0.2	0.2	0.2	0.2	0.2	0.2	0.2	0.2	0.2	0.2	0.2
10000	10000	0.02	0.023076	1	1	1	0.84616	0.6	2.5	30	0.84616	0.6	2.5	30	0.84616	0.6	2.5	30	0.84616	0.6	2.5	30	0	0.86578	0.61391	2.558	30.695	0.86578	0.61391	2.558	30.695	0.86578	0.61391	2.558	30.695	0.86578	0.61391	2.558	30.695	0	0.35	0.35	0.35	0.35	0.35	0.35	0.35	0.35	0.35	0.35	0.35	0.35	0.35	0.35	0.35	0.35	0.35
10000	10000	0.48769	0.019971	1	1	1	0.99999	0.3	2.5	20	0.99999	0.3	2.5	20	0.99999	0.3	2.5	20	0.99999	0.3	2.5	20	0	0.25	0.075	0.625	5	0.25	0.075	0.625	5	0.25	0.075	0.625	5	0.25	0.075	0.625	5	0	0.25908	0.25908	0.25908	0.25908	0.25908	0.25908	0.25908	0.25908	0.25908	0.25908	0.25908	0.25908	0.25908	0.25908	0.25908	0.25908	0.25908
10000	10000	0.020507	0.059599	1	1	1.3287	0.81671	0.28686	2.4766	14.885	0.81671	0.28686	2.4766	14.885	0.81671	0.28686	2.4766	14.885	0.81671	0.28686	2.4766	14.885	0	1.2475	0.43818	3.783	22.736	1.2475	0.43818	3.783	22.736	1.2475	0.43818	3.783	22.736	1.2475	0.43818	3.783	22.736	0	0.50209	0.50209	0.50209	0.50209	0.50209	0.50209	0.50209	0.50209	0.50209	0.50209	0.50209	0.50209	0.50209	0.50209	0.50209	0.50209	0.50209
10000	10000	0.33913	0.093333	1	1	1.3511	1	0.12824	2.5	7.2387	1	0.12824	2.5	7.2387	1	0.12824	2.5	7.2387	1	0.12824	2.5	7.2387	0	1.0149	0.13015	2.5371	7.3463	1.0149	0.13015	2.5371	7.3463	1.0149	0.13015	2.5371	7.3463	1.0149	0.13015	2.5371	7.3463	0	0.27508	0.27508	0.27508	0.27508	0.27508	0.27508	0.27508	0.27508	0.27508	0.27508	0.27508	0.27508	0.27508	0.27508	0.27508	0.27508	0.27508
10000	10000	0.013287	0.093333	1	1	1	0.82963	0.2349	2.5	16.111	0.82963	0.2349	2.5	16.111	0.82963	0.2349	2.5	16.111	0.82963	0.2349	2.5	16.111	0	0.82963	0.2349	2.5	16.111	0.82963	0.2349	2.5	16.111	0.82963	0.2349	2.5	16.111	0.82963	0.2349	2.5	16.111	0	0.37831	0.37831	0.37831	0.37831	0.37831	0.37831	0.37831	0.37831	0.37831	0.37831	0.37831	0.37831	0.37831	0.37831	0.37831	0.37831	0.37831
10000	10000	0.027581	0.23055	1	1	1.1803	0.64846	0	1.8848	17.812	0.64846	0	1.8848	17.812	0.64846	0	1.8848	17.812	0.64846	0	1.8848	17.812	0	1.1067	0	3.2168	30.399	1.1067	0	3.2168	30.399	1.1067	0	3.2168	30.399	1.1067	0	3.2168	30.399	0	0.18908	0.18908	0.18908	0.18908	0.18908	0.18908	0.18908	0.18908	0.18908	0.18908	0.18908	0.18908	0.18908	0.18908	0.18908	0.18908	0.18908
10000	10000	0.019949	0.019885	1	1	1.0993	0.89503	0.047955	2.5552	7.0825	0.89503	0.047955	2.5552	7.0825	0.89503	0.047955	2.5552	7.0825	0.89503	0.047955	2.5552	7.0825	0	1.0199	0.054648	2.9118	8.0709	1.0199	0.054648	2.9118	8.0709	1.0199	0.054648	2.9118	8.0709	1.0199	0.054648	2.9118	8.0709	0	0.40664	0.40664	0.40664	0.40664	0.40664	0.40664	0.40664	0.40664	0.40664	0.40664	0.40664	0.40664	0.40664	0.40664	0.40664	0.40664	0.40664
10000	10000	0.0094833	0.027159	1	1	0.79912	1.3346	0.30064	5.0034	15.008	1.3346	0.30064	5.0034	15.008	1.3346	0.30064	5.0034	15.008	1.3346	0.30064	5.0034	15.008	0	0.33366	0.075159	1.2509	3.752	0.33366	0.075159	1.2509	3.752	0.33366	0.075159	1.2509	3.752	0.33366	0.075159	1.2509	3.752	0	0.1968	0.1968	0.1968	0.1968	0.1968	0.1968	0.1968	0.1968	0.1968	0.1968	0.1968	0.1968	0.1968	0.1968	0.1968	0.1968	0.1968
10000	10000	0.018879	0.020487	1	1	0.52095	1.0154	0.99522	3.489	11.084	1.0154	0.99522	3.489	11.084	1.0154	0.99522	3.489	11.084	1.0154	0.99522	3.489	11.084	0	0.98503	0.96546	3.3847	10.753	0.98503	0.96546	3.3847	10.753	0.98503	0.96546	3.3847	10.753	0.98503	0.96546	3.3847	10.753	0	0.19811	0.19811	0.19811	0.19811	0.19811	0.19811	0.19811	0.19811	0.19811	0.19811	0.19811	0.19811	0.19811	0.19811	0.19811	0.19811	0.19811
10000	10000	0.0073583	0.01	1	1	0.53333	0.6202	0.3	2.5	4.2763	0.6202	0.3	2.5	4.2763	0.6202	0.3	2.5	4.2763	0.6202	0.3	2.5	4.2763	0	0.7813	0.37792	3.1494	5.3871	0.7813	0.37792	3.1494	5.3871	0.7813	0.37792	3.1494	5.3871	0.7813	0.37792	3.1494	5.3871	0	0.2	0.2	0.2	0.2	0.2	0.2	0.2	0.2	0.2	0.2	0.2	0.2	0.2	0.2	0.2	0.2	0.2
10000	10000	0.004005	0.022504	1	1	0.68817	0.88937	0.21924	3.5517	15.563	0.88937	0.21924	3.5517	15.563	0.88937	0.21924	3.5517	15.563	0.88937	0.21924	3.5517	15.563	0	0.69838	0.17216	2.789	12.221	0.69838	0.17216	2.789	12.221	0.69838	0.17216	2.789	12.221	0.69838	0.17216	2.789	12.221	0	0.24993	0.24993	0.24993	0.24993	0.24993	0.24993	0.24993	0.24993	0.24993	0.24993	0.24993	0.24993	0.24993	0.24993	0.24993	0.24993	0.24993
10000	10000	0.012239	0.02	1	1	0.51083	1	0.3	3.5	30	1	0.3	3.5	30	1	0.3	3.5	30	1	0.3	3.5	30	0	1	0.3	3.5	30	1	0.3	3.5	30	1	0.3	3.5	30	1	0.3	3.5	30	0	0.10556	0.10556	0.10556	0.10556	0.10556	0.10556	0.10556	0.10556	0.10556	0.10556	0.10556	0.10556	0.10556	0.10556	0.10556	0.10556	0.10556
10000	10000	0.005	0.035	1	1	0.86145	0.53603	0.33333	2.5	4.4173	0.53603	0.33333	2.5	4.4173	0.53603	0.33333	2.5	4.4173	0.53603	0.33333	2.5	4.4173	0	0.40393	0.25119	1.8839	3.3288	0.40393	0.25119	1.8839	3.3288	0.40393	0.25119	1.8839	3.3288	0.40393	0.25119	1.8839	3.3288	0	0.1	0.1	0.1	0.1	0.1	0.1	0.1	0.1	0.1	0.1	0.1	0.1	0.1	0.1	0.1	0.1	0.1
10000	10000	0.0091774	0.017027	1	1	0.72192	-0.33669	0.27648	4.4444	13.061	-0.33669	0.27648	4.4444	13.061	-0.33669	0.27648	4.4444	13.061	-0.33669	0.27648	4.4444	13.061	0	-0.34223	0.28104	4.5176	13.276	-0.34223	0.28104	4.5176	13.276	-0.34223	0.28104	4.5176	13.276	-0.34223	0.28104	4.5176	13.276	0	0.22034	0.22034	0.22034	0.22034	0.22034	0.22034	0.22034	0.22034	0.22034	0.22034	0.22034	0.22034	0.22034	0.22034	0.22034	0.22034	0.22034
10000	10000	0.0088872	0.019839	1	1	0.8	0.74659	0.5	3.3333	10	0.74659	0.5	3.3333	10	0.74659	0.5	3.3333	10	0.74659	0.5	3.3333	10	0	0.18665	0.125	0.83333	2.5	0.18665	0.125	0.83333	2.5	0.18665	0.125	0.83333	2.5	0.18665	0.125	0.83333	2.5	0	0.21946	0.21946	0.21946	0.21946	0.21946	0.21946	0.21946	0.21946	0.21946	0.21946	0.21946	0.21946	0.21946	0.21946	0.21946	0.21946	0.21946
10000	10000	0.010943	0.013364	1	1	0.8	0.72776	0.4	2.5	15	0.72776	0.4	2.5	15	0.72776	0.4	2.5	15	0.72776	0.4	2.5	15	0	0.71287	0.39181	2.4488	14.693	0.71287	0.39181	2.4488	14.693	0.71287	0.39181	2.4488	14.693	0.71287	0.39181	2.4488	14.693	0	0.2	0.2	0.2	0.2	0.2	0.2	0.2	0.2	0.2	0.2	0.2	0.2	0.2	0.2	0.2	0.2	0.2
10000	10000	0.0021792	0.02	1	1	0.8	0.59742	0.33333	2.5802	15	0.59742	0.33333	2.5802	15	0.59742	0.33333	2.5802	15	0.59742	0.33333	2.5802	15	0	0.59742	0.33333	2.5802	15	0.59742	0.33333	2.5802	15	0.59742	0.33333	2.5802	15	0.59742	0.33333	2.5802	15	0	0.1	0.1	0.1	0.1	0.1	0.1	0.1	0.1	0.1	0.1	0.1	0.1	0.1	0.1	0.1	0.1	0.1
10000	10000	0.001	0.34	1	1	0.8	1	0.3	5	15	1	0.3	5	15	1	0.3	5	15	1	0.3	5	15	0	1	0.3	5	15	1	0.3	5	15	1	0.3	5	15	1	0.3	5	15	0	0.25	0.25	0.25	0.25	0.25	0.25	0.25	0.25	0.25	0.25	0.25	0.25	0.25	0.25	0.25	0.25	0.25
10000	10000	0.01817	0.02	1	1	0.8	0.95965	0.81111	2.5859	15	0.95965	0.81111	2.5859	15	0.95965	0.81111	2.5859	15	0.95965	0.81111	2.5859	15	0	0.95965	0.81111	2.5859	15	0.95965	0.81111	2.5859	15	0.95965	0.81111	2.5859	15	0.95965	0.81111	2.5859	15	0	0.28782	0.28782	0.28782	0.28782	0.28782	0.28782	0.28782	0.28782	0.28782	0.28782	0.28782	0.28782	0.28782	0.28782	0.28782	0.28782	0.28782
10000	10000	0.010779	0.03711	1	1	0.44308	1.0211	0.40002	2.7542	-8.7698	1.0211	0.40002	2.7542	-8.7698	1.0211	0.40002	2.7542	-8.7698	1.0211	0.40002	2.7542	-8.7698	0	0.49639	0.19446	1.3389	-4.2631	0.49639	0.19446	1.3389	-4.2631	0.49639	0.19446	1.3389	-4.2631	0.49639	0.19446	1.3389	-4.2631	0	0.21432	0.21432	0.21432	0.21432	0.21432	0.21432	0.21432	0.21432	0.21432	0.21432	0.21432	0.21432	0.21432	0.21432	0.21432	0.21432	0.21432
10000	10000	0.0063575	0.024932	1	1	0.43517	1.2511	0.68665	2.9395	16.991	1.2511	0.68665	2.9395	16.991	1.2511	0.68665	2.9395	16.991	1.2511	0.68665	2.9395	16.991	0	0.59171	0.32474	1.3902	8.0357	0.59171	0.32474	1.3902	8.0357	0.59171	0.32474	1.3902	8.0357	0.59171	0.32474	1.3902	8.0357	0	0.18185	0.18185	0.18185	0.18185	0.18185	0.18185	0.18185	0.18185	0.18185	0.18185	0.18185	0.18185	0.18185	0.18185	0.18185	0.18185	0.18185
10000	10000	0.0050034	0.020009	1	1	0.62525	1.3338	0.58373	3.3341	29.997	1.3338	0.58373	3.3341	29.997	1.3338	0.58373	3.3341	29.997	1.3338	0.58373	3.3341	29.997	0	0.33344	0.14593	0.83352	7.4992	0.33344	0.14593	0.83352	7.4992	0.33344	0.14593	0.83352	7.4992	0.33344	0.14593	0.83352	7.4992	0	0.29981	0.29981	0.29981	0.29981	0.29981	0.29981	0.29981	0.29981	0.29981	0.29981	0.29981	0.29981	0.29981	0.29981	0.29981	0.29981	0.29981
10000	10000	0.002807	0.0244	1	1	0.8	0.93334	0.3	2.5	15	0.93334	0.3	2.5	15	0.93334	0.3	2.5	15	0.93334	0.3	2.5	15	0	1.2445	0.4	3.3333	20	1.2445	0.4	3.3333	20	1.2445	0.4	3.3333	20	1.2445	0.4	3.3333	20	0	0.2	0.2	0.2	0.2	0.2	0.2	0.2	0.2	0.2	0.2	0.2	0.2	0.2	0.2	0.2	0.2	0.2
10000	10000	0.0043333	0.020192	1	1	0.8	1	0.43333	5	15	1	0.43333	5	15	1	0.43333	5	15	1	0.43333	5	15	0	1.8795	0.81445	9.3975	28.192	1.8795	0.81445	9.3975	28.192	1.8795	0.81445	9.3975	28.192	1.8795	0.81445	9.3975	28.192	0	0.1	0.1	0.1	0.1	0.1	0.1	0.1	0.1	0.1	0.1	0.1	0.1	0.1	0.1	0.1	0.1	0.1
10000	10000	0.0078907	0.044475	1	1	0.72369	1	0.29997	5.8026	15	1	0.29997	5.8026	15	1	0.29997	5.8026	15	1	0.29997	5.8026	15	0	1.0001	0.29998	5.8027	15.001	1.0001	0.29998	5.8027	15.001	1.0001	0.29998	5.8027	15.001	1.0001	0.29998	5.8027	15.001	0	0.090789	0.090789	0.090789	0.090789	0.090789	0.090789	0.090789	0.090789	0.090789	0.090789	0.090789	0.090789	0.090789	0.090789	0.090789	0.090789	0.090789
10000	10000	0.005	0.02	1	1	0.8726	0.8	0.4	3.5	15	0.8	0.4	3.5	15	0.8	0.4	3.5	15	0.8	0.4	3.5	15	0	0.8	0.4	3.5	15	0.8	0.4	3.5	15	0.8	0.4	3.5	15	0.8	0.4	3.5	15	0	0.1	0.1	0.1	0.1	0.1	0.1	0.1	0.1	0.1	0.1	0.1	0.1	0.1	0.1	0.1	0.1	0.1
10000	10000	0.01	0.02	1	1	0.8	1.0991	0.3	5	15	1.0991	0.3	5	15	1.0991	0.3	5	15	1.0991	0.3	5	15	0	1.0991	0.3	5	15	1.0991	0.3	5	15	1.0991	0.3	5	15	1.0991	0.3	5	15	0	0.21111	0.21111	0.21111	0.21111	0.21111	0.21111	0.21111	0.21111	0.21111	0.21111	0.21111	0.21111	0.21111	0.21111	0.21111	0.21111	0.21111
10000	10000	0.001	0.04	1	1	0.5846	0.93141	0.3	5	10	0.93141	0.3	5	10	0.93141	0.3	5	10	0.93141	0.3	5	10	0	0.46571	0.15	2.5	5	0.46571	0.15	2.5	5	0.46571	0.15	2.5	5	0.46571	0.15	2.5	5	0	0.30207	0.30207	0.30207	0.30207	0.30207	0.30207	0.30207	0.30207	0.30207	0.30207	0.30207	0.30207	0.30207	0.30207	0.30207	0.30207	0.30207
10000	10000	0.001	0.02	1	1	0.8	0.85256	0.3	2.5	20	0.85256	0.3	2.5	20	0.85256	0.3	2.5	20	0.85256	0.3	2.5	20	0	0.85256	0.3	2.5	20	0.85256	0.3	2.5	20	0.85256	0.3	2.5	20	0.85256	0.3	2.5	20	0	0.18889	0.18889	0.18889	0.18889	0.18889	0.18889	0.18889	0.18889	0.18889	0.18889	0.18889	0.18889	0.18889	0.18889	0.18889	0.18889	0.18889
10000	10000	0.001	0.019315	1	1	1.0667	1	0.3	2.5	30	1	0.3	2.5	30	1	0.3	2.5	30	1	0.3	2.5	30	0	1.0403	0.3121	2.6008	31.21	1.0403	0.3121	2.6008	31.21	1.0403	0.3121	2.6008	31.21	1.0403	0.3121	2.6008	31.21	0	0.24557	0.24557	0.24557	0.24557	0.24557	0.24557	0.24557	0.24557	0.24557	0.24557	0.24557	0.24557	0.24557	0.24557	0.24557	0.24557	0.24557
10000	10000	0.001	0.026198	1	1	0.80011	1.0001	-1.7851	3.7848	4.226	1.0001	-1.7851	3.7848	4.226	1.0001	-1.7851	3.7848	4.226	1.0001	-1.7851	3.7848	4.226	0	1.0002	-1.7853	3.7852	4.2264	1.0002	-1.7853	3.7852	4.2264	1.0002	-1.7853	3.7852	4.2264	1.0002	-1.7853	3.7852	4.2264	0	0.29451	0.29451	0.29451	0.29451	0.29451	0.29451	0.29451	0.29451	0.29451	0.29451	0.29451	0.29451	0.29451	0.29451	0.29451	0.29451	0.29451
10000	10000	0.0025709	0.021902	1	1	1.3974	0.78779	-0.11562	6.6584	15	0.78779	-0.11562	6.6584	15	0.78779	-0.11562	6.6584	15	0.78779	-0.11562	6.6584	15	0	0.78779	-0.11562	6.6584	15	0.78779	-0.11562	6.6584	15	0.78779	-0.11562	6.6584	15	0.78779	-0.11562	6.6584	15	0	0.4149	0.4149	0.4149	0.4149	0.4149	0.4149	0.4149	0.4149	0.4149	0.4149	0.4149	0.4149	0.4149	0.4149	0.4149	0.4149	0.4149
10000	10000	0.001	0.020005	1	1	0.79909	0.84542	0.30066	5.9865	15.008	0.84542	0.30066	5.9865	15.008	0.84542	0.30066	5.9865	15.008	0.84542	0.30066	5.9865	15.008	0	0.70067	0.24918	4.9615	12.438	0.70067	0.24918	4.9615	12.438	0.70067	0.24918	4.9615	12.438	0.70067	0.24918	4.9615	12.438	0	0.32281	0.32281	0.32281	0.32281	0.32281	0.32281	0.32281	0.32281	0.32281	0.32281	0.32281	0.32281	0.32281	0.32281	0.32281	0.32281	0.32281
10000	10000	0.0058333	0.03	1	1	1	2	0.3	3.5	6.3315	2	0.3	3.5	6.3315	2	0.3	3.5	6.3315	2	0.3	3.5	6.3315	0	0.5	0.075	0.875	1.5829	0.5	0.075	0.875	1.5829	0.5	0.075	0.875	1.5829	0.5	0.075	0.875	1.5829	0	0.26054	0.26054	0.26054	0.26054	0.26054	0.26054	0.26054	0.26054	0.26054	0.26054	0.26054	0.26054	0.26054	0.26054	0.26054	0.26054	0.26054
10000	10000	0.001	0.01	1	1	0.8	1	0.3	2.5	15	1	0.3	2.5	15	1	0.3	2.5	15	1	0.3	2.5	15	0	1	0.3	2.5	15	1	0.3	2.5	15	1	0.3	2.5	15	1	0.3	2.5	15	0	0.4	0.4	0.4	0.4	0.4	0.4	0.4	0.4	0.4	0.4	0.4	0.4	0.4	0.4	0.4	0.4	0.4
10000	10000	0.0052017	0.029024	1	1	0.80988	1	0.3	3.5	13.889	1	0.3	3.5	13.889	1	0.3	3.5	13.889	1	0.3	3.5	13.889	0	1.0167	0.305	3.5583	14.12	1.0167	0.305	3.5583	14.12	1.0167	0.305	3.5583	14.12	1.0167	0.305	3.5583	14.12	0	0.4376	0.4376	0.4376	0.4376	0.4376	0.4376	0.4376	0.4376	0.4376	0.4376	0.4376	0.4376	0.4376	0.4376	0.4376	0.4376	0.4376
10000	10000	0.001	0.01941	1	1	0.83977	0.9525	0.31335	3.4426	-278.22	0.9525	0.31335	3.4426	-278.22	0.9525	0.31335	3.4426	-278.22	0.9525	0.31335	3.4426	-278.22	0	0.96863	0.31865	3.5009	-282.93	0.96863	0.31865	3.5009	-282.93	0.96863	0.31865	3.5009	-282.93	0.96863	0.31865	3.5009	-282.93	0	0.20475	0.20475	0.20475	0.20475	0.20475	0.20475	0.20475	0.20475	0.20475	0.20475	0.20475	0.20475	0.20475	0.20475	0.20475	0.20475	0.20475
