2.8732	0.0059002	0.37309	0.024935	1.0004	0.99958	0.30027	3.4991	15.003
4.3156	0.001	0.34532	0.01	0.95833	1.0222	0.37763	3.3333	15
3.1129	0.0029288	0.24756	0.02	1.0421	0.79905	0.3	2.5	12.116
4.6123	0.001	0.40001	0.01	0.95832	0.99999	0.29999	3.5072	15
4.5835	0.001	0.4	0.02	1.1439	0.96695	0.3	3.3334	30
4.7996	0.001	0.2	0.02	0.9548	0.8588	0.3	3.7037	20
5.5116	0.0033525	0.24463	0.01	1.0548	0.86576	0.3	3.5	10
7.6584	0.0023986	0.23645	0.01	1.1125	1.0322	0.23502	3.5551	15.947
6.9687	0.0019081	0.22855	0.020675	1.0254	0.9985	0.30115	3.6347	11.685
4.4119	0.001	0.20562	0.04078	0.97002	0.85802	0.3064	2.9732	20.137
2.9661	0.001	0.19453	0.01	1.0023	1.0025	0.29827	2.8831	15.139
6.4089	0.001	0.20606	0.02	1	1	0.3	5.0397	15
4.2657	0.007	0.13333	0.022059	0.95933	1.3362	0.65635	5.7587	9.8649
9.5649	0.0058333	0.1	0.04	1.0292	1.1998	0.3	3.5	8.3469
2.3447	0.0039514	0.16464	0.043441	1.2286	1.1024	0.51842	3.9214	12.312
4.2176	0.001	0.18248	0.017952	0.98102	0.84342	1.4444	4.7752	16.266
2.5558	0.001	0.14167	0.024085	0.99827	0.87639	0.43075	2.7767	17.152
5.9172	0.001	0.20624	0.020002	0.99998	0.80001	0.29997	3.4996	77.863
5.5363	0.0021371	0.097752	0.03	1	0.70177	0.39811	3.5	15
6	0.001	0.21648	0.01	1	0.8	0.38433	3.5	15
3	0.0015328	0.2	0.016538	0.95833	1	0.82164	2.5	9.6038
5.0142	0.001	0.20068	0.019904	0.99767	1.0363	0.54351	3.4961	14.986
2.33	0.001	0.20017	0.024692	1.2053	0.76541	0.42321	2.9105	13.123
3	0.001	0.14113	0.024067	0.88282	1	0.5	3.5	10.833
3.55	0.001	0.2	0.01	1	1	0.3	3.1653	15
2.669	0.001	0.17727	0.01	0.41906	0.95236	0.4015	4.6858	15.051
1.7288	0.001	0.21209	0.026722	0.5	1	0.5	5	30
1.55	0.001	0.23333	0.026311	1	1	0.40569	3.5	15
3	0.0087206	0.2	0.015	0.7331	1	0.6	5.9893	545.29
0.84698	0.0049546	0	0.019861	0.50346	0.79376	0.4948	3.2758	15.055
7.4874	0.0031976	0.20312	0.014212	0.80286	0.65289	0.66897	5.6743	17.634
3.1218	0.001	0.099999	0.02	0.53906	1	0.3	4.02	20
2.4469	0.001	0.1	0.015	0.4823	1.5	0.76521	4.6666	13.053
3.9073	0.0016761	0.11775	0.01	0.76011	0.79827	0.7421	4.4774	20.806
3.3555	0.001	0.20381	0.020917	0.50701	0.97792	0.74065	4.6667	35.556
2.7507	0.001	0.02729	0.01	0.45833	0.8	0.34788	7	26.667
3.625	0.001	0.090225	0.01	0.51407	0.57526	0.27101	6.2789	19.241
5.8898	0.001	0.055925	0.01	0.66095	0.90502	0.20483	4.2242	19.923
8.4808	0.001	0.035031	0.015608	0.90263	0.93634	0.33712	4.7535	30.509
2.9743	0.0031009	0.10813	0.01	0.50214	1.0821	0.49013	7.0296	201.33
9.9998	0.001	0.13401	0.01	1.0565	0.99809	1.0093	3.5029	29.852
3	0.001	0.15	0.035029	0.625	1	0.3	3.6947	15
6.6239	0.001	0.2	0.02	1	1.1111	0.3	4.0693	20
3.2051	0.001	0.131	0.01	0.43767	1.5555	0.50074	4.9016	18.373
6.8903	0.001	0.19547	0.01	0.89765	0.97222	0.21264	3.4955	14.778
7	0.001	0.2	0.016298	0.98386	1.1036	0.6	3.6941	15
3.8906	0.0014258	0.11191	0.01	0.90984	1.057	0.3	2.5	15
3.7259	0.001	0.093247	0.021234	1.0251	0.97212	0.35155	2.6378	7.9985
6.9911	0.001	0.20016	0.019963	0.9134	1.3819	0.30037	3.5128	6.7548
2.1085	0.001	0.1	0.01	0.4066	1.4996	0.3	3.7632	15
3	0.001	0.2	0.02	1	1	0.3	2.9589	15
4.7277	0.001	0.18679	0.020506	0.58952	0.80327	0.42223	3.5168	15
3	0.001	0.08343	0.018735	0.80421	1	0.80007	2.7748	15
5	0.005	0.3	0.01	1	0.77054	1	5	10
2.55	0.0046536	0.21434	0.01	0.7359	1	0.68489	3.1957	220
4.2398	0.0014444	0.083333	0.021334	1	1.1475	0.3	2.8825	15
4.3164	0.001	0.085641	0.03	1	1.3333	0.3	3.0823	29.999
5.2353	0.0013	0.10795	0.01	0.78702	1.3446	0.39165	3.6055	14.334
5.42	0.001	0.17579	0.02	1	1.1229	0.3	3.3333	8.0429
5.1449	0.001	0.11751	0.014774	0.8819	1.4615	0.21875	3.1165	21.444
2.7846	0.001	0.096984	0.02	0.48704	1.1893	0.00054924	6.2222	11.56
5.9506	0.001	0.12174	0.01	0.84611	0.94744	0.16074	4.0699	9.7167
2.5167	0.01	0.16899	0.018333	0.5	1.3135	0.4	5.3535	20.797
2.9953	0.001	0.2	0.016198	1.03	1	0.24818	2.8342	15
3.56	0.001	0.2	0.02	1	1.0427	0.4	2.7454	15
4.3668	0.001	0.099999	0.023333	1	0.99999	0.3	2.5	15
3.7214	0.0012222	0.097066	0.01	1.0069	0.97334	0.7625	2.1485	32
6.5809	0.001	0.15886	0.01	1	1.478	0.3	2.8197	20
5.912	0.0051254	0.14529	0.01	1.3037	1.0157	0.30166	3.3608	14.875
4.3441	0.001	0.20517	0.02	1.3649	1	0.6	2.5	15
2.835	0.007197	0.048166	0.01	0.82005	0.99999	0.34074	2.3752	15
4.0268	0.001	0.17109	0.01	0.56787	1.5266	0.36264	3.4215	11.212
3.0053	0.001	0.19856	0.019758	0.56851	1.9589	1.0091	3.5114	39.873
10	0.001	0.1	0.02	1	1	0.3	2.5	15
8	0.001	0.2	0.030442	1.0147	1.5	0.4	2.6449	15
8.2577	0.001	0.19833	0.01	0.49881	1.2019	0.27667	3.7827	19.417
3.2664	0.001	0.19489	0.015409	0.5	1.4239	0.3	3.5	15
9.9998	0.001	0.22068	0.019195	0.52585	1.5646	0.2837	4.9095	30.414
1.9314	0.024842	0.24357	0.015022	0.45614	1.8478	-0.4046	6.3425	32.523
6.0759	0.001	0.2	0.015	0.5	1.5	0.3	3.5	15
4.5637	0.001	0.22237	0.01	0.98534	0.98324	0.28911	2.8094	19.866
5.4629	0.0016418	0.14622	0.029486	0.98654	1.1569	0.50131	2.6223	10.324
3.6154	0.001	0.2	0.02	0.97405	0.85621	0.3	2.5	15
4.3724	0.001	0.2	0.034149	0.67564	1.4292	0.71143	3.6899	20
6.9085	0.001	0.23252	0.019512	1.0211	1.0232	0.31557	2.5427	14.805
2.5167	0.001	0.2	0.04	0.5	1.3296	0.66667	3.3333	21.758
3	0.001	0.083333	0.02	0.62714	0.85786	0.26509	2.5	15
4.8667	0.0025033	0.15083	0.01	1	1	0.29418	2.8333	13.128
3.1367	0.001	0.15	0.02	1	0.89648	0.3	2.5	15
3.4588	0.00413	0.29412	0.016186	0.81049	1.2353	0.45295	2.1585	28.118
5.0956	0.0017293	0.21188	0.02	0.98779	1.2495	0.29439	2.5	15
4.9895	0.0099357	0.19857	0.01	0.28693	1.6558	0.50268	2.4938	13.347
5	0.005	0.097596	0.015	0.85017	0.95478	0.3	2.5	15
5.2247	0.001	0.19493	0.020015	1.0006	1.0005	0.60031	2.4994	14.999
5.0504	0.005	0.11258	0.01	0.9794	1.012	0.3	2.5	15
2.4828	0.0012367	0.11837	0.010609	0.68933	1.5142	0.60453	3.3199	18.748
5.56	0.001	0.26667	0.02	0.5625	1.5	0.725	4.377	14.75
9.2022	0.001	0.2	0.016392	0.98462	1	0.18545	2.5	15
7.9865	0.001	0.2	0.02778	1	1	0.3	2.5	15
3.55	0.001	0.05	0.01	0.77097	1	0.3	2.6914	15
8.975	0.001	0.14488	0.01	0.25	1.25	0.625	3.816	25.25
5.3979	0.001	0.2	0.02	0.99999	0.804	0.4	2.5	15
2.5167	0.001	0.11031	0.016667	0.9129	1	0.352	2.7789	20
9.008	0.0026744	0.49987	0.020004	1.0001	1.2224	0.29992	7.996	45.068
2.6324	0.001	0.11486	0.016502	0.5625	1.0341	0.68496	5.875	26
4.8661	0.0038971	0.16591	0.024315	0.70413	0.54356	0.93575	7.2914	338.74
10	0.0051041	0.23013	0.034349	0.50651	0.39882	0.60846	9.5435	20.137
10	0.0076523	0.3	0.020001	0.89101	0.99996	0.99997	7.1471	15
3.1195	0.001	0.15	0.02	0.66513	0.60924	0.4	4.6667	15
3.1922	0.0014428	0.20223	0.01	0.93149	0.28119	0.68463	3.6762	20.822
5	0.001	0.043785	0.035	0.375	1	0.73662	3.6741	19.569
8.6883	0.001	0.26607	0.01	0.87598	0.79911	0.29984	5.2393	26.655
5	0.001	0.18809	0.02	1.1839	0.99999	0.6	4.6667	20
2.7516	0.001	0.098574	0.01	0.97077	0.7772	0.89688	4.5947	10.021
6.1608	0.001	0.1041	0.0125	0.48149	1.011	0.79003	3.866	16.708
4.7683	0.001	0.2272	0.017808	0.86199	0.66493	0.27693	3.546	15.077
2.359	0.001	0.084744	0.018288	0.54274	0.72313	0.5694	3.3078	15.337
3.46	0.0020929	0.099472	0.027469	0.37694	1.1446	0.37199	4.6491	18.258
4.2369	0.001	0.070499	0.02	0.28592	1.1111	0.3	4.1005	15
4.6127	0.001	0.10462	0.014434	0.39615	0.93435	0.41779	3.5827	22.794
3.1115	0.001	0.096556	0.03	0.5	1	0.5	3.5324	10
3.8245	0.001	0.27832	0.01	0.89062	1.064	0.41795	6.9494	18.687
5.6878	0.0026941	0.2225	0.018757	0.99643	0.98564	0.33294	7.086	20.143
5	0.0026192	0.15745	0.020756	0.5	0.72687	0.5	4.6667	14.065
2.4028	0.001	0.095236	0.02	0.82727	0.8	0.89912	3.5	20
2.3668	0.001	0.074262	0.013914	0.66236	0.96875	0.034042	3.9016	17.598
2.8136	0.001	0.1211	0.020046	0.45833	1.5	0.3	3.5	131.25
2.5808	0.001	0.1	0.01	1	1.0544	0.3	2.5	15
5.1033	0.001	0.25054	0.020037	0.76242	1.4169	-0.92702	3.4958	15.015
1.1667	0.001593	0.16178	0.016566	0.7379	0.97434	0.43023	3.8761	11.626
1.8569	0.001	0.31944	0.021481	0.54237	1.5817	0.5223	6.1614	13.49
2.2903	0.001	0.29311	0.031381	0.77844	1.6911	0.30538	6.529	85.525
2.2552	0.001	0.22155	0.028685	0.60739	1.4343	0.17431	4.0933	11.526
1.5253	0.00248	0.2	0.02	0.82139	1.3333	0.22312	3.1978	15
1.592	0.001	0.30788	0.016911	0.80424	1.473	0.042792	3.6712	13.999
3	0.001	0.1	0.017931	1	1.3333	0.19813	3.5465	15
2.8307	0.001	0.19971	0.026527	0.9585	1.0868	0.24356	2.8362	15.695
0.1	0.011333	0.16667	0.023333	0.87246	1	0.3	2.5	15
2.4807	0.001	0.17848	0.01	0.99999	1	0.1488	2.5	15
2.5198	0.001	0.12205	0.020693	0.25	1.0471	0.53354	2.9649	15.377
6.4629	0.001	0.29082	0.023737	0.85417	1.1667	0.28506	3.9127	66.541
2.3514	0.001	0.1	0.02	0.80911	1	0.3	3.5	9.9999
2.1991	0.001	0.22326	0.01772	0.78218	1.0051	0.26989	3.4338	12.389
3.0873	0.001	0.2	0.03	0.98006	1	0.3	4.6667	30.894
1.8537	0.001	0.19416	0.01	0.52925	1.5091	0.069023	5.0639	34.071
5	0.001	0.19719	0.02	1	1.2655	-0.95484	5	11.059
3.0711	0.001	0.22051	0.01899	0.86356	1.3229	0.6	3.3333	7.8058
3.0374	0.0048871	0.19737	0.019619	1.1499	1.0187	0.091873	3.3669	15.15
2.7593	0.001	0.20193	0.022106	1.0876	1.0166	-0.011376	2.5781	21.052
3	0.001	0.1	0.021024	1.0556	1	0.26534	2.5	15
5.867	0.001	0.35814	0.017635	1.4421	1.1248	0.35184	2.2942	10.644
10	0.001	0.26715	0.01	1.1138	1.5	0.55556	2.7778	15
6.3951	0.001	0.19874	0.019845	0.9995	1.2844	0.37219	2.5749	14.658
9.9999	0.001	0.10346	0.020346	0.98486	1.4784	0.31125	2.4697	14.862
7.9385	0.0043333	0	0.01878	1.0202	1.1638	0.3	2.5	15
5.633	0.001	0.02499	0.023781	1.015	1.5	0.11111	3.3333	8.0643
7.1338	0.001	0.10003	0.01	1.1652	2.036	0.30035	3.497	9.9932
7.3744	0.001	0.17984	0.042818	1.7083	1.3333	0.66667	2.5	240
7.4304	0.001	0.1	0.04	2	1	0.5	2.2518	15
5.9588	0.001	0.1286	0.02	1.5245	1	0.6	2.5	15
6.8402	0.001	0.12442	0.019898	2.3025	1.0318	0.39846	2.5042	14.981
7.7806	0.0041975	0.2	0.03	1.9659	1.1374	0.2	2.5	15
8.266	0.001	0.20094	0.01	1.9888	1.0081	0.33208	2.5142	29.935
6.9985	0.0057099	0.18524	0.029954	1.9907	1.3815	0.59942	2.4993	11.4
7.8461	0.001	0.25467	0.01522	2.1779	0.99999	0.66669	2.5	13.518
8.1016	0.001	0.10376	0.01	1.1291	1.9769	-0.00084798	3.4525	10.076
8.4851	0.001	0.18892	0.028476	1.6942	1.1483	0.18507	2.5935	13.221
7.9891	0.001	0.20994	0.023259	1.0013	2.1521	0.0013852	3.4938	20.022
9.0002	0.001	0.098159	0.024383	1.737	1.0001	4.0482e-05	2.5001	22.791
10	0.001	0.16521	0.01	1.4378	1.3635	0.020852	3.3789	570.81
7.4634	0.001	0.16917	0.01	1.1893	1.5042	0.30148	2.5979	15.007
10	0.001	0.2286	0.02	2	1.2521	0.5	2.5	20
9.9999	0.001	0.05	0.015	1	1.5	0.66667	2.5	10
10	0.0015794	0.1499	0.02	0.99969	1.5004	0.50026	2.4994	14.997
8.1288	0.001	0.2236	0.02404	0.98993	1.5674	0.43215	2.5888	15.667
10	0.001	0.16013	0.02	1.1383	1	0.3	3.5	15
6.8083	0.001	0.21111	0.01	1.1027	1.4598	0.66667	3.8055	15
8	0.001	0.2	0.02	1	1.2519	0.3	4.6667	15
4.7821	0.001	0.14473	0.01	1.0178	1.1463	0.18134	2.5549	11.85
6.4137	0.0010677	0.061374	0.01812	0.91776	1.1777	0.33891	3.0699	11.389
2.8972	0.001	0.020333	0.036844	1.0017	1.1711	0.41121	2.7994	13.631
6.4506	0.001	0.022715	0.01	0.89441	1.2242	0.029514	2.7183	15.998
6.9657	0.001	0.15454	0.02183	1.001	1.2921	0.5702	4.0892	17.251
8.7158	0.001	0.11784	0.03002	1.017	1.4113	0.73366	2.8047	18.884
2.0231	0.0039488	0	0.01	0.99458	1.0066	0.29814	2.5009	15.007
9.9999	0.001	0.23141	0.015299	1.0416	0.97013	0.61941	3.6159	30.239
7	0.001	0.1	0.01	1	0.84113	0.3	2.5	15
5.8335	0.001	0.049476	0.018188	0.74161	1.1835	0.35956	3.4264	17.362
8.5508	0.001	0.13929	0.030018	0.98523	1.217	0.42318	3.4398	14.786
7.3246	0.001	0.20013	0.01	0.99989	0.99981	0.29978	3.1762	14.997
7.5428	0.001	0.2	0.024374	1	1	0.3	3.5	15
3.55	0.0014445	0.085974	0.01	0.85225	0.8	0.3	2.5	9.6803
8.4711	0.001	0.14386	0.023309	1	1.106	0.55556	3.3245	6.9101
4.2377	0.001	0.1	0.02	0.76822	1.1111	0.47301	3.5	15
6.4429	0.001	0.14071	0.01762	0.99716	0.79592	0.30171	2.4981	19.964
7.5118	0.004735	0.10663	0.019337	1.029	0.96687	0.27847	3.7772	14.735
9.9998	0.001442	0.23207	0.019946	1.1213	0.99728	0.59823	3.5384	14.978
10	0.001	0.060385	0.02	1	1.1303	0.6	3.5	19.946
7.15	0.001	0.10191	0.01	1.0843	0.99043	5.9352e-06	3.676	30.077
2.5167	0.001	0	0.012757	0.87499	0.86247	0.3	2.6256	15
1.2408	0.010758	0.20511	0.019444	0.52107	0.83793	0.27261	3.2545	8.7197
1.9742	0.01	0.2	0.02	0.5	0.73492	0.5	2.5	10
3	0.01	0.31881	0.03	0.48611	1.5	1	3.3333	15
3.1346	0.0098597	0.25695	0.01	0.93962	0.93099	0.81843	3.1763	264.73
3.1185	0.001	0.35004	0.02271	0.9273	0.97157	0.35388	2.4722	15.663
2.8931	0.0021766	0.25119	0.022685	0.91312	0.962	0.37593	2.5701	15.222
1.7199	0.0014166	0.2	0.018333	0.5	1	0.3	4.6667	10
4.246	0.001	0.32746	0.035735	0.80827	0.80502	0.39082	3.0244	12.716
3	0.001	0.43887	0.016299	1	1.1003	0.3	2.5	15
2.9986	0.0020015	0.20029	0.019385	0.80369	0.84842	0.27599	2.6133	15.006
3	0.001	0.2	0.02	1.0325	1	0	2.5	4.7628
2.9985	0.001	0.17136	0.01665	0.49962	1.6348	0.30049	2.4993	8.7238
2.628	0.0058333	0.2052	0.02	1	1.1913	0.081845	3.5	15
5.6351	0.0052407	0.3	0.018205	1.0487	1.0371	0.29998	2.5001	15
2.8389	0.001	0.25	0.03	1	1.1111	0.3	2.8333	15
3.5252	0.001	0.17264	0.020238	0.98896	1.135	0.27417	3.5052	18.578
1.55	0.005	0.1	0.02	0.472	1.4795	-0.1973	4.0161	30
1.7923	0.001	0.11242	0.02266	0.5	1.5	0.22587	4.6666	15
1.9579	0.001	0.23309	0.02	0.5	1.659	-0.56786	4.6667	20
2.7264	0.001	0.073498	0.01	1	1	0.3	2.5	15
2.7285	0.001	0.13767	0.01	0.75	1.1366	0.925	2.8327	9.9722
3	0.001	0.2	0.035459	0.35188	2	1.1251	3.3333	15
5	0.001	0.098099	0.02	1	1	0.6	2.5	15
4.1355	0.001	0.2	0.025741	1	0.99999	0.4	3.3333	15
3.55	0.001	0.2	0.02	1	1	0.3	2.5	15
4.5909	0.001	0.30553	0.0176	0.88015	1.8664	0.01228	3.0763	15.905
2.55	0.0058333	0.2	0.02	1	1.5	0.66667	3.5	15
2.4714	0.001	0.12043	0.01	0.25	2.2824	-0.42857	4	21.857
3.6874	0.0023333	0.2	0.01	1	1.509	0.051495	2.5	15
3	0.0085885	0.2	0.02	0.5	2.0451	0.13067	3.3333	15
3	0.001	0.09451	0.02	0.8595	1	0.3	2.8173	15
3.5537	0.001	0.086381	0.01	0.90882	1	0.3	3.3333	40
3.2798	0.001	0.18612	0.019917	0.93357	1.0497	0.29784	2.8292	14.311
4.6732	0.0011975	0.13914	0.01	0.96498	1.4406	0.90478	3.5608	85.591
7	0.001	0.2	0.015	0.96704	1.407	0.3	3.5	9.372
4.8345	0.001	0.12282	0.025604	0.82405	1.2897	0.11659	3.007	17.318
1.9783	0.001	0.21111	0.01	0.53215	1.6667	0.11111	3.5	20.536
4.2366	0.001	0.10612	0.020023	0.86454	1.0023	0.30038	2.4959	15.019
5.2747	0.001	0.095217	0.020478	1.0209	1.141	0.5845	2.5419	15.191
4.2228	0.001	0.1528	0.01	1.0001	1.2826	0.3006	2.5016	7.7876
5.1655	0.001	0.16432	0.023339	0.99137	1.3762	0.37767	2.7092	14.66
6.1558	0.001	0.19596	0.01662	1	1.0509	0.3	2.5	15
3.9369	0.001	0.10585	0.030665	0.60306	2.0933	0.39461	3.9262	15
3.3112	0.0041542	0.11275	0.026245	0.80462	1.1596	0.23174	2.3199	28.724
3.2864	0.001	0.21111	0.025473	0.99506	1.2315	0.28194	2.4514	19.708
0.93716	0.001	0.091279	0.022993	0.81507	1.2323	0.83531	2.2165	11.353
3.4165	0.001	0.12982	0.023333	1	1	0.43333	2.5	12.65
7.1889	0.001	0.2	0.021814	0.98497	1	0.3	2.5	20
7.7186	0.001	0.2118	0.01	1.0147	1.265	-0.2599	2.8363	14.916
3.5	0.0014449	0.1001	0.01	0.86501	1.0005	0.14645	2.5869	15.003
