10000	1	0.023167	0.021667	1	1	0.34167	0.725	0.4375	2.1573	20.483	0.725	0.4375	2.1573	20.483	0.725	0.4375	2.1573	20.483	0.725	0.4375	2.1573	20.483	0	0.31048	0.18736	0.92385	8.7719	0.31048	0.18736	0.92385	8.7719	0.31048	0.18736	0.92385	8.7719	0.31048	0.18736	0.92385	8.7719	0	0.2	0.2	0.2	0.2	0.2	0.2	0.2	0.2	0.2	0.2	0.2	0.2	0.2	0.2	0.2	0.2	0.2
10000	4.8049	0.021431	0.028494	1	1	0.46968	0.93894	0.45121	2.4722	26.631	0.93894	0.45121	2.4722	26.631	0.93894	0.45121	2.4722	26.631	0.93894	0.45121	2.4722	26.631	0	0.23473	0.1128	0.61806	6.6578	0.23473	0.1128	0.61806	6.6578	0.23473	0.1128	0.61806	6.6578	0.23473	0.1128	0.61806	6.6578	0	0.23466	0.23466	0.23466	0.23466	0.23466	0.23466	0.23466	0.23466	0.23466	0.23466	0.23466	0.23466	0.23466	0.23466	0.23466	0.23466	0.23466
10000	7	0.019824	0.031375	1	1	0.11775	0.8	1.4204	2.9249	15	0.8	1.4204	2.9249	15	0.8	1.4204	2.9249	15	0.8	1.4204	2.9249	15	0	0.6	1.0653	2.1937	11.25	0.6	1.0653	2.1937	11.25	0.6	1.0653	2.1937	11.25	0.6	1.0653	2.1937	11.25	0	0.23806	0.23806	0.23806	0.23806	0.23806	0.23806	0.23806	0.23806	0.23806	0.23806	0.23806	0.23806	0.23806	0.23806	0.23806	0.23806	0.23806
10000	7.6677	0.02	0.02	1	1	-0.75537	1	1.7464	3.3333	30	1	1.7464	3.3333	30	1	1.7464	3.3333	30	1	1.7464	3.3333	30	0	0.64273	1.1224	2.1424	19.282	0.64273	1.1224	2.1424	19.282	0.64273	1.1224	2.1424	19.282	0.64273	1.1224	2.1424	19.282	0	0.31868	0.31868	0.31868	0.31868	0.31868	0.31868	0.31868	0.31868	0.31868	0.31868	0.31868	0.31868	0.31868	0.31868	0.31868	0.31868	0.31868
10000	7.6798	0.010014	0.019984	1	1	-0.27048	0.51522	0.29949	2.4986	19.994	0.51522	0.29949	2.4986	19.994	0.51522	0.29949	2.4986	19.994	0.51522	0.29949	2.4986	19.994	0	0.12881	0.074873	0.62466	4.9984	0.12881	0.074873	0.62466	4.9984	0.12881	0.074873	0.62466	4.9984	0.12881	0.074873	0.62466	4.9984	0	0.20031	0.20031	0.20031	0.20031	0.20031	0.20031	0.20031	0.20031	0.20031	0.20031	0.20031	0.20031	0.20031	0.20031	0.20031	0.20031	0.20031
10000	4.3333	0.005	0.02	1	1	0.8	1	2.2527	3.5	17.522	1	2.2527	3.5	17.522	1	2.2527	3.5	17.522	1	2.2527	3.5	17.522	0	0.5	1.1263	1.75	8.7612	0.5	1.1263	1.75	8.7612	0.5	1.1263	1.75	8.7612	0.5	1.1263	1.75	8.7612	0	0.16667	0.16667	0.16667	0.16667	0.16667	0.16667	0.16667	0.16667	0.16667	0.16667	0.16667	0.16667	0.16667	0.16667	0.16667	0.16667	0.16667
10000	7.1722	0.0076278	0.039692	1	1	0.72307	0.79722	1.1767	2.3605	30.049	0.79722	1.1767	2.3605	30.049	0.79722	1.1767	2.3605	30.049	0.79722	1.1767	2.3605	30.049	0	0.74798	1.1041	2.2147	28.193	0.74798	1.1041	2.2147	28.193	0.74798	1.1041	2.2147	28.193	0.74798	1.1041	2.2147	28.193	0	0.16728	0.16728	0.16728	0.16728	0.16728	0.16728	0.16728	0.16728	0.16728	0.16728	0.16728	0.16728	0.16728	0.16728	0.16728	0.16728	0.16728
10000	5.661	0.006501	0.020482	1	1	0.79957	0.51829	1.1616	2.8116	15.004	0.51829	1.1616	2.8116	15.004	0.51829	1.1616	2.8116	15.004	0.51829	1.1616	2.8116	15.004	0	0.25902	0.58052	1.4051	7.4983	0.25902	0.58052	1.4051	7.4983	0.25902	0.58052	1.4051	7.4983	0.25902	0.58052	1.4051	7.4983	0	0.20003	0.20003	0.20003	0.20003	0.20003	0.20003	0.20003	0.20003	0.20003	0.20003	0.20003	0.20003	0.20003	0.20003	0.20003	0.20003	0.20003
10000	5.2607	0.018308	0.01977	1	1	0.75165	0.73741	1.1367	3.3474	23.398	0.73741	1.1367	3.3474	23.398	0.73741	1.1367	3.3474	23.398	0.73741	1.1367	3.3474	23.398	0	0.68521	1.0563	3.1105	21.741	0.68521	1.0563	3.1105	21.741	0.68521	1.0563	3.1105	21.741	0.68521	1.0563	3.1105	21.741	0	0.28559	0.28559	0.28559	0.28559	0.28559	0.28559	0.28559	0.28559	0.28559	0.28559	0.28559	0.28559	0.28559	0.28559	0.28559	0.28559	0.28559
10000	7.0112	0.0050255	0.019936	1	1	0.80287	1.0032	2.3662	3.8485	15.026	1.0032	2.3662	3.8485	15.026	1.0032	2.3662	3.8485	15.026	1.0032	2.3662	3.8485	15.026	0	0.50319	1.1869	1.9304	7.5367	0.50319	1.1869	1.9304	7.5367	0.50319	1.1869	1.9304	7.5367	0.50319	1.1869	1.9304	7.5367	0	0.18	0.18	0.18	0.18	0.18	0.18	0.18	0.18	0.18	0.18	0.18	0.18	0.18	0.18	0.18	0.18	0.18
10000	7	0.01	0.02	1	1	0.8	0.42718	0.6	2.5	15	0.42718	0.6	2.5	15	0.42718	0.6	2.5	15	0.42718	0.6	2.5	15	0	0.42718	0.6	2.5	15	0.42718	0.6	2.5	15	0.42718	0.6	2.5	15	0.42718	0.6	2.5	15	0	0.2	0.2	0.2	0.2	0.2	0.2	0.2	0.2	0.2	0.2	0.2	0.2	0.2	0.2	0.2	0.2	0.2
10000	9.9999	0.005	0.02	1	1	0.8	0.56776	0.32503	2.5	15	0.56776	0.32503	2.5	15	0.56776	0.32503	2.5	15	0.56776	0.32503	2.5	15	0	0.56776	0.32503	2.5	15	0.56776	0.32503	2.5	15	0.56776	0.32503	2.5	15	0.56776	0.32503	2.5	15	0	0.2	0.2	0.2	0.2	0.2	0.2	0.2	0.2	0.2	0.2	0.2	0.2	0.2	0.2	0.2	0.2	0.2
10000	2.3428	0.0098371	0.020556	1	1	0.97213	0.775	0.45324	2.8302	15.222	0.775	0.45324	2.8302	15.222	0.775	0.45324	2.8302	15.222	0.775	0.45324	2.8302	15.222	0	0.39826	0.23292	1.4544	7.8225	0.39826	0.23292	1.4544	7.8225	0.39826	0.23292	1.4544	7.8225	0.39826	0.23292	1.4544	7.8225	0	0.17593	0.17593	0.17593	0.17593	0.17593	0.17593	0.17593	0.17593	0.17593	0.17593	0.17593	0.17593	0.17593	0.17593	0.17593	0.17593	0.17593
10000	5.7298	0.010526	0.017644	1	1	0.80242	0.97409	0.46975	2.5511	14.766	0.97409	0.46975	2.5511	14.766	0.97409	0.46975	2.5511	14.766	0.97409	0.46975	2.5511	14.766	0	0.97097	0.46824	2.5429	14.719	0.97097	0.46824	2.5429	14.719	0.97097	0.46824	2.5429	14.719	0.97097	0.46824	2.5429	14.719	0	0.21168	0.21168	0.21168	0.21168	0.21168	0.21168	0.21168	0.21168	0.21168	0.21168	0.21168	0.21168	0.21168	0.21168	0.21168	0.21168	0.21168
10000	5.3807	0.0020841	0.031959	1	1	0.92151	0.73477	0.58164	2.949	16.758	0.73477	0.58164	2.949	16.758	0.73477	0.58164	2.949	16.758	0.73477	0.58164	2.949	16.758	0	0.18369	0.14541	0.73724	4.1895	0.18369	0.14541	0.73724	4.1895	0.18369	0.14541	0.73724	4.1895	0.18369	0.14541	0.73724	4.1895	0	0.16672	0.16672	0.16672	0.16672	0.16672	0.16672	0.16672	0.16672	0.16672	0.16672	0.16672	0.16672	0.16672	0.16672	0.16672	0.16672	0.16672
10000	6.5178	0.001	0.02	1	1	1.0719	1.0016	0.35856	2.9907	10.834	1.0016	0.35856	2.9907	10.834	1.0016	0.35856	2.9907	10.834	1.0016	0.35856	2.9907	10.834	0	0.64917	0.2324	1.9384	7.0218	0.64917	0.2324	1.9384	7.0218	0.64917	0.2324	1.9384	7.0218	0.64917	0.2324	1.9384	7.0218	0	0.15337	0.15337	0.15337	0.15337	0.15337	0.15337	0.15337	0.15337	0.15337	0.15337	0.15337	0.15337	0.15337	0.15337	0.15337	0.15337	0.15337
10000	7	0.001	0.02	1	1	0.8	0.8	0.3	2.5	15	0.8	0.3	2.5	15	0.8	0.3	2.5	15	0.8	0.3	2.5	15	0	0.8	0.3	2.5	15	0.8	0.3	2.5	15	0.8	0.3	2.5	15	0.8	0.3	2.5	15	0	0.2	0.2	0.2	0.2	0.2	0.2	0.2	0.2	0.2	0.2	0.2	0.2	0.2	0.2	0.2	0.2	0.2
10000	7.4584	0.0040065	0.01	1	1	1.1356	0.89301	0.70053	3.1888	118.09	0.89301	0.70053	3.1888	118.09	0.89301	0.70053	3.1888	118.09	0.89301	0.70053	3.1888	118.09	0	0.79479	0.62348	2.8381	105.1	0.79479	0.62348	2.8381	105.1	0.79479	0.62348	2.8381	105.1	0.79479	0.62348	2.8381	105.1	0	0.24378	0.24378	0.24378	0.24378	0.24378	0.24378	0.24378	0.24378	0.24378	0.24378	0.24378	0.24378	0.24378	0.24378	0.24378	0.24378	0.24378
10000	7.348	0.01	0.028889	1	1	1.1122	1.0598	0.3	2.9565	19.986	1.0598	0.3	2.9565	19.986	1.0598	0.3	2.9565	19.986	1.0598	0.3	2.9565	19.986	0	1.0598	0.3	2.9565	19.986	1.0598	0.3	2.9565	19.986	1.0598	0.3	2.9565	19.986	1.0598	0.3	2.9565	19.986	0	0.18889	0.18889	0.18889	0.18889	0.18889	0.18889	0.18889	0.18889	0.18889	0.18889	0.18889	0.18889	0.18889	0.18889	0.18889	0.18889	0.18889
10000	6.8333	0.0070259	0.01	1	1	0.88254	1.1271	0.33333	2.625	15	1.1271	0.33333	2.625	15	1.1271	0.33333	2.625	15	1.1271	0.33333	2.625	15	0	0.81728	0.2417	1.9034	10.877	0.81728	0.2417	1.9034	10.877	0.81728	0.2417	1.9034	10.877	0.81728	0.2417	1.9034	10.877	0	0.13889	0.13889	0.13889	0.13889	0.13889	0.13889	0.13889	0.13889	0.13889	0.13889	0.13889	0.13889	0.13889	0.13889	0.13889	0.13889	0.13889
10000	5.9986	0.0034342	0.01	1	1	0.80084	1.0009	0.30061	2.4984	15.007	1.0009	0.30061	2.4984	15.007	1.0009	0.30061	2.4984	15.007	1.0009	0.30061	2.4984	15.007	0	1.0806	0.32453	2.6972	16.202	1.0806	0.32453	2.6972	16.202	1.0806	0.32453	2.6972	16.202	1.0806	0.32453	2.6972	16.202	0	0.1507	0.1507	0.1507	0.1507	0.1507	0.1507	0.1507	0.1507	0.1507	0.1507	0.1507	0.1507	0.1507	0.1507	0.1507	0.1507	0.1507
10000	7.4228	0.015409	0.018733	1	1	1.2554	1.076	0.57606	3.2696	15.966	1.076	0.57606	3.2696	15.966	1.076	0.57606	3.2696	15.966	1.076	0.57606	3.2696	15.966	0	0.7491	0.40104	2.2762	11.115	0.7491	0.40104	2.2762	11.115	0.7491	0.40104	2.2762	11.115	0.7491	0.40104	2.2762	11.115	0	0.071625	0.071625	0.071625	0.071625	0.071625	0.071625	0.071625	0.071625	0.071625	0.071625	0.071625	0.071625	0.071625	0.071625	0.071625	0.071625	0.071625
10000	5	0.0070112	0.023333	1	1	1.0667	1	0.6	3.3333	15	1	0.6	3.3333	15	1	0.6	3.3333	15	1	0.6	3.3333	15	0	1	0.6	3.3333	15	1	0.6	3.3333	15	1	0.6	3.3333	15	1	0.6	3.3333	15	0	0.14481	0.14481	0.14481	0.14481	0.14481	0.14481	0.14481	0.14481	0.14481	0.14481	0.14481	0.14481	0.14481	0.14481	0.14481	0.14481	0.14481
10000	7	0.01	0.016651	1	1	1.1888	1	0.3	3.3334	15	1	0.3	3.3334	15	1	0.3	3.3334	15	1	0.3	3.3334	15	0	0.72375	0.21713	2.4125	10.856	0.72375	0.21713	2.4125	10.856	0.72375	0.21713	2.4125	10.856	0.72375	0.21713	2.4125	10.856	0	0.14132	0.14132	0.14132	0.14132	0.14132	0.14132	0.14132	0.14132	0.14132	0.14132	0.14132	0.14132	0.14132	0.14132	0.14132	0.14132	0.14132
10000	7.2935	0.009028	0.01	1	1	1.0304	0.7234	0.62222	2.9389	15.09	0.7234	0.62222	2.9389	15.09	0.7234	0.62222	2.9389	15.09	0.7234	0.62222	2.9389	15.09	0	0.69513	0.5979	2.8241	14.5	0.69513	0.5979	2.8241	14.5	0.69513	0.5979	2.8241	14.5	0.69513	0.5979	2.8241	14.5	0	0.10944	0.10944	0.10944	0.10944	0.10944	0.10944	0.10944	0.10944	0.10944	0.10944	0.10944	0.10944	0.10944	0.10944	0.10944	0.10944	0.10944
10000	6.9971	0.016332	0.017783	1	1	0.79926	0.94638	0.29963	6.6696	17.402	0.94638	0.29963	6.6696	17.402	0.94638	0.29963	6.6696	17.402	0.94638	0.29963	6.6696	17.402	0	0.9457	0.29941	6.6648	17.389	0.9457	0.29941	6.6648	17.389	0.9457	0.29941	6.6648	17.389	0.9457	0.29941	6.6648	17.389	0	0.20351	0.20351	0.20351	0.20351	0.20351	0.20351	0.20351	0.20351	0.20351	0.20351	0.20351	0.20351	0.20351	0.20351	0.20351	0.20351	0.20351
10000	5	0.01	0.02	1	1	0.8	0.52935	0.57213	2.8806	15	0.52935	0.57213	2.8806	15	0.52935	0.57213	2.8806	15	0.52935	0.57213	2.8806	15	0	0.52935	0.57213	2.8806	15	0.52935	0.57213	2.8806	15	0.52935	0.57213	2.8806	15	0.52935	0.57213	2.8806	15	0	0.1	0.1	0.1	0.1	0.1	0.1	0.1	0.1	0.1	0.1	0.1	0.1	0.1	0.1	0.1	0.1	0.1
10000	6.282	0.01	0.02	1	1	0.69424	0.58735	0.3	3.4786	20	0.58735	0.3	3.4786	20	0.58735	0.3	3.4786	20	0.58735	0.3	3.4786	20	0	0.5435	0.2776	3.2189	18.507	0.5435	0.2776	3.2189	18.507	0.5435	0.2776	3.2189	18.507	0.5435	0.2776	3.2189	18.507	0	0.2	0.2	0.2	0.2	0.2	0.2	0.2	0.2	0.2	0.2	0.2	0.2	0.2	0.2	0.2	0.2	0.2
10000	7	0.01136	0.02	1	1	0.69234	0.68883	0.44168	3.9633	180	0.68883	0.44168	3.9633	180	0.68883	0.44168	3.9633	180	0.68883	0.44168	3.9633	180	0	0.68883	0.44168	3.9633	180	0.68883	0.44168	3.9633	180	0.68883	0.44168	3.9633	180	0.68883	0.44168	3.9633	180	0	0.2	0.2	0.2	0.2	0.2	0.2	0.2	0.2	0.2	0.2	0.2	0.2	0.2	0.2	0.2	0.2	0.2
10000	7.478	0.009625	0.019583	1	1	0.78125	0.83254	0.28646	2.614	12.143	0.83254	0.28646	2.614	12.143	0.83254	0.28646	2.614	12.143	0.83254	0.28646	2.614	12.143	0	0.84771	0.29168	2.6616	12.365	0.84771	0.29168	2.6616	12.365	0.84771	0.29168	2.6616	12.365	0.84771	0.29168	2.6616	12.365	0	0.15813	0.15813	0.15813	0.15813	0.15813	0.15813	0.15813	0.15813	0.15813	0.15813	0.15813	0.15813	0.15813	0.15813	0.15813	0.15813	0.15813
10000	10	0.005	0.019332	1	1	0.8	0.46252	0.5	3.3334	15	0.46252	0.5	3.3334	15	0.46252	0.5	3.3334	15	0.46252	0.5	3.3334	15	0	0.39292	0.42476	2.8317	12.743	0.39292	0.42476	2.8317	12.743	0.39292	0.42476	2.8317	12.743	0.39292	0.42476	2.8317	12.743	0	0.19192	0.19192	0.19192	0.19192	0.19192	0.19192	0.19192	0.19192	0.19192	0.19192	0.19192	0.19192	0.19192	0.19192	0.19192	0.19192	0.19192
10000	5.4613	0.01	0.02	1	1	0.62524	0.8	0.53333	3.3333	30	0.8	0.53333	3.3333	30	0.8	0.53333	3.3333	30	0.8	0.53333	3.3333	30	0	0.57895	0.38597	2.4123	21.711	0.57895	0.38597	2.4123	21.711	0.57895	0.38597	2.4123	21.711	0.57895	0.38597	2.4123	21.711	0	0.2	0.2	0.2	0.2	0.2	0.2	0.2	0.2	0.2	0.2	0.2	0.2	0.2	0.2	0.2	0.2	0.2
10000	5	0.005	0.01	1	1	0.8	0.8	0.5	2.5	15	0.8	0.5	2.5	15	0.8	0.5	2.5	15	0.8	0.5	2.5	15	0	0.8	0.5	2.5	15	0.8	0.5	2.5	15	0.8	0.5	2.5	15	0.8	0.5	2.5	15	0	0.2	0.2	0.2	0.2	0.2	0.2	0.2	0.2	0.2	0.2	0.2	0.2	0.2	0.2	0.2	0.2	0.2
10000	8.6269	0.0048657	0.02233	1	1	0.81544	0.91468	1.0936	3.3334	19.445	0.91468	1.0936	3.3334	19.445	0.91468	1.0936	3.3334	19.445	0.91468	1.0936	3.3334	19.445	0	0.76493	0.91458	2.7876	16.261	0.76493	0.91458	2.7876	16.261	0.76493	0.91458	2.7876	16.261	0.76493	0.91458	2.7876	16.261	0	0.19597	0.19597	0.19597	0.19597	0.19597	0.19597	0.19597	0.19597	0.19597	0.19597	0.19597	0.19597	0.19597	0.19597	0.19597	0.19597	0.19597
10000	5	0.01	0.029033	1	1	0.8	0.77965	0.7182	2.5	9.3241	0.77965	0.7182	2.5	9.3241	0.77965	0.7182	2.5	9.3241	0.77965	0.7182	2.5	9.3241	0	0.77966	0.71821	2.5	9.3241	0.77966	0.71821	2.5	9.3241	0.77966	0.71821	2.5	9.3241	0.77966	0.71821	2.5	9.3241	0	0.2	0.2	0.2	0.2	0.2	0.2	0.2	0.2	0.2	0.2	0.2	0.2	0.2	0.2	0.2	0.2	0.2
10000	4.8125	0.001	0.024104	1	1	0.99288	0.52346	0.39581	2.2421	9.1893	0.52346	0.39581	2.2421	9.1893	0.52346	0.39581	2.2421	9.1893	0.52346	0.39581	2.2421	9.1893	0	0.54971	0.41566	2.3545	9.6503	0.54971	0.41566	2.3545	9.6503	0.54971	0.41566	2.3545	9.6503	0.54971	0.41566	2.3545	9.6503	0	0.15453	0.15453	0.15453	0.15453	0.15453	0.15453	0.15453	0.15453	0.15453	0.15453	0.15453	0.15453	0.15453	0.15453	0.15453	0.15453	0.15453
10000	4.5627	0.001	0.01	1	1	0.72798	0.79347	0.44215	2.3865	31.521	0.79347	0.44215	2.3865	31.521	0.79347	0.44215	2.3865	31.521	0.79347	0.44215	2.3865	31.521	0	0.66148	0.36859	1.9895	26.278	0.66148	0.36859	1.9895	26.278	0.66148	0.36859	1.9895	26.278	0.66148	0.36859	1.9895	26.278	0	0.2435	0.2435	0.2435	0.2435	0.2435	0.2435	0.2435	0.2435	0.2435	0.2435	0.2435	0.2435	0.2435	0.2435	0.2435	0.2435	0.2435
10000	3	0.001	0.01	1	1	0.8	0.44563	0.6	5	15	0.44563	0.6	5	15	0.44563	0.6	5	15	0.44563	0.6	5	15	0	0.44563	0.6	5	15	0.44563	0.6	5	15	0.44563	0.6	5	15	0.44563	0.6	5	15	0	0.28888	0.28888	0.28888	0.28888	0.28888	0.28888	0.28888	0.28888	0.28888	0.28888	0.28888	0.28888	0.28888	0.28888	0.28888	0.28888	0.28888
10000	4.515	0.0070469	0.023327	1	1	0.82155	0.65034	0.30554	3.3577	14.931	0.65034	0.30554	3.3577	14.931	0.65034	0.30554	3.3577	14.931	0.65034	0.30554	3.3577	14.931	0	0.63679	0.29917	3.2877	14.62	0.63679	0.29917	3.2877	14.62	0.63679	0.29917	3.2877	14.62	0.63679	0.29917	3.2877	14.62	0	0.20388	0.20388	0.20388	0.20388	0.20388	0.20388	0.20388	0.20388	0.20388	0.20388	0.20388	0.20388	0.20388	0.20388	0.20388	0.20388	0.20388
10000	3	0.001	0.03	1	1	0.8588	0.6186	0.3	2.5	26.667	0.6186	0.3	2.5	26.667	0.6186	0.3	2.5	26.667	0.6186	0.3	2.5	26.667	0	0.6186	0.3	2.5	26.667	0.6186	0.3	2.5	26.667	0.6186	0.3	2.5	26.667	0.6186	0.3	2.5	26.667	0	0.2486	0.2486	0.2486	0.2486	0.2486	0.2486	0.2486	0.2486	0.2486	0.2486	0.2486	0.2486	0.2486	0.2486	0.2486	0.2486	0.2486
10000	4.6568	0.01	0.020866	1	1	1	0.78928	0.6	2.7778	21.438	0.78928	0.6	2.7778	21.438	0.78928	0.6	2.7778	21.438	0.78928	0.6	2.7778	21.438	0	0.78928	0.6	2.7778	21.438	0.78928	0.6	2.7778	21.438	0.78928	0.6	2.7778	21.438	0.78928	0.6	2.7778	21.438	0	0.1	0.1	0.1	0.1	0.1	0.1	0.1	0.1	0.1	0.1	0.1	0.1	0.1	0.1	0.1	0.1	0.1
10000	4.7805	0.0039669	0.020022	1	1	0.39923	0.838	0.72295	3.4975	14.991	0.838	0.72295	3.4975	14.991	0.838	0.72295	3.4975	14.991	0.838	0.72295	3.4975	14.991	0	0.8372	0.72226	3.4942	14.977	0.8372	0.72226	3.4942	14.977	0.8372	0.72226	3.4942	14.977	0.8372	0.72226	3.4942	14.977	0	0.099879	0.099879	0.099879	0.099879	0.099879	0.099879	0.099879	0.099879	0.099879	0.099879	0.099879	0.099879	0.099879	0.099879	0.099879	0.099879	0.099879
10000	7.5648	0.001	0.04	1	1	0.66397	0.74333	0.3	2.5	30	0.74333	0.3	2.5	30	0.74333	0.3	2.5	30	0.74333	0.3	2.5	30	0	0.47802	0.19292	1.6077	19.293	0.47802	0.19292	1.6077	19.293	0.47802	0.19292	1.6077	19.293	0.47802	0.19292	1.6077	19.293	0	0.1	0.1	0.1	0.1	0.1	0.1	0.1	0.1	0.1	0.1	0.1	0.1	0.1	0.1	0.1	0.1	0.1
10000	5.2402	0.001	0.01	1	1	0.8	1	1	2.997	10	1	1	2.997	10	1	1	2.997	10	1	1	2.997	10	0	1	1	2.997	10	1	1	2.997	10	1	1	2.997	10	1	1	2.997	10	0	0.1	0.1	0.1	0.1	0.1	0.1	0.1	0.1	0.1	0.1	0.1	0.1	0.1	0.1	0.1	0.1	0.1
10000	4.444	0.001	0.019988	1	1	0.79567	0.85387	0.66968	3.4948	19.95	0.85387	0.66968	3.4948	19.95	0.85387	0.66968	3.4948	19.95	0.85387	0.66968	3.4948	19.95	0	0.85312	0.66909	3.4918	19.932	0.85312	0.66909	3.4918	19.932	0.85312	0.66909	3.4918	19.932	0.85312	0.66909	3.4918	19.932	0	0.19966	0.19966	0.19966	0.19966	0.19966	0.19966	0.19966	0.19966	0.19966	0.19966	0.19966	0.19966	0.19966	0.19966	0.19966	0.19966	0.19966
10000	3.1188	0.0044232	0.01	1	1	0.8	0.8	0.686	3.5	15	0.8	0.686	3.5	15	0.8	0.686	3.5	15	0.8	0.686	3.5	15	0	0.8	0.686	3.5	15	0.8	0.686	3.5	15	0.8	0.686	3.5	15	0.8	0.686	3.5	15	0	0.23333	0.23333	0.23333	0.23333	0.23333	0.23333	0.23333	0.23333	0.23333	0.23333	0.23333	0.23333	0.23333	0.23333	0.23333	0.23333	0.23333
10000	2.9988	0.0051964	0.029239	1	1	0.76964	0.94801	0.6741	3.336	12.214	0.94801	0.6741	3.336	12.214	0.94801	0.6741	3.336	12.214	0.94801	0.6741	3.336	12.214	0	0.95967	0.68239	3.3771	12.364	0.95967	0.68239	3.3771	12.364	0.95967	0.68239	3.3771	12.364	0.95967	0.68239	3.3771	12.364	0	0.19002	0.19002	0.19002	0.19002	0.19002	0.19002	0.19002	0.19002	0.19002	0.19002	0.19002	0.19002	0.19002	0.19002	0.19002	0.19002	0.19002
10000	2.8345	0.0079861	0.017762	1	1	0.9007	0.70534	0.67273	2.7681	9.3846	0.70534	0.67273	2.7681	9.3846	0.70534	0.67273	2.7681	9.3846	0.70534	0.67273	2.7681	9.3846	0	0.90121	0.85955	3.5368	11.991	0.90121	0.85955	3.5368	11.991	0.90121	0.85955	3.5368	11.991	0.90121	0.85955	3.5368	11.991	0	0.17487	0.17487	0.17487	0.17487	0.17487	0.17487	0.17487	0.17487	0.17487	0.17487	0.17487	0.17487	0.17487	0.17487	0.17487	0.17487	0.17487
10000	2.9161	0.001	0.024497	1	1	0.6708	0.67506	0.41738	2.6032	9.202	0.67506	0.41738	2.6032	9.202	0.67506	0.41738	2.6032	9.202	0.67506	0.41738	2.6032	9.202	0	0.6714	0.41511	2.589	9.152	0.6714	0.41511	2.589	9.152	0.6714	0.41511	2.589	9.152	0.6714	0.41511	2.589	9.152	0	0.20668	0.20668	0.20668	0.20668	0.20668	0.20668	0.20668	0.20668	0.20668	0.20668	0.20668	0.20668	0.20668	0.20668	0.20668	0.20668	0.20668
10000	3.058	0.012666	0.01	1	1	0.78859	0.8302	0.33935	2.794	14.926	0.8302	0.33935	2.794	14.926	0.8302	0.33935	2.794	14.926	0.8302	0.33935	2.794	14.926	0	0.81194	0.33189	2.7325	14.598	0.81194	0.33189	2.7325	14.598	0.81194	0.33189	2.7325	14.598	0.81194	0.33189	2.7325	14.598	0	0.19776	0.19776	0.19776	0.19776	0.19776	0.19776	0.19776	0.19776	0.19776	0.19776	0.19776	0.19776	0.19776	0.19776	0.19776	0.19776	0.19776
10000	5.0315	0.010115	0.01	1	1	0.56894	0.84677	0.3082	3.3112	8.9327	0.84677	0.3082	3.3112	8.9327	0.84677	0.3082	3.3112	8.9327	0.84677	0.3082	3.3112	8.9327	0	0.83742	0.3048	3.2747	8.8341	0.83742	0.3048	3.2747	8.8341	0.83742	0.3048	3.2747	8.8341	0.83742	0.3048	3.2747	8.8341	0	0.099232	0.099232	0.099232	0.099232	0.099232	0.099232	0.099232	0.099232	0.099232	0.099232	0.099232	0.099232	0.099232	0.099232	0.099232	0.099232	0.099232
10000	2.8889	0.021784	0.02	1	1	0.54264	1	0.3	3.3333	15	1	0.3	3.3333	15	1	0.3	3.3333	15	1	0.3	3.3333	15	0	0.95612	0.28684	3.187	14.341	0.95612	0.28684	3.187	14.341	0.95612	0.28684	3.187	14.341	0.95612	0.28684	3.187	14.341	0	0.2	0.2	0.2	0.2	0.2	0.2	0.2	0.2	0.2	0.2	0.2	0.2	0.2	0.2	0.2	0.2	0.2
10000	6	0.01	0.016243	1	1	0.22841	1.3333	0.33333	3.5	18.333	1.3333	0.33333	3.5	18.333	1.3333	0.33333	3.5	18.333	1.3333	0.33333	3.5	18.333	0	1.2778	0.31944	3.3542	17.569	1.2778	0.31944	3.3542	17.569	1.2778	0.31944	3.3542	17.569	1.2778	0.31944	3.3542	17.569	0	0.27884	0.27884	0.27884	0.27884	0.27884	0.27884	0.27884	0.27884	0.27884	0.27884	0.27884	0.27884	0.27884	0.27884	0.27884	0.27884	0.27884
10000	4.4473	0.015152	0.01	1	1	0.59045	0.95682	0.57102	4.6148	11.874	0.95682	0.57102	4.6148	11.874	0.95682	0.57102	4.6148	11.874	0.95682	0.57102	4.6148	11.874	0	0.94581	0.56445	4.5617	11.737	0.94581	0.56445	4.5617	11.737	0.94581	0.56445	4.5617	11.737	0.94581	0.56445	4.5617	11.737	0	0.24374	0.24374	0.24374	0.24374	0.24374	0.24374	0.24374	0.24374	0.24374	0.24374	0.24374	0.24374	0.24374	0.24374	0.24374	0.24374	0.24374
10000	4.0993	0.021638	0.015743	1	1	0.34021	1.4233	0.35847	4.8426	15.72	1.4233	0.35847	4.8426	15.72	1.4233	0.35847	4.8426	15.72	1.4233	0.35847	4.8426	15.72	0	0.67683	0.17047	2.3028	7.4753	0.67683	0.17047	2.3028	7.4753	0.67683	0.17047	2.3028	7.4753	0.67683	0.17047	2.3028	7.4753	0	0.19596	0.19596	0.19596	0.19596	0.19596	0.19596	0.19596	0.19596	0.19596	0.19596	0.19596	0.19596	0.19596	0.19596	0.19596	0.19596	0.19596
10000	5.0003	0.004277	0.01	1	1	0.49571	0.99988	0.30005	3.3334	17.145	0.99988	0.30005	3.3334	17.145	0.99988	0.30005	3.3334	17.145	0.99988	0.30005	3.3334	17.145	0	1.2367	0.37111	4.1229	21.206	1.2367	0.37111	4.1229	21.206	1.2367	0.37111	4.1229	21.206	1.2367	0.37111	4.1229	21.206	0	0.21619	0.21619	0.21619	0.21619	0.21619	0.21619	0.21619	0.21619	0.21619	0.21619	0.21619	0.21619	0.21619	0.21619	0.21619	0.21619	0.21619
10000	5	0.0026627	0.0125	1	1	0.59708	0.8	0.4	2.9888	40	0.8	0.4	2.9888	40	0.8	0.4	2.9888	40	0.8	0.4	2.9888	40	0	0.81485	0.40742	3.0443	40.742	0.81485	0.40742	3.0443	40.742	0.81485	0.40742	3.0443	40.742	0.81485	0.40742	3.0443	40.742	0	0.2	0.2	0.2	0.2	0.2	0.2	0.2	0.2	0.2	0.2	0.2	0.2	0.2	0.2	0.2	0.2	0.2
10000	3.2965	0.010196	0.019837	1	1	0.77697	0.89309	0.31049	3.5865	30.009	0.89309	0.31049	3.5865	30.009	0.89309	0.31049	3.5865	30.009	0.89309	0.31049	3.5865	30.009	0	0.87946	0.30575	3.5318	29.551	0.87946	0.30575	3.5318	29.551	0.87946	0.30575	3.5318	29.551	0.87946	0.30575	3.5318	29.551	0	0.099846	0.099846	0.099846	0.099846	0.099846	0.099846	0.099846	0.099846	0.099846	0.099846	0.099846	0.099846	0.099846	0.099846	0.099846	0.099846	0.099846
10000	5.3537	0.010028	0.021419	1	1	0.61707	1.0015	0.301	3.3306	40.025	1.0015	0.301	3.3306	40.025	1.0015	0.301	3.3306	40.025	1.0015	0.301	3.3306	40.025	0	0.89322	0.26845	2.9704	35.696	0.89322	0.26845	2.9704	35.696	0.89322	0.26845	2.9704	35.696	0.89322	0.26845	2.9704	35.696	0	0.21373	0.21373	0.21373	0.21373	0.21373	0.21373	0.21373	0.21373	0.21373	0.21373	0.21373	0.21373	0.21373	0.21373	0.21373	0.21373	0.21373
10000	5.0111	0.0094189	0.019911	1	1	0.64896	0.99523	0.2971	2.4922	15.038	0.99523	0.2971	2.4922	15.038	0.99523	0.2971	2.4922	15.038	0.99523	0.2971	2.4922	15.038	0	0.99912	0.29826	2.5019	15.097	0.99912	0.29826	2.5019	15.097	0.99912	0.29826	2.5019	15.097	0.99912	0.29826	2.5019	15.097	0	0.19809	0.19809	0.19809	0.19809	0.19809	0.19809	0.19809	0.19809	0.19809	0.19809	0.19809	0.19809	0.19809	0.19809	0.19809	0.19809	0.19809
10000	5.0719	0.0052778	0.019444	1	1	0.8	1	0.3	3.5448	15	1	0.3	3.5448	15	1	0.3	3.5448	15	1	0.3	3.5448	15	0	1	0.3	3.5448	15	1	0.3	3.5448	15	1	0.3	3.5448	15	1	0.3	3.5448	15	0	0.094444	0.094444	0.094444	0.094444	0.094444	0.094444	0.094444	0.094444	0.094444	0.094444	0.094444	0.094444	0.094444	0.094444	0.094444	0.094444	0.094444
10000	7	0.01	0.02	1	1	0.8	1	0.3	3.4005	15	1	0.3	3.4005	15	1	0.3	3.4005	15	1	0.3	3.4005	15	0	1	0.3	3.4005	15	1	0.3	3.4005	15	1	0.3	3.4005	15	1	0.3	3.4005	15	0	0.1	0.1	0.1	0.1	0.1	0.1	0.1	0.1	0.1	0.1	0.1	0.1	0.1	0.1	0.1	0.1	0.1
10000	5.0001	0.010001	0.019999	1	1	0.79995	0.99998	0.30001	5	15	0.99998	0.30001	5	15	0.99998	0.30001	5	15	0.99998	0.30001	5	15	0	1	0.30002	5	15	1	0.30002	5	15	1	0.30002	5	15	1	0.30002	5	15	0	0.16669	0.16669	0.16669	0.16669	0.16669	0.16669	0.16669	0.16669	0.16669	0.16669	0.16669	0.16669	0.16669	0.16669	0.16669	0.16669	0.16669
10000	8.3393	0.0095665	0.039366	1	1	0.74578	1.0275	0.1478	4.0269	17.541	1.0275	0.1478	4.0269	17.541	1.0275	0.1478	4.0269	17.541	1.0275	0.1478	4.0269	17.541	0	0.817	0.11751	3.2018	13.947	0.817	0.11751	3.2018	13.947	0.817	0.11751	3.2018	13.947	0.817	0.11751	3.2018	13.947	0	0.12559	0.12559	0.12559	0.12559	0.12559	0.12559	0.12559	0.12559	0.12559	0.12559	0.12559	0.12559	0.12559	0.12559	0.12559	0.12559	0.12559
10000	9.9999	0.0099961	0.020015	1	1	0.79931	1.0007	0.11883	7.0017	15.006	1.0007	0.11883	7.0017	15.006	1.0007	0.11883	7.0017	15.006	1.0007	0.11883	7.0017	15.006	0	1.0002	0.11877	6.9982	14.998	1.0002	0.11877	6.9982	14.998	1.0002	0.11877	6.9982	14.998	1.0002	0.11877	6.9982	14.998	0	0.21191	0.21191	0.21191	0.21191	0.21191	0.21191	0.21191	0.21191	0.21191	0.21191	0.21191	0.21191	0.21191	0.21191	0.21191	0.21191	0.21191
10000	3.75	0.001	0.014061	1	1	1.25	1.5	0.58811	3.375	11	1.5	0.58811	3.375	11	1.5	0.58811	3.375	11	1.5	0.58811	3.375	11	0	0.84375	0.33081	1.8984	6.1875	0.84375	0.33081	1.8984	6.1875	0.84375	0.33081	1.8984	6.1875	0.84375	0.33081	1.8984	6.1875	0	0.034236	0.034236	0.034236	0.034236	0.034236	0.034236	0.034236	0.034236	0.034236	0.034236	0.034236	0.034236	0.034236	0.034236	0.034236	0.034236	0.034236
10000	7.4695	0.0051674	0.01	1	1	0.81311	0.97436	0.31667	2.9081	14.795	0.97436	0.31667	2.9081	14.795	0.97436	0.31667	2.9081	14.795	0.97436	0.31667	2.9081	14.795	0	0.99622	0.32377	2.9734	15.127	0.99622	0.32377	2.9734	15.127	0.99622	0.32377	2.9734	15.127	0.99622	0.32377	2.9734	15.127	0	0.13226	0.13226	0.13226	0.13226	0.13226	0.13226	0.13226	0.13226	0.13226	0.13226	0.13226	0.13226	0.13226	0.13226	0.13226	0.13226	0.13226
10000	7	0.013122	0.01	1	1	0.8	1.1909	0.3	3.5	9.314	1.1909	0.3	3.5	9.314	1.1909	0.3	3.5	9.314	1.1909	0.3	3.5	9.314	0	1.1909	0.3	3.5	9.314	1.1909	0.3	3.5	9.314	1.1909	0.3	3.5	9.314	1.1909	0.3	3.5	9.314	0	0.12794	0.12794	0.12794	0.12794	0.12794	0.12794	0.12794	0.12794	0.12794	0.12794	0.12794	0.12794	0.12794	0.12794	0.12794	0.12794	0.12794
10000	7	0.001	0.027714	1	1	0.77597	0.97093	0.3	3.4319	18.64	0.97093	0.3	3.4319	18.64	0.97093	0.3	3.4319	18.64	0.97093	0.3	3.4319	18.64	0	0.97092	0.3	3.4319	18.64	0.97092	0.3	3.4319	18.64	0.97092	0.3	3.4319	18.64	0.97092	0.3	3.4319	18.64	0	0.099999	0.099999	0.099999	0.099999	0.099999	0.099999	0.099999	0.099999	0.099999	0.099999	0.099999	0.099999	0.099999	0.099999	0.099999	0.099999	0.099999
10000	7	0.003	0.01	1	1	0.8	0.99999	0.3	3.3333	8.5824	0.99999	0.3	3.3333	8.5824	0.99999	0.3	3.3333	8.5824	0.99999	0.3	3.3333	8.5824	0	0.99999	0.3	3.3333	8.5824	0.99999	0.3	3.3333	8.5824	0.99999	0.3	3.3333	8.5824	0.99999	0.3	3.3333	8.5824	0	0.1	0.1	0.1	0.1	0.1	0.1	0.1	0.1	0.1	0.1	0.1	0.1	0.1	0.1	0.1	0.1	0.1
10000	5.5833	0.0079175	0.015859	1	1	0.92912	0.99421	0.26704	3.7649	15	0.99421	0.26704	3.7649	15	0.99421	0.26704	3.7649	15	0.99421	0.26704	3.7649	15	0	1.0126	0.27199	3.8347	15.278	1.0126	0.27199	3.8347	15.278	1.0126	0.27199	3.8347	15.278	1.0126	0.27199	3.8347	15.278	0	0.055485	0.055485	0.055485	0.055485	0.055485	0.055485	0.055485	0.055485	0.055485	0.055485	0.055485	0.055485	0.055485	0.055485	0.055485	0.055485	0.055485
10000	5.7306	0.001	0.01	1	1	1.6	1	0.6	3.5	662.56	1	0.6	3.5	662.56	1	0.6	3.5	662.56	1	0.6	3.5	662.56	0	1	0.6	3.5	662.56	1	0.6	3.5	662.56	1	0.6	3.5	662.56	1	0.6	3.5	662.56	0	0.034168	0.034168	0.034168	0.034168	0.034168	0.034168	0.034168	0.034168	0.034168	0.034168	0.034168	0.034168	0.034168	0.034168	0.034168	0.034168	0.034168
10000	4.5244	0.0093384	0.019265	1	1	0.96325	1.0368	0.17602	3.4173	15.294	1.0368	0.17602	3.4173	15.294	1.0368	0.17602	3.4173	15.294	1.0368	0.17602	3.4173	15.294	0	0.8762	0.14876	2.8881	12.926	0.8762	0.14876	2.8881	12.926	0.8762	0.14876	2.8881	12.926	0.8762	0.14876	2.8881	12.926	0	0.035784	0.035784	0.035784	0.035784	0.035784	0.035784	0.035784	0.035784	0.035784	0.035784	0.035784	0.035784	0.035784	0.035784	0.035784	0.035784	0.035784
10000	5.7637	0.008416	0.01997	1	1	1.4293	0.99848	0.00075795	4.2476	29.988	0.99848	0.00075795	4.2476	29.988	0.99848	0.00075795	4.2476	29.988	0.99848	0.00075795	4.2476	29.988	0	0.99716	0.00075694	4.242	29.948	0.99716	0.00075694	4.242	29.948	0.99716	0.00075694	4.242	29.948	0.99716	0.00075694	4.242	29.948	0	0.099697	0.099697	0.099697	0.099697	0.099697	0.099697	0.099697	0.099697	0.099697	0.099697	0.099697	0.099697	0.099697	0.099697	0.099697	0.099697	0.099697
10000	5	0.001	0.015977	1	1	1.6	0.8	0.3	3.3333	15	0.8	0.3	3.3333	15	0.8	0.3	3.3333	15	0.8	0.3	3.3333	15	0	0.8154	0.30578	3.3975	15.289	0.8154	0.30578	3.3975	15.289	0.8154	0.30578	3.3975	15.289	0.8154	0.30578	3.3975	15.289	0	0.1	0.1	0.1	0.1	0.1	0.1	0.1	0.1	0.1	0.1	0.1	0.1	0.1	0.1	0.1	0.1	0.1
10000	5.2468	0.001	0.02	1	1	1.1283	0.99999	0.3	2.7532	30	0.99999	0.3	2.7532	30	0.99999	0.3	2.7532	30	0.99999	0.3	2.7532	30	0	0.95833	0.2875	2.6384	28.75	0.95833	0.2875	2.6384	28.75	0.95833	0.2875	2.6384	28.75	0.95833	0.2875	2.6384	28.75	0	0.2	0.2	0.2	0.2	0.2	0.2	0.2	0.2	0.2	0.2	0.2	0.2	0.2	0.2	0.2	0.2	0.2
10000	6	0.001	0.02	1	1	0.8	0.69108	0.3	2.5	15	0.69108	0.3	2.5	15	0.69108	0.3	2.5	15	0.69108	0.3	2.5	15	0	0.58662	0.25465	2.1221	12.733	0.58662	0.25465	2.1221	12.733	0.58662	0.25465	2.1221	12.733	0.58662	0.25465	2.1221	12.733	0	0.13806	0.13806	0.13806	0.13806	0.13806	0.13806	0.13806	0.13806	0.13806	0.13806	0.13806	0.13806	0.13806	0.13806	0.13806	0.13806	0.13806
10000	4.0001	0.001	0.01	1	1	0.88886	0.79997	0.30002	3.3333	11.667	0.79997	0.30002	3.3333	11.667	0.79997	0.30002	3.3333	11.667	0.79997	0.30002	3.3333	11.667	0	0.49442	0.18543	2.0601	7.2106	0.49442	0.18543	2.0601	7.2106	0.49442	0.18543	2.0601	7.2106	0.49442	0.18543	2.0601	7.2106	0	0.11228	0.11228	0.11228	0.11228	0.11228	0.11228	0.11228	0.11228	0.11228	0.11228	0.11228	0.11228	0.11228	0.11228	0.11228	0.11228	0.11228
10000	4.604	0.001	0.022221	1	1	0.90784	0.88433	0.47218	2.3057	145.48	0.88433	0.47218	2.3057	145.48	0.88433	0.47218	2.3057	145.48	0.88433	0.47218	2.3057	145.48	0	0.83342	0.445	2.1729	137.11	0.83342	0.445	2.1729	137.11	0.83342	0.445	2.1729	137.11	0.83342	0.445	2.1729	137.11	0	0.07779	0.07779	0.07779	0.07779	0.07779	0.07779	0.07779	0.07779	0.07779	0.07779	0.07779	0.07779	0.07779	0.07779	0.07779	0.07779	0.07779
10000	3.789	0.001	0.020741	1	1	0.85801	0.92226	0.3	3.6296	15.556	0.92226	0.3	3.6296	15.556	0.92226	0.3	3.6296	15.556	0.92226	0.3	3.6296	15.556	0	0.78913	0.25669	3.1057	13.31	0.78913	0.25669	3.1057	13.31	0.78913	0.25669	3.1057	13.31	0.78913	0.25669	3.1057	13.31	0	0.20082	0.20082	0.20082	0.20082	0.20082	0.20082	0.20082	0.20082	0.20082	0.20082	0.20082	0.20082	0.20082	0.20082	0.20082	0.20082	0.20082
10000	8.5308	0.001	0.01	1	1	0.8	1.0029	0.66667	3.3283	10	1.0029	0.66667	3.3283	10	1.0029	0.66667	3.3283	10	1.0029	0.66667	3.3283	10	0	0.9459	0.62876	3.139	9.4313	0.9459	0.62876	3.139	9.4313	0.9459	0.62876	3.139	9.4313	0.9459	0.62876	3.139	9.4313	0	0.12663	0.12663	0.12663	0.12663	0.12663	0.12663	0.12663	0.12663	0.12663	0.12663	0.12663	0.12663	0.12663	0.12663	0.12663	0.12663	0.12663
10000	6.9648	0.001	0.035	1	1	0.8	1	0.39643	3.7833	15	1	0.39643	3.7833	15	1	0.39643	3.7833	15	1	0.39643	3.7833	15	0	0.75426	0.29901	2.8536	11.314	0.75426	0.29901	2.8536	11.314	0.75426	0.29901	2.8536	11.314	0.75426	0.29901	2.8536	11.314	0	0.1	0.1	0.1	0.1	0.1	0.1	0.1	0.1	0.1	0.1	0.1	0.1	0.1	0.1	0.1	0.1	0.1
10000	7.7503	0.01	0.02	1	1	0.8	0.8	0.3	3.5	15	0.8	0.3	3.5	15	0.8	0.3	3.5	15	0.8	0.3	3.5	15	0	0.8	0.3	3.5	15	0.8	0.3	3.5	15	0.8	0.3	3.5	15	0.8	0.3	3.5	15	0	0.16667	0.16667	0.16667	0.16667	0.16667	0.16667	0.16667	0.16667	0.16667	0.16667	0.16667	0.16667	0.16667	0.16667	0.16667	0.16667	0.16667
10000	8.6139	0.001	0.01	1	1	0.80034	0.93401	0.29899	3.4965	399.85	0.93401	0.29899	3.4965	399.85	0.93401	0.29899	3.4965	399.85	0.93401	0.29899	3.4965	399.85	0	0.93275	0.29859	3.4918	399.31	0.93275	0.29859	3.4918	399.31	0.93275	0.29859	3.4918	399.31	0.93275	0.29859	3.4918	399.31	0	0.17119	0.17119	0.17119	0.17119	0.17119	0.17119	0.17119	0.17119	0.17119	0.17119	0.17119	0.17119	0.17119	0.17119	0.17119	0.17119	0.17119
10000	7.5465	0.0041157	0.01	1	1	0.69237	0.92846	0.40149	3.6066	21.385	0.92846	0.40149	3.6066	21.385	0.92846	0.40149	3.6066	21.385	0.92846	0.40149	3.6066	21.385	0	1.0047	0.43447	3.9028	23.142	1.0047	0.43447	3.9028	23.142	1.0047	0.43447	3.9028	23.142	1.0047	0.43447	3.9028	23.142	0	0.068772	0.068772	0.068772	0.068772	0.068772	0.068772	0.068772	0.068772	0.068772	0.068772	0.068772	0.068772	0.068772	0.068772	0.068772	0.068772	0.068772
10000	7.0854	0.0058579	0.019857	1	1	0.82054	0.90895	1.3078	7.622	12.996	0.90895	1.3078	7.622	12.996	0.90895	1.3078	7.622	12.996	0.90895	1.3078	7.622	12.996	0	0.92788	1.335	7.7808	13.266	0.92788	1.335	7.7808	13.266	0.92788	1.335	7.7808	13.266	0.92788	1.335	7.7808	13.266	0	0.19861	0.19861	0.19861	0.19861	0.19861	0.19861	0.19861	0.19861	0.19861	0.19861	0.19861	0.19861	0.19861	0.19861	0.19861	0.19861	0.19861
10000	7.7945	0.0044093	0.01982	1	1	0.67893	0.83424	0.34441	3.4797	14.928	0.83424	0.34441	3.4797	14.928	0.83424	0.34441	3.4797	14.928	0.83424	0.34441	3.4797	14.928	0	0.78295	0.32324	3.2658	14.01	0.78295	0.32324	3.2658	14.01	0.78295	0.32324	3.2658	14.01	0.78295	0.32324	3.2658	14.01	0	0.09936	0.09936	0.09936	0.09936	0.09936	0.09936	0.09936	0.09936	0.09936	0.09936	0.09936	0.09936	0.09936	0.09936	0.09936	0.09936	0.09936
10000	10	0.004	0.02	1	1	0.69765	0.51071	0.4	3.3334	15	0.51071	0.4	3.3334	15	0.51071	0.4	3.3334	15	0.51071	0.4	3.3334	15	0	0.51071	0.4	3.3333	15	0.51071	0.4	3.3333	15	0.51071	0.4	3.3333	15	0.51071	0.4	3.3333	15	0	0.099999	0.099999	0.099999	0.099999	0.099999	0.099999	0.099999	0.099999	0.099999	0.099999	0.099999	0.099999	0.099999	0.099999	0.099999	0.099999	0.099999
10000	4.482	0.004989	0.01	1	1	0.79242	0.78904	0.45471	3.2968	15.594	0.78904	0.45471	3.2968	15.594	0.78904	0.45471	3.2968	15.594	0.78904	0.45471	3.2968	15.594	0	0.39093	0.22529	1.6334	7.7262	0.39093	0.22529	1.6334	7.7262	0.39093	0.22529	1.6334	7.7262	0.39093	0.22529	1.6334	7.7262	0	0.054451	0.054451	0.054451	0.054451	0.054451	0.054451	0.054451	0.054451	0.054451	0.054451	0.054451	0.054451	0.054451	0.054451	0.054451	0.054451	0.054451
10000	7.2384	0.0084906	0.023354	1	1	0.80079	1.0009	0.59886	4.664	28.269	1.0009	0.59886	4.664	28.269	1.0009	0.59886	4.664	28.269	1.0009	0.59886	4.664	28.269	0	1.0557	0.63166	4.9195	29.817	1.0557	0.63166	4.9195	29.817	1.0557	0.63166	4.9195	29.817	1.0557	0.63166	4.9195	29.817	0	0.20908	0.20908	0.20908	0.20908	0.20908	0.20908	0.20908	0.20908	0.20908	0.20908	0.20908	0.20908	0.20908	0.20908	0.20908	0.20908	0.20908
10000	4.4944	0.0021333	0.017795	1	1	0.8	1	0.42958	5	15	1	0.42958	5	15	1	0.42958	5	15	1	0.42958	5	15	0	1	0.42958	5	15	1	0.42958	5	15	1	0.42958	5	15	1	0.42958	5	15	0	0.12558	0.12558	0.12558	0.12558	0.12558	0.12558	0.12558	0.12558	0.12558	0.12558	0.12558	0.12558	0.12558	0.12558	0.12558	0.12558	0.12558
10000	8.0014	0.001	0.02	1	1	0.8	1	0.3	3.006	10	1	0.3	3.006	10	1	0.3	3.006	10	1	0.3	3.006	10	0	0.875	0.2625	2.6303	8.75	0.875	0.2625	2.6303	8.75	0.875	0.2625	2.6303	8.75	0.875	0.2625	2.6303	8.75	0	0.16794	0.16794	0.16794	0.16794	0.16794	0.16794	0.16794	0.16794	0.16794	0.16794	0.16794	0.16794	0.16794	0.16794	0.16794	0.16794	0.16794
10000	5.3453	0.001	0.02	1	1	0.8	1	0.4	3.5	15	1	0.4	3.5	15	1	0.4	3.5	15	1	0.4	3.5	15	0	1	0.4	3.5	15	1	0.4	3.5	15	1	0.4	3.5	15	1	0.4	3.5	15	0	0.094444	0.094444	0.094444	0.094444	0.094444	0.094444	0.094444	0.094444	0.094444	0.094444	0.094444	0.094444	0.094444	0.094444	0.094444	0.094444	0.094444
10000	6.7711	0.0020888	0.01	1	1	1.0924	0.83687	0.60621	3.5	13.229	0.83687	0.60621	3.5	13.229	0.83687	0.60621	3.5	13.229	0.83687	0.60621	3.5	13.229	0	0.74448	0.53928	3.1136	11.768	0.74448	0.53928	3.1136	11.768	0.74448	0.53928	3.1136	11.768	0.74448	0.53928	3.1136	11.768	0	0.1	0.1	0.1	0.1	0.1	0.1	0.1	0.1	0.1	0.1	0.1	0.1	0.1	0.1	0.1	0.1	0.1
10000	6.0012	0.001	0.040017	1	1	0.88279	1.0004	0.39973	3.4078	10.002	1.0004	0.39973	3.4078	10.002	1.0004	0.39973	3.4078	10.002	1.0004	0.39973	3.4078	10.002	0	0.97581	0.3899	3.324	9.7563	0.97581	0.3899	3.324	9.7563	0.97581	0.3899	3.324	9.7563	0.97581	0.3899	3.324	9.7563	0	0.093403	0.093403	0.093403	0.093403	0.093403	0.093403	0.093403	0.093403	0.093403	0.093403	0.093403	0.093403	0.093403	0.093403	0.093403	0.093403	0.093403
10000	7.2494	0.001	0.01	1	1	0.98516	0.81336	0.29035	2.9932	15.119	0.81336	0.29035	2.9932	15.119	0.81336	0.29035	2.9932	15.119	0.81336	0.29035	2.9932	15.119	0	0.84261	0.3008	3.1008	15.662	0.84261	0.3008	3.1008	15.662	0.84261	0.3008	3.1008	15.662	0.84261	0.3008	3.1008	15.662	0	0.06178	0.06178	0.06178	0.06178	0.06178	0.06178	0.06178	0.06178	0.06178	0.06178	0.06178	0.06178	0.06178	0.06178	0.06178	0.06178	0.06178
10000	5.3246	0.0037173	0.013333	1	1	1.1821	1	0.4	3.5	21.072	1	0.4	3.5	21.072	1	0.4	3.5	21.072	1	0.4	3.5	21.072	0	1.0689	0.42754	3.741	22.523	1.0689	0.42754	3.741	22.523	1.0689	0.42754	3.741	22.523	1.0689	0.42754	3.741	22.523	0	0.080435	0.080435	0.080435	0.080435	0.080435	0.080435	0.080435	0.080435	0.080435	0.080435	0.080435	0.080435	0.080435	0.080435	0.080435	0.080435	0.080435
10000	7	0.01	0.019416	1	1	1.1217	0.8	0.3	9.375	30	0.8	0.3	9.375	30	0.8	0.3	9.375	30	0.8	0.3	9.375	30	0	0.8	0.3	9.375	30	0.8	0.3	9.375	30	0.8	0.3	9.375	30	0.8	0.3	9.375	30	0	0.1	0.1	0.1	0.1	0.1	0.1	0.1	0.1	0.1	0.1	0.1	0.1	0.1	0.1	0.1	0.1	0.1
10000	6.2109	0.001	0.010833	1	1	0.98611	1.0139	0.4452	3.4687	15.111	1.0139	0.4452	3.4687	15.111	1.0139	0.4452	3.4687	15.111	1.0139	0.4452	3.4687	15.111	0	1.0016	0.43979	3.4266	14.927	1.0016	0.43979	3.4266	14.927	1.0016	0.43979	3.4266	14.927	1.0016	0.43979	3.4266	14.927	0	0.024306	0.024306	0.024306	0.024306	0.024306	0.024306	0.024306	0.024306	0.024306	0.024306	0.024306	0.024306	0.024306	0.024306	0.024306	0.024306	0.024306
10000	6.2684	0.005248	0.020261	1	1	1.245	1.0001	0.29989	11.746	40.006	1.0001	0.29989	11.746	40.006	1.0001	0.29989	11.746	40.006	1.0001	0.29989	11.746	40.006	0	1.0218	0.30638	12	40.872	1.0218	0.30638	12	40.872	1.0218	0.30638	12	40.872	1.0218	0.30638	12	40.872	0	0.19996	0.19996	0.19996	0.19996	0.19996	0.19996	0.19996	0.19996	0.19996	0.19996	0.19996	0.19996	0.19996	0.19996	0.19996	0.19996	0.19996
10000	8.3094	0.0067198	0.031376	1	1	0.46329	1.3741	0.17461	3.1547	17.993	1.3741	0.17461	3.1547	17.993	1.3741	0.17461	3.1547	17.993	1.3741	0.17461	3.1547	17.993	0	0.34353	0.043653	0.78868	4.4983	0.34353	0.043653	0.78868	4.4983	0.34353	0.043653	0.78868	4.4983	0.34353	0.043653	0.78868	4.4983	0	0.050349	0.050349	0.050349	0.050349	0.050349	0.050349	0.050349	0.050349	0.050349	0.050349	0.050349	0.050349	0.050349	0.050349	0.050349	0.050349	0.050349
10000	8.2304	0.012237	0.024447	1	1	0.18861	0.84789	0.045323	3.9751	8.2394	0.84789	0.045323	3.9751	8.2394	0.84789	0.045323	3.9751	8.2394	0.84789	0.045323	3.9751	8.2394	0	0.86386	0.046177	4.0499	8.3946	0.86386	0.046177	4.0499	8.3946	0.86386	0.046177	4.0499	8.3946	0.86386	0.046177	4.0499	8.3946	0	0.17761	0.17761	0.17761	0.17761	0.17761	0.17761	0.17761	0.17761	0.17761	0.17761	0.17761	0.17761	0.17761	0.17761	0.17761	0.17761	0.17761
10000	5.9682	0.001	0.015162	1	1	-0.062261	1.0256	0.32054	2.8261	65.229	1.0256	0.32054	2.8261	65.229	1.0256	0.32054	2.8261	65.229	1.0256	0.32054	2.8261	65.229	0	0.98032	0.30639	2.7014	62.349	0.98032	0.30639	2.7014	62.349	0.98032	0.30639	2.7014	62.349	0.98032	0.30639	2.7014	62.349	0	0.08052	0.08052	0.08052	0.08052	0.08052	0.08052	0.08052	0.08052	0.08052	0.08052	0.08052	0.08052	0.08052	0.08052	0.08052	0.08052	0.08052
10000	7.8394	0.001	0.01	1	1	0.42861	1.9305	-0.21943	4.4683	16.585	1.9305	-0.21943	4.4683	16.585	1.9305	-0.21943	4.4683	16.585	1.9305	-0.21943	4.4683	16.585	0	0.48262	-0.054859	1.1171	4.1462	0.48262	-0.054859	1.1171	4.1462	0.48262	-0.054859	1.1171	4.1462	0.48262	-0.054859	1.1171	4.1462	0	0.19357	0.19357	0.19357	0.19357	0.19357	0.19357	0.19357	0.19357	0.19357	0.19357	0.19357	0.19357	0.19357	0.19357	0.19357	0.19357	0.19357
10000	5.9492	0.004	0.02	1	1	0.65559	1.1099	0.3	3.635	10.219	1.1099	0.3	3.635	10.219	1.1099	0.3	3.635	10.219	1.1099	0.3	3.635	10.219	0	1.1099	0.3	3.635	10.219	1.1099	0.3	3.635	10.219	1.1099	0.3	3.635	10.219	1.1099	0.3	3.635	10.219	0	0.18724	0.18724	0.18724	0.18724	0.18724	0.18724	0.18724	0.18724	0.18724	0.18724	0.18724	0.18724	0.18724	0.18724	0.18724	0.18724	0.18724
10000	8.5786	0.015725	0.018502	1	1	0.71725	0.9989	0.39898	7.2653	13.324	0.9989	0.39898	7.2653	13.324	0.9989	0.39898	7.2653	13.324	0.9989	0.39898	7.2653	13.324	0	1.1734	0.46869	8.5347	15.652	1.1734	0.46869	8.5347	15.652	1.1734	0.46869	8.5347	15.652	1.1734	0.46869	8.5347	15.652	0	0.20247	0.20247	0.20247	0.20247	0.20247	0.20247	0.20247	0.20247	0.20247	0.20247	0.20247	0.20247	0.20247	0.20247	0.20247	0.20247	0.20247
10000	10	0.01	0.01	1	1	0.38326	0.85315	0.48271	4.8175	8.3239	0.85315	0.48271	4.8175	8.3239	0.85315	0.48271	4.8175	8.3239	0.85315	0.48271	4.8175	8.3239	0	1.4143	0.80024	7.9865	13.799	1.4143	0.80024	7.9865	13.799	1.4143	0.80024	7.9865	13.799	1.4143	0.80024	7.9865	13.799	0	0.2	0.2	0.2	0.2	0.2	0.2	0.2	0.2	0.2	0.2	0.2	0.2	0.2	0.2	0.2	0.2	0.2
10000	9.5795	0.001	0.029989	1	1	0.4002	0.79971	0.55371	2.7782	9.9982	0.79971	0.55371	2.7782	9.9982	0.79971	0.55371	2.7782	9.9982	0.79971	0.55371	2.7782	9.9982	0	0.88734	0.61439	3.0827	11.094	0.88734	0.61439	3.0827	11.094	0.88734	0.61439	3.0827	11.094	0.88734	0.61439	3.0827	11.094	0	0.20795	0.20795	0.20795	0.20795	0.20795	0.20795	0.20795	0.20795	0.20795	0.20795	0.20795	0.20795	0.20795	0.20795	0.20795	0.20795	0.20795
10000	6.4143	0.012367	0.018963	1	1	0.35149	0.80457	0.39957	3.9376	22.215	0.80457	0.39957	3.9376	22.215	0.80457	0.39957	3.9376	22.215	0.80457	0.39957	3.9376	22.215	0	1.5448	0.76718	7.5604	42.654	1.5448	0.76718	7.5604	42.654	1.5448	0.76718	7.5604	42.654	1.5448	0.76718	7.5604	42.654	0	0.24628	0.24628	0.24628	0.24628	0.24628	0.24628	0.24628	0.24628	0.24628	0.24628	0.24628	0.24628	0.24628	0.24628	0.24628	0.24628	0.24628
10000	10	0.0035363	0.019718	1	1	0.40248	0.88272	0.51059	4.9753	12.861	0.88272	0.51059	4.9753	12.861	0.88272	0.51059	4.9753	12.861	0.88272	0.51059	4.9753	12.861	0	0.89361	0.51689	5.0367	13.019	0.89361	0.51689	5.0367	13.019	0.89361	0.51689	5.0367	13.019	0.89361	0.51689	5.0367	13.019	0	0.3079	0.3079	0.3079	0.3079	0.3079	0.3079	0.3079	0.3079	0.3079	0.3079	0.3079	0.3079	0.3079	0.3079	0.3079	0.3079	0.3079
10000	10	0.0099958	0.019815	1	1	0.61312	0.99073	0.29398	6.9792	15.074	0.99073	0.29398	6.9792	15.074	0.99073	0.29398	6.9792	15.074	0.99073	0.29398	6.9792	15.074	0	0.85079	0.25246	5.9934	12.945	0.85079	0.25246	5.9934	12.945	0.85079	0.25246	5.9934	12.945	0.85079	0.25246	5.9934	12.945	0	0.20021	0.20021	0.20021	0.20021	0.20021	0.20021	0.20021	0.20021	0.20021	0.20021	0.20021	0.20021	0.20021	0.20021	0.20021	0.20021	0.20021
10000	6.3258	0.013333	0.01	1	1	0.4	1	0.4	3.5	10	1	0.4	3.5	10	1	0.4	3.5	10	1	0.4	3.5	10	0	1	0.4	3.5	10	1	0.4	3.5	10	1	0.4	3.5	10	1	0.4	3.5	10	0	0.13286	0.13286	0.13286	0.13286	0.13286	0.13286	0.13286	0.13286	0.13286	0.13286	0.13286	0.13286	0.13286	0.13286	0.13286	0.13286	0.13286
10000	8.2501	0.014424	0.020136	1	1	0.28979	0.93985	0.36091	7.1353	285.76	0.93985	0.36091	7.1353	285.76	0.93985	0.36091	7.1353	285.76	0.93985	0.36091	7.1353	285.76	0	0.98932	0.3799	7.5109	300.8	0.98932	0.3799	7.5109	300.8	0.98932	0.3799	7.5109	300.8	0.98932	0.3799	7.5109	300.8	0	0.097434	0.097434	0.097434	0.097434	0.097434	0.097434	0.097434	0.097434	0.097434	0.097434	0.097434	0.097434	0.097434	0.097434	0.097434	0.097434	0.097434
10000	8.1408	0.0045584	0.019547	1	1	0.32364	0.83079	0.42059	4.6852	17.226	0.83079	0.42059	4.6852	17.226	0.83079	0.42059	4.6852	17.226	0.83079	0.42059	4.6852	17.226	0	0.91241	0.46191	5.1455	18.918	0.91241	0.46191	5.1455	18.918	0.91241	0.46191	5.1455	18.918	0.91241	0.46191	5.1455	18.918	0	0.19108	0.19108	0.19108	0.19108	0.19108	0.19108	0.19108	0.19108	0.19108	0.19108	0.19108	0.19108	0.19108	0.19108	0.19108	0.19108	0.19108
10000	9.2683	0.0095162	0.0195	1	1	0.37336	0.82421	0.28365	4.5953	17.567	0.82421	0.28365	4.5953	17.567	0.82421	0.28365	4.5953	17.567	0.82421	0.28365	4.5953	17.567	0	0.80468	0.27693	4.4864	17.151	0.80468	0.27693	4.4864	17.151	0.80468	0.27693	4.4864	17.151	0.80468	0.27693	4.4864	17.151	0	0.15568	0.15568	0.15568	0.15568	0.15568	0.15568	0.15568	0.15568	0.15568	0.15568	0.15568	0.15568	0.15568	0.15568	0.15568	0.15568	0.15568
10000	3.6077	0.001	0.02177	1	1	0.50812	1.0735	0.38169	4.1775	93.235	1.0735	0.38169	4.1775	93.235	1.0735	0.38169	4.1775	93.235	1.0735	0.38169	4.1775	93.235	0	0.99035	0.35213	3.854	86.015	0.99035	0.35213	3.854	86.015	0.99035	0.35213	3.854	86.015	0.99035	0.35213	3.854	86.015	0	0.1056	0.1056	0.1056	0.1056	0.1056	0.1056	0.1056	0.1056	0.1056	0.1056	0.1056	0.1056	0.1056	0.1056	0.1056	0.1056	0.1056
10000	10	0.010234	0.02	1	1	0.67544	1.1111	0.21874	7	15	1.1111	0.21874	7	15	1.1111	0.21874	7	15	1.1111	0.21874	7	15	0	1.1111	0.21874	7	15	1.1111	0.21874	7	15	1.1111	0.21874	7	15	1.1111	0.21874	7	15	0	0.16935	0.16935	0.16935	0.16935	0.16935	0.16935	0.16935	0.16935	0.16935	0.16935	0.16935	0.16935	0.16935	0.16935	0.16935	0.16935	0.16935
10000	5	0.005	0.02	1	1	0.63843	0.8	0.3	3.3333	12.418	0.8	0.3	3.3333	12.418	0.8	0.3	3.3333	12.418	0.8	0.3	3.3333	12.418	0	0.83449	0.31293	3.4771	12.953	0.83449	0.31293	3.4771	12.953	0.83449	0.31293	3.4771	12.953	0.83449	0.31293	3.4771	12.953	0	0.094444	0.094444	0.094444	0.094444	0.094444	0.094444	0.094444	0.094444	0.094444	0.094444	0.094444	0.094444	0.094444	0.094444	0.094444	0.094444	0.094444
10000	5.3145	0.001	0.014131	1	1	0.31274	1.7426	-0.025	5.875	106.27	1.7426	-0.025	5.875	106.27	1.7426	-0.025	5.875	106.27	1.7426	-0.025	5.875	106.27	0	1.2452	-0.017864	4.1981	75.939	1.2452	-0.017864	4.1981	75.939	1.2452	-0.017864	4.1981	75.939	1.2452	-0.017864	4.1981	75.939	0	0.16656	0.16656	0.16656	0.16656	0.16656	0.16656	0.16656	0.16656	0.16656	0.16656	0.16656	0.16656	0.16656	0.16656	0.16656	0.16656	0.16656
10000	6.7662	0.010028	0.018383	1	1	0.64497	1.0007	0.082334	4.1832	7.1398	1.0007	0.082334	4.1832	7.1398	1.0007	0.082334	4.1832	7.1398	1.0007	0.082334	4.1832	7.1398	0	1.1027	0.09072	4.6093	7.867	1.1027	0.09072	4.6093	7.867	1.1027	0.09072	4.6093	7.867	1.1027	0.09072	4.6093	7.867	0	0.099868	0.099868	0.099868	0.099868	0.099868	0.099868	0.099868	0.099868	0.099868	0.099868	0.099868	0.099868	0.099868	0.099868	0.099868	0.099868	0.099868
10000	8.1518	0.0058342	0.01	1	1	0.75777	0.98245	0.468	6.4387	19.508	0.98245	0.468	6.4387	19.508	0.98245	0.468	6.4387	19.508	0.98245	0.468	6.4387	19.508	0	0.34471	0.1642	2.2591	6.8447	0.34471	0.1642	2.2591	6.8447	0.34471	0.1642	2.2591	6.8447	0.34471	0.1642	2.2591	6.8447	0	0.099493	0.099493	0.099493	0.099493	0.099493	0.099493	0.099493	0.099493	0.099493	0.099493	0.099493	0.099493	0.099493	0.099493	0.099493	0.099493	0.099493
10000	2.588	0.0040898	0.017747	1	1	0.55279	1.2747	0.39825	4.5193	31.802	1.2747	0.39825	4.5193	31.802	1.2747	0.39825	4.5193	31.802	1.2747	0.39825	4.5193	31.802	0	0.96831	0.30253	3.4331	24.159	0.96831	0.30253	3.4331	24.159	0.96831	0.30253	3.4331	24.159	0.96831	0.30253	3.4331	24.159	0	0.13778	0.13778	0.13778	0.13778	0.13778	0.13778	0.13778	0.13778	0.13778	0.13778	0.13778	0.13778	0.13778	0.13778	0.13778	0.13778	0.13778
10000	9.2555	0.011445	0.027135	1	1	0.83529	0.96079	0.36703	6.8132	13.803	0.96079	0.36703	6.8132	13.803	0.96079	0.36703	6.8132	13.803	0.96079	0.36703	6.8132	13.803	0	0.63328	0.24192	4.4907	9.0981	0.63328	0.24192	4.4907	9.0981	0.63328	0.24192	4.4907	9.0981	0.63328	0.24192	4.4907	9.0981	0	0.18257	0.18257	0.18257	0.18257	0.18257	0.18257	0.18257	0.18257	0.18257	0.18257	0.18257	0.18257	0.18257	0.18257	0.18257	0.18257	0.18257
10000	5.3289	0.011923	0.018889	1	1	0.8	1.0687	0.3	5.0733	16.111	1.0687	0.3	5.0733	16.111	1.0687	0.3	5.0733	16.111	1.0687	0.3	5.0733	16.111	0	1.0668	0.29947	5.0643	16.082	1.0668	0.29947	5.0643	16.082	1.0668	0.29947	5.0643	16.082	1.0668	0.29947	5.0643	16.082	0	0.19355	0.19355	0.19355	0.19355	0.19355	0.19355	0.19355	0.19355	0.19355	0.19355	0.19355	0.19355	0.19355	0.19355	0.19355	0.19355	0.19355
10000	3	0.01	0.02	1	1	0.8	0.99999	0.5	5	19.54	0.99999	0.5	5	19.54	0.99999	0.5	5	19.54	0.99999	0.5	5	19.54	0	1	0.5	5.0001	19.54	1	0.5	5.0001	19.54	1	0.5	5.0001	19.54	1	0.5	5.0001	19.54	0	0.2	0.2	0.2	0.2	0.2	0.2	0.2	0.2	0.2	0.2	0.2	0.2	0.2	0.2	0.2	0.2	0.2
10000	8.3833	0.005	0.01	1	1	0.50859	1.1062	0.33333	3.5	20	1.1062	0.33333	3.5	20	1.1062	0.33333	3.5	20	1.1062	0.33333	3.5	20	0	0.27654	0.083333	0.875	5	0.27654	0.083333	0.875	5	0.27654	0.083333	0.875	5	0.27654	0.083333	0.875	5	0	0.1	0.1	0.1	0.1	0.1	0.1	0.1	0.1	0.1	0.1	0.1	0.1	0.1	0.1	0.1	0.1	0.1
10000	5.5912	0.011183	0.02	1	1	0.40513	0.94975	0.3	5	19.56	0.94975	0.3	5	19.56	0.94975	0.3	5	19.56	0.94975	0.3	5	19.56	0	0.94975	0.3	5	19.56	0.94975	0.3	5	19.56	0.94975	0.3	5	19.56	0.94975	0.3	5	19.56	0	0.2037	0.2037	0.2037	0.2037	0.2037	0.2037	0.2037	0.2037	0.2037	0.2037	0.2037	0.2037	0.2037	0.2037	0.2037	0.2037	0.2037
10000	6.9823	0.010058	0.02005	1	1	0.3576	0.99493	0.20488	3.4886	19.947	0.99493	0.20488	3.4886	19.947	0.99493	0.20488	3.4886	19.947	0.99493	0.20488	3.4886	19.947	0	0.87498	0.18018	3.068	17.542	0.87498	0.18018	3.068	17.542	0.87498	0.18018	3.068	17.542	0.87498	0.18018	3.068	17.542	0	0.19797	0.19797	0.19797	0.19797	0.19797	0.19797	0.19797	0.19797	0.19797	0.19797	0.19797	0.19797	0.19797	0.19797	0.19797	0.19797	0.19797
10000	4.903	0.0092172	0.011115	1	1	0.39462	0.88157	0.42207	3.4932	85.477	0.88157	0.42207	3.4932	85.477	0.88157	0.42207	3.4932	85.477	0.88157	0.42207	3.4932	85.477	0	0.89524	0.42861	3.5473	86.802	0.89524	0.42861	3.5473	86.802	0.89524	0.42861	3.5473	86.802	0.89524	0.42861	3.5473	86.802	0	0.18832	0.18832	0.18832	0.18832	0.18832	0.18832	0.18832	0.18832	0.18832	0.18832	0.18832	0.18832	0.18832	0.18832	0.18832	0.18832	0.18832
10000	5	0.0099999	0.02	1	1	0.4351	0.95202	0.3	5	15	0.95202	0.3	5	15	0.95202	0.3	5	15	0.95202	0.3	5	15	0	0.95201	0.3	5	15	0.95201	0.3	5	15	0.95201	0.3	5	15	0.95201	0.3	5	15	0	0.18837	0.18837	0.18837	0.18837	0.18837	0.18837	0.18837	0.18837	0.18837	0.18837	0.18837	0.18837	0.18837	0.18837	0.18837	0.18837	0.18837
10000	6.731	0.0068115	0.021537	1	1	0.77086	0.73084	0.34995	4.8655	20.615	0.73084	0.34995	4.8655	20.615	0.73084	0.34995	4.8655	20.615	0.73084	0.34995	4.8655	20.615	0	0.90179	0.4318	6.0036	25.437	0.90179	0.4318	6.0036	25.437	0.90179	0.4318	6.0036	25.437	0.90179	0.4318	6.0036	25.437	0	0.11432	0.11432	0.11432	0.11432	0.11432	0.11432	0.11432	0.11432	0.11432	0.11432	0.11432	0.11432	0.11432	0.11432	0.11432	0.11432	0.11432
10000	5.2083	0.001	0.01	1	1	0.59533	0.91667	0.54583	6.8125	15.667	0.91667	0.54583	6.8125	15.667	0.91667	0.54583	6.8125	15.667	0.91667	0.54583	6.8125	15.667	0	0.9058	0.53936	6.7317	15.481	0.9058	0.53936	6.7317	15.481	0.9058	0.53936	6.7317	15.481	0.9058	0.53936	6.7317	15.481	0	0.19595	0.19595	0.19595	0.19595	0.19595	0.19595	0.19595	0.19595	0.19595	0.19595	0.19595	0.19595	0.19595	0.19595	0.19595	0.19595	0.19595
10000	4.2473	0.009216	0.01	1	1	0.70816	0.921	0.5653	6.9908	30.313	0.921	0.5653	6.9908	30.313	0.921	0.5653	6.9908	30.313	0.921	0.5653	6.9908	30.313	0	0.53229	0.32671	4.0403	17.519	0.53229	0.32671	4.0403	17.519	0.53229	0.32671	4.0403	17.519	0.53229	0.32671	4.0403	17.519	0	0.10062	0.10062	0.10062	0.10062	0.10062	0.10062	0.10062	0.10062	0.10062	0.10062	0.10062	0.10062	0.10062	0.10062	0.10062	0.10062	0.10062
10000	4.7062	0.0042019	0.01	1	1	0.93423	1.1444	1.1083	7.0799	38.434	1.1444	1.1083	7.0799	38.434	1.1444	1.1083	7.0799	38.434	1.1444	1.1083	7.0799	38.434	0	1.088	1.0537	6.731	36.54	1.088	1.0537	6.731	36.54	1.088	1.0537	6.731	36.54	1.088	1.0537	6.731	36.54	0	0.12983	0.12983	0.12983	0.12983	0.12983	0.12983	0.12983	0.12983	0.12983	0.12983	0.12983	0.12983	0.12983	0.12983	0.12983	0.12983	0.12983
10000	3.9297	0.010014	0.020461	1	1	0.67288	0.8007	0.72906	4.2455	14.994	0.8007	0.72906	4.2455	14.994	0.8007	0.72906	4.2455	14.994	0.8007	0.72906	4.2455	14.994	0	0.80015	0.72856	4.2426	14.984	0.80015	0.72856	4.2426	14.984	0.80015	0.72856	4.2426	14.984	0.80015	0.72856	4.2426	14.984	0	0.15789	0.15789	0.15789	0.15789	0.15789	0.15789	0.15789	0.15789	0.15789	0.15789	0.15789	0.15789	0.15789	0.15789	0.15789	0.15789	0.15789
10000	7	0.01	0.03	1	1	0.8	1	0.3	3.5	15	1	0.3	3.5	15	1	0.3	3.5	15	1	0.3	3.5	15	0	0.5	0.15	1.75	7.5	0.5	0.15	1.75	7.5	0.5	0.15	1.75	7.5	0.5	0.15	1.75	7.5	0	0.1	0.1	0.1	0.1	0.1	0.1	0.1	0.1	0.1	0.1	0.1	0.1	0.1	0.1	0.1	0.1	0.1
10000	7.3382	0.01053	0.020026	1	1	0.79881	0.99868	0.30044	3.7426	8.1245	0.99868	0.30044	3.7426	8.1245	0.99868	0.30044	3.7426	8.1245	0.99868	0.30044	3.7426	8.1245	0	0.72948	0.21945	2.7337	5.9345	0.72948	0.21945	2.7337	5.9345	0.72948	0.21945	2.7337	5.9345	0.72948	0.21945	2.7337	5.9345	0	0.11632	0.11632	0.11632	0.11632	0.11632	0.11632	0.11632	0.11632	0.11632	0.11632	0.11632	0.11632	0.11632	0.11632	0.11632	0.11632	0.11632
10000	9.355	0.01	0.02	1	1	0.8	0.85603	0.3	2.5	15	0.85603	0.3	2.5	15	0.85603	0.3	2.5	15	0.85603	0.3	2.5	15	0	0.85603	0.3	2.5	15	0.85603	0.3	2.5	15	0.85603	0.3	2.5	15	0.85603	0.3	2.5	15	0	0.2	0.2	0.2	0.2	0.2	0.2	0.2	0.2	0.2	0.2	0.2	0.2	0.2	0.2	0.2	0.2	0.2
10000	5	0.0099999	0.016284	1	1	0.5166	1	0.24142	7	30	1	0.24142	7	30	1	0.24142	7	30	1	0.24142	7	30	0	0.5	0.12071	3.5	15	0.5	0.12071	3.5	15	0.5	0.12071	3.5	15	0.5	0.12071	3.5	15	0	0.2	0.2	0.2	0.2	0.2	0.2	0.2	0.2	0.2	0.2	0.2	0.2	0.2	0.2	0.2	0.2	0.2
10000	7.5	0.01	0.023333	1	1	0.8	1.0364	0.3	5	15	1.0364	0.3	5	15	1.0364	0.3	5	15	1.0364	0.3	5	15	0	0.47787	0.13833	2.3055	6.9164	0.47787	0.13833	2.3055	6.9164	0.47787	0.13833	2.3055	6.9164	0.47787	0.13833	2.3055	6.9164	0	0.2	0.2	0.2	0.2	0.2	0.2	0.2	0.2	0.2	0.2	0.2	0.2	0.2	0.2	0.2	0.2	0.2
10000	5.9871	0.001	0.02	1	1	0.8	1.0302	0.5	3.3333	15	1.0302	0.5	3.3333	15	1.0302	0.5	3.3333	15	1.0302	0.5	3.3333	15	0	0.84309	0.40918	2.7279	12.275	0.84309	0.40918	2.7279	12.275	0.84309	0.40918	2.7279	12.275	0.84309	0.40918	2.7279	12.275	0	0.1	0.1	0.1	0.1	0.1	0.1	0.1	0.1	0.1	0.1	0.1	0.1	0.1	0.1	0.1	0.1	0.1
10000	7.6026	0.0058333	0.011235	1	1	0.8	0.96405	0.3	3.3616	15	0.96405	0.3	3.3616	15	0.96405	0.3	3.3616	15	0.96405	0.3	3.3616	15	0	0.93749	0.29174	3.269	14.587	0.93749	0.29174	3.269	14.587	0.93749	0.29174	3.269	14.587	0.93749	0.29174	3.269	14.587	0	0.18853	0.18853	0.18853	0.18853	0.18853	0.18853	0.18853	0.18853	0.18853	0.18853	0.18853	0.18853	0.18853	0.18853	0.18853	0.18853	0.18853
10000	7.0066	0.0012639	0.020096	1	1	0.70093	0.56513	0.29878	2.1947	8.905	0.56513	0.29878	2.1947	8.905	0.56513	0.29878	2.1947	8.905	0.56513	0.29878	2.1947	8.905	0	0.56606	0.29927	2.1983	8.9197	0.56606	0.29927	2.1983	8.9197	0.56606	0.29927	2.1983	8.9197	0.56606	0.29927	2.1983	8.9197	0	0.18733	0.18733	0.18733	0.18733	0.18733	0.18733	0.18733	0.18733	0.18733	0.18733	0.18733	0.18733	0.18733	0.18733	0.18733	0.18733	0.18733
10000	10	0.0091389	0.020434	1	1	0.8	1	0.6	7	15	1	0.6	7	15	1	0.6	7	15	1	0.6	7	15	0	0.39479	0.23687	2.7635	5.9218	0.39479	0.23687	2.7635	5.9218	0.39479	0.23687	2.7635	5.9218	0.39479	0.23687	2.7635	5.9218	0	0.16667	0.16667	0.16667	0.16667	0.16667	0.16667	0.16667	0.16667	0.16667	0.16667	0.16667	0.16667	0.16667	0.16667	0.16667	0.16667	0.16667
10000	7	0.005	0.02	1	1	0.8	1	0.3	3.3333	12.529	1	0.3	3.3333	12.529	1	0.3	3.3333	12.529	1	0.3	3.3333	12.529	0	1	0.3	3.3333	12.529	1	0.3	3.3333	12.529	1	0.3	3.3333	12.529	1	0.3	3.3333	12.529	0	0.2	0.2	0.2	0.2	0.2	0.2	0.2	0.2	0.2	0.2	0.2	0.2	0.2	0.2	0.2	0.2	0.2
10000	5.9986	0.007	0.012868	1	1	0.8	0.85261	0	2.5	15	0.85261	0	2.5	15	0.85261	0	2.5	15	0.85261	0	2.5	15	0	0.82152	0	2.4088	14.453	0.82152	0	2.4088	14.453	0.82152	0	2.4088	14.453	0.82152	0	2.4088	14.453	0	0.096123	0.096123	0.096123	0.096123	0.096123	0.096123	0.096123	0.096123	0.096123	0.096123	0.096123	0.096123	0.096123	0.096123	0.096123	0.096123	0.096123
10000	5.8012	0.010008	0.01	1	1	0.77177	1.0903	0.29971	3.2307	9.9976	1.0903	0.29971	3.2307	9.9976	1.0903	0.29971	3.2307	9.9976	1.0903	0.29971	3.2307	9.9976	0	0.67344	0.18512	1.9954	6.1749	0.67344	0.18512	1.9954	6.1749	0.67344	0.18512	1.9954	6.1749	0.67344	0.18512	1.9954	6.1749	0	0.094704	0.094704	0.094704	0.094704	0.094704	0.094704	0.094704	0.094704	0.094704	0.094704	0.094704	0.094704	0.094704	0.094704	0.094704	0.094704	0.094704
10000	10	0.0016667	0.018827	1	1	0.78711	1	0.36667	3.5193	14.231	1	0.36667	3.5193	14.231	1	0.36667	3.5193	14.231	1	0.36667	3.5193	14.231	0	0.76234	0.27953	2.683	10.849	0.76234	0.27953	2.683	10.849	0.76234	0.27953	2.683	10.849	0.76234	0.27953	2.683	10.849	0	0.19081	0.19081	0.19081	0.19081	0.19081	0.19081	0.19081	0.19081	0.19081	0.19081	0.19081	0.19081	0.19081	0.19081	0.19081	0.19081	0.19081
10000	4.9206	0.001	0.022222	1	1	0.67338	1.1667	0.11587	2.7917	16.333	1.1667	0.11587	2.7917	16.333	1.1667	0.11587	2.7917	16.333	1.1667	0.11587	2.7917	16.333	0	1.0694	0.10621	2.559	14.972	1.0694	0.10621	2.559	14.972	1.0694	0.10621	2.559	14.972	1.0694	0.10621	2.559	14.972	0	0.12246	0.12246	0.12246	0.12246	0.12246	0.12246	0.12246	0.12246	0.12246	0.12246	0.12246	0.12246	0.12246	0.12246	0.12246	0.12246	0.12246
10000	4.5902	0.021392	0.01	1	1	0.65382	1.1028	0.42294	5.1798	15.822	1.1028	0.42294	5.1798	15.822	1.1028	0.42294	5.1798	15.822	1.1028	0.42294	5.1798	15.822	0	0.55264	0.21195	2.5958	7.9291	0.55264	0.21195	2.5958	7.9291	0.55264	0.21195	2.5958	7.9291	0.55264	0.21195	2.5958	7.9291	0	0.099682	0.099682	0.099682	0.099682	0.099682	0.099682	0.099682	0.099682	0.099682	0.099682	0.099682	0.099682	0.099682	0.099682	0.099682	0.099682	0.099682
10000	5.8582	0.001	0.01	1	1	0.81342	0.93133	0.29302	3.5374	13.425	0.93133	0.29302	3.5374	13.425	0.93133	0.29302	3.5374	13.425	0.93133	0.29302	3.5374	13.425	0	1.0989	0.34575	4.174	15.841	1.0989	0.34575	4.174	15.841	1.0989	0.34575	4.174	15.841	1.0989	0.34575	4.174	15.841	0	0.10205	0.10205	0.10205	0.10205	0.10205	0.10205	0.10205	0.10205	0.10205	0.10205	0.10205	0.10205	0.10205	0.10205	0.10205	0.10205	0.10205
10000	10	0.001	0.02	1	1	0.8	1	0.3	2.5	20	1	0.3	2.5	20	1	0.3	2.5	20	1	0.3	2.5	20	0	1	0.3	2.5	20	1	0.3	2.5	20	1	0.3	2.5	20	1	0.3	2.5	20	0	0	0	0	0	0	0	0	0	0	0	0	0	0	0	0	0	0
10000	8.1888	0.0013895	0.023185	1	1	0.8	1	0.43333	2.5	15	1	0.43333	2.5	15	1	0.43333	2.5	15	1	0.43333	2.5	15	0	1	0.43333	2.5	15	1	0.43333	2.5	15	1	0.43333	2.5	15	1	0.43333	2.5	15	0	0	0	0	0	0	0	0	0	0	0	0	0	0	0	0	0	0
10000	7	0.001	0.01	1	1	0.8	1.1084	0.3	3.5	15	1.1084	0.3	3.5	15	1.1084	0.3	3.5	15	1.1084	0.3	3.5	15	0	1.1084	0.3	3.5	15	1.1084	0.3	3.5	15	1.1084	0.3	3.5	15	1.1084	0.3	3.5	15	0	0.1	0.1	0.1	0.1	0.1	0.1	0.1	0.1	0.1	0.1	0.1	0.1	0.1	0.1	0.1	0.1	0.1
10000	6.6467	0.001	0.01	1	1	1.0668	0.86668	0.59991	2.7778	15	0.86668	0.59991	2.7778	15	0.86668	0.59991	2.7778	15	0.86668	0.59991	2.7778	15	0	1.7334	1.1998	5.5556	30	1.7334	1.1998	5.5556	30	1.7334	1.1998	5.5556	30	1.7334	1.1998	5.5556	30	0	0.097201	0.097201	0.097201	0.097201	0.097201	0.097201	0.097201	0.097201	0.097201	0.097201	0.097201	0.097201	0.097201	0.097201	0.097201	0.097201	0.097201
10000	4.6986	0.0040399	0.020049	1	1	0.79746	1.1645	0.39432	4.1559	69.396	1.1645	0.39432	4.1559	69.396	1.1645	0.39432	4.1559	69.396	1.1645	0.39432	4.1559	69.396	0	1.1866	0.40182	4.235	70.717	1.1866	0.40182	4.235	70.717	1.1866	0.40182	4.235	70.717	1.1866	0.40182	4.235	70.717	0	0.20181	0.20181	0.20181	0.20181	0.20181	0.20181	0.20181	0.20181	0.20181	0.20181	0.20181	0.20181	0.20181	0.20181	0.20181	0.20181	0.20181
10000	6.6974	0.001	0.02	1	1	0.8	1	-0.32898	2.8967	15	1	-0.32898	2.8967	15	1	-0.32898	2.8967	15	1	-0.32898	2.8967	15	0	1	-0.32898	2.8967	15	1	-0.32898	2.8967	15	1	-0.32898	2.8967	15	1	-0.32898	2.8967	15	0	0.2	0.2	0.2	0.2	0.2	0.2	0.2	0.2	0.2	0.2	0.2	0.2	0.2	0.2	0.2	0.2	0.2
10000	4.7777	0.012503	0.02	1	1	0.8	1.2429	0.3	5	13.848	1.2429	0.3	5	13.848	1.2429	0.3	5	13.848	1.2429	0.3	5	13.848	0	1.3601	0.32827	5.4712	15.153	1.3601	0.32827	5.4712	15.153	1.3601	0.32827	5.4712	15.153	1.3601	0.32827	5.4712	15.153	0	0.2	0.2	0.2	0.2	0.2	0.2	0.2	0.2	0.2	0.2	0.2	0.2	0.2	0.2	0.2	0.2	0.2
10000	5	0.005	0.01	1	1	0.70315	1	0.3	3.3333	8.1309	1	0.3	3.3333	8.1309	1	0.3	3.3333	8.1309	1	0.3	3.3333	8.1309	0	1	0.3	3.3333	8.1309	1	0.3	3.3333	8.1309	1	0.3	3.3333	8.1309	1	0.3	3.3333	8.1309	0	0.1	0.1	0.1	0.1	0.1	0.1	0.1	0.1	0.1	0.1	0.1	0.1	0.1	0.1	0.1	0.1	0.1
10000	5.4368	0.001	0.01625	1	1	0.78892	1.125	0.38125	3.1146	9.3013	1.125	0.38125	3.1146	9.3013	1.125	0.38125	3.1146	9.3013	1.125	0.38125	3.1146	9.3013	0	1.2012	0.40706	3.3255	9.9311	1.2012	0.40706	3.3255	9.9311	1.2012	0.40706	3.3255	9.9311	1.2012	0.40706	3.3255	9.9311	0	0.14358	0.14358	0.14358	0.14358	0.14358	0.14358	0.14358	0.14358	0.14358	0.14358	0.14358	0.14358	0.14358	0.14358	0.14358	0.14358	0.14358
10000	6.5323	0.001	0.02	1	1	0.5647	0.95823	0.36667	3.507	15	0.95823	0.36667	3.507	15	0.95823	0.36667	3.507	15	0.95823	0.36667	3.507	15	0	0.95823	0.36667	3.507	15	0.95823	0.36667	3.507	15	0.95823	0.36667	3.507	15	0.95823	0.36667	3.507	15	0	0.1	0.1	0.1	0.1	0.1	0.1	0.1	0.1	0.1	0.1	0.1	0.1	0.1	0.1	0.1	0.1	0.1
10000	8.0016	0.001	0.020003	1	1	0.8004	1.1107	0.1713	5.0008	15.004	1.1107	0.1713	5.0008	15.004	1.1107	0.1713	5.0008	15.004	1.1107	0.1713	5.0008	15.004	0	0.69454	0.10712	3.1272	9.3823	0.69454	0.10712	3.1272	9.3823	0.69454	0.10712	3.1272	9.3823	0.69454	0.10712	3.1272	9.3823	0	0.17876	0.17876	0.17876	0.17876	0.17876	0.17876	0.17876	0.17876	0.17876	0.17876	0.17876	0.17876	0.17876	0.17876	0.17876	0.17876	0.17876
10000	5.5093	0.001	0.023333	1	1	0.8	1.3333	0.3	3.3333	15	1.3333	0.3	3.3333	15	1.3333	0.3	3.3333	15	1.3333	0.3	3.3333	15	0	1.3333	0.3	3.3334	15	1.3333	0.3	3.3334	15	1.3333	0.3	3.3334	15	1.3333	0.3	3.3334	15	0	0.13384	0.13384	0.13384	0.13384	0.13384	0.13384	0.13384	0.13384	0.13384	0.13384	0.13384	0.13384	0.13384	0.13384	0.13384	0.13384	0.13384
10000	6.2163	0.0014692	0.03	1	1	0.59805	1	0.3	3.3333	14.217	1	0.3	3.3333	14.217	1	0.3	3.3333	14.217	1	0.3	3.3333	14.217	0	1	0.3	3.3333	14.217	1	0.3	3.3333	14.217	1	0.3	3.3333	14.217	1	0.3	3.3333	14.217	0	0.099999	0.099999	0.099999	0.099999	0.099999	0.099999	0.099999	0.099999	0.099999	0.099999	0.099999	0.099999	0.099999	0.099999	0.099999	0.099999	0.099999
10000	6.9408	0.001	0.019125	1	1	0.78477	1.0169	0.289	2.9957	15.135	1.0169	0.289	2.9957	15.135	1.0169	0.289	2.9957	15.135	1.0169	0.289	2.9957	15.135	0	1.0019	0.28472	2.9513	14.911	1.0019	0.28472	2.9513	14.911	1.0019	0.28472	2.9513	14.911	1.0019	0.28472	2.9513	14.911	0	0.07368	0.07368	0.07368	0.07368	0.07368	0.07368	0.07368	0.07368	0.07368	0.07368	0.07368	0.07368	0.07368	0.07368	0.07368	0.07368	0.07368
10000	6.8771	0.0052809	0.01	1	1	0.60003	1.0351	0.14914	3.579	14.719	1.0351	0.14914	3.579	14.719	1.0351	0.14914	3.579	14.719	1.0351	0.14914	3.579	14.719	0	1.0033	0.14455	3.469	14.267	1.0033	0.14455	3.469	14.267	1.0033	0.14455	3.469	14.267	1.0033	0.14455	3.469	14.267	0	0.078679	0.078679	0.078679	0.078679	0.078679	0.078679	0.078679	0.078679	0.078679	0.078679	0.078679	0.078679	0.078679	0.078679	0.078679	0.078679	0.078679
10000	5.3451	0.01	0.01	1	1	0.60015	1	0.26272	3.5007	11.213	1	0.26272	3.5007	11.213	1	0.26272	3.5007	11.213	1	0.26272	3.5007	11.213	0	1	0.26272	3.5007	11.213	1	0.26272	3.5007	11.213	1	0.26272	3.5007	11.213	1	0.26272	3.5007	11.213	0	0.13333	0.13333	0.13333	0.13333	0.13333	0.13333	0.13333	0.13333	0.13333	0.13333	0.13333	0.13333	0.13333	0.13333	0.13333	0.13333	0.13333
10000	6.9949	0.0049883	0.019971	1	1	0.799	0.99854	0.30095	2.5026	15.012	0.99854	0.30095	2.5026	15.012	0.99854	0.30095	2.5026	15.012	0.99854	0.30095	2.5026	15.012	0	0.99726	0.30056	2.4994	14.992	0.99726	0.30056	2.4994	14.992	0.99726	0.30056	2.4994	14.992	0.99726	0.30056	2.4994	14.992	0	0	0	0	0	0	0	0	0	0	0	0	0	0	0	0	0	0
10000	10	0.0060816	0.02	1	1	0.96882	0.97016	0.34669	3.9087	11.115	0.97016	0.34669	3.9087	11.115	0.97016	0.34669	3.9087	11.115	0.97016	0.34669	3.9087	11.115	0	0.99959	0.3572	4.0272	11.452	0.99959	0.3572	4.0272	11.452	0.99959	0.3572	4.0272	11.452	0.99959	0.3572	4.0272	11.452	0	0.094033	0.094033	0.094033	0.094033	0.094033	0.094033	0.094033	0.094033	0.094033	0.094033	0.094033	0.094033	0.094033	0.094033	0.094033	0.094033	0.094033
10000	7.3212	0.010209	0.01	1	1	0.81466	0.99434	0.25155	3.3285	11.334	0.99434	0.25155	3.3285	11.334	0.99434	0.25155	3.3285	11.334	0.99434	0.25155	3.3285	11.334	0	1.0002	0.25302	3.348	11.4	1.0002	0.25302	3.348	11.4	1.0002	0.25302	3.348	11.4	1.0002	0.25302	3.348	11.4	0	0.099688	0.099688	0.099688	0.099688	0.099688	0.099688	0.099688	0.099688	0.099688	0.099688	0.099688	0.099688	0.099688	0.099688	0.099688	0.099688	0.099688
10000	7.5805	0.0085699	0.019235	1	1	1.4792	1.0278	0.013889	3.4423	38.075	1.0278	0.013889	3.4423	38.075	1.0278	0.013889	3.4423	38.075	1.0278	0.013889	3.4423	38.075	0	1.0122	0.013679	3.3903	37.5	1.0122	0.013679	3.3903	37.5	1.0122	0.013679	3.3903	37.5	1.0122	0.013679	3.3903	37.5	0	0.094444	0.094444	0.094444	0.094444	0.094444	0.094444	0.094444	0.094444	0.094444	0.094444	0.094444	0.094444	0.094444	0.094444	0.094444	0.094444	0.094444
10000	8.1002	0.001	0.01	1	1	1	1.4296	0.5	3.7443	20	1.4296	0.5	3.7443	20	1.4296	0.5	3.7443	20	1.4296	0.5	3.7443	20	0	1.1869	0.41511	3.1086	16.604	1.1869	0.41511	3.1086	16.604	1.1869	0.41511	3.1086	16.604	1.1869	0.41511	3.1086	16.604	0	0.087997	0.087997	0.087997	0.087997	0.087997	0.087997	0.087997	0.087997	0.087997	0.087997	0.087997	0.087997	0.087997	0.087997	0.087997	0.087997	0.087997
10000	9.9999	0.005	0.01	1	1	1.6	1	0.3	3.3333	15	1	0.3	3.3333	15	1	0.3	3.3333	15	1	0.3	3.3333	15	0	0.625	0.1875	2.0833	9.375	0.625	0.1875	2.0833	9.375	0.625	0.1875	2.0833	9.375	0.625	0.1875	2.0833	9.375	0	0.1	0.1	0.1	0.1	0.1	0.1	0.1	0.1	0.1	0.1	0.1	0.1	0.1	0.1	0.1	0.1	0.1
10000	8.7651	0.0087166	0.026243	1	1	1.6149	1.2638	0.46104	4.8357	15.751	1.2638	0.46104	4.8357	15.751	1.2638	0.46104	4.8357	15.751	1.2638	0.46104	4.8357	15.751	0	0.69125	0.25217	2.6449	8.6153	0.69125	0.25217	2.6449	8.6153	0.69125	0.25217	2.6449	8.6153	0.69125	0.25217	2.6449	8.6153	0	0.081218	0.081218	0.081218	0.081218	0.081218	0.081218	0.081218	0.081218	0.081218	0.081218	0.081218	0.081218	0.081218	0.081218	0.081218	0.081218	0.081218
10000	5.5463	0.0099999	0.017247	1	1	1.3333	1.2971	0.5	2.7932	15	1.2971	0.5	2.7932	15	1.2971	0.5	2.7932	15	1.2971	0.5	2.7932	15	0	0.81957	0.31593	1.765	9.478	0.81957	0.31593	1.765	9.478	0.81957	0.31593	1.765	9.478	0.81957	0.31593	1.765	9.478	0	0	0	0	0	0	0	0	0	0	0	0	0	0	0	0	0	0
10000	4.335	0.001	0.019988	1	1	0.40026	1.017	0.27418	2.5012	15.005	1.017	0.27418	2.5012	15.005	1.017	0.27418	2.5012	15.005	1.017	0.27418	2.5012	15.005	0	0.25425	0.068546	0.62529	3.7513	0.25425	0.068546	0.62529	3.7513	0.25425	0.068546	0.62529	3.7513	0.25425	0.068546	0.62529	3.7513	0	0.20004	0.20004	0.20004	0.20004	0.20004	0.20004	0.20004	0.20004	0.20004	0.20004	0.20004	0.20004	0.20004	0.20004	0.20004	0.20004	0.20004
10000	4.7223	0.0066883	0.020298	1	1	0.39831	0.66469	0.77125	3.8212	14.334	0.66469	0.77125	3.8212	14.334	0.66469	0.77125	3.8212	14.334	0.66469	0.77125	3.8212	14.334	0	0.39098	0.45366	2.2477	8.4316	0.39098	0.45366	2.2477	8.4316	0.39098	0.45366	2.2477	8.4316	0.39098	0.45366	2.2477	8.4316	0	0.25125	0.25125	0.25125	0.25125	0.25125	0.25125	0.25125	0.25125	0.25125	0.25125	0.25125	0.25125	0.25125	0.25125	0.25125	0.25125	0.25125
10000	7.4495	0.0067256	0.01	1	1	0.32851	0.80831	1.2756	2.9693	22.792	0.80831	1.2756	2.9693	22.792	0.80831	1.2756	2.9693	22.792	0.80831	1.2756	2.9693	22.792	0	0.20208	0.3189	0.74233	5.6981	0.20208	0.3189	0.74233	5.6981	0.20208	0.3189	0.74233	5.6981	0.20208	0.3189	0.74233	5.6981	0	0.2816	0.2816	0.2816	0.2816	0.2816	0.2816	0.2816	0.2816	0.2816	0.2816	0.2816	0.2816	0.2816	0.2816	0.2816	0.2816	0.2816
10000	10	0.005	0.03	1	1	0.26476	1	1.2435	2.7216	40.621	1	1.2435	2.7216	40.621	1	1.2435	2.7216	40.621	1	1.2435	2.7216	40.621	0	0.42751	0.53162	1.1635	17.366	0.42751	0.53162	1.1635	17.366	0.42751	0.53162	1.1635	17.366	0.42751	0.53162	1.1635	17.366	0	0.2	0.2	0.2	0.2	0.2	0.2	0.2	0.2	0.2	0.2	0.2	0.2	0.2	0.2	0.2	0.2	0.2
10000	6.992	0.021665	0.01	1	1	0.80207	0.82376	0.29851	4.6481	16.685	0.82376	0.29851	4.6481	16.685	0.82376	0.29851	4.6481	16.685	0.82376	0.29851	4.6481	16.685	0	1.6501	0.59796	9.3108	33.423	1.6501	0.59796	9.3108	33.423	1.6501	0.59796	9.3108	33.423	1.6501	0.59796	9.3108	33.423	0	0.38161	0.38161	0.38161	0.38161	0.38161	0.38161	0.38161	0.38161	0.38161	0.38161	0.38161	0.38161	0.38161	0.38161	0.38161	0.38161	0.38161
10000	7	0.015	0.02	1	1	0.63001	1.039	0.4042	3.5	8.3868	1.039	0.4042	3.5	8.3868	1.039	0.4042	3.5	8.3868	1.039	0.4042	3.5	8.3868	0	0.79598	0.30965	2.6813	6.4251	0.79598	0.30965	2.6813	6.4251	0.79598	0.30965	2.6813	6.4251	0.79598	0.30965	2.6813	6.4251	0	0.21487	0.21487	0.21487	0.21487	0.21487	0.21487	0.21487	0.21487	0.21487	0.21487	0.21487	0.21487	0.21487	0.21487	0.21487	0.21487	0.21487
10000	7.3333	0.026667	0.01	1	1	0.7423	1	0.5	2.5	15	1	0.5	2.5	15	1	0.5	2.5	15	1	0.5	2.5	15	0	1	0.5	2.5	15	1	0.5	2.5	15	1	0.5	2.5	15	1	0.5	2.5	15	0	0.13333	0.13333	0.13333	0.13333	0.13333	0.13333	0.13333	0.13333	0.13333	0.13333	0.13333	0.13333	0.13333	0.13333	0.13333	0.13333	0.13333
10000	4.9446	0.0047778	0.01	1	1	0.40187	1.0359	0.52083	2.939	14.778	1.0359	0.52083	2.939	14.778	1.0359	0.52083	2.939	14.778	1.0359	0.52083	2.939	14.778	0	0.53233	0.26765	1.5103	7.5941	0.53233	0.26765	1.5103	7.5941	0.53233	0.26765	1.5103	7.5941	0.53233	0.26765	1.5103	7.5941	0	0.13994	0.13994	0.13994	0.13994	0.13994	0.13994	0.13994	0.13994	0.13994	0.13994	0.13994	0.13994	0.13994	0.13994	0.13994	0.13994	0.13994
10000	10	0.01	0.02	1	1	0.53333	0.8	0.3	2.5	15	0.8	0.3	2.5	15	0.8	0.3	2.5	15	0.8	0.3	2.5	15	0	0.8	0.3	2.5	15	0.8	0.3	2.5	15	0.8	0.3	2.5	15	0.8	0.3	2.5	15	0	0.2	0.2	0.2	0.2	0.2	0.2	0.2	0.2	0.2	0.2	0.2	0.2	0.2	0.2	0.2	0.2	0.2
10000	6.9466	0.0047963	0.020509	1	1	0.38218	1.1187	0.81909	2.5163	39.465	1.1187	0.81909	2.5163	39.465	1.1187	0.81909	2.5163	39.465	1.1187	0.81909	2.5163	39.465	0	0.57288	0.41944	1.2886	20.209	0.57288	0.41944	1.2886	20.209	0.57288	0.41944	1.2886	20.209	0.57288	0.41944	1.2886	20.209	0	0.19605	0.19605	0.19605	0.19605	0.19605	0.19605	0.19605	0.19605	0.19605	0.19605	0.19605	0.19605	0.19605	0.19605	0.19605	0.19605	0.19605
10000	10	0.0050182	0.021812	1	1	0.40126	0.96169	0.50052	3.4443	20.024	0.96169	0.50052	3.4443	20.024	0.96169	0.50052	3.4443	20.024	0.96169	0.50052	3.4443	20.024	0	1.1201	0.58295	4.0115	23.321	1.1201	0.58295	4.0115	23.321	1.1201	0.58295	4.0115	23.321	1.1201	0.58295	4.0115	23.321	0	0.19909	0.19909	0.19909	0.19909	0.19909	0.19909	0.19909	0.19909	0.19909	0.19909	0.19909	0.19909	0.19909	0.19909	0.19909	0.19909	0.19909
10000	7.6966	0.0050246	0.028659	1	1	0.46615	0.85274	0.36062	2.8513	19.564	0.85274	0.36062	2.8513	19.564	0.85274	0.36062	2.8513	19.564	0.85274	0.36062	2.8513	19.564	0	0.8642	0.36546	2.8896	19.826	0.8642	0.36546	2.8896	19.826	0.8642	0.36546	2.8896	19.826	0.8642	0.36546	2.8896	19.826	0	0.26052	0.26052	0.26052	0.26052	0.26052	0.26052	0.26052	0.26052	0.26052	0.26052	0.26052	0.26052	0.26052	0.26052	0.26052	0.26052	0.26052
10000	5.9817	0.0029738	0.02	1	1	0.53333	1	1	2.5	15	1	1	2.5	15	1	1	2.5	15	1	1	2.5	15	0	0.625	0.625	1.5625	9.3751	0.625	0.625	1.5625	9.3751	0.625	0.625	1.5625	9.3751	0.625	0.625	1.5625	9.3751	0	0.19184	0.19184	0.19184	0.19184	0.19184	0.19184	0.19184	0.19184	0.19184	0.19184	0.19184	0.19184	0.19184	0.19184	0.19184	0.19184	0.19184
10000	5	0.01	0.02	1	1	0.4	0.8	0.5	2.5	15	0.8	0.5	2.5	15	0.8	0.5	2.5	15	0.8	0.5	2.5	15	0	0.8	0.5	2.5	15	0.8	0.5	2.5	15	0.8	0.5	2.5	15	0.8	0.5	2.5	15	0	0.2	0.2	0.2	0.2	0.2	0.2	0.2	0.2	0.2	0.2	0.2	0.2	0.2	0.2	0.2	0.2	0.2
10000	10	0.025615	0.01	1	1	0.50824	0.88592	0.43374	3.1664	16.646	0.88592	0.43374	3.1664	16.646	0.88592	0.43374	3.1664	16.646	0.88592	0.43374	3.1664	16.646	0	1.0454	0.51182	3.7364	19.643	1.0454	0.51182	3.7364	19.643	1.0454	0.51182	3.7364	19.643	1.0454	0.51182	3.7364	19.643	0	0.17527	0.17527	0.17527	0.17527	0.17527	0.17527	0.17527	0.17527	0.17527	0.17527	0.17527	0.17527	0.17527	0.17527	0.17527	0.17527	0.17527
10000	9.5314	0.005	0.01	1	1	0.8	1	0.5	2.607	15	1	0.5	2.607	15	1	0.5	2.607	15	1	0.5	2.607	15	0	2	1	5.214	30	2	1	5.214	30	2	1	5.214	30	2	1	5.214	30	0	0.31667	0.31667	0.31667	0.31667	0.31667	0.31667	0.31667	0.31667	0.31667	0.31667	0.31667	0.31667	0.31667	0.31667	0.31667	0.31667	0.31667
10000	7	0.001	0.01	1	1	0.30717	1.3205	0.5	2.5	40	1.3205	0.5	2.5	40	1.3205	0.5	2.5	40	1.3205	0.5	2.5	40	0	0.33013	0.125	0.625	10	0.33013	0.125	0.625	10	0.33013	0.125	0.625	10	0.33013	0.125	0.625	10	0	0.083333	0.083333	0.083333	0.083333	0.083333	0.083333	0.083333	0.083333	0.083333	0.083333	0.083333	0.083333	0.083333	0.083333	0.083333	0.083333	0.083333
10000	10	0.004701	0.018471	1	1	0.49706	0.96262	0.5757	2.5654	28.552	0.96262	0.5757	2.5654	28.552	0.96262	0.5757	2.5654	28.552	0.96262	0.5757	2.5654	28.552	0	0.9941	0.59453	2.6493	29.486	0.9941	0.59453	2.6493	29.486	0.9941	0.59453	2.6493	29.486	0.9941	0.59453	2.6493	29.486	0	0.11011	0.11011	0.11011	0.11011	0.11011	0.11011	0.11011	0.11011	0.11011	0.11011	0.11011	0.11011	0.11011	0.11011	0.11011	0.11011	0.11011
10000	10	0.001	0.019738	1	1	0.4	1	0.3	2.5	15	1	0.3	2.5	15	1	0.3	2.5	15	1	0.3	2.5	15	0	1	0.3	2.5	15	1	0.3	2.5	15	1	0.3	2.5	15	1	0.3	2.5	15	0	0.098973	0.098973	0.098973	0.098973	0.098973	0.098973	0.098973	0.098973	0.098973	0.098973	0.098973	0.098973	0.098973	0.098973	0.098973	0.098973	0.098973
10000	7	0.01	0.021481	1	1	0.65218	1	0.4	2.5	15	1	0.4	2.5	15	1	0.4	2.5	15	1	0.4	2.5	15	0	1.0009	0.40037	2.5023	15.014	1.0009	0.40037	2.5023	15.014	1.0009	0.40037	2.5023	15.014	1.0009	0.40037	2.5023	15.014	0	0.1	0.1	0.1	0.1	0.1	0.1	0.1	0.1	0.1	0.1	0.1	0.1	0.1	0.1	0.1	0.1	0.1
10000	9.9999	0.001	0.016667	1	1	0.70258	1.016	0.29979	3.3339	13.794	1.016	0.29979	3.3339	13.794	1.016	0.29979	3.3339	13.794	1.016	0.29979	3.3339	13.794	0	1.1309	0.3337	3.711	15.354	1.1309	0.3337	3.711	15.354	1.1309	0.3337	3.711	15.354	1.1309	0.3337	3.711	15.354	0	0.18522	0.18522	0.18522	0.18522	0.18522	0.18522	0.18522	0.18522	0.18522	0.18522	0.18522	0.18522	0.18522	0.18522	0.18522	0.18522	0.18522
10000	10	0.0067827	0.020249	1	1	0.8	1	0.32222	5	15	1	0.32222	5	15	1	0.32222	5	15	1	0.32222	5	15	0	1.3929	0.44883	6.9646	20.894	1.3929	0.44883	6.9646	20.894	1.3929	0.44883	6.9646	20.894	1.3929	0.44883	6.9646	20.894	0	0.19259	0.19259	0.19259	0.19259	0.19259	0.19259	0.19259	0.19259	0.19259	0.19259	0.19259	0.19259	0.19259	0.19259	0.19259	0.19259	0.19259
10000	6.0418	0.0156	0.017684	1	1	0.69578	1.4305	0.3623	3.7571	19.074	1.4305	0.3623	3.7571	19.074	1.4305	0.3623	3.7571	19.074	1.4305	0.3623	3.7571	19.074	0	1.5268	0.38669	4.01	20.358	1.5268	0.38669	4.01	20.358	1.5268	0.38669	4.01	20.358	1.5268	0.38669	4.01	20.358	0	0.22313	0.22313	0.22313	0.22313	0.22313	0.22313	0.22313	0.22313	0.22313	0.22313	0.22313	0.22313	0.22313	0.22313	0.22313	0.22313	0.22313
10000	3.4563	0.0049627	0.019907	1	1	0.65475	1.0047	0.30303	2.5082	30.037	1.0047	0.30303	2.5082	30.037	1.0047	0.30303	2.5082	30.037	1.0047	0.30303	2.5082	30.037	0	1.0056	0.3033	2.5104	30.064	1.0056	0.3033	2.5104	30.064	1.0056	0.3033	2.5104	30.064	1.0056	0.3033	2.5104	30.064	0	0.20186	0.20186	0.20186	0.20186	0.20186	0.20186	0.20186	0.20186	0.20186	0.20186	0.20186	0.20186	0.20186	0.20186	0.20186	0.20186	0.20186
10000	5.9306	0.001	0.01	1	1	0.8441	1.8946	0.625	4.125	19	1.8946	0.625	4.125	19	1.8946	0.625	4.125	19	1.8946	0.625	4.125	19	0	1.0913	0.36002	2.3762	10.945	1.0913	0.36002	2.3762	10.945	1.0913	0.36002	2.3762	10.945	1.0913	0.36002	2.3762	10.945	0	0.2305	0.2305	0.2305	0.2305	0.2305	0.2305	0.2305	0.2305	0.2305	0.2305	0.2305	0.2305	0.2305	0.2305	0.2305	0.2305	0.2305
10000	7	0.0035542	0.01	1	1	0.8	1	0.4	2.7537	30	1	0.4	2.7537	30	1	0.4	2.7537	30	1	0.4	2.7537	30	0	1	0.4	2.7537	30	1	0.4	2.7537	30	1	0.4	2.7537	30	1	0.4	2.7537	30	0	0.2	0.2	0.2	0.2	0.2	0.2	0.2	0.2	0.2	0.2	0.2	0.2	0.2	0.2	0.2	0.2	0.2
10000	7.5615	0.001	0.03	1	1	0.74199	1.4669	0.3	3.6579	30.505	1.4669	0.3	3.6579	30.505	1.4669	0.3	3.6579	30.505	1.4669	0.3	3.6579	30.505	0	0.36673	0.075	0.91449	7.6261	0.36673	0.075	0.91449	7.6261	0.36673	0.075	0.91449	7.6261	0.36673	0.075	0.91449	7.6261	0	0.10241	0.10241	0.10241	0.10241	0.10241	0.10241	0.10241	0.10241	0.10241	0.10241	0.10241	0.10241	0.10241	0.10241	0.10241	0.10241	0.10241
10000	8.3178	0.0039734	0.022194	1	1	0.80226	1.4129	0.41317	2.9689	15.02	1.4129	0.41317	2.9689	15.02	1.4129	0.41317	2.9689	15.02	1.4129	0.41317	2.9689	15.02	0	1.3721	0.40123	2.8831	14.586	1.3721	0.40123	2.8831	14.586	1.3721	0.40123	2.8831	14.586	1.3721	0.40123	2.8831	14.586	0	0.20022	0.20022	0.20022	0.20022	0.20022	0.20022	0.20022	0.20022	0.20022	0.20022	0.20022	0.20022	0.20022	0.20022	0.20022	0.20022	0.20022
10000	3.741	0.022333	0.01	1	1	1.25	2.0706	0.725	5.875	34	2.0706	0.725	5.875	34	2.0706	0.725	5.875	34	2.0706	0.725	5.875	34	0	0.51765	0.18125	1.4688	8.5	0.51765	0.18125	1.4688	8.5	0.51765	0.18125	1.4688	8.5	0.51765	0.18125	1.4688	8.5	0	0	0	0	0	0	0	0	0	0	0	0	0	0	0	0	0	0
10000	7	0.003349	0.03	1	1	0.8	2	1.0663	3.3333	30	2	1.0663	3.3333	30	2	1.0663	3.3333	30	2	1.0663	3.3333	30	0	0.72573	0.38694	1.2096	10.886	0.72573	0.38694	1.2096	10.886	0.72573	0.38694	1.2096	10.886	0.72573	0.38694	1.2096	10.886	0	0.099999	0.099999	0.099999	0.099999	0.099999	0.099999	0.099999	0.099999	0.099999	0.099999	0.099999	0.099999	0.099999	0.099999	0.099999	0.099999	0.099999
10000	8.3578	0.001	0.017717	1	1	1	1.0121	0.3	3.4899	15	1.0121	0.3	3.4899	15	1.0121	0.3	3.4899	15	1.0121	0.3	3.4899	15	0	0.96893	0.28721	3.341	14.36	0.96893	0.28721	3.341	14.36	0.96893	0.28721	3.341	14.36	0.96893	0.28721	3.341	14.36	0	0.17645	0.17645	0.17645	0.17645	0.17645	0.17645	0.17645	0.17645	0.17645	0.17645	0.17645	0.17645	0.17645	0.17645	0.17645	0.17645	0.17645
10000	6.975	0.001	0.020502	1	1	0.96139	0.89663	0.25351	3.3093	15.012	0.89663	0.25351	3.3093	15.012	0.89663	0.25351	3.3093	15.012	0.89663	0.25351	3.3093	15.012	0	0.91158	0.25773	3.3645	15.262	0.91158	0.25773	3.3645	15.262	0.91158	0.25773	3.3645	15.262	0.91158	0.25773	3.3645	15.262	0	0.19264	0.19264	0.19264	0.19264	0.19264	0.19264	0.19264	0.19264	0.19264	0.19264	0.19264	0.19264	0.19264	0.19264	0.19264	0.19264	0.19264
10000	8.0189	0.0036667	0.030616	1	1	1.0944	0.9413	0.3	3.9636	15	0.9413	0.3	3.9636	15	0.9413	0.3	3.9636	15	0.9413	0.3	3.9636	15	0	0.83277	0.26541	3.5066	13.271	0.83277	0.26541	3.5066	13.271	0.83277	0.26541	3.5066	13.271	0.83277	0.26541	3.5066	13.271	0	0.20062	0.20062	0.20062	0.20062	0.20062	0.20062	0.20062	0.20062	0.20062	0.20062	0.20062	0.20062	0.20062	0.20062	0.20062	0.20062	0.20062
10000	7	0.001	0.024174	1	1	1.0667	1	0.2054	2.5	15	1	0.2054	2.5	15	1	0.2054	2.5	15	1	0.2054	2.5	15	0	1	0.2054	2.5	15	1	0.2054	2.5	15	1	0.2054	2.5	15	1	0.2054	2.5	15	0	0.11219	0.11219	0.11219	0.11219	0.11219	0.11219	0.11219	0.11219	0.11219	0.11219	0.11219	0.11219	0.11219	0.11219	0.11219	0.11219	0.11219
10000	10	0.001	0.02	1	1	0.8	1	0.3	2.5	15	1	0.3	2.5	15	1	0.3	2.5	15	1	0.3	2.5	15	0	0.95834	0.2875	2.3958	14.375	0.95834	0.2875	2.3958	14.375	0.95834	0.2875	2.3958	14.375	0.95834	0.2875	2.3958	14.375	0	0.23333	0.23333	0.23333	0.23333	0.23333	0.23333	0.23333	0.23333	0.23333	0.23333	0.23333	0.23333	0.23333	0.23333	0.23333	0.23333	0.23333
10000	10	0.001	0.062281	1	1	0.90049	1	0.22441	3.1904	12.555	1	0.22441	3.1904	12.555	1	0.22441	3.1904	12.555	1	0.22441	3.1904	12.555	0	1.1164	0.25053	3.5619	14.017	1.1164	0.25053	3.5619	14.017	1.1164	0.25053	3.5619	14.017	1.1164	0.25053	3.5619	14.017	0	0.14089	0.14089	0.14089	0.14089	0.14089	0.14089	0.14089	0.14089	0.14089	0.14089	0.14089	0.14089	0.14089	0.14089	0.14089	0.14089	0.14089
10000	10	0.001	0.01	1	1	0.73585	0.76285	0.34633	2.3753	14.43	0.76285	0.34633	2.3753	14.43	0.76285	0.34633	2.3753	14.43	0.76285	0.34633	2.3753	14.43	0	0.81042	0.36792	2.5234	15.33	0.81042	0.36792	2.5234	15.33	0.81042	0.36792	2.5234	15.33	0.81042	0.36792	2.5234	15.33	0	0.095211	0.095211	0.095211	0.095211	0.095211	0.095211	0.095211	0.095211	0.095211	0.095211	0.095211	0.095211	0.095211	0.095211	0.095211	0.095211	0.095211
10000	8.5254	0.0028657	0.02	1	1	1.1422	1	0.3	3.5	14.755	1	0.3	3.5	14.755	1	0.3	3.5	14.755	1	0.3	3.5	14.755	0	1.0179	0.30537	3.5626	15.019	1.0179	0.30537	3.5626	15.019	1.0179	0.30537	3.5626	15.019	1.0179	0.30537	3.5626	15.019	0	0.10555	0.10555	0.10555	0.10555	0.10555	0.10555	0.10555	0.10555	0.10555	0.10555	0.10555	0.10555	0.10555	0.10555	0.10555	0.10555	0.10555
10000	10	0.0044681	0.016637	1	1	0.88649	0.80014	0.36598	2.5076	15.001	0.80014	0.36598	2.5076	15.001	0.80014	0.36598	2.5076	15.001	0.80014	0.36598	2.5076	15.001	0	0.79868	0.36532	2.503	14.974	0.79868	0.36532	2.503	14.974	0.79868	0.36532	2.503	14.974	0.79868	0.36532	2.503	14.974	0	0.049422	0.049422	0.049422	0.049422	0.049422	0.049422	0.049422	0.049422	0.049422	0.049422	0.049422	0.049422	0.049422	0.049422	0.049422	0.049422	0.049422
10000	7	0.001	0.023715	1	1	0.8	0.86428	0.3	2.5	10	0.86428	0.3	2.5	10	0.86428	0.3	2.5	10	0.86428	0.3	2.5	10	0	0.71973	0.24983	2.0819	8.3276	0.71973	0.24983	2.0819	8.3276	0.71973	0.24983	2.0819	8.3276	0.71973	0.24983	2.0819	8.3276	0	0.065622	0.065622	0.065622	0.065622	0.065622	0.065622	0.065622	0.065622	0.065622	0.065622	0.065622	0.065622	0.065622	0.065622	0.065622	0.065622	0.065622
10000	6.6667	0.001	0.018687	1	1	1.1426	1	0.246	2.7355	15	1	0.246	2.7355	15	1	0.246	2.7355	15	1	0.246	2.7355	15	0	0.66048	0.16248	1.8067	9.9072	0.66048	0.16248	1.8067	9.9072	0.66048	0.16248	1.8067	9.9072	0.66048	0.16248	1.8067	9.9072	0	0.099999	0.099999	0.099999	0.099999	0.099999	0.099999	0.099999	0.099999	0.099999	0.099999	0.099999	0.099999	0.099999	0.099999	0.099999	0.099999	0.099999
10000	4.3651	0.0051805	0.021658	1	1	1.0226	0.8203	0.44572	2.8173	14.82	0.8203	0.44572	2.8173	14.82	0.8203	0.44572	2.8173	14.82	0.8203	0.44572	2.8173	14.82	0	0.31029	0.1686	1.0657	5.6056	0.31029	0.1686	1.0657	5.6056	0.31029	0.1686	1.0657	5.6056	0.31029	0.1686	1.0657	5.6056	0	0	0	0	0	0	0	0	0	0	0	0	0	0	0	0	0	0
10000	5.8789	0.011667	0.015	1	1	1.1338	1.0958	0.2223	3.3333	15	1.0958	0.2223	3.3333	15	1.0958	0.2223	3.3333	15	1.0958	0.2223	3.3333	15	0	0.97055	0.19688	2.9522	13.285	0.97055	0.19688	2.9522	13.285	0.97055	0.19688	2.9522	13.285	0.97055	0.19688	2.9522	13.285	0	0.2	0.2	0.2	0.2	0.2	0.2	0.2	0.2	0.2	0.2	0.2	0.2	0.2	0.2	0.2	0.2	0.2
10000	10	0.005	0.018051	1	1	1.1688	0.84628	0.014585	3.3868	15	0.84628	0.014585	3.3868	15	0.84628	0.014585	3.3868	15	0.84628	0.014585	3.3868	15	0	0.84628	0.014585	3.3868	15	0.84628	0.014585	3.3868	15	0.84628	0.014585	3.3868	15	0.84628	0.014585	3.3868	15	0	0.2	0.2	0.2	0.2	0.2	0.2	0.2	0.2	0.2	0.2	0.2	0.2	0.2	0.2	0.2	0.2	0.2
10000	8.1917	0.0047778	0.02	1	1	1.1295	1	0.3	2.5	15	1	0.3	2.5	15	1	0.3	2.5	15	1	0.3	2.5	15	0	1	0.3	2.5	15	1	0.3	2.5	15	1	0.3	2.5	15	1	0.3	2.5	15	0	0.1	0.1	0.1	0.1	0.1	0.1	0.1	0.1	0.1	0.1	0.1	0.1	0.1	0.1	0.1	0.1	0.1
10000	10	0.001	0.019919	1	1	1.004	0.80364	0.2986	2.8131	15.032	0.80364	0.2986	2.8131	15.032	0.80364	0.2986	2.8131	15.032	0.80364	0.2986	2.8131	15.032	0	0.8008	0.29754	2.8032	14.979	0.8008	0.29754	2.8032	14.979	0.8008	0.29754	2.8032	14.979	0.8008	0.29754	2.8032	14.979	0	0.099196	0.099196	0.099196	0.099196	0.099196	0.099196	0.099196	0.099196	0.099196	0.099196	0.099196	0.099196	0.099196	0.099196	0.099196	0.099196	0.099196
10000	7	0.0064028	0.015	1	1	1.0667	1	0.3	2.5	15	1	0.3	2.5	15	1	0.3	2.5	15	1	0.3	2.5	15	0	0.94756	0.28427	2.3689	14.213	0.94756	0.28427	2.3689	14.213	0.94756	0.28427	2.3689	14.213	0.94756	0.28427	2.3689	14.213	0	0	0	0	0	0	0	0	0	0	0	0	0	0	0	0	0	0
10000	5	0.001	0.02	1	1	1	1.0158	0.3	2.7401	15	1.0158	0.3	2.7401	15	1.0158	0.3	2.7401	15	1.0158	0.3	2.7401	15	0	0.9612	0.28389	2.5929	14.194	0.9612	0.28389	2.5929	14.194	0.9612	0.28389	2.5929	14.194	0.9612	0.28389	2.5929	14.194	0	0.13333	0.13333	0.13333	0.13333	0.13333	0.13333	0.13333	0.13333	0.13333	0.13333	0.13333	0.13333	0.13333	0.13333	0.13333	0.13333	0.13333
10000	10	0.001	0.030126	1	1	1.1251	1.0012	0.26912	3.3278	11.642	1.0012	0.26912	3.3278	11.642	1.0012	0.26912	3.3278	11.642	1.0012	0.26912	3.3278	11.642	0	0.49901	0.13414	1.6587	5.8025	0.49901	0.13414	1.6587	5.8025	0.49901	0.13414	1.6587	5.8025	0.49901	0.13414	1.6587	5.8025	0	0	0	0	0	0	0	0	0	0	0	0	0	0	0	0	0	0
10000	8.0172	0.0014294	0.030676	1	1	1.3905	1.0169	0.28901	3.5143	15.135	1.0169	0.28901	3.5143	15.135	1.0169	0.28901	3.5143	15.135	1.0169	0.28901	3.5143	15.135	0	0.51508	0.14639	1.78	7.6662	0.51508	0.14639	1.78	7.6662	0.51508	0.14639	1.78	7.6662	0.51508	0.14639	1.78	7.6662	0	0.10338	0.10338	0.10338	0.10338	0.10338	0.10338	0.10338	0.10338	0.10338	0.10338	0.10338	0.10338	0.10338	0.10338	0.10338	0.10338	0.10338
10000	5.5761	0.001	0.02	1	1	0.78422	0.80977	0.31774	2.8333	15	0.80977	0.31774	2.8333	15	0.80977	0.31774	2.8333	15	0.80977	0.31774	2.8333	15	0	0.80977	0.31774	2.8333	15	0.80977	0.31774	2.8333	15	0.80977	0.31774	2.8333	15	0.80977	0.31774	2.8333	15	0	0.21111	0.21111	0.21111	0.21111	0.21111	0.21111	0.21111	0.21111	0.21111	0.21111	0.21111	0.21111	0.21111	0.21111	0.21111	0.21111	0.21111
10000	4.8303	0.0010011	0.030477	1	1	0.4537	0.4683	0.65927	2.1014	12.494	0.4683	0.65927	2.1014	12.494	0.4683	0.65927	2.1014	12.494	0.4683	0.65927	2.1014	12.494	0	0.26976	0.37977	1.2105	7.1974	0.26976	0.37977	1.2105	7.1974	0.26976	0.37977	1.2105	7.1974	0.26976	0.37977	1.2105	7.1974	0	2.775e-17	2.775e-17	2.775e-17	2.775e-17	2.775e-17	2.775e-17	2.775e-17	2.775e-17	2.775e-17	2.775e-17	2.775e-17	2.775e-17	2.775e-17	2.775e-17	2.775e-17	2.775e-17	2.775e-17
10000	7.7524	0.0070371	0.019259	1	1	0.7847	0.85232	0.4	4.2873	6.4187	0.85232	0.4	4.2873	6.4187	0.85232	0.4	4.2873	6.4187	0.85232	0.4	4.2873	6.4187	0	0.86132	0.40423	4.3326	6.4866	0.86132	0.40423	4.3326	6.4866	0.86132	0.40423	4.3326	6.4866	0.86132	0.40423	4.3326	6.4866	0	0.2	0.2	0.2	0.2	0.2	0.2	0.2	0.2	0.2	0.2	0.2	0.2	0.2	0.2	0.2	0.2	0.2
10000	8.0466	0.001	0.031591	1	1	0.4	0.73647	0.82553	2.5834	8.1209	0.73647	0.82553	2.5834	8.1209	0.73647	0.82553	2.5834	8.1209	0.73647	0.82553	2.5834	8.1209	0	0.56915	0.63798	1.9965	6.2759	0.56915	0.63798	1.9965	6.2759	0.56915	0.63798	1.9965	6.2759	0.56915	0.63798	1.9965	6.2759	0	0.099999	0.099999	0.099999	0.099999	0.099999	0.099999	0.099999	0.099999	0.099999	0.099999	0.099999	0.099999	0.099999	0.099999	0.099999	0.099999	0.099999
10000	4.614	0.001	0.019772	1	1	0.53099	1.266	0.91309	3.8602	16.947	1.266	0.91309	3.8602	16.947	1.266	0.91309	3.8602	16.947	1.266	0.91309	3.8602	16.947	0	0.60382	0.43551	1.8411	8.0832	0.60382	0.43551	1.8411	8.0832	0.60382	0.43551	1.8411	8.0832	0.60382	0.43551	1.8411	8.0832	0	0.096073	0.096073	0.096073	0.096073	0.096073	0.096073	0.096073	0.096073	0.096073	0.096073	0.096073	0.096073	0.096073	0.096073	0.096073	0.096073	0.096073
10000	9	0.01	0.017075	1	1	0.8	0.86667	0.43333	3.0556	15	0.86667	0.43333	3.0556	15	0.86667	0.43333	3.0556	15	0.86667	0.43333	3.0556	15	0	0.86667	0.43333	3.0556	15	0.86667	0.43333	3.0556	15	0.86667	0.43333	3.0556	15	0.86667	0.43333	3.0556	15	0	0.1	0.1	0.1	0.1	0.1	0.1	0.1	0.1	0.1	0.1	0.1	0.1	0.1	0.1	0.1	0.1	0.1
10000	4.4046	0.0091378	0.021625	1	1	0.64366	0.98626	0.35283	3.6969	14.35	0.98626	0.35283	3.6969	14.35	0.98626	0.35283	3.6969	14.35	0.98626	0.35283	3.6969	14.35	0	0.91825	0.32849	3.4419	13.36	0.91825	0.32849	3.4419	13.36	0.91825	0.32849	3.4419	13.36	0.91825	0.32849	3.4419	13.36	0	0.15626	0.15626	0.15626	0.15626	0.15626	0.15626	0.15626	0.15626	0.15626	0.15626	0.15626	0.15626	0.15626	0.15626	0.15626	0.15626	0.15626
10000	8.3403	0.0052222	0.020556	1	1	0.825	0.96085	0.32932	3.6007	8.3365	0.96085	0.32932	3.6007	8.3365	0.96085	0.32932	3.6007	8.3365	0.96085	0.32932	3.6007	8.3365	0	0.96314	0.33011	3.6093	8.3563	0.96314	0.33011	3.6093	8.3563	0.96314	0.33011	3.6093	8.3563	0.96314	0.33011	3.6093	8.3563	0	0.18995	0.18995	0.18995	0.18995	0.18995	0.18995	0.18995	0.18995	0.18995	0.18995	0.18995	0.18995	0.18995	0.18995	0.18995	0.18995	0.18995
10000	4	0.001	0.021824	1	1	0.8	1	0.3	4.6667	20	1	0.3	4.6667	20	1	0.3	4.6667	20	1	0.3	4.6667	20	0	0.52377	0.15713	2.4442	10.476	0.52377	0.15713	2.4442	10.476	0.52377	0.15713	2.4442	10.476	0.52377	0.15713	2.4442	10.476	0	0.17128	0.17128	0.17128	0.17128	0.17128	0.17128	0.17128	0.17128	0.17128	0.17128	0.17128	0.17128	0.17128	0.17128	0.17128	0.17128	0.17128
10000	3.051	0.0065758	0.026754	1	1	0.5304	1.319	0.42803	5.1098	31.576	1.319	0.42803	5.1098	31.576	1.319	0.42803	5.1098	31.576	1.319	0.42803	5.1098	31.576	0	0.7814	0.25357	3.0271	18.706	0.7814	0.25357	3.0271	18.706	0.7814	0.25357	3.0271	18.706	0.7814	0.25357	3.0271	18.706	0	0.12121	0.12121	0.12121	0.12121	0.12121	0.12121	0.12121	0.12121	0.12121	0.12121	0.12121	0.12121	0.12121	0.12121	0.12121	0.12121	0.12121
10000	4.7407	0.001	0.015	1	1	0.30315	0.84809	0.3	2.5	15	0.84809	0.3	2.5	15	0.84809	0.3	2.5	15	0.84809	0.3	2.5	15	0	0.84809	0.3	2.5	15	0.84809	0.3	2.5	15	0.84809	0.3	2.5	15	0.84809	0.3	2.5	15	0	0.15921	0.15921	0.15921	0.15921	0.15921	0.15921	0.15921	0.15921	0.15921	0.15921	0.15921	0.15921	0.15921	0.15921	0.15921	0.15921	0.15921
10000	7.2039	0.0019052	0.016185	1	1	-0.20713	0.83385	0.2734	3.3001	19.679	0.83385	0.2734	3.3001	19.679	0.83385	0.2734	3.3001	19.679	0.83385	0.2734	3.3001	19.679	0	0.63925	0.2096	2.53	15.087	0.63925	0.2096	2.53	15.087	0.63925	0.2096	2.53	15.087	0.63925	0.2096	2.53	15.087	0	0.1767	0.1767	0.1767	0.1767	0.1767	0.1767	0.1767	0.1767	0.1767	0.1767	0.1767	0.1767	0.1767	0.1767	0.1767	0.1767	0.1767
10000	3	0.02	0.032343	1	1	0.60334	1.3333	0.3	5.021	30	1.3333	0.3	5.021	30	1.3333	0.3	5.021	30	1.3333	0.3	5.021	30	0	1.1443	0.25746	4.3091	25.746	1.1443	0.25746	4.3091	25.746	1.1443	0.25746	4.3091	25.746	1.1443	0.25746	4.3091	25.746	0	0.099999	0.099999	0.099999	0.099999	0.099999	0.099999	0.099999	0.099999	0.099999	0.099999	0.099999	0.099999	0.099999	0.099999	0.099999	0.099999	0.099999
10000	3.0965	0.01	0.02	1	1	-0.24342	1	0.3	2.8561	20	1	0.3	2.8561	20	1	0.3	2.8561	20	1	0.3	2.8561	20	0	0.77882	0.23364	2.2244	15.576	0.77882	0.23364	2.2244	15.576	0.77882	0.23364	2.2244	15.576	0.77882	0.23364	2.2244	15.576	0	0.2	0.2	0.2	0.2	0.2	0.2	0.2	0.2	0.2	0.2	0.2	0.2	0.2	0.2	0.2	0.2	0.2
10000	4.3602	0.017004	0.023816	1	1	0.22362	0.7791	0.17598	3.9293	16.526	0.7791	0.17598	3.9293	16.526	0.7791	0.17598	3.9293	16.526	0.7791	0.17598	3.9293	16.526	0	0.61271	0.1384	3.0901	12.997	0.61271	0.1384	3.0901	12.997	0.61271	0.1384	3.0901	12.997	0.61271	0.1384	3.0901	12.997	0	0.12368	0.12368	0.12368	0.12368	0.12368	0.12368	0.12368	0.12368	0.12368	0.12368	0.12368	0.12368	0.12368	0.12368	0.12368	0.12368	0.12368
10000	10	0.001	0.02	1	1	0.4	0.8	0.14008	3.3333	20	0.8	0.14008	3.3333	20	0.8	0.14008	3.3333	20	0.8	0.14008	3.3333	20	0	0.87506	0.15322	3.6461	21.877	0.87506	0.15322	3.6461	21.877	0.87506	0.15322	3.6461	21.877	0.87506	0.15322	3.6461	21.877	0	0.2	0.2	0.2	0.2	0.2	0.2	0.2	0.2	0.2	0.2	0.2	0.2	0.2	0.2	0.2	0.2	0.2
10000	10	0.01	0.016667	1	1	0.44444	1	0.3	3.5	8.8275	1	0.3	3.5	8.8275	1	0.3	3.5	8.8275	1	0.3	3.5	8.8275	0	0.95833	0.2875	3.3542	8.4597	0.95833	0.2875	3.3542	8.4597	0.95833	0.2875	3.3542	8.4597	0.95833	0.2875	3.3542	8.4597	0	0.1	0.1	0.1	0.1	0.1	0.1	0.1	0.1	0.1	0.1	0.1	0.1	0.1	0.1	0.1	0.1	0.1
10000	5.6341	0.0086137	0.01	1	1	0.40458	0.99914	0.3366	4.9886	14.948	0.99914	0.3366	4.9886	14.948	0.99914	0.3366	4.9886	14.948	0.99914	0.3366	4.9886	14.948	0	0.84665	0.28523	4.2272	12.666	0.84665	0.28523	4.2272	12.666	0.84665	0.28523	4.2272	12.666	0.84665	0.28523	4.2272	12.666	0	0.10054	0.10054	0.10054	0.10054	0.10054	0.10054	0.10054	0.10054	0.10054	0.10054	0.10054	0.10054	0.10054	0.10054	0.10054	0.10054	0.10054
10000	7.1173	0.0098298	0.01	1	1	0.3756	0.94391	0.54168	4.4444	15	0.94391	0.54168	4.4444	15	0.94391	0.54168	4.4444	15	0.94391	0.54168	4.4444	15	0	0.90458	0.51911	4.2593	14.375	0.90458	0.51911	4.2593	14.375	0.90458	0.51911	4.2593	14.375	0.90458	0.51911	4.2593	14.375	0	0.18085	0.18085	0.18085	0.18085	0.18085	0.18085	0.18085	0.18085	0.18085	0.18085	0.18085	0.18085	0.18085	0.18085	0.18085	0.18085	0.18085
10000	6.6259	0.007	0.03	1	1	0.374	0.8	0.47983	3.5	71.876	0.8	0.47983	3.5	71.876	0.8	0.47983	3.5	71.876	0.8	0.47983	3.5	71.876	0	0.7	0.41986	3.0625	62.891	0.7	0.41986	3.0625	62.891	0.7	0.41986	3.0625	62.891	0.7	0.41986	3.0625	62.891	0	0.098148	0.098148	0.098148	0.098148	0.098148	0.098148	0.098148	0.098148	0.098148	0.098148	0.098148	0.098148	0.098148	0.098148	0.098148	0.098148	0.098148
10000	3	0.01	0.02	1	1	0.8	1	0.3	2.5	15	1	0.3	2.5	15	1	0.3	2.5	15	1	0.3	2.5	15	0	1	0.3	2.5	15	1	0.3	2.5	15	1	0.3	2.5	15	1	0.3	2.5	15	0	0.2	0.2	0.2	0.2	0.2	0.2	0.2	0.2	0.2	0.2	0.2	0.2	0.2	0.2	0.2	0.2	0.2
10000	8.2572	0.001	0.01	1	1	0.4	0.99999	0.27831	4.174	15	0.99999	0.27831	4.174	15	0.99999	0.27831	4.174	15	0.99999	0.27831	4.174	15	0	0.99999	0.27831	4.174	15	0.99999	0.27831	4.174	15	0.99999	0.27831	4.174	15	0.99999	0.27831	4.174	15	0	0.19641	0.19641	0.19641	0.19641	0.19641	0.19641	0.19641	0.19641	0.19641	0.19641	0.19641	0.19641	0.19641	0.19641	0.19641	0.19641	0.19641
10000	5	0.02	0.02	1	1	0.58804	1	0.66667	5	15	1	0.66667	5	15	1	0.66667	5	15	1	0.66667	5	15	0	0.95833	0.63889	4.7917	14.375	0.95833	0.63889	4.7917	14.375	0.95833	0.63889	4.7917	14.375	0.95833	0.63889	4.7917	14.375	0	0.18512	0.18512	0.18512	0.18512	0.18512	0.18512	0.18512	0.18512	0.18512	0.18512	0.18512	0.18512	0.18512	0.18512	0.18512	0.18512	0.18512
10000	5.2817	0.0054461	0.021885	1	1	0.40013	0.86395	0.37731	3.4996	20.002	0.86395	0.37731	3.4996	20.002	0.86395	0.37731	3.4996	20.002	0.86395	0.37731	3.4996	20.002	0	0.8638	0.37724	3.499	19.999	0.8638	0.37724	3.499	19.999	0.8638	0.37724	3.499	19.999	0.8638	0.37724	3.499	19.999	0	0.21919	0.21919	0.21919	0.21919	0.21919	0.21919	0.21919	0.21919	0.21919	0.21919	0.21919	0.21919	0.21919	0.21919	0.21919	0.21919	0.21919
10000	3.599	0.004129	0.01	1	1	0.80031	0.99966	0.66632	2.8281	15.003	0.99966	0.66632	2.8281	15.003	0.99966	0.66632	2.8281	15.003	0.99966	0.66632	2.8281	15.003	0	1.0185	0.67886	2.8813	15.285	1.0185	0.67886	2.8813	15.285	1.0185	0.67886	2.8813	15.285	1.0185	0.67886	2.8813	15.285	0	0.19986	0.19986	0.19986	0.19986	0.19986	0.19986	0.19986	0.19986	0.19986	0.19986	0.19986	0.19986	0.19986	0.19986	0.19986	0.19986	0.19986
