10000	8	0.010087	0.030455	1	1	0.78783	0.5611	0.13192	3.3097	0	0.5611	0.13192	3.3097	0	0.5611	0.13192	3.3097	0	0.5611	0.13192	3.3097	0	0	1.2872	0.30264	7.5926	0	1.2872	0.30264	7.5926	0	1.2872	0.30264	7.5926	0	1.2872	0.30264	7.5926	0	0	0.55811	0.55811	0.55811	0.55811	0.55811	0.55811	0.55811	0.55811	0.55811	0.55811	0.55811	0.55811	0.55811	0.55811	0.55811	0.55811	0.55811
10000	8.9361	0.010341	0.018889	1	1	0.75	0.83978	0.52375	2.5972	0	0.83978	0.52375	2.5972	0	0.83978	0.52375	2.5972	0	0.83978	0.52375	2.5972	0	0	0.90656	0.5654	2.8038	0	0.90656	0.5654	2.8038	0	0.90656	0.5654	2.8038	0	0.90656	0.5654	2.8038	0	0	0.23711	0.23711	0.23711	0.23711	0.23711	0.23711	0.23711	0.23711	0.23711	0.23711	0.23711	0.23711	0.23711	0.23711	0.23711	0.23711	0.23711
10000	8	0.02	0.025616	1	1	0.50958	1	0.35094	2.5	0	1	0.35094	2.5	0	1	0.35094	2.5	0	1	0.35094	2.5	0	0	0.40053	0.14056	1.0013	0	0.40053	0.14056	1.0013	0	0.40053	0.14056	1.0013	0	0.40053	0.14056	1.0013	0	0	0.075952	0.075952	0.075952	0.075952	0.075952	0.075952	0.075952	0.075952	0.075952	0.075952	0.075952	0.075952	0.075952	0.075952	0.075952	0.075952	0.075952
10000	7.4625	0.006034	0.03644	1	1	0.58844	0.94067	0.29553	5.1038	0	0.94067	0.29553	5.1038	0	0.94067	0.29553	5.1038	0	0.94067	0.29553	5.1038	0	0	1.073	0.33709	5.8216	0	1.073	0.33709	5.8216	0	1.073	0.33709	5.8216	0	1.073	0.33709	5.8216	0	0	0.51439	0.51439	0.51439	0.51439	0.51439	0.51439	0.51439	0.51439	0.51439	0.51439	0.51439	0.51439	0.51439	0.51439	0.51439	0.51439	0.51439
10000	6.4813	0.0069147	0.01	1	1	0.47787	0.75624	0.62286	4.4858	0	0.75624	0.62286	4.4858	0	0.75624	0.62286	4.4858	0	0.75624	0.62286	4.4858	0	0	0.74886	0.61677	4.442	0	0.74886	0.61677	4.442	0	0.74886	0.61677	4.442	0	0.74886	0.61677	4.442	0	0	0.2247	0.2247	0.2247	0.2247	0.2247	0.2247	0.2247	0.2247	0.2247	0.2247	0.2247	0.2247	0.2247	0.2247	0.2247	0.2247	0.2247
10000	8.5032	0.001	0.01975	1	1	0.59605	0.8	0.5	3.5	0	0.8	0.5	3.5	0	0.8	0.5	3.5	0	0.8	0.5	3.5	0	0	0.86728	0.54205	3.7943	0	0.86728	0.54205	3.7943	0	0.86728	0.54205	3.7943	0	0.86728	0.54205	3.7943	0	0	0.3	0.3	0.3	0.3	0.3	0.3	0.3	0.3	0.3	0.3	0.3	0.3	0.3	0.3	0.3	0.3	0.3
10000	8.951	0.005	0.01	1	1	0.64445	0.58037	0.3	5	0	0.58037	0.3	5	0	0.58037	0.3	5	0	0.58037	0.3	5	0	0	0.48825	0.25238	4.2064	0	0.48825	0.25238	4.2064	0	0.48825	0.25238	4.2064	0	0.48825	0.25238	4.2064	0	0	0.19285	0.19285	0.19285	0.19285	0.19285	0.19285	0.19285	0.19285	0.19285	0.19285	0.19285	0.19285	0.19285	0.19285	0.19285	0.19285	0.19285
10000	8.4952	0.0035697	0.01	1	1	0.63495	0.84166	0.25348	3.2927	0	0.84166	0.25348	3.2927	0	0.84166	0.25348	3.2927	0	0.84166	0.25348	3.2927	0	0	0.82291	0.24783	3.2193	0	0.82291	0.24783	3.2193	0	0.82291	0.24783	3.2193	0	0.82291	0.24783	3.2193	0	0	0.19902	0.19902	0.19902	0.19902	0.19902	0.19902	0.19902	0.19902	0.19902	0.19902	0.19902	0.19902	0.19902	0.19902	0.19902	0.19902	0.19902
10000	7.9903	0.007168	0.019924	1	1	0.56097	0.9962	0.30232	3.1906	0	0.9962	0.30232	3.1906	0	0.9962	0.30232	3.1906	0	0.9962	0.30232	3.1906	0	0	0.99616	0.3023	3.1905	0	0.99616	0.3023	3.1905	0	0.99616	0.3023	3.1905	0	0.99616	0.3023	3.1905	0	0	0.19565	0.19565	0.19565	0.19565	0.19565	0.19565	0.19565	0.19565	0.19565	0.19565	0.19565	0.19565	0.19565	0.19565	0.19565	0.19565	0.19565
10000	9.6982	0.004866	0.02907	1	1	0.42325	1.1109	0.2784	4.4722	0	1.1109	0.2784	4.4722	0	1.1109	0.2784	4.4722	0	1.1109	0.2784	4.4722	0	0	0.94618	0.23711	3.809	0	0.94618	0.23711	3.809	0	0.94618	0.23711	3.809	0	0.94618	0.23711	3.809	0	0	0.23349	0.23349	0.23349	0.23349	0.23349	0.23349	0.23349	0.23349	0.23349	0.23349	0.23349	0.23349	0.23349	0.23349	0.23349	0.23349	0.23349
10000	10	0.0050888	0.020909	1	1	0.61142	1.0455	0.12977	4.9205	0	1.0455	0.12977	4.9205	0	1.0455	0.12977	4.9205	0	1.0455	0.12977	4.9205	0	0	1.0347	0.12844	4.87	0	1.0347	0.12844	4.87	0	1.0347	0.12844	4.87	0	1.0347	0.12844	4.87	0	0	0.18182	0.18182	0.18182	0.18182	0.18182	0.18182	0.18182	0.18182	0.18182	0.18182	0.18182	0.18182	0.18182	0.18182	0.18182	0.18182	0.18182
10000	7.829	0.001	0.02063	1	1	0.7713	0.92122	0.25876	3.3884	0	0.92122	0.25876	3.3884	0	0.92122	0.25876	3.3884	0	0.92122	0.25876	3.3884	0	0	0.90854	0.2552	3.3418	0	0.90854	0.2552	3.3418	0	0.90854	0.2552	3.3418	0	0.90854	0.2552	3.3418	0	0	0.10416	0.10416	0.10416	0.10416	0.10416	0.10416	0.10416	0.10416	0.10416	0.10416	0.10416	0.10416	0.10416	0.10416	0.10416	0.10416	0.10416
10000	7.2723	0.001	0.019677	1	1	0.39702	0.872	0.30179	3.5139	0	0.872	0.30179	3.5139	0	0.872	0.30179	3.5139	0	0.872	0.30179	3.5139	0	0	0.85551	0.29608	3.4474	0	0.85551	0.29608	3.4474	0	0.85551	0.29608	3.4474	0	0.85551	0.29608	3.4474	0	0	0.16691	0.16691	0.16691	0.16691	0.16691	0.16691	0.16691	0.16691	0.16691	0.16691	0.16691	0.16691	0.16691	0.16691	0.16691	0.16691	0.16691
10000	7.0834	0.0049037	0.031373	1	1	0.71375	1.5103	-0.16648	5.1403	0	1.5103	-0.16648	5.1403	0	1.5103	-0.16648	5.1403	0	1.5103	-0.16648	5.1403	0	0	0.76137	-0.083925	2.5913	0	0.76137	-0.083925	2.5913	0	0.76137	-0.083925	2.5913	0	0.76137	-0.083925	2.5913	0	0	0.19697	0.19697	0.19697	0.19697	0.19697	0.19697	0.19697	0.19697	0.19697	0.19697	0.19697	0.19697	0.19697	0.19697	0.19697	0.19697	0.19697
10000	10	0.006937	0.020001	1	1	0.54173	1.134	0.26145	4.1287	0	1.134	0.26145	4.1287	0	1.134	0.26145	4.1287	0	1.134	0.26145	4.1287	0	0	0.94497	0.21787	3.4406	0	0.94497	0.21787	3.4406	0	0.94497	0.21787	3.4406	0	0.94497	0.21787	3.4406	0	0	0.11112	0.11112	0.11112	0.11112	0.11112	0.11112	0.11112	0.11112	0.11112	0.11112	0.11112	0.11112	0.11112	0.11112	0.11112	0.11112	0.11112
10000	8.3567	0.001	0.01	1	1	0.28572	0.75855	0.85902	4.1255	0	0.75855	0.85902	4.1255	0	0.75855	0.85902	4.1255	0	0.75855	0.85902	4.1255	0	0	0.75728	0.85758	4.1185	0	0.75728	0.85758	4.1185	0	0.75728	0.85758	4.1185	0	0.75728	0.85758	4.1185	0	0	0.28401	0.28401	0.28401	0.28401	0.28401	0.28401	0.28401	0.28401	0.28401	0.28401	0.28401	0.28401	0.28401	0.28401	0.28401	0.28401	0.28401
10000	9.9999	0.001	0.02	1	1	0.69372	0.79147	0.3	3.6269	0	0.79147	0.3	3.6269	0	0.79147	0.3	3.6269	0	0.79147	0.3	3.6269	0	0	1.0289	0.39	4.715	0	1.0289	0.39	4.715	0	1.0289	0.39	4.715	0	1.0289	0.39	4.715	0	0	0.2682	0.2682	0.2682	0.2682	0.2682	0.2682	0.2682	0.2682	0.2682	0.2682	0.2682	0.2682	0.2682	0.2682	0.2682	0.2682	0.2682
10000	8.067	0.001	0.01	1	1	0.39821	0.79821	0.39066	3.3389	0	0.79821	0.39066	3.3389	0	0.79821	0.39066	3.3389	0	0.79821	0.39066	3.3389	0	0	0.79999	0.39154	3.3463	0	0.79999	0.39154	3.3463	0	0.79999	0.39154	3.3463	0	0.79999	0.39154	3.3463	0	0	0.22336	0.22336	0.22336	0.22336	0.22336	0.22336	0.22336	0.22336	0.22336	0.22336	0.22336	0.22336	0.22336	0.22336	0.22336	0.22336	0.22336
10000	9.229	0.001	0.011405	1	1	0.49046	0.93459	0.33418	4.0185	0	0.93459	0.33418	4.0185	0	0.93459	0.33418	4.0185	0	0.93459	0.33418	4.0185	0	0	0.97846	0.34987	4.2072	0	0.97846	0.34987	4.2072	0	0.97846	0.34987	4.2072	0	0.97846	0.34987	4.2072	0	0	0.28872	0.28872	0.28872	0.28872	0.28872	0.28872	0.28872	0.28872	0.28872	0.28872	0.28872	0.28872	0.28872	0.28872	0.28872	0.28872	0.28872
10000	8.1625	0.004	0.036455	1	1	0.67953	1.036	1.2884	4.9649	0	1.036	1.2884	4.9649	0	1.036	1.2884	4.9649	0	1.036	1.2884	4.9649	0	0	0.56923	0.7079	2.7279	0	0.56923	0.7079	2.7279	0	0.56923	0.7079	2.7279	0	0.56923	0.7079	2.7279	0	0	0.275	0.275	0.275	0.275	0.275	0.275	0.275	0.275	0.275	0.275	0.275	0.275	0.275	0.275	0.275	0.275	0.275
10000	8.6073	0.001	0.022908	1	1	0.8	0.99999	0.4	3.4444	0	0.99999	0.4	3.4444	0	0.99999	0.4	3.4444	0	0.99999	0.4	3.4444	0	0	0.99999	0.4	3.4444	0	0.99999	0.4	3.4444	0	0.99999	0.4	3.4444	0	0.99999	0.4	3.4444	0	0	0.2	0.2	0.2	0.2	0.2	0.2	0.2	0.2	0.2	0.2	0.2	0.2	0.2	0.2	0.2	0.2	0.2
10000	10	0.001	0.033508	1	1	0.8	1.0667	0.42222	3.7754	0	1.0667	0.42222	3.7754	0	1.0667	0.42222	3.7754	0	1.0667	0.42222	3.7754	0	0	1.098	0.43462	3.8863	0	1.098	0.43462	3.8863	0	1.098	0.43462	3.8863	0	1.098	0.43462	3.8863	0	0	0.2	0.2	0.2	0.2	0.2	0.2	0.2	0.2	0.2	0.2	0.2	0.2	0.2	0.2	0.2	0.2	0.2
10000	7.739	0.0034114	0.02	1	1	0.8	0.80946	0.4	3.5738	0	0.80946	0.4	3.5738	0	0.80946	0.4	3.5738	0	0.80946	0.4	3.5738	0	0	0.80946	0.4	3.5738	0	0.80946	0.4	3.5738	0	0.80946	0.4	3.5738	0	0.80946	0.4	3.5738	0	0	0.2	0.2	0.2	0.2	0.2	0.2	0.2	0.2	0.2	0.2	0.2	0.2	0.2	0.2	0.2	0.2	0.2
10000	8.1619	0.001	0.024619	1	1	0.58411	0.78731	0.24207	3.3663	0	0.78731	0.24207	3.3663	0	0.78731	0.24207	3.3663	0	0.78731	0.24207	3.3663	0	0	0.82401	0.25335	3.5232	0	0.82401	0.25335	3.5232	0	0.82401	0.25335	3.5232	0	0.82401	0.25335	3.5232	0	0	0.22333	0.22333	0.22333	0.22333	0.22333	0.22333	0.22333	0.22333	0.22333	0.22333	0.22333	0.22333	0.22333	0.22333	0.22333	0.22333	0.22333
10000	7.0549	0.0049116	0.01	1	1	0.78828	0.70459	0.39651	2.7627	0	0.70459	0.39651	2.7627	0	0.70459	0.39651	2.7627	0	0.70459	0.39651	2.7627	0	0	0.71315	0.40133	2.7963	0	0.71315	0.40133	2.7963	0	0.71315	0.40133	2.7963	0	0.71315	0.40133	2.7963	0	0	0.19708	0.19708	0.19708	0.19708	0.19708	0.19708	0.19708	0.19708	0.19708	0.19708	0.19708	0.19708	0.19708	0.19708	0.19708	0.19708	0.19708
10000	8.308	0.0012485	0.017808	1	1	0.45129	0.74938	0.57934	3.7282	0	0.74938	0.57934	3.7282	0	0.74938	0.57934	3.7282	0	0.74938	0.57934	3.7282	0	0	0.32466	0.25099	1.6152	0	0.32466	0.25099	1.6152	0	0.32466	0.25099	1.6152	0	0.32466	0.25099	1.6152	0	0	0.14849	0.14849	0.14849	0.14849	0.14849	0.14849	0.14849	0.14849	0.14849	0.14849	0.14849	0.14849	0.14849	0.14849	0.14849	0.14849	0.14849
10000	7.2733	0.001	0.016506	1	1	0.52229	1.2898	0.53564	4.0269	0	1.2898	0.53564	4.0269	0	1.2898	0.53564	4.0269	0	1.2898	0.53564	4.0269	0	0	0.35663	0.1481	1.1134	0	0.35663	0.1481	1.1134	0	0.35663	0.1481	1.1134	0	0.35663	0.1481	1.1134	0	0	0.23644	0.23644	0.23644	0.23644	0.23644	0.23644	0.23644	0.23644	0.23644	0.23644	0.23644	0.23644	0.23644	0.23644	0.23644	0.23644	0.23644
10000	10	0.001	0.019996	1	1	0.60474	1.0002	0.39994	3.6328	0	1.0002	0.39994	3.6328	0	1.0002	0.39994	3.6328	0	1.0002	0.39994	3.6328	0	0	0.48596	0.19432	1.765	0	0.48596	0.19432	1.765	0	0.48596	0.19432	1.765	0	0.48596	0.19432	1.765	0	0	0.20021	0.20021	0.20021	0.20021	0.20021	0.20021	0.20021	0.20021	0.20021	0.20021	0.20021	0.20021	0.20021	0.20021	0.20021	0.20021	0.20021
10000	8.0984	0.0045851	0.019236	1	1	0.42824	1.0767	0.44911	3.6067	0	1.0767	0.44911	3.6067	0	1.0767	0.44911	3.6067	0	1.0767	0.44911	3.6067	0	0	0.39124	0.1632	1.3106	0	0.39124	0.1632	1.3106	0	0.39124	0.1632	1.3106	0	0.39124	0.1632	1.3106	0	0	0.18301	0.18301	0.18301	0.18301	0.18301	0.18301	0.18301	0.18301	0.18301	0.18301	0.18301	0.18301	0.18301	0.18301	0.18301	0.18301	0.18301
10000	9.9999	0.0022941	0.022941	1	1	0.80413	1.1765	0.18529	4.1166	0	1.1765	0.18529	4.1166	0	1.1765	0.18529	4.1166	0	1.1765	0.18529	4.1166	0	0	0.35146	0.055351	1.2298	0	0.35146	0.055351	1.2298	0	0.35146	0.055351	1.2298	0	0.35146	0.055351	1.2298	0	0	0.06675	0.06675	0.06675	0.06675	0.06675	0.06675	0.06675	0.06675	0.06675	0.06675	0.06675	0.06675	0.06675	0.06675	0.06675	0.06675	0.06675
10000	10	0.0023333	0.018333	1	1	0.4	1	0.5	4.9631	0	1	0.5	4.9631	0	1	0.5	4.9631	0	1	0.5	4.9631	0	0	0.48988	0.24494	2.4313	0	0.48988	0.24494	2.4313	0	0.48988	0.24494	2.4313	0	0.48988	0.24494	2.4313	0	0	0.13333	0.13333	0.13333	0.13333	0.13333	0.13333	0.13333	0.13333	0.13333	0.13333	0.13333	0.13333	0.13333	0.13333	0.13333	0.13333	0.13333
10000	10	0.0041337	0.011952	1	1	0.35497	0.99568	1.07	4.8063	0	0.99568	1.07	4.8063	0	0.99568	1.07	4.8063	0	0.99568	1.07	4.8063	0	0	0.66683	0.71659	3.2189	0	0.66683	0.71659	3.2189	0	0.66683	0.71659	3.2189	0	0.66683	0.71659	3.2189	0	0	0.10364	0.10364	0.10364	0.10364	0.10364	0.10364	0.10364	0.10364	0.10364	0.10364	0.10364	0.10364	0.10364	0.10364	0.10364	0.10364	0.10364
10000	10	0.0039997	0.011176	1	1	0.3427	0.87504	1.2688	4.7689	0	0.87504	1.2688	4.7689	0	0.87504	1.2688	4.7689	0	0.87504	1.2688	4.7689	0	0	0.80665	1.1696	4.3962	0	0.80665	1.1696	4.3962	0	0.80665	1.1696	4.3962	0	0.80665	1.1696	4.3962	0	0	0.33999	0.33999	0.33999	0.33999	0.33999	0.33999	0.33999	0.33999	0.33999	0.33999	0.33999	0.33999	0.33999	0.33999	0.33999	0.33999	0.33999
10000	8.0061	0.001	0.01	1	1	0.35	1.5	1.375	4.625	0	1.5	1.375	4.625	0	1.5	1.375	4.625	0	1.5	1.375	4.625	0	0	0.84375	0.77344	2.6016	0	0.84375	0.77344	2.6016	0	0.84375	0.77344	2.6016	0	0.84375	0.77344	2.6016	0	0	0.43778	0.43778	0.43778	0.43778	0.43778	0.43778	0.43778	0.43778	0.43778	0.43778	0.43778	0.43778	0.43778	0.43778	0.43778	0.43778	0.43778
10000	9.9999	0.0034192	0.01	1	1	0.53438	1.0392	1.2079	5.2177	0	1.0392	1.2079	5.2177	0	1.0392	1.2079	5.2177	0	1.0392	1.2079	5.2177	0	0	0.62856	0.73058	3.1559	0	0.62856	0.73058	3.1559	0	0.62856	0.73058	3.1559	0	0.62856	0.73058	3.1559	0	0	0.19845	0.19845	0.19845	0.19845	0.19845	0.19845	0.19845	0.19845	0.19845	0.19845	0.19845	0.19845	0.19845	0.19845	0.19845	0.19845	0.19845
10000	8.4245	0.001	0.035	1	1	0.4	1	0.3	3.5	0	1	0.3	3.5	0	1	0.3	3.5	0	1	0.3	3.5	0	0	0.5	0.15	1.75	0	0.5	0.15	1.75	0	0.5	0.15	1.75	0	0.5	0.15	1.75	0	0	0	0	0	0	0	0	0	0	0	0	0	0	0	0	0	0	0
10000	7.527	0.001	0.018683	1	1	0.60002	0.96449	0.30771	3.8002	0	0.96449	0.30771	3.8002	0	0.96449	0.30771	3.8002	0	0.96449	0.30771	3.8002	0	0	0.4459	0.14226	1.7569	0	0.4459	0.14226	1.7569	0	0.4459	0.14226	1.7569	0	0.4459	0.14226	1.7569	0	0	0.043445	0.043445	0.043445	0.043445	0.043445	0.043445	0.043445	0.043445	0.043445	0.043445	0.043445	0.043445	0.043445	0.043445	0.043445	0.043445	0.043445
10000	10	0.001	0.01	1	1	0.4	0.83413	0.26474	3.4863	0	0.83413	0.26474	3.4863	0	0.83413	0.26474	3.4863	0	0.83413	0.26474	3.4863	0	0	0.75049	0.2382	3.1367	0	0.75049	0.2382	3.1367	0	0.75049	0.2382	3.1367	0	0.75049	0.2382	3.1367	0	0	0.13072	0.13072	0.13072	0.13072	0.13072	0.13072	0.13072	0.13072	0.13072	0.13072	0.13072	0.13072	0.13072	0.13072	0.13072	0.13072	0.13072
10000	10	0.001	0.01	1	1	0.4	0.8	0.3	4.6667	0	0.8	0.3	4.6667	0	0.8	0.3	4.6667	0	0.8	0.3	4.6667	0	0	0.54268	0.20351	3.1656	0	0.54268	0.20351	3.1656	0	0.54268	0.20351	3.1656	0	0.54268	0.20351	3.1656	0	0	0.089227	0.089227	0.089227	0.089227	0.089227	0.089227	0.089227	0.089227	0.089227	0.089227	0.089227	0.089227	0.089227	0.089227	0.089227	0.089227	0.089227
10000	10	0.001	0.021944	1	1	0.29315	1.0788	0.28395	4.8299	0	1.0788	0.28395	4.8299	0	1.0788	0.28395	4.8299	0	1.0788	0.28395	4.8299	0	0	0.55769	0.14678	2.4967	0	0.55769	0.14678	2.4967	0	0.55769	0.14678	2.4967	0	0.55769	0.14678	2.4967	0	0	0.1493	0.1493	0.1493	0.1493	0.1493	0.1493	0.1493	0.1493	0.1493	0.1493	0.1493	0.1493	0.1493	0.1493	0.1493	0.1493	0.1493
10000	7.9285	0.001	0.017952	1	1	0.44444	0.94895	0.24944	3.4726	0	0.94895	0.24944	3.4726	0	0.94895	0.24944	3.4726	0	0.94895	0.24944	3.4726	0	0	0.67661	0.17785	2.476	0	0.67661	0.17785	2.476	0	0.67661	0.17785	2.476	0	0.67661	0.17785	2.476	0	0	0.17593	0.17593	0.17593	0.17593	0.17593	0.17593	0.17593	0.17593	0.17593	0.17593	0.17593	0.17593	0.17593	0.17593	0.17593	0.17593	0.17593
10000	10	0.001	0.018738	1	1	0.58902	1.1473	0.39575	5.2578	0	1.1473	0.39575	5.2578	0	1.1473	0.39575	5.2578	0	1.1473	0.39575	5.2578	0	0	0.48915	0.16873	2.2416	0	0.48915	0.16873	2.2416	0	0.48915	0.16873	2.2416	0	0.48915	0.16873	2.2416	0	0	0.25892	0.25892	0.25892	0.25892	0.25892	0.25892	0.25892	0.25892	0.25892	0.25892	0.25892	0.25892	0.25892	0.25892	0.25892	0.25892	0.25892
10000	10	0.00125	0.012522	1	1	0.66691	0.56098	0.29978	4.8751	0	0.56098	0.29978	4.8751	0	0.56098	0.29978	4.8751	0	0.56098	0.29978	4.8751	0	0	0.3371	0.18014	2.9295	0	0.3371	0.18014	2.9295	0	0.3371	0.18014	2.9295	0	0.3371	0.18014	2.9295	0	0	0.18903	0.18903	0.18903	0.18903	0.18903	0.18903	0.18903	0.18903	0.18903	0.18903	0.18903	0.18903	0.18903	0.18903	0.18903	0.18903	0.18903
10000	9.4331	0.001	0.02	1	1	0.76736	1	0.33333	2.8333	0	1	0.33333	2.8333	0	1	0.33333	2.8333	0	1	0.33333	2.8333	0	0	0.87963	0.29321	2.4923	0	0.87963	0.29321	2.4923	0	0.87963	0.29321	2.4923	0	0.87963	0.29321	2.4923	0	0	0.19444	0.19444	0.19444	0.19444	0.19444	0.19444	0.19444	0.19444	0.19444	0.19444	0.19444	0.19444	0.19444	0.19444	0.19444	0.19444	0.19444
10000	10	0.001	0.038419	1	1	0.49326	0.74781	0.46392	3.9719	0	0.74781	0.46392	3.9719	0	0.74781	0.46392	3.9719	0	0.74781	0.46392	3.9719	0	0	0.85336	0.5294	4.5325	0	0.85336	0.5294	4.5325	0	0.85336	0.5294	4.5325	0	0.85336	0.5294	4.5325	0	0	0.16542	0.16542	0.16542	0.16542	0.16542	0.16542	0.16542	0.16542	0.16542	0.16542	0.16542	0.16542	0.16542	0.16542	0.16542	0.16542	0.16542
10000	10	0.0022153	0.01	1	1	0.8	0.54563	0.6	2.5408	0	0.54563	0.6	2.5408	0	0.54563	0.6	2.5408	0	0.54563	0.6	2.5408	0	0	0.54563	0.6	2.5408	0	0.54563	0.6	2.5408	0	0.54563	0.6	2.5408	0	0.54563	0.6	2.5408	0	0	0.083333	0.083333	0.083333	0.083333	0.083333	0.083333	0.083333	0.083333	0.083333	0.083333	0.083333	0.083333	0.083333	0.083333	0.083333	0.083333	0.083333
10000	10	0.001	0.030417	1	1	0.95222	0.91709	0.32811	5.3505	0	0.91709	0.32811	5.3505	0	0.91709	0.32811	5.3505	0	0.91709	0.32811	5.3505	0	0	0.45486	0.16274	2.6538	0	0.45486	0.16274	2.6538	0	0.45486	0.16274	2.6538	0	0.45486	0.16274	2.6538	0	0	0.17587	0.17587	0.17587	0.17587	0.17587	0.17587	0.17587	0.17587	0.17587	0.17587	0.17587	0.17587	0.17587	0.17587	0.17587	0.17587	0.17587
10000	7	0.001	0.01	1	1	0.9573	1.037	0.5	3.5	0	1.037	0.5	3.5	0	1.037	0.5	3.5	0	1.037	0.5	3.5	0	0	0.54732	0.26389	1.8472	0	0.54732	0.26389	1.8472	0	0.54732	0.26389	1.8472	0	0.54732	0.26389	1.8472	0	0	0.16667	0.16667	0.16667	0.16667	0.16667	0.16667	0.16667	0.16667	0.16667	0.16667	0.16667	0.16667	0.16667	0.16667	0.16667	0.16667	0.16667
10000	10	0.001	0.017134	1	1	0.49443	1.0307	0.38007	2.5536	0	1.0307	0.38007	2.5536	0	1.0307	0.38007	2.5536	0	1.0307	0.38007	2.5536	0	0	1.0284	0.37925	2.5481	0	1.0284	0.37925	2.5481	0	1.0284	0.37925	2.5481	0	1.0284	0.37925	2.5481	0	0	0.1411	0.1411	0.1411	0.1411	0.1411	0.1411	0.1411	0.1411	0.1411	0.1411	0.1411	0.1411	0.1411	0.1411	0.1411	0.1411	0.1411
10000	7.9329	0.001	0.02877	1	1	0.69746	0.99999	0.4	2.5	0	0.99999	0.4	2.5	0	0.99999	0.4	2.5	0	0.99999	0.4	2.5	0	0	1.0555	0.42222	2.6389	0	1.0555	0.42222	2.6389	0	1.0555	0.42222	2.6389	0	1.0555	0.42222	2.6389	0	0	0.24643	0.24643	0.24643	0.24643	0.24643	0.24643	0.24643	0.24643	0.24643	0.24643	0.24643	0.24643	0.24643	0.24643	0.24643	0.24643	0.24643
10000	8.7167	0.001	0.022326	1	1	0.76928	0.80612	0.56187	3.7329	0	0.80612	0.56187	3.7329	0	0.80612	0.56187	3.7329	0	0.80612	0.56187	3.7329	0	0	0.2967	0.2068	1.3739	0	0.2967	0.2068	1.3739	0	0.2967	0.2068	1.3739	0	0.2967	0.2068	1.3739	0	0	0.17921	0.17921	0.17921	0.17921	0.17921	0.17921	0.17921	0.17921	0.17921	0.17921	0.17921	0.17921	0.17921	0.17921	0.17921	0.17921	0.17921
10000	8.2771	0.002717	0.02436	1	1	0.5758	1.2491	0.46192	2.9359	0	1.2491	0.46192	2.9359	0	1.2491	0.46192	2.9359	0	1.2491	0.46192	2.9359	0	0	0.36451	0.1348	0.85675	0	0.36451	0.1348	0.85675	0	0.36451	0.1348	0.85675	0	0.36451	0.1348	0.85675	0	0	0.12554	0.12554	0.12554	0.12554	0.12554	0.12554	0.12554	0.12554	0.12554	0.12554	0.12554	0.12554	0.12554	0.12554	0.12554	0.12554	0.12554
10000	8.9222	0.001	0.01	1	1	0.4211	0.96943	0.97632	3.8091	0	0.96943	0.97632	3.8091	0	0.96943	0.97632	3.8091	0	0.96943	0.97632	3.8091	0	0	0.24236	0.24408	0.95228	0	0.24236	0.24408	0.95228	0	0.24236	0.24408	0.95228	0	0.24236	0.24408	0.95228	0	0	0.016873	0.016873	0.016873	0.016873	0.016873	0.016873	0.016873	0.016873	0.016873	0.016873	0.016873	0.016873	0.016873	0.016873	0.016873	0.016873	0.016873
10000	8.5037	0.001	0.01	1	1	0.5	1.0157	0.3587	3.375	0	1.0157	0.3587	3.375	0	1.0157	0.3587	3.375	0	1.0157	0.3587	3.375	0	0	0.25392	0.089675	0.84375	0	0.25392	0.089675	0.84375	0	0.25392	0.089675	0.84375	0	0.25392	0.089675	0.84375	0	0	0.26767	0.26767	0.26767	0.26767	0.26767	0.26767	0.26767	0.26767	0.26767	0.26767	0.26767	0.26767	0.26767	0.26767	0.26767	0.26767	0.26767
10000	8.5944	0.0029374	0.014158	1	1	0.82717	0.94853	0.94034	3.3692	0	0.94853	0.94034	3.3692	0	0.94853	0.94034	3.3692	0	0.94853	0.94034	3.3692	0	0	0.35337	0.35032	1.2552	0	0.35337	0.35032	1.2552	0	0.35337	0.35032	1.2552	0	0.35337	0.35032	1.2552	0	0	0.18151	0.18151	0.18151	0.18151	0.18151	0.18151	0.18151	0.18151	0.18151	0.18151	0.18151	0.18151	0.18151	0.18151	0.18151	0.18151	0.18151
10000	8.4382	0.001	0.020032	1	1	0.54364	0.99216	0.30509	2.7641	0	0.99216	0.30509	2.7641	0	0.99216	0.30509	2.7641	0	0.99216	0.30509	2.7641	0	0	0.94627	0.29098	2.6362	0	0.94627	0.29098	2.6362	0	0.94627	0.29098	2.6362	0	0.94627	0.29098	2.6362	0	0	0.13664	0.13664	0.13664	0.13664	0.13664	0.13664	0.13664	0.13664	0.13664	0.13664	0.13664	0.13664	0.13664	0.13664	0.13664	0.13664	0.13664
10000	7.2502	0.001	0.01	1	1	0.8	1.5	0.5	3.5	0	1.5	0.5	3.5	0	1.5	0.5	3.5	0	1.5	0.5	3.5	0	0	0.73175	0.24392	1.7074	0	0.73175	0.24392	1.7074	0	0.73175	0.24392	1.7074	0	0.73175	0.24392	1.7074	0	0	0.1	0.1	0.1	0.1	0.1	0.1	0.1	0.1	0.1	0.1	0.1	0.1	0.1	0.1	0.1	0.1	0.1
10000	8.1979	0.0014444	0.01	1	1	0.78488	1	0.3	3.5	0	1	0.3	3.5	0	1	0.3	3.5	0	1	0.3	3.5	0	0	0.5494	0.16482	1.9229	0	0.5494	0.16482	1.9229	0	0.5494	0.16482	1.9229	0	0.5494	0.16482	1.9229	0	0	0.17729	0.17729	0.17729	0.17729	0.17729	0.17729	0.17729	0.17729	0.17729	0.17729	0.17729	0.17729	0.17729	0.17729	0.17729	0.17729	0.17729
10000	7.108	0.001	0.028418	1	1	0.94066	1.3326	0.66963	3.341	0	1.3326	0.66963	3.341	0	1.3326	0.66963	3.341	0	1.3326	0.66963	3.341	0	0	0.66869	0.336	1.6764	0	0.66869	0.336	1.6764	0	0.66869	0.336	1.6764	0	0.66869	0.336	1.6764	0	0	0.28211	0.28211	0.28211	0.28211	0.28211	0.28211	0.28211	0.28211	0.28211	0.28211	0.28211	0.28211	0.28211	0.28211	0.28211	0.28211	0.28211
10000	9.9999	0.001	0.019729	1	1	0.81846	1.0094	0.15516	3.5701	0	1.0094	0.15516	3.5701	0	1.0094	0.15516	3.5701	0	1.0094	0.15516	3.5701	0	0	1.0052	0.15452	3.5554	0	1.0052	0.15452	3.5554	0	1.0052	0.15452	3.5554	0	1.0052	0.15452	3.5554	0	0	0.10271	0.10271	0.10271	0.10271	0.10271	0.10271	0.10271	0.10271	0.10271	0.10271	0.10271	0.10271	0.10271	0.10271	0.10271	0.10271	0.10271
10000	6.5573	0.0014444	0.01	1	1	0.4	1.0531	0.28004	4.6667	0	1.0531	0.28004	4.6667	0	1.0531	0.28004	4.6667	0	1.0531	0.28004	4.6667	0	0	0.52656	0.14002	2.3333	0	0.52656	0.14002	2.3333	0	0.52656	0.14002	2.3333	0	0.52656	0.14002	2.3333	0	0	0.28333	0.28333	0.28333	0.28333	0.28333	0.28333	0.28333	0.28333	0.28333	0.28333	0.28333	0.28333	0.28333	0.28333	0.28333	0.28333	0.28333
10000	7.5114	0.001	0.019268	1	1	0.90081	0.88412	0.4029	4.7734	0	0.88412	0.4029	4.7734	0	0.88412	0.4029	4.7734	0	0.88412	0.4029	4.7734	0	0	0.39669	0.18078	2.1418	0	0.39669	0.18078	2.1418	0	0.39669	0.18078	2.1418	0	0.39669	0.18078	2.1418	0	0	0.11824	0.11824	0.11824	0.11824	0.11824	0.11824	0.11824	0.11824	0.11824	0.11824	0.11824	0.11824	0.11824	0.11824	0.11824	0.11824	0.11824
10000	6.6686	0.0039629	0.020152	1	1	0.76761	1.1023	0.35012	3.7868	0	1.1023	0.35012	3.7868	0	1.1023	0.35012	3.7868	0	1.1023	0.35012	3.7868	0	0	0.53255	0.16916	1.8296	0	0.53255	0.16916	1.8296	0	0.53255	0.16916	1.8296	0	0.53255	0.16916	1.8296	0	0	0.15833	0.15833	0.15833	0.15833	0.15833	0.15833	0.15833	0.15833	0.15833	0.15833	0.15833	0.15833	0.15833	0.15833	0.15833	0.15833	0.15833
10000	6.7685	0.0030569	0.043367	1	1	0.73812	0.99522	0.27811	2.6917	0	0.99522	0.27811	2.6917	0	0.99522	0.27811	2.6917	0	0.99522	0.27811	2.6917	0	0	0.43594	0.12183	1.1791	0	0.43594	0.12183	1.1791	0	0.43594	0.12183	1.1791	0	0.43594	0.12183	1.1791	0	0	0.20348	0.20348	0.20348	0.20348	0.20348	0.20348	0.20348	0.20348	0.20348	0.20348	0.20348	0.20348	0.20348	0.20348	0.20348	0.20348	0.20348
10000	7.7219	0.001	0.02	1	1	0.8	0.76377	0.3	3.3333	0	0.76377	0.3	3.3333	0	0.76377	0.3	3.3333	0	0.76377	0.3	3.3333	0	0	0.76377	0.3	3.3333	0	0.76377	0.3	3.3333	0	0.76377	0.3	3.3333	0	0.76377	0.3	3.3333	0	0	0.27883	0.27883	0.27883	0.27883	0.27883	0.27883	0.27883	0.27883	0.27883	0.27883	0.27883	0.27883	0.27883	0.27883	0.27883	0.27883	0.27883
10000	7.9714	0.001	0.015209	1	1	0.87372	1.2541	0.13485	4.0533	0	1.2541	0.13485	4.0533	0	1.2541	0.13485	4.0533	0	1.2541	0.13485	4.0533	0	0	0.91532	0.09842	2.9584	0	0.91532	0.09842	2.9584	0	0.91532	0.09842	2.9584	0	0.91532	0.09842	2.9584	0	0	0.45096	0.45096	0.45096	0.45096	0.45096	0.45096	0.45096	0.45096	0.45096	0.45096	0.45096	0.45096	0.45096	0.45096	0.45096	0.45096	0.45096
10000	7.8867	0.001	0.030034	1	1	0.67059	0.99914	0.29976	3.3348	0	0.99914	0.29976	3.3348	0	0.99914	0.29976	3.3348	0	0.99914	0.29976	3.3348	0	0	0.97949	0.29386	3.2693	0	0.97949	0.29386	3.2693	0	0.97949	0.29386	3.2693	0	0.97949	0.29386	3.2693	0	0	0.28598	0.28598	0.28598	0.28598	0.28598	0.28598	0.28598	0.28598	0.28598	0.28598	0.28598	0.28598	0.28598	0.28598	0.28598	0.28598	0.28598
10000	9.6226	0.0029404	0.033103	1	1	0.8	0.8	0.3	2.5	0	0.8	0.3	2.5	0	0.8	0.3	2.5	0	0.8	0.3	2.5	0	0	0.8	0.3	2.5	0	0.8	0.3	2.5	0	0.8	0.3	2.5	0	0.8	0.3	2.5	0	0	0.13087	0.13087	0.13087	0.13087	0.13087	0.13087	0.13087	0.13087	0.13087	0.13087	0.13087	0.13087	0.13087	0.13087	0.13087	0.13087	0.13087
10000	9.9999	0.001	0.017697	1	1	0.69344	1.3895	0.3994	4.884	0	1.3895	0.3994	4.884	0	1.3895	0.3994	4.884	0	1.3895	0.3994	4.884	0	0	1.389	0.39925	4.8822	0	1.389	0.39925	4.8822	0	1.389	0.39925	4.8822	0	1.389	0.39925	4.8822	0	0	0.2748	0.2748	0.2748	0.2748	0.2748	0.2748	0.2748	0.2748	0.2748	0.2748	0.2748	0.2748	0.2748	0.2748	0.2748	0.2748	0.2748
10000	7.001	0.001	0.01	1	1	0.38401	1.0003	0.29988	2.4996	0	1.0003	0.29988	2.4996	0	1.0003	0.29988	2.4996	0	1.0003	0.29988	2.4996	0	0	1.1672	0.34993	2.9167	0	1.1672	0.34993	2.9167	0	1.1672	0.34993	2.9167	0	1.1672	0.34993	2.9167	0	0	0.2001	0.2001	0.2001	0.2001	0.2001	0.2001	0.2001	0.2001	0.2001	0.2001	0.2001	0.2001	0.2001	0.2001	0.2001	0.2001	0.2001
10000	8.5464	0.001	0.01	1	1	0.65135	1.9339	0.3	4.7791	0	1.9339	0.3	4.7791	0	1.9339	0.3	4.7791	0	1.9339	0.3	4.7791	0	0	0.96184	0.14921	2.3769	0	0.96184	0.14921	2.3769	0	0.96184	0.14921	2.3769	0	0.96184	0.14921	2.3769	0	0	0.26867	0.26867	0.26867	0.26867	0.26867	0.26867	0.26867	0.26867	0.26867	0.26867	0.26867	0.26867	0.26867	0.26867	0.26867	0.26867	0.26867
10000	8.5514	0.001	0.019678	1	1	0.4	1.5	0.3	3.5	0	1.5	0.3	3.5	0	1.5	0.3	3.5	0	1.5	0.3	3.5	0	0	0.75	0.15	1.75	0	0.75	0.15	1.75	0	0.75	0.15	1.75	0	0.75	0.15	1.75	0	0	0.1	0.1	0.1	0.1	0.1	0.1	0.1	0.1	0.1	0.1	0.1	0.1	0.1	0.1	0.1	0.1	0.1
10000	10	0.001	0.019444	1	1	0.18069	0.92391	0.31806	2.5486	0	0.92391	0.31806	2.5486	0	0.92391	0.31806	2.5486	0	0.92391	0.31806	2.5486	0	0	0.94637	0.32579	2.6106	0	0.94637	0.32579	2.6106	0	0.94637	0.32579	2.6106	0	0.94637	0.32579	2.6106	0	0	0.072845	0.072845	0.072845	0.072845	0.072845	0.072845	0.072845	0.072845	0.072845	0.072845	0.072845	0.072845	0.072845	0.072845	0.072845	0.072845	0.072845
10000	10	0.001	0.01	1	1	0.59743	0.87115	0.3	2.5	0	0.87115	0.3	2.5	0	0.87115	0.3	2.5	0	0.87115	0.3	2.5	0	0	0.83485	0.2875	2.3958	0	0.83485	0.2875	2.3958	0	0.83485	0.2875	2.3958	0	0.83485	0.2875	2.3958	0	0	0.15305	0.15305	0.15305	0.15305	0.15305	0.15305	0.15305	0.15305	0.15305	0.15305	0.15305	0.15305	0.15305	0.15305	0.15305	0.15305	0.15305
10000	9.4108	0.0061111	0.013889	1	1	0.57007	1.0754	0.2606	2.5	0	1.0754	0.2606	2.5	0	1.0754	0.2606	2.5	0	1.0754	0.2606	2.5	0	0	0.91525	0.2218	2.1278	0	0.91525	0.2218	2.1278	0	0.91525	0.2218	2.1278	0	0.91525	0.2218	2.1278	0	0	0.17319	0.17319	0.17319	0.17319	0.17319	0.17319	0.17319	0.17319	0.17319	0.17319	0.17319	0.17319	0.17319	0.17319	0.17319	0.17319	0.17319
10000	6.6862	0.0014482	0.03	1	1	0.8	1.5	0.3	3.3333	0	1.5	0.3	3.3333	0	1.5	0.3	3.3333	0	1.5	0.3	3.3333	0	0	0.75	0.15	1.6667	0	0.75	0.15	1.6667	0	0.75	0.15	1.6667	0	0.75	0.15	1.6667	0	0	0.45	0.45	0.45	0.45	0.45	0.45	0.45	0.45	0.45	0.45	0.45	0.45	0.45	0.45	0.45	0.45	0.45
10000	7.0003	0.0016153	0.016668	1	1	0.86872	0.99993	0.30004	3.3335	0	0.99993	0.30004	3.3335	0	0.99993	0.30004	3.3335	0	0.99993	0.30004	3.3335	0	0	0.5	0.15003	1.6668	0	0.5	0.15003	1.6668	0	0.5	0.15003	1.6668	0	0.5	0.15003	1.6668	0	0	0.34724	0.34724	0.34724	0.34724	0.34724	0.34724	0.34724	0.34724	0.34724	0.34724	0.34724	0.34724	0.34724	0.34724	0.34724	0.34724	0.34724
10000	7	0.001	0.02	1	1	0.8	1	0	2.5	0	1	0	2.5	0	1	0	2.5	0	1	0	2.5	0	0	0.25	0	0.625	0	0.25	0	0.625	0	0.25	0	0.625	0	0.25	0	0.625	0	0	0.2	0.2	0.2	0.2	0.2	0.2	0.2	0.2	0.2	0.2	0.2	0.2	0.2	0.2	0.2	0.2	0.2
10000	9.9999	0.0034499	0.027371	1	1	0.75452	1.0657	0.068755	5.115	0	1.0657	0.068755	5.115	0	1.0657	0.068755	5.115	0	1.0657	0.068755	5.115	0	0	1.0572	0.068206	5.0742	0	1.0572	0.068206	5.0742	0	1.0572	0.068206	5.0742	0	1.0572	0.068206	5.0742	0	0	0.28025	0.28025	0.28025	0.28025	0.28025	0.28025	0.28025	0.28025	0.28025	0.28025	0.28025	0.28025	0.28025	0.28025	0.28025	0.28025	0.28025
10000	10	0.0052878	0.01917	1	1	0.83838	0.95928	0.2777	4.9287	0	0.95928	0.2777	4.9287	0	0.95928	0.2777	4.9287	0	0.95928	0.2777	4.9287	0	0	0.23982	0.069426	1.2322	0	0.23982	0.069426	1.2322	0	0.23982	0.069426	1.2322	0	0.23982	0.069426	1.2322	0	0	0.15596	0.15596	0.15596	0.15596	0.15596	0.15596	0.15596	0.15596	0.15596	0.15596	0.15596	0.15596	0.15596	0.15596	0.15596	0.15596	0.15596
10000	7	0.001	0.028649	1	1	0.67565	0.72417	0.66667	2.5	0	0.72417	0.66667	2.5	0	0.72417	0.66667	2.5	0	0.72417	0.66667	2.5	0	0	0.72417	0.66667	2.5	0	0.72417	0.66667	2.5	0	0.72417	0.66667	2.5	0	0.72417	0.66667	2.5	0	0	0.3	0.3	0.3	0.3	0.3	0.3	0.3	0.3	0.3	0.3	0.3	0.3	0.3	0.3	0.3	0.3	0.3
10000	7	0.001	0.01	1	1	0.29724	1	0.3	2.5	0	1	0.3	2.5	0	1	0.3	2.5	0	1	0.3	2.5	0	0	1	0.3	2.5	0	1	0.3	2.5	0	1	0.3	2.5	0	1	0.3	2.5	0	0	0.30814	0.30814	0.30814	0.30814	0.30814	0.30814	0.30814	0.30814	0.30814	0.30814	0.30814	0.30814	0.30814	0.30814	0.30814	0.30814	0.30814
10000	8.122	0.001	0.020357	1	1	0.58759	0.98275	0.38639	2.5347	0	0.98275	0.38639	2.5347	0	0.98275	0.38639	2.5347	0	0.98275	0.38639	2.5347	0	0	0.99943	0.39295	2.5778	0	0.99943	0.39295	2.5778	0	0.99943	0.39295	2.5778	0	0.99943	0.39295	2.5778	0	0	0.096056	0.096056	0.096056	0.096056	0.096056	0.096056	0.096056	0.096056	0.096056	0.096056	0.096056	0.096056	0.096056	0.096056	0.096056	0.096056	0.096056
10000	8.1262	0.0013673	0.016696	1	1	0.67932	1.0299	0.19619	4.489	0	1.0299	0.19619	4.489	0	1.0299	0.19619	4.489	0	1.0299	0.19619	4.489	0	0	0.80194	0.15277	3.4956	0	0.80194	0.15277	3.4956	0	0.80194	0.15277	3.4956	0	0.80194	0.15277	3.4956	0	0	0.38472	0.38472	0.38472	0.38472	0.38472	0.38472	0.38472	0.38472	0.38472	0.38472	0.38472	0.38472	0.38472	0.38472	0.38472	0.38472	0.38472
10000	7.6853	0.0011484	0.014441	1	1	0.59368	0.77831	0.42861	2.7796	0	0.77831	0.42861	2.7796	0	0.77831	0.42861	2.7796	0	0.77831	0.42861	2.7796	0	0	0.78135	0.43028	2.7904	0	0.78135	0.43028	2.7904	0	0.78135	0.43028	2.7904	0	0.78135	0.43028	2.7904	0	0	0.20876	0.20876	0.20876	0.20876	0.20876	0.20876	0.20876	0.20876	0.20876	0.20876	0.20876	0.20876	0.20876	0.20876	0.20876	0.20876	0.20876
10000	10	0.001	0.020003	1	1	0.88878	1.0001	0.47833	1.9057	0	1.0001	0.47833	1.9057	0	1.0001	0.47833	1.9057	0	1.0001	0.47833	1.9057	0	0	1	0.47828	1.9055	0	1	0.47828	1.9055	0	1	0.47828	1.9055	0	1	0.47828	1.9055	0	0	0.24259	0.24259	0.24259	0.24259	0.24259	0.24259	0.24259	0.24259	0.24259	0.24259	0.24259	0.24259	0.24259	0.24259	0.24259	0.24259	0.24259
10000	7	0.0030662	0.02	1	1	0.7447	0.8	0.3	3.5	0	0.8	0.3	3.5	0	0.8	0.3	3.5	0	0.8	0.3	3.5	0	0	0.4	0.15	1.75	0	0.4	0.15	1.75	0	0.4	0.15	1.75	0	0.4	0.15	1.75	0	0	0.2389	0.2389	0.2389	0.2389	0.2389	0.2389	0.2389	0.2389	0.2389	0.2389	0.2389	0.2389	0.2389	0.2389	0.2389	0.2389	0.2389
10000	10	0.001	0.02	1	1	0.80002	0.80002	0.43332	3.7778	0	0.80002	0.43332	3.7778	0	0.80002	0.43332	3.7778	0	0.80002	0.43332	3.7778	0	0	0.80001	0.43331	3.7777	0	0.80001	0.43331	3.7777	0	0.80001	0.43331	3.7777	0	0.80001	0.43331	3.7777	0	0	0.30001	0.30001	0.30001	0.30001	0.30001	0.30001	0.30001	0.30001	0.30001	0.30001	0.30001	0.30001	0.30001	0.30001	0.30001	0.30001	0.30001
10000	10	0.002106	0.021524	1	1	0.68093	1.0105	0.29398	3.4765	0	1.0105	0.29398	3.4765	0	1.0105	0.29398	3.4765	0	1.0105	0.29398	3.4765	0	0	1.0012	0.29129	3.4447	0	1.0012	0.29129	3.4447	0	1.0012	0.29129	3.4447	0	1.0012	0.29129	3.4447	0	0	0.29173	0.29173	0.29173	0.29173	0.29173	0.29173	0.29173	0.29173	0.29173	0.29173	0.29173	0.29173	0.29173	0.29173	0.29173	0.29173	0.29173
10000	9.5668	0.0055515	0.016667	1	1	0.75264	0.79459	0.30043	2.4986	0	0.79459	0.30043	2.4986	0	0.79459	0.30043	2.4986	0	0.79459	0.30043	2.4986	0	0	0.96326	0.3642	3.0289	0	0.96326	0.3642	3.0289	0	0.96326	0.3642	3.0289	0	0.96326	0.3642	3.0289	0	0	0.24981	0.24981	0.24981	0.24981	0.24981	0.24981	0.24981	0.24981	0.24981	0.24981	0.24981	0.24981	0.24981	0.24981	0.24981	0.24981	0.24981
10000	9.9999	0.0049256	0.017303	1	1	0.79782	1.0093	0.42331	2.4837	0	1.0093	0.42331	2.4837	0	1.0093	0.42331	2.4837	0	1.0093	0.42331	2.4837	0	0	0.83187	0.34889	2.0471	0	0.83187	0.34889	2.0471	0	0.83187	0.34889	2.0471	0	0.83187	0.34889	2.0471	0	0	0.20372	0.20372	0.20372	0.20372	0.20372	0.20372	0.20372	0.20372	0.20372	0.20372	0.20372	0.20372	0.20372	0.20372	0.20372	0.20372	0.20372
10000	8.2059	0.0061111	0.01	1	1	0.77919	1.2584	0.25947	2.5	0	1.2584	0.25947	2.5	0	1.2584	0.25947	2.5	0	1.2584	0.25947	2.5	0	0	0.63542	0.13102	1.2624	0	0.63542	0.13102	1.2624	0	0.63542	0.13102	1.2624	0	0.63542	0.13102	1.2624	0	0	0.3	0.3	0.3	0.3	0.3	0.3	0.3	0.3	0.3	0.3	0.3	0.3	0.3	0.3	0.3	0.3	0.3
10000	7.0057	0.0049884	0.020732	1	1	0.80131	1.5044	0.60082	3.3359	0	1.5044	0.60082	3.3359	0	1.5044	0.60082	3.3359	0	1.5044	0.60082	3.3359	0	0	0.75302	0.30074	1.6698	0	0.75302	0.30074	1.6698	0	0.75302	0.30074	1.6698	0	0.75302	0.30074	1.6698	0	0	0.24096	0.24096	0.24096	0.24096	0.24096	0.24096	0.24096	0.24096	0.24096	0.24096	0.24096	0.24096	0.24096	0.24096	0.24096	0.24096	0.24096
10000	10	0.001	0.01	1	1	0.8	1	0.3	2.5	0	1	0.3	2.5	0	1	0.3	2.5	0	1	0.3	2.5	0	0	1	0.3	2.5	0	1	0.3	2.5	0	1	0.3	2.5	0	1	0.3	2.5	0	0	0.21962	0.21962	0.21962	0.21962	0.21962	0.21962	0.21962	0.21962	0.21962	0.21962	0.21962	0.21962	0.21962	0.21962	0.21962	0.21962	0.21962
10000	10	0.0036667	0.01309	1	1	0.8	1	0.3	2.5	0	1	0.3	2.5	0	1	0.3	2.5	0	1	0.3	2.5	0	0	1	0.3	2.5	0	1	0.3	2.5	0	1	0.3	2.5	0	1	0.3	2.5	0	0	0.2933	0.2933	0.2933	0.2933	0.2933	0.2933	0.2933	0.2933	0.2933	0.2933	0.2933	0.2933	0.2933	0.2933	0.2933	0.2933	0.2933
10000	9.1289	0.001	0.016575	1	1	1.2283	1.1698	0.44188	2.481	0	1.1698	0.44188	2.481	0	1.1698	0.44188	2.481	0	1.1698	0.44188	2.481	0	0	1.1531	0.43558	2.4456	0	1.1531	0.43558	2.4456	0	1.1531	0.43558	2.4456	0	1.1531	0.43558	2.4456	0	0	0.30021	0.30021	0.30021	0.30021	0.30021	0.30021	0.30021	0.30021	0.30021	0.30021	0.30021	0.30021	0.30021	0.30021	0.30021	0.30021	0.30021
10000	9.2875	0.001	0.020003	1	1	1.1694	1.1581	0.29989	2.4997	0	1.1581	0.29989	2.4997	0	1.1581	0.29989	2.4997	0	1.1581	0.29989	2.4997	0	0	1.0957	0.28373	2.365	0	1.0957	0.28373	2.365	0	1.0957	0.28373	2.365	0	1.0957	0.28373	2.365	0	0	0.19832	0.19832	0.19832	0.19832	0.19832	0.19832	0.19832	0.19832	0.19832	0.19832	0.19832	0.19832	0.19832	0.19832	0.19832	0.19832	0.19832
10000	10	0.001	0.017169	1	1	1.2437	1.0134	0.43739	3.607	0	1.0134	0.43739	3.607	0	1.0134	0.43739	3.607	0	1.0134	0.43739	3.607	0	0	0.82729	0.35707	2.9447	0	0.82729	0.35707	2.9447	0	0.82729	0.35707	2.9447	0	0.82729	0.35707	2.9447	0	0	0.26874	0.26874	0.26874	0.26874	0.26874	0.26874	0.26874	0.26874	0.26874	0.26874	0.26874	0.26874	0.26874	0.26874	0.26874	0.26874	0.26874
10000	10	0.001	0.023232	1	1	1.1353	1	0.3	3.3333	0	1	0.3	3.3333	0	1	0.3	3.3333	0	1	0.3	3.3333	0	0	1	0.3	3.3333	0	1	0.3	3.3333	0	1	0.3	3.3333	0	1	0.3	3.3333	0	0	0.3	0.3	0.3	0.3	0.3	0.3	0.3	0.3	0.3	0.3	0.3	0.3	0.3	0.3	0.3	0.3	0.3
10000	9.3333	0.0050002	0.01	1	1	1.0204	1.2716	0.31113	3.3698	0	1.2716	0.31113	3.3698	0	1.2716	0.31113	3.3698	0	1.2716	0.31113	3.3698	0	0	0.63847	0.15622	1.6919	0	0.63847	0.15622	1.6919	0	0.63847	0.15622	1.6919	0	0.63847	0.15622	1.6919	0	0	0.24999	0.24999	0.24999	0.24999	0.24999	0.24999	0.24999	0.24999	0.24999	0.24999	0.24999	0.24999	0.24999	0.24999	0.24999	0.24999	0.24999
10000	8	0.001	0.038898	1	1	0.23885	0.64013	0.30003	4.519	0	0.64013	0.30003	4.519	0	0.64013	0.30003	4.519	0	0.64013	0.30003	4.519	0	0	0.31715	0.14865	2.2389	0	0.31715	0.14865	2.2389	0	0.31715	0.14865	2.2389	0	0.31715	0.14865	2.2389	0	0	0.098853	0.098853	0.098853	0.098853	0.098853	0.098853	0.098853	0.098853	0.098853	0.098853	0.098853	0.098853	0.098853	0.098853	0.098853	0.098853	0.098853
10000	9.2623	0.001	0.025965	1	1	-0.14175	0.86176	0.20682	3.7161	0	0.86176	0.20682	3.7161	0	0.86176	0.20682	3.7161	0	0.86176	0.20682	3.7161	0	0	0.86124	0.20669	3.7139	0	0.86124	0.20669	3.7139	0	0.86124	0.20669	3.7139	0	0.86124	0.20669	3.7139	0	0	0.3	0.3	0.3	0.3	0.3	0.3	0.3	0.3	0.3	0.3	0.3	0.3	0.3	0.3	0.3	0.3	0.3
10000	10	0.001	0.019885	1	1	0.39597	0.80518	0.29389	3.5514	0	0.80518	0.29389	3.5514	0	0.80518	0.29389	3.5514	0	0.80518	0.29389	3.5514	0	0	0.69724	0.25449	3.0753	0	0.69724	0.25449	3.0753	0	0.69724	0.25449	3.0753	0	0.69724	0.25449	3.0753	0	0	0.24757	0.24757	0.24757	0.24757	0.24757	0.24757	0.24757	0.24757	0.24757	0.24757	0.24757	0.24757	0.24757	0.24757	0.24757	0.24757	0.24757
10000	9.8215	0.0031111	0.01908	1	1	0.4	1.0667	0.8	3.5	0	1.0667	0.8	3.5	0	1.0667	0.8	3.5	0	1.0667	0.8	3.5	0	0	0.58225	0.43669	1.9105	0	0.58225	0.43669	1.9105	0	0.58225	0.43669	1.9105	0	0.58225	0.43669	1.9105	0	0	0.16667	0.16667	0.16667	0.16667	0.16667	0.16667	0.16667	0.16667	0.16667	0.16667	0.16667	0.16667	0.16667	0.16667	0.16667	0.16667	0.16667
10000	10	0.001	0.01862	1	1	0.23112	0.8	0.3	3.1667	0	0.8	0.3	3.1667	0	0.8	0.3	3.1667	0	0.8	0.3	3.1667	0	0	0.30377	0.11391	1.2024	0	0.30377	0.11391	1.2024	0	0.30377	0.11391	1.2024	0	0.30377	0.11391	1.2024	0	0	0.093088	0.093088	0.093088	0.093088	0.093088	0.093088	0.093088	0.093088	0.093088	0.093088	0.093088	0.093088	0.093088	0.093088	0.093088	0.093088	0.093088
10000	9.7434	0.001	0.011669	1	1	0.39987	0.2804	0.56605	3.1425	0	0.2804	0.56605	3.1425	0	0.2804	0.56605	3.1425	0	0.2804	0.56605	3.1425	0	0	0.28045	0.56616	3.1431	0	0.28045	0.56616	3.1431	0	0.28045	0.56616	3.1431	0	0.28045	0.56616	3.1431	0	0	0.19995	0.19995	0.19995	0.19995	0.19995	0.19995	0.19995	0.19995	0.19995	0.19995	0.19995	0.19995	0.19995	0.19995	0.19995	0.19995	0.19995
10000	9.1752	0.001	0.03	1	1	0.4	0.8	2.3404	4.6666	0	0.8	2.3404	4.6666	0	0.8	2.3404	4.6666	0	0.8	2.3404	4.6666	0	0	0.4	1.1702	2.3333	0	0.4	1.1702	2.3333	0	0.4	1.1702	2.3333	0	0.4	1.1702	2.3333	0	0	0.3	0.3	0.3	0.3	0.3	0.3	0.3	0.3	0.3	0.3	0.3	0.3	0.3	0.3	0.3	0.3	0.3
10000	9.1523	0.0036558	0.017743	1	1	0.55768	0.66507	1.7576	4.0068	0	0.66507	1.7576	4.0068	0	0.66507	1.7576	4.0068	0	0.66507	1.7576	4.0068	0	0	0.39404	1.0414	2.374	0	0.39404	1.0414	2.374	0	0.39404	1.0414	2.374	0	0.39404	1.0414	2.374	0	0	0.2901	0.2901	0.2901	0.2901	0.2901	0.2901	0.2901	0.2901	0.2901	0.2901	0.2901	0.2901	0.2901	0.2901	0.2901	0.2901	0.2901
10000	7.5259	0.005	0.015	1	1	0.4	0.84011	1	3.5	0	0.84011	1	3.5	0	0.84011	1	3.5	0	0.84011	1	3.5	0	0	0.31504	0.375	1.3125	0	0.31504	0.375	1.3125	0	0.31504	0.375	1.3125	0	0.31504	0.375	1.3125	0	0	0.2	0.2	0.2	0.2	0.2	0.2	0.2	0.2	0.2	0.2	0.2	0.2	0.2	0.2	0.2	0.2	0.2
10000	5.7844	0.002037	0.01	1	1	0.4042	0.42226	1.2513	3.5	0	0.42226	1.2513	3.5	0	0.42226	1.2513	3.5	0	0.42226	1.2513	3.5	0	0	0.12316	0.36496	1.0208	0	0.12316	0.36496	1.0208	0	0.12316	0.36496	1.0208	0	0.12316	0.36496	1.0208	0	0	0.12805	0.12805	0.12805	0.12805	0.12805	0.12805	0.12805	0.12805	0.12805	0.12805	0.12805	0.12805	0.12805	0.12805	0.12805	0.12805	0.12805
10000	10	0.0014447	0.020007	1	1	0.36878	0.79985	0.49987	3.7398	0	0.79985	0.49987	3.7398	0	0.79985	0.49987	3.7398	0	0.79985	0.49987	3.7398	0	0	0.79994	0.49993	3.7402	0	0.79994	0.49993	3.7402	0	0.79994	0.49993	3.7402	0	0.79994	0.49993	3.7402	0	0	0.20006	0.20006	0.20006	0.20006	0.20006	0.20006	0.20006	0.20006	0.20006	0.20006	0.20006	0.20006	0.20006	0.20006	0.20006	0.20006	0.20006
10000	10	0.001	0.010851	1	1	0.64756	0.78843	0.60357	4.4414	0	0.78843	0.60357	4.4414	0	0.78843	0.60357	4.4414	0	0.78843	0.60357	4.4414	0	0	0.3963	0.30338	2.2324	0	0.3963	0.30338	2.2324	0	0.3963	0.30338	2.2324	0	0.3963	0.30338	2.2324	0	0	0.27252	0.27252	0.27252	0.27252	0.27252	0.27252	0.27252	0.27252	0.27252	0.27252	0.27252	0.27252	0.27252	0.27252	0.27252	0.27252	0.27252
10000	10	0.001	0.030046	1	1	0.40047	1.4061	0.30018	5.6645	0	1.4061	0.30018	5.6645	0	1.4061	0.30018	5.6645	0	1.4061	0.30018	5.6645	0	0	0.49765	0.10624	2.0048	0	0.49765	0.10624	2.0048	0	0.49765	0.10624	2.0048	0	0.49765	0.10624	2.0048	0	0	0.20019	0.20019	0.20019	0.20019	0.20019	0.20019	0.20019	0.20019	0.20019	0.20019	0.20019	0.20019	0.20019	0.20019	0.20019	0.20019	0.20019
10000	7.8011	0.001	0.01	1	1	0.575	0.91921	0.30802	2.9375	0	0.91921	0.30802	2.9375	0	0.91921	0.30802	2.9375	0	0.91921	0.30802	2.9375	0	0	0.85589	0.28681	2.7351	0	0.85589	0.28681	2.7351	0	0.85589	0.28681	2.7351	0	0.85589	0.28681	2.7351	0	0	0.15833	0.15833	0.15833	0.15833	0.15833	0.15833	0.15833	0.15833	0.15833	0.15833	0.15833	0.15833	0.15833	0.15833	0.15833	0.15833	0.15833
10000	7.2634	0.001	0.01	1	1	0.76231	0.76862	0.48707	4.584	0	0.76862	0.48707	4.584	0	0.76862	0.48707	4.584	0	0.76862	0.48707	4.584	0	0	0.29296	0.18565	1.7472	0	0.29296	0.18565	1.7472	0	0.29296	0.18565	1.7472	0	0.29296	0.18565	1.7472	0	0	0.21957	0.21957	0.21957	0.21957	0.21957	0.21957	0.21957	0.21957	0.21957	0.21957	0.21957	0.21957	0.21957	0.21957	0.21957	0.21957	0.21957
10000	10	0.001	0.01	1	1	0.66633	1	0.3	5.1173	0	1	0.3	5.1173	0	1	0.3	5.1173	0	1	0.3	5.1173	0	0	0.51062	0.15319	2.613	0	0.51062	0.15319	2.613	0	0.51062	0.15319	2.613	0	0.51062	0.15319	2.613	0	0	0.17985	0.17985	0.17985	0.17985	0.17985	0.17985	0.17985	0.17985	0.17985	0.17985	0.17985	0.17985	0.17985	0.17985	0.17985	0.17985	0.17985
10000	10	0.0049753	0.01	1	1	0.53487	0.86153	0.49769	5.2362	0	0.86153	0.49769	5.2362	0	0.86153	0.49769	5.2362	0	0.86153	0.49769	5.2362	0	0	0.42944	0.24807	2.61	0	0.42944	0.24807	2.61	0	0.42944	0.24807	2.61	0	0.42944	0.24807	2.61	0	0	0.30164	0.30164	0.30164	0.30164	0.30164	0.30164	0.30164	0.30164	0.30164	0.30164	0.30164	0.30164	0.30164	0.30164	0.30164	0.30164	0.30164
10000	7.7016	0.0035792	0.016776	1	1	0.52067	0.61872	0.53798	3.9224	0	0.61872	0.53798	3.9224	0	0.61872	0.53798	3.9224	0	0.61872	0.53798	3.9224	0	0	0.29224	0.2541	1.8526	0	0.29224	0.2541	1.8526	0	0.29224	0.2541	1.8526	0	0.29224	0.2541	1.8526	0	0	0.21248	0.21248	0.21248	0.21248	0.21248	0.21248	0.21248	0.21248	0.21248	0.21248	0.21248	0.21248	0.21248	0.21248	0.21248	0.21248	0.21248
10000	9.5739	0.0015647	0.023333	1	1	0.4	1	0.3	5.1479	0	1	0.3	5.1479	0	1	0.3	5.1479	0	1	0.3	5.1479	0	0	0.5	0.15	2.5739	0	0.5	0.15	2.5739	0	0.5	0.15	2.5739	0	0.5	0.15	2.5739	0	0	0.3	0.3	0.3	0.3	0.3	0.3	0.3	0.3	0.3	0.3	0.3	0.3	0.3	0.3	0.3	0.3	0.3
10000	9.9999	0.0030723	0.01	1	1	0.40004	0.9999	0.43557	3.78	0	0.9999	0.43557	3.78	0	0.9999	0.43557	3.78	0	0.9999	0.43557	3.78	0	0	0.50587	0.22037	1.9124	0	0.50587	0.22037	1.9124	0	0.50587	0.22037	1.9124	0	0.50587	0.22037	1.9124	0	0	0.22361	0.22361	0.22361	0.22361	0.22361	0.22361	0.22361	0.22361	0.22361	0.22361	0.22361	0.22361	0.22361	0.22361	0.22361	0.22361	0.22361
10000	8.3364	0.001	0.01	1	1	0.4	1.5	0.5	3.5	0	1.5	0.5	3.5	0	1.5	0.5	3.5	0	1.5	0.5	3.5	0	0	0.75	0.25	1.75	0	0.75	0.25	1.75	0	0.75	0.25	1.75	0	0.75	0.25	1.75	0	0	0.14031	0.14031	0.14031	0.14031	0.14031	0.14031	0.14031	0.14031	0.14031	0.14031	0.14031	0.14031	0.14031	0.14031	0.14031	0.14031	0.14031
10000	7.1428	0.001	0.01	1	1	0.70087	0.78922	0.24583	4.2449	0	0.78922	0.24583	4.2449	0	0.78922	0.24583	4.2449	0	0.78922	0.24583	4.2449	0	0	0.50149	0.15621	2.6973	0	0.50149	0.15621	2.6973	0	0.50149	0.15621	2.6973	0	0.50149	0.15621	2.6973	0	0	0.3429	0.3429	0.3429	0.3429	0.3429	0.3429	0.3429	0.3429	0.3429	0.3429	0.3429	0.3429	0.3429	0.3429	0.3429	0.3429	0.3429
10000	8	0.001	0.03	1	1	0.63312	1.0233	0.93533	3.5	0	1.0233	0.93533	3.5	0	1.0233	0.93533	3.5	0	1.0233	0.93533	3.5	0	0	0.50581	0.46231	1.7299	0	0.50581	0.46231	1.7299	0	0.50581	0.46231	1.7299	0	0.50581	0.46231	1.7299	0	0	0.2037	0.2037	0.2037	0.2037	0.2037	0.2037	0.2037	0.2037	0.2037	0.2037	0.2037	0.2037	0.2037	0.2037	0.2037	0.2037	0.2037
10000	6.8917	0.001	0.028783	1	1	0.5533	0.92623	0.031872	3.6434	0	0.92623	0.031872	3.6434	0	0.92623	0.031872	3.6434	0	0.92623	0.031872	3.6434	0	0	0.4357	0.014992	1.7138	0	0.4357	0.014992	1.7138	0	0.4357	0.014992	1.7138	0	0.4357	0.014992	1.7138	0	0	0.10155	0.10155	0.10155	0.10155	0.10155	0.10155	0.10155	0.10155	0.10155	0.10155	0.10155	0.10155	0.10155	0.10155	0.10155	0.10155	0.10155
10000	10	0.001	0.03	1	1	0.60856	0.76432	0.3	3.3333	0	0.76432	0.3	3.3333	0	0.76432	0.3	3.3333	0	0.76432	0.3	3.3333	0	0	0.76432	0.3	3.3333	0	0.76432	0.3	3.3333	0	0.76432	0.3	3.3333	0	0.76432	0.3	3.3333	0	0	0.20464	0.20464	0.20464	0.20464	0.20464	0.20464	0.20464	0.20464	0.20464	0.20464	0.20464	0.20464	0.20464	0.20464	0.20464	0.20464	0.20464
10000	8.9657	0.001	0.015646	1	1	1.2412	1.0765	0.15556	3.1015	0	1.0765	0.15556	3.1015	0	1.0765	0.15556	3.1015	0	1.0765	0.15556	3.1015	0	0	0.40843	0.059021	1.1768	0	0.40843	0.059021	1.1768	0	0.40843	0.059021	1.1768	0	0.40843	0.059021	1.1768	0	0	0.15739	0.15739	0.15739	0.15739	0.15739	0.15739	0.15739	0.15739	0.15739	0.15739	0.15739	0.15739	0.15739	0.15739	0.15739	0.15739	0.15739
10000	10	0.005189	0.020791	1	1	1.3815	1.4826	0.29609	6.979	0	1.4826	0.29609	6.979	0	1.4826	0.29609	6.979	0	1.4826	0.29609	6.979	0	0	0.37066	0.074024	1.7448	0	0.37066	0.074024	1.7448	0	0.37066	0.074024	1.7448	0	0.37066	0.074024	1.7448	0	0	0.31566	0.31566	0.31566	0.31566	0.31566	0.31566	0.31566	0.31566	0.31566	0.31566	0.31566	0.31566	0.31566	0.31566	0.31566	0.31566	0.31566
10000	10	0.0046202	0.020889	1	1	1.1065	1.1036	0.36389	3.9364	0	1.1036	0.36389	3.9364	0	1.1036	0.36389	3.9364	0	1.1036	0.36389	3.9364	0	0	0.49463	0.16309	1.7642	0	0.49463	0.16309	1.7642	0	0.49463	0.16309	1.7642	0	0.49463	0.16309	1.7642	0	0	0.15951	0.15951	0.15951	0.15951	0.15951	0.15951	0.15951	0.15951	0.15951	0.15951	0.15951	0.15951	0.15951	0.15951	0.15951	0.15951	0.15951
10000	10	0.001	0.015	1	1	1	1.5	0	4.6667	0	1.5	0	4.6667	0	1.5	0	4.6667	0	1.5	0	4.6667	0	0	0.75	0	2.3333	0	0.75	0	2.3333	0	0.75	0	2.3333	0	0.75	0	2.3333	0	0	0.3	0.3	0.3	0.3	0.3	0.3	0.3	0.3	0.3	0.3	0.3	0.3	0.3	0.3	0.3	0.3	0.3
10000	7.3343	0.0028307	0.020784	1	1	1.3045	0.89467	0.13336	3.5331	0	0.89467	0.13336	3.5331	0	0.89467	0.13336	3.5331	0	0.89467	0.13336	3.5331	0	0	0.44676	0.066596	1.7643	0	0.44676	0.066596	1.7643	0	0.44676	0.066596	1.7643	0	0.44676	0.066596	1.7643	0	0	0.25141	0.25141	0.25141	0.25141	0.25141	0.25141	0.25141	0.25141	0.25141	0.25141	0.25141	0.25141	0.25141	0.25141	0.25141	0.25141	0.25141
10000	7.6564	0.005	0.01	1	1	1	1	0.3	3.5	0	1	0.3	3.5	0	1	0.3	3.5	0	1	0.3	3.5	0	0	0.84975	0.25493	2.9741	0	0.84975	0.25493	2.9741	0	0.84975	0.25493	2.9741	0	0.84975	0.25493	2.9741	0	0	0.3	0.3	0.3	0.3	0.3	0.3	0.3	0.3	0.3	0.3	0.3	0.3	0.3	0.3	0.3	0.3	0.3
10000	8.1374	0.0045595	0.018923	1	1	1.4275	1.0994	0.46619	3.3075	0	1.0994	0.46619	3.3075	0	1.0994	0.46619	3.3075	0	1.0994	0.46619	3.3075	0	0	1.0979	0.46555	3.3029	0	1.0979	0.46555	3.3029	0	1.0979	0.46555	3.3029	0	1.0979	0.46555	3.3029	0	0	0.29572	0.29572	0.29572	0.29572	0.29572	0.29572	0.29572	0.29572	0.29572	0.29572	0.29572	0.29572	0.29572	0.29572	0.29572	0.29572	0.29572
10000	6.1802	0.00501	0.016626	1	1	1.1861	0.79722	0.11071	4.1673	0	0.79722	0.11071	4.1673	0	0.79722	0.11071	4.1673	0	0.79722	0.11071	4.1673	0	0	0.53276	0.073987	2.7849	0	0.53276	0.073987	2.7849	0	0.53276	0.073987	2.7849	0	0.53276	0.073987	2.7849	0	0	0.25509	0.25509	0.25509	0.25509	0.25509	0.25509	0.25509	0.25509	0.25509	0.25509	0.25509	0.25509	0.25509	0.25509	0.25509	0.25509	0.25509
10000	7	0.001	0.01	1	1	1.2516	1.0667	0.75499	2.5	0	1.0667	0.75499	2.5	0	1.0667	0.75499	2.5	0	1.0667	0.75499	2.5	0	0	1.1259	0.79693	2.6389	0	1.1259	0.79693	2.6389	0	1.1259	0.79693	2.6389	0	1.1259	0.79693	2.6389	0	0	0.32164	0.32164	0.32164	0.32164	0.32164	0.32164	0.32164	0.32164	0.32164	0.32164	0.32164	0.32164	0.32164	0.32164	0.32164	0.32164	0.32164
10000	7.3282	0.001	0.01	1	1	1.6237	1.0836	-0.015691	3.6869	0	1.0836	-0.015691	3.6869	0	1.0836	-0.015691	3.6869	0	1.0836	-0.015691	3.6869	0	0	0.8179	-0.011844	2.7829	0	0.8179	-0.011844	2.7829	0	0.8179	-0.011844	2.7829	0	0.8179	-0.011844	2.7829	0	0	0.32284	0.32284	0.32284	0.32284	0.32284	0.32284	0.32284	0.32284	0.32284	0.32284	0.32284	0.32284	0.32284	0.32284	0.32284	0.32284	0.32284
10000	7.0125	0.0013185	0.028225	1	1	1.3873	0.75	0.1375	3.5331	0	0.75	0.1375	3.5331	0	0.75	0.1375	3.5331	0	0.75	0.1375	3.5331	0	0	0.5611	0.10287	2.6432	0	0.5611	0.10287	2.6432	0	0.5611	0.10287	2.6432	0	0.5611	0.10287	2.6432	0	0	0.1728	0.1728	0.1728	0.1728	0.1728	0.1728	0.1728	0.1728	0.1728	0.1728	0.1728	0.1728	0.1728	0.1728	0.1728	0.1728	0.1728
10000	7.3975	0.0039224	0.01	1	1	1.3035	1.8994	0.23458	4.8832	0	1.8994	0.23458	4.8832	0	1.8994	0.23458	4.8832	0	1.8994	0.23458	4.8832	0	0	0.74255	0.09171	1.9091	0	0.74255	0.09171	1.9091	0	0.74255	0.09171	1.9091	0	0.74255	0.09171	1.9091	0	0	0.30155	0.30155	0.30155	0.30155	0.30155	0.30155	0.30155	0.30155	0.30155	0.30155	0.30155	0.30155	0.30155	0.30155	0.30155	0.30155	0.30155
10000	6.4638	0.001	0.025269	1	1	1	1	0	3.5	0	1	0	3.5	0	1	0	3.5	0	1	0	3.5	0	0	0.53205	0	1.8622	0	0.53205	0	1.8622	0	0.53205	0	1.8622	0	0.53205	0	1.8622	0	0	0.26686	0.26686	0.26686	0.26686	0.26686	0.26686	0.26686	0.26686	0.26686	0.26686	0.26686	0.26686	0.26686	0.26686	0.26686	0.26686	0.26686
10000	5.1133	0.0015556	0.0225	1	1	1.125	1.3438	0.38125	3.1146	0	1.3438	0.38125	3.1146	0	1.3438	0.38125	3.1146	0	1.3438	0.38125	3.1146	0	0	0.42795	0.12142	0.99192	0	0.42795	0.12142	0.99192	0	0.42795	0.12142	0.99192	0	0.42795	0.12142	0.99192	0	0	0.18093	0.18093	0.18093	0.18093	0.18093	0.18093	0.18093	0.18093	0.18093	0.18093	0.18093	0.18093	0.18093	0.18093	0.18093	0.18093	0.18093
10000	7.1973	0.001	0.020266	1	1	1.3466	1.4834	0.29135	3.47	0	1.4834	0.29135	3.47	0	1.4834	0.29135	3.47	0	1.4834	0.29135	3.47	0	0	0.62963	0.12367	1.4729	0	0.62963	0.12367	1.4729	0	0.62963	0.12367	1.4729	0	0.62963	0.12367	1.4729	0	0	0.19757	0.19757	0.19757	0.19757	0.19757	0.19757	0.19757	0.19757	0.19757	0.19757	0.19757	0.19757	0.19757	0.19757	0.19757	0.19757	0.19757
10000	7.5367	0.0039807	0.03	1	1	1.6	1.2806	0.3	3.7509	0	1.2806	0.3	3.7509	0	1.2806	0.3	3.7509	0	1.2806	0.3	3.7509	0	0	0.64031	0.15	1.8754	0	0.64031	0.15	1.8754	0	0.64031	0.15	1.8754	0	0.64031	0.15	1.8754	0	0	0.2	0.2	0.2	0.2	0.2	0.2	0.2	0.2	0.2	0.2	0.2	0.2	0.2	0.2	0.2	0.2	0.2
10000	7.5805	0.005	0.03	1	1	1.4906	1	0.4	3.6161	0	1	0.4	3.6161	0	1	0.4	3.6161	0	1	0.4	3.6161	0	0	0.5	0.2	1.8081	0	0.5	0.2	1.8081	0	0.5	0.2	1.8081	0	0.5	0.2	1.8081	0	0	0.11281	0.11281	0.11281	0.11281	0.11281	0.11281	0.11281	0.11281	0.11281	0.11281	0.11281	0.11281	0.11281	0.11281	0.11281	0.11281	0.11281
10000	7.5485	0.0031562	0.02915	1	1	1.3453	0.55876	0.032263	4.9628	0	0.55876	0.032263	4.9628	0	0.55876	0.032263	4.9628	0	0.55876	0.032263	4.9628	0	0	0.54837	0.031663	4.8705	0	0.54837	0.031663	4.8705	0	0.54837	0.031663	4.8705	0	0.54837	0.031663	4.8705	0	0	0.30781	0.30781	0.30781	0.30781	0.30781	0.30781	0.30781	0.30781	0.30781	0.30781	0.30781	0.30781	0.30781	0.30781	0.30781	0.30781	0.30781
10000	5.2663	0.001	0.017808	1	1	1.9097	1.0208	0.35869	3.7782	0	1.0208	0.35869	3.7782	0	1.0208	0.35869	3.7782	0	1.0208	0.35869	3.7782	0	0	0.2552	0.089674	0.94456	0	0.2552	0.089674	0.94456	0	0.2552	0.089674	0.94456	0	0.2552	0.089674	0.94456	0	0	0.12914	0.12914	0.12914	0.12914	0.12914	0.12914	0.12914	0.12914	0.12914	0.12914	0.12914	0.12914	0.12914	0.12914	0.12914	0.12914	0.12914
10000	5.9687	0.001	0.01	1	1	1.4683	0.58832	0.30398	2.6715	0	0.58832	0.30398	2.6715	0	0.58832	0.30398	2.6715	0	0.58832	0.30398	2.6715	0	0	0.59148	0.30561	2.6859	0	0.59148	0.30561	2.6859	0	0.59148	0.30561	2.6859	0	0.59148	0.30561	2.6859	0	0	0.24694	0.24694	0.24694	0.24694	0.24694	0.24694	0.24694	0.24694	0.24694	0.24694	0.24694	0.24694	0.24694	0.24694	0.24694	0.24694	0.24694
10000	6.4817	0.001	0.014803	1	1	1.4251	1.027	0.14519	3.4718	0	1.027	0.14519	3.4718	0	1.027	0.14519	3.4718	0	1.027	0.14519	3.4718	0	0	1.0851	0.1534	3.668	0	1.0851	0.1534	3.668	0	1.0851	0.1534	3.668	0	1.0851	0.1534	3.668	0	0	0.18763	0.18763	0.18763	0.18763	0.18763	0.18763	0.18763	0.18763	0.18763	0.18763	0.18763	0.18763	0.18763	0.18763	0.18763	0.18763	0.18763
10000	9	0.001	0.022452	1	1	1.329	0.84798	0.15945	3.4651	0	0.84798	0.15945	3.4651	0	0.84798	0.15945	3.4651	0	0.84798	0.15945	3.4651	0	0	1.0443	0.19636	4.2672	0	1.0443	0.19636	4.2672	0	1.0443	0.19636	4.2672	0	1.0443	0.19636	4.2672	0	0	0.21996	0.21996	0.21996	0.21996	0.21996	0.21996	0.21996	0.21996	0.21996	0.21996	0.21996	0.21996	0.21996	0.21996	0.21996	0.21996	0.21996
10000	5.8423	0.001	0.016179	1	1	2.0005	0.80017	-1.0694	4.2599	0	0.80017	-1.0694	4.2599	0	0.80017	-1.0694	4.2599	0	0.80017	-1.0694	4.2599	0	0	0.93119	-1.2445	4.9574	0	0.93119	-1.2445	4.9574	0	0.93119	-1.2445	4.9574	0	0.93119	-1.2445	4.9574	0	0	0.29991	0.29991	0.29991	0.29991	0.29991	0.29991	0.29991	0.29991	0.29991	0.29991	0.29991	0.29991	0.29991	0.29991	0.29991	0.29991	0.29991
10000	6.9996	0.001	0.0231	1	1	1.7395	1.0332	0.189	3.8044	0	1.0332	0.189	3.8044	0	1.0332	0.189	3.8044	0	1.0332	0.189	3.8044	0	0	0.89302	0.16336	3.2884	0	0.89302	0.16336	3.2884	0	0.89302	0.16336	3.2884	0	0.89302	0.16336	3.2884	0	0	0.22859	0.22859	0.22859	0.22859	0.22859	0.22859	0.22859	0.22859	0.22859	0.22859	0.22859	0.22859	0.22859	0.22859	0.22859	0.22859	0.22859
10000	8.985	0.0031508	0.020691	1	1	2.0377	0.76607	-0.01885	3.5848	0	0.76607	-0.01885	3.5848	0	0.76607	-0.01885	3.5848	0	0.76607	-0.01885	3.5848	0	0	0.79134	-0.019472	3.7031	0	0.79134	-0.019472	3.7031	0	0.79134	-0.019472	3.7031	0	0.79134	-0.019472	3.7031	0	0	0.28549	0.28549	0.28549	0.28549	0.28549	0.28549	0.28549	0.28549	0.28549	0.28549	0.28549	0.28549	0.28549	0.28549	0.28549	0.28549	0.28549
10000	10	0.001	0.020049	1	1	0.9991	1.0017	0.3889	2.4957	0	1.0017	0.3889	2.4957	0	1.0017	0.3889	2.4957	0	1.0017	0.3889	2.4957	0	0	1.4645	0.56857	3.6487	0	1.4645	0.56857	3.6487	0	1.4645	0.56857	3.6487	0	1.4645	0.56857	3.6487	0	0	0.25358	0.25358	0.25358	0.25358	0.25358	0.25358	0.25358	0.25358	0.25358	0.25358	0.25358	0.25358	0.25358	0.25358	0.25358	0.25358	0.25358
10000	9.5334	0.0036667	0.020733	1	1	0.76217	1	0.3	2.5	0	1	0.3	2.5	0	1	0.3	2.5	0	1	0.3	2.5	0	0	1.1667	0.35	2.9167	0	1.1667	0.35	2.9167	0	1.1667	0.35	2.9167	0	1.1667	0.35	2.9167	0	0	0.17778	0.17778	0.17778	0.17778	0.17778	0.17778	0.17778	0.17778	0.17778	0.17778	0.17778	0.17778	0.17778	0.17778	0.17778	0.17778	0.17778
10000	8.3785	0.001	0.02	1	1	0.8	1	0.3	2.5	0	1	0.3	2.5	0	1	0.3	2.5	0	1	0.3	2.5	0	0	1	0.3	2.5	0	1	0.3	2.5	0	1	0.3	2.5	0	1	0.3	2.5	0	0	0.2	0.2	0.2	0.2	0.2	0.2	0.2	0.2	0.2	0.2	0.2	0.2	0.2	0.2	0.2	0.2	0.2
10000	9.9999	0.0022941	0.021602	1	1	0.61057	1	0.3	2.5	0	1	0.3	2.5	0	1	0.3	2.5	0	1	0.3	2.5	0	0	1	0.3	2.5	0	1	0.3	2.5	0	1	0.3	2.5	0	1	0.3	2.5	0	0	0.12091	0.12091	0.12091	0.12091	0.12091	0.12091	0.12091	0.12091	0.12091	0.12091	0.12091	0.12091	0.12091	0.12091	0.12091	0.12091	0.12091
10000	10	0.001	0.02	1	1	0.8	1.3333	0.4	2.5	0	1.3333	0.4	2.5	0	1.3333	0.4	2.5	0	1.3333	0.4	2.5	0	0	1.825	0.54751	3.422	0	1.825	0.54751	3.422	0	1.825	0.54751	3.422	0	1.825	0.54751	3.422	0	0	0.4	0.4	0.4	0.4	0.4	0.4	0.4	0.4	0.4	0.4	0.4	0.4	0.4	0.4	0.4	0.4	0.4
10000	10	0.001	0.017523	1	1	0.8	1.576	0.3	3.5	0	1.576	0.3	3.5	0	1.576	0.3	3.5	0	1.576	0.3	3.5	0	0	1.576	0.3	3.5	0	1.576	0.3	3.5	0	1.576	0.3	3.5	0	1.576	0.3	3.5	0	0	0.2	0.2	0.2	0.2	0.2	0.2	0.2	0.2	0.2	0.2	0.2	0.2	0.2	0.2	0.2	0.2	0.2
10000	10	0.001	0.015902	1	1	0.8	1.5	0	2.5	0	1.5	0	2.5	0	1.5	0	2.5	0	1.5	0	2.5	0	0	1.5	0	2.5	0	1.5	0	2.5	0	1.5	0	2.5	0	1.5	0	2.5	0	0	0	0	0	0	0	0	0	0	0	0	0	0	0	0	0	0	0
10000	9.8182	0.001	0.02466	1	1	1.0109	1.4043	0.33181	2.4959	0	1.4043	0.33181	2.4959	0	1.4043	0.33181	2.4959	0	1.4043	0.33181	2.4959	0	0	1.5315	0.36188	2.7221	0	1.5315	0.36188	2.7221	0	1.5315	0.36188	2.7221	0	1.5315	0.36188	2.7221	0	0	0.20094	0.20094	0.20094	0.20094	0.20094	0.20094	0.20094	0.20094	0.20094	0.20094	0.20094	0.20094	0.20094	0.20094	0.20094	0.20094	0.20094
10000	9.9999	0.001	0.02	1	1	0.8	1	-0.097611	2.5	0	1	-0.097611	2.5	0	1	-0.097611	2.5	0	1	-0.097611	2.5	0	0	2	-0.19522	5	0	2	-0.19522	5	0	2	-0.19522	5	0	2	-0.19522	5	0	0	0.27395	0.27395	0.27395	0.27395	0.27395	0.27395	0.27395	0.27395	0.27395	0.27395	0.27395	0.27395	0.27395	0.27395	0.27395	0.27395	0.27395
10000	10	0.001	0.02	1	1	0.67819	1.5	0.39591	2.5	0	1.5	0.39591	2.5	0	1.5	0.39591	2.5	0	1.5	0.39591	2.5	0	0	1.75	0.4619	2.9167	0	1.75	0.4619	2.9167	0	1.75	0.4619	2.9167	0	1.75	0.4619	2.9167	0	0	0.10826	0.10826	0.10826	0.10826	0.10826	0.10826	0.10826	0.10826	0.10826	0.10826	0.10826	0.10826	0.10826	0.10826	0.10826	0.10826	0.10826
10000	10	0.0035874	0.016815	1	1	0.64108	1.3564	0.71478	2.191	0	1.3564	0.71478	2.191	0	1.3564	0.71478	2.191	0	1.3564	0.71478	2.191	0	0	1.7964	0.94663	2.9017	0	1.7964	0.94663	2.9017	0	1.7964	0.94663	2.9017	0	1.7964	0.94663	2.9017	0	0	0.11276	0.11276	0.11276	0.11276	0.11276	0.11276	0.11276	0.11276	0.11276	0.11276	0.11276	0.11276	0.11276	0.11276	0.11276	0.11276	0.11276
10000	8.6939	0.0049116	0.021055	1	1	0.80995	1.3444	0.39282	2.5193	0	1.3444	0.39282	2.5193	0	1.3444	0.39282	2.5193	0	1.3444	0.39282	2.5193	0	0	1.8472	0.53973	3.4616	0	1.8472	0.53973	3.4616	0	1.8472	0.53973	3.4616	0	1.8472	0.53973	3.4616	0	0	0.09779	0.09779	0.09779	0.09779	0.09779	0.09779	0.09779	0.09779	0.09779	0.09779	0.09779	0.09779	0.09779	0.09779	0.09779	0.09779	0.09779
10000	9.9999	0.0038766	0.027552	1	1	0.78149	1.0206	0.30942	2.536	0	1.0206	0.30942	2.536	0	1.0206	0.30942	2.536	0	1.0206	0.30942	2.536	0	0	2.031	0.61577	5.0469	0	2.031	0.61577	5.0469	0	2.031	0.61577	5.0469	0	2.031	0.61577	5.0469	0	0	0.098352	0.098352	0.098352	0.098352	0.098352	0.098352	0.098352	0.098352	0.098352	0.098352	0.098352	0.098352	0.098352	0.098352	0.098352	0.098352	0.098352
10000	9.7442	0.001	0.01	1	1	1	1.0823	0.29999	2.4999	0	1.0823	0.29999	2.4999	0	1.0823	0.29999	2.4999	0	1.0823	0.29999	2.4999	0	0	2.1648	0.60002	5.0001	0	2.1648	0.60002	5.0001	0	2.1648	0.60002	5.0001	0	2.1648	0.60002	5.0001	0	0	0.16666	0.16666	0.16666	0.16666	0.16666	0.16666	0.16666	0.16666	0.16666	0.16666	0.16666	0.16666	0.16666	0.16666	0.16666	0.16666	0.16666
10000	10	0.001	0.01	1	1	0.74582	1.3333	0.3	2.5	0	1.3333	0.3	2.5	0	1.3333	0.3	2.5	0	1.3333	0.3	2.5	0	0	2.6667	0.6	5	0	2.6667	0.6	5	0	2.6667	0.6	5	0	2.6667	0.6	5	0	0	0.26718	0.26718	0.26718	0.26718	0.26718	0.26718	0.26718	0.26718	0.26718	0.26718	0.26718	0.26718	0.26718	0.26718	0.26718	0.26718	0.26718
10000	10	0.001	0.018574	1	1	0.76186	1.3984	0.27494	2.5	0	1.3984	0.27494	2.5	0	1.3984	0.27494	2.5	0	1.3984	0.27494	2.5	0	0	1.4309	0.28134	2.5582	0	1.4309	0.28134	2.5582	0	1.4309	0.28134	2.5582	0	1.4309	0.28134	2.5582	0	0	0	0	0	0	0	0	0	0	0	0	0	0	0	0	0	0	0
10000	8.247	0.001	0.027756	1	1	0.7495	1.3174	-0.11993	2.5982	0	1.3174	-0.11993	2.5982	0	1.3174	-0.11993	2.5982	0	1.3174	-0.11993	2.5982	0	0	1.2798	-0.11651	2.5241	0	1.2798	-0.11651	2.5241	0	1.2798	-0.11651	2.5241	0	1.2798	-0.11651	2.5241	0	0	0.088778	0.088778	0.088778	0.088778	0.088778	0.088778	0.088778	0.088778	0.088778	0.088778	0.088778	0.088778	0.088778	0.088778	0.088778	0.088778	0.088778
10000	10	0.001	0.01	1	1	0.42207	1.4566	0.3073	2.5	0	1.4566	0.3073	2.5	0	1.4566	0.3073	2.5	0	1.4566	0.3073	2.5	0	0	1.5179	0.32023	2.6052	0	1.5179	0.32023	2.6052	0	1.5179	0.32023	2.6052	0	1.5179	0.32023	2.6052	0	0	0.02352	0.02352	0.02352	0.02352	0.02352	0.02352	0.02352	0.02352	0.02352	0.02352	0.02352	0.02352	0.02352	0.02352	0.02352	0.02352	0.02352
10000	7.5431	0.001	0.02	1	1	0.69759	1	0.3	2.5	0	1	0.3	2.5	0	1	0.3	2.5	0	1	0.3	2.5	0	0	1.3188	0.39563	3.2969	0	1.3188	0.39563	3.2969	0	1.3188	0.39563	3.2969	0	1.3188	0.39563	3.2969	0	0	0.083333	0.083333	0.083333	0.083333	0.083333	0.083333	0.083333	0.083333	0.083333	0.083333	0.083333	0.083333	0.083333	0.083333	0.083333	0.083333	0.083333
10000	8.3549	0.001	0.021224	1	1	0.7051	1	0.6	2.5	0	1	0.6	2.5	0	1	0.6	2.5	0	1	0.6	2.5	0	0	0.76641	0.45985	1.916	0	0.76641	0.45985	1.916	0	0.76641	0.45985	1.916	0	0.76641	0.45985	1.916	0	0	0.011111	0.011111	0.011111	0.011111	0.011111	0.011111	0.011111	0.011111	0.011111	0.011111	0.011111	0.011111	0.011111	0.011111	0.011111	0.011111	0.011111
10000	10	0.001	0.02	1	1	1.0823	1	0.4	2.5	0	1	0.4	2.5	0	1	0.4	2.5	0	1	0.4	2.5	0	0	1	0.4	2.5	0	1	0.4	2.5	0	1	0.4	2.5	0	1	0.4	2.5	0	0	0.2	0.2	0.2	0.2	0.2	0.2	0.2	0.2	0.2	0.2	0.2	0.2	0.2	0.2	0.2	0.2	0.2
10000	10	0.001	0.01	1	1	0.56416	1.2523	0.31111	1.4127	0	1.2523	0.31111	1.4127	0	1.2523	0.31111	1.4127	0	1.2523	0.31111	1.4127	0	0	1.8609	0.4623	2.0992	0	1.8609	0.4623	2.0992	0	1.8609	0.4623	2.0992	0	1.8609	0.4623	2.0992	0	0	0.2	0.2	0.2	0.2	0.2	0.2	0.2	0.2	0.2	0.2	0.2	0.2	0.2	0.2	0.2	0.2	0.2
10000	9.6355	0.001	0.018233	1	1	0.8	1	0.3	2.5	0	1	0.3	2.5	0	1	0.3	2.5	0	1	0.3	2.5	0	0	1	0.3	2.5	0	1	0.3	2.5	0	1	0.3	2.5	0	1	0.3	2.5	0	0	0.2	0.2	0.2	0.2	0.2	0.2	0.2	0.2	0.2	0.2	0.2	0.2	0.2	0.2	0.2	0.2	0.2
10000	10	0.001	0.01	1	1	0.87502	0.9973	0.30025	2.5055	0	0.9973	0.30025	2.5055	0	0.9973	0.30025	2.5055	0	0.9973	0.30025	2.5055	0	0	1.1051	0.33269	2.7763	0	1.1051	0.33269	2.7763	0	1.1051	0.33269	2.7763	0	1.1051	0.33269	2.7763	0	0	0.14921	0.14921	0.14921	0.14921	0.14921	0.14921	0.14921	0.14921	0.14921	0.14921	0.14921	0.14921	0.14921	0.14921	0.14921	0.14921	0.14921
10000	10	0.001	0.019969	1	1	0.775	0.97222	0.58194	2.5486	0	0.97222	0.58194	2.5486	0	0.97222	0.58194	2.5486	0	0.97222	0.58194	2.5486	0	0	0.94859	0.5678	2.4867	0	0.94859	0.5678	2.4867	0	0.94859	0.5678	2.4867	0	0.94859	0.5678	2.4867	0	0	0.18889	0.18889	0.18889	0.18889	0.18889	0.18889	0.18889	0.18889	0.18889	0.18889	0.18889	0.18889	0.18889	0.18889	0.18889	0.18889	0.18889
10000	7.1125	0.0016666	0.01	1	1	1.2233	0.9333	0.29998	2.5001	0	0.9333	0.29998	2.5001	0	0.9333	0.29998	2.5001	0	0.9333	0.29998	2.5001	0	0	0.93333	0.29999	2.5001	0	0.93333	0.29999	2.5001	0	0.93333	0.29999	2.5001	0	0.93333	0.29999	2.5001	0	0	0.11814	0.11814	0.11814	0.11814	0.11814	0.11814	0.11814	0.11814	0.11814	0.11814	0.11814	0.11814	0.11814	0.11814	0.11814	0.11814	0.11814
10000	7.0454	0.001	0.01	1	1	0.80132	1.3745	0.5353	3.5033	0	1.3745	0.5353	3.5033	0	1.3745	0.5353	3.5033	0	1.3745	0.5353	3.5033	0	0	0.68622	0.26725	1.7491	0	0.68622	0.26725	1.7491	0	0.68622	0.26725	1.7491	0	0.68622	0.26725	1.7491	0	0	0.023121	0.023121	0.023121	0.023121	0.023121	0.023121	0.023121	0.023121	0.023121	0.023121	0.023121	0.023121	0.023121	0.023121	0.023121	0.023121	0.023121
10000	7.3541	0.0014776	0.02	1	1	0.99579	0.82837	0.36667	2.5	0	0.82837	0.36667	2.5	0	0.82837	0.36667	2.5	0	0.82837	0.36667	2.5	0	0	0.82837	0.36667	2.5	0	0.82837	0.36667	2.5	0	0.82837	0.36667	2.5	0	0.82837	0.36667	2.5	0	0	0.068033	0.068033	0.068033	0.068033	0.068033	0.068033	0.068033	0.068033	0.068033	0.068033	0.068033	0.068033	0.068033	0.068033	0.068033	0.068033	0.068033
10000	5.1844	0.001	0.018915	1	1	0.91948	0.93749	0.3088	2.3906	0	0.93749	0.3088	2.3906	0	0.93749	0.3088	2.3906	0	0.93749	0.3088	2.3906	0	0	0.49364	0.1626	1.2588	0	0.49364	0.1626	1.2588	0	0.49364	0.1626	1.2588	0	0.49364	0.1626	1.2588	0	0	0.1643	0.1643	0.1643	0.1643	0.1643	0.1643	0.1643	0.1643	0.1643	0.1643	0.1643	0.1643	0.1643	0.1643	0.1643	0.1643	0.1643
10000	7.8547	0.001	0.04	1	1	0.8	0.83083	0.6	2.5	0	0.83083	0.6	2.5	0	0.83083	0.6	2.5	0	0.83083	0.6	2.5	0	0	0.83083	0.6	2.5	0	0.83083	0.6	2.5	0	0.83083	0.6	2.5	0	0.83083	0.6	2.5	0	0	0	0	0	0	0	0	0	0	0	0	0	0	0	0	0	0	0
10000	9.175	0.001	0.02	1	1	0.8	1	0.19317	2.5	0	1	0.19317	2.5	0	1	0.19317	2.5	0	1	0.19317	2.5	0	0	1	0.19317	2.5	0	1	0.19317	2.5	0	1	0.19317	2.5	0	1	0.19317	2.5	0	0	0.090145	0.090145	0.090145	0.090145	0.090145	0.090145	0.090145	0.090145	0.090145	0.090145	0.090145	0.090145	0.090145	0.090145	0.090145	0.090145	0.090145
10000	10	0.001	0.020441	1	1	1.1936	0.99652	0.30857	2.6048	0	0.99652	0.30857	2.6048	0	0.99652	0.30857	2.6048	0	0.99652	0.30857	2.6048	0	0	1.1118	0.34427	2.9062	0	1.1118	0.34427	2.9062	0	1.1118	0.34427	2.9062	0	1.1118	0.34427	2.9062	0	0	0	0	0	0	0	0	0	0	0	0	0	0	0	0	0	0	0
10000	9.0235	0.001	0.01	1	1	0.86151	0.99999	0.53333	2.5307	0	0.99999	0.53333	2.5307	0	0.99999	0.53333	2.5307	0	0.99999	0.53333	2.5307	0	0	0.99999	0.53333	2.5307	0	0.99999	0.53333	2.5307	0	0.99999	0.53333	2.5307	0	0.99999	0.53333	2.5307	0	0	0.080185	0.080185	0.080185	0.080185	0.080185	0.080185	0.080185	0.080185	0.080185	0.080185	0.080185	0.080185	0.080185	0.080185	0.080185	0.080185	0.080185
10000	10	0.0040479	0.01	1	1	1.2346	0.94253	0.4857	4.1884	0	0.94253	0.4857	4.1884	0	0.94253	0.4857	4.1884	0	0.94253	0.4857	4.1884	0	0	0.92411	0.47621	4.1066	0	0.92411	0.47621	4.1066	0	0.92411	0.47621	4.1066	0	0.92411	0.47621	4.1066	0	0	0.12165	0.12165	0.12165	0.12165	0.12165	0.12165	0.12165	0.12165	0.12165	0.12165	0.12165	0.12165	0.12165	0.12165	0.12165	0.12165	0.12165
10000	8.4929	0.001	0.018333	1	1	0.8	1	0.4	2.5	0	1	0.4	2.5	0	1	0.4	2.5	0	1	0.4	2.5	0	0	1	0.4	2.5	0	1	0.4	2.5	0	1	0.4	2.5	0	1	0.4	2.5	0	0	0.050553	0.050553	0.050553	0.050553	0.050553	0.050553	0.050553	0.050553	0.050553	0.050553	0.050553	0.050553	0.050553	0.050553	0.050553	0.050553	0.050553
10000	9.9999	0.001	0.018586	1	1	0.88889	0.70062	0.3	2.5	0	0.70062	0.3	2.5	0	0.70062	0.3	2.5	0	0.70062	0.3	2.5	0	0	0.67143	0.2875	2.3958	0	0.67143	0.2875	2.3958	0	0.67143	0.2875	2.3958	0	0.67143	0.2875	2.3958	0	0	0.15395	0.15395	0.15395	0.15395	0.15395	0.15395	0.15395	0.15395	0.15395	0.15395	0.15395	0.15395	0.15395	0.15395	0.15395	0.15395	0.15395
10000	7	0.001	0.01	1	1	1	1	0.3	3.7637	0	1	0.3	3.7637	0	1	0.3	3.7637	0	1	0.3	3.7637	0	0	0.5	0.15	1.8818	0	0.5	0.15	1.8818	0	0.5	0.15	1.8818	0	0.5	0.15	1.8818	0	0	0.08821	0.08821	0.08821	0.08821	0.08821	0.08821	0.08821	0.08821	0.08821	0.08821	0.08821	0.08821	0.08821	0.08821	0.08821	0.08821	0.08821
10000	7.6303	0.0030731	0.021857	1	1	0.91946	1.1957	-2.3722e-05	3.8374	0	1.1957	-2.3722e-05	3.8374	0	1.1957	-2.3722e-05	3.8374	0	1.1957	-2.3722e-05	3.8374	0	0	0.4251	-8.4336e-06	1.3643	0	0.4251	-8.4336e-06	1.3643	0	0.4251	-8.4336e-06	1.3643	0	0.4251	-8.4336e-06	1.3643	0	0	0.12183	0.12183	0.12183	0.12183	0.12183	0.12183	0.12183	0.12183	0.12183	0.12183	0.12183	0.12183	0.12183	0.12183	0.12183	0.12183	0.12183
10000	9.9999	0.001	0.0175	1	1	0.9125	0.875	0.21912	2.7188	0	0.875	0.21912	2.7188	0	0.875	0.21912	2.7188	0	0.875	0.21912	2.7188	0	0	0.77929	0.19516	2.4214	0	0.77929	0.19516	2.4214	0	0.77929	0.19516	2.4214	0	0.77929	0.19516	2.4214	0	0	0.125	0.125	0.125	0.125	0.125	0.125	0.125	0.125	0.125	0.125	0.125	0.125	0.125	0.125	0.125	0.125	0.125
10000	9.5625	0.0014444	0.015	1	1	0.91942	0.93685	0.3	2.5	0	0.93685	0.3	2.5	0	0.93685	0.3	2.5	0	0.93685	0.3	2.5	0	0	0.94542	0.30274	2.5229	0	0.94542	0.30274	2.5229	0	0.94542	0.30274	2.5229	0	0.94542	0.30274	2.5229	0	0	0.2	0.2	0.2	0.2	0.2	0.2	0.2	0.2	0.2	0.2	0.2	0.2	0.2	0.2	0.2	0.2	0.2
10000	10	0.001	0.01559	1	1	0.72731	1.0808	0.6525	2.5501	0	1.0808	0.6525	2.5501	0	1.0808	0.6525	2.5501	0	1.0808	0.6525	2.5501	0	0	1.0285	0.62097	2.4269	0	1.0285	0.62097	2.4269	0	1.0285	0.62097	2.4269	0	1.0285	0.62097	2.4269	0	0	0.17888	0.17888	0.17888	0.17888	0.17888	0.17888	0.17888	0.17888	0.17888	0.17888	0.17888	0.17888	0.17888	0.17888	0.17888	0.17888	0.17888
10000	8.9278	0.001	0.020722	1	1	0.77622	1.0361	0.26598	3.5812	0	1.0361	0.26598	3.5812	0	1.0361	0.26598	3.5812	0	1.0361	0.26598	3.5812	0	0	0.72004	0.18485	2.4888	0	0.72004	0.18485	2.4888	0	0.72004	0.18485	2.4888	0	0.72004	0.18485	2.4888	0	0	0.29798	0.29798	0.29798	0.29798	0.29798	0.29798	0.29798	0.29798	0.29798	0.29798	0.29798	0.29798	0.29798	0.29798	0.29798	0.29798	0.29798
10000	10	0.001	0.01	1	1	0.8	1	0.3	3.5	0	1	0.3	3.5	0	1	0.3	3.5	0	1	0.3	3.5	0	0	0.92901	0.2787	3.2515	0	0.92901	0.2787	3.2515	0	0.92901	0.2787	3.2515	0	0.92901	0.2787	3.2515	0	0	0.2	0.2	0.2	0.2	0.2	0.2	0.2	0.2	0.2	0.2	0.2	0.2	0.2	0.2	0.2	0.2	0.2
10000	10	0.0013486	0.018699	1	1	0.79288	0.98799	0.30779	3.7249	0	0.98799	0.30779	3.7249	0	0.98799	0.30779	3.7249	0	0.98799	0.30779	3.7249	0	0	0.8776	0.2734	3.3087	0	0.8776	0.2734	3.3087	0	0.8776	0.2734	3.3087	0	0.8776	0.2734	3.3087	0	0	0.12352	0.12352	0.12352	0.12352	0.12352	0.12352	0.12352	0.12352	0.12352	0.12352	0.12352	0.12352	0.12352	0.12352	0.12352	0.12352	0.12352
10000	10	0.001	0.035	1	1	0.8	1	0.5	2.5	0	1	0.5	2.5	0	1	0.5	2.5	0	1	0.5	2.5	0	0	1	0.5	2.5	0	1	0.5	2.5	0	1	0.5	2.5	0	1	0.5	2.5	0	0	0.3	0.3	0.3	0.3	0.3	0.3	0.3	0.3	0.3	0.3	0.3	0.3	0.3	0.3	0.3	0.3	0.3
10000	8.4649	0.001	0.014026	1	1	0.78994	0.83201	0.40115	3.3669	0	0.83201	0.40115	3.3669	0	0.83201	0.40115	3.3669	0	0.83201	0.40115	3.3669	0	0	0.82691	0.39869	3.3463	0	0.82691	0.39869	3.3463	0	0.82691	0.39869	3.3463	0	0.82691	0.39869	3.3463	0	0	0.10223	0.10223	0.10223	0.10223	0.10223	0.10223	0.10223	0.10223	0.10223	0.10223	0.10223	0.10223	0.10223	0.10223	0.10223	0.10223	0.10223
10000	10	0.001	0.01	1	1	0.8	1	0.3	2.5	0	1	0.3	2.5	0	1	0.3	2.5	0	1	0.3	2.5	0	0	1	0.3	2.5	0	1	0.3	2.5	0	1	0.3	2.5	0	1	0.3	2.5	0	0	0.16667	0.16667	0.16667	0.16667	0.16667	0.16667	0.16667	0.16667	0.16667	0.16667	0.16667	0.16667	0.16667	0.16667	0.16667	0.16667	0.16667
10000	10	0.001	0.01	1	1	0.4	0.93334	0.4	3.4725	0	0.93334	0.4	3.4725	0	0.93334	0.4	3.4725	0	0.93334	0.4	3.4725	0	0	0.93334	0.4	3.4725	0	0.93334	0.4	3.4725	0	0.93334	0.4	3.4725	0	0.93334	0.4	3.4725	0	0	0.1	0.1	0.1	0.1	0.1	0.1	0.1	0.1	0.1	0.1	0.1	0.1	0.1	0.1	0.1	0.1	0.1
10000	9.9999	0.001	0.020909	1	1	0.8	0.86457	0.40936	3.4415	0	0.86457	0.40936	3.4415	0	0.86457	0.40936	3.4415	0	0.86457	0.40936	3.4415	0	0	0.85701	0.40578	3.4115	0	0.85701	0.40578	3.4115	0	0.85701	0.40578	3.4115	0	0.85701	0.40578	3.4115	0	0	0.2	0.2	0.2	0.2	0.2	0.2	0.2	0.2	0.2	0.2	0.2	0.2	0.2	0.2	0.2	0.2	0.2
10000	9.9999	0.001	0.02	1	1	0.70279	1	0.6	3.1977	0	1	0.6	3.1977	0	1	0.6	3.1977	0	1	0.6	3.1977	0	0	1	0.6	3.1977	0	1	0.6	3.1977	0	1	0.6	3.1977	0	1	0.6	3.1977	0	0	0.22914	0.22914	0.22914	0.22914	0.22914	0.22914	0.22914	0.22914	0.22914	0.22914	0.22914	0.22914	0.22914	0.22914	0.22914	0.22914	0.22914
10000	6.7562	0.011312	0.015375	1	1	0.35679	1.4156	1.3837	4.1173	0	1.4156	1.3837	4.1173	0	1.4156	1.3837	4.1173	0	1.4156	1.3837	4.1173	0	0	0.77006	0.75271	2.2397	0	0.77006	0.75271	2.2397	0	0.77006	0.75271	2.2397	0	0.77006	0.75271	2.2397	0	0	0.21534	0.21534	0.21534	0.21534	0.21534	0.21534	0.21534	0.21534	0.21534	0.21534	0.21534	0.21534	0.21534	0.21534	0.21534	0.21534	0.21534
10000	6.2575	0.0053404	0.01	1	1	0.26345	1.0201	0.54804	2.4998	0	1.0201	0.54804	2.4998	0	1.0201	0.54804	2.4998	0	1.0201	0.54804	2.4998	0	0	0.48056	0.25817	1.1776	0	0.48056	0.25817	1.1776	0	0.48056	0.25817	1.1776	0	0.48056	0.25817	1.1776	0	0	0.21049	0.21049	0.21049	0.21049	0.21049	0.21049	0.21049	0.21049	0.21049	0.21049	0.21049	0.21049	0.21049	0.21049	0.21049	0.21049	0.21049
10000	5.6998	0.0027047	0.031478	1	1	0.1638	0.79531	0.27136	2.7444	0	0.79531	0.27136	2.7444	0	0.79531	0.27136	2.7444	0	0.79531	0.27136	2.7444	0	0	0.33422	0.11404	1.1533	0	0.33422	0.11404	1.1533	0	0.33422	0.11404	1.1533	0	0.33422	0.11404	1.1533	0	0	0.4086	0.4086	0.4086	0.4086	0.4086	0.4086	0.4086	0.4086	0.4086	0.4086	0.4086	0.4086	0.4086	0.4086	0.4086	0.4086	0.4086
10000	6.6708	0.0033333	0.019949	1	1	0.34167	1.0833	0.72917	4.8542	0	1.0833	0.72917	4.8542	0	1.0833	0.72917	4.8542	0	1.0833	0.72917	4.8542	0	0	1.0043	0.676	4.5002	0	1.0043	0.676	4.5002	0	1.0043	0.676	4.5002	0	1.0043	0.676	4.5002	0	0	0.67858	0.67858	0.67858	0.67858	0.67858	0.67858	0.67858	0.67858	0.67858	0.67858	0.67858	0.67858	0.67858	0.67858	0.67858	0.67858	0.67858
10000	7	0.01	0.029999	1	1	0.40485	0.66661	0.60001	2.5	0	0.66661	0.60001	2.5	0	0.66661	0.60001	2.5	0	0.66661	0.60001	2.5	0	0	0.53111	0.47805	1.9918	0	0.53111	0.47805	1.9918	0	0.53111	0.47805	1.9918	0	0.53111	0.47805	1.9918	0	0	0.29999	0.29999	0.29999	0.29999	0.29999	0.29999	0.29999	0.29999	0.29999	0.29999	0.29999	0.29999	0.29999	0.29999	0.29999	0.29999	0.29999
10000	7	0.001	0.022508	1	1	0.4	1	0.3	3.3333	0	1	0.3	3.3333	0	1	0.3	3.3333	0	1	0.3	3.3333	0	0	0.99999	0.3	3.3333	0	0.99999	0.3	3.3333	0	0.99999	0.3	3.3333	0	0.99999	0.3	3.3333	0	0	0.2	0.2	0.2	0.2	0.2	0.2	0.2	0.2	0.2	0.2	0.2	0.2	0.2	0.2	0.2	0.2	0.2
10000	6.3499	0.0060669	0.02	1	1	0.047839	0.95705	0.18212	2.5	0	0.95705	0.18212	2.5	0	0.95705	0.18212	2.5	0	0.95705	0.18212	2.5	0	0	0.91428	0.17398	2.3883	0	0.91428	0.17398	2.3883	0	0.91428	0.17398	2.3883	0	0.91428	0.17398	2.3883	0	0	0.2	0.2	0.2	0.2	0.2	0.2	0.2	0.2	0.2	0.2	0.2	0.2	0.2	0.2	0.2	0.2	0.2
10000	7.7175	0.001	0.032644	1	1	0.52728	1.1886	0.31208	5.3222	0	1.1886	0.31208	5.3222	0	1.1886	0.31208	5.3222	0	1.1886	0.31208	5.3222	0	0	0.98373	0.2583	4.4049	0	0.98373	0.2583	4.4049	0	0.98373	0.2583	4.4049	0	0.98373	0.2583	4.4049	0	0	0.35324	0.35324	0.35324	0.35324	0.35324	0.35324	0.35324	0.35324	0.35324	0.35324	0.35324	0.35324	0.35324	0.35324	0.35324	0.35324	0.35324
10000	5.329	0.0028838	0.021236	1	1	0.41875	0.70193	0.3	2.7501	0	0.70193	0.3	2.7501	0	0.70193	0.3	2.7501	0	0.70193	0.3	2.7501	0	0	0.71022	0.30354	2.7826	0	0.71022	0.30354	2.7826	0	0.71022	0.30354	2.7826	0	0.71022	0.30354	2.7826	0	0	0.3	0.3	0.3	0.3	0.3	0.3	0.3	0.3	0.3	0.3	0.3	0.3	0.3	0.3	0.3	0.3	0.3
10000	7.0003	0.001	0.020002	1	1	0.53551	0.96089	0.1502	3.5002	0	0.96089	0.1502	3.5002	0	0.96089	0.1502	3.5002	0	0.96089	0.1502	3.5002	0	0	0.97335	0.15215	3.5456	0	0.97335	0.15215	3.5456	0	0.97335	0.15215	3.5456	0	0.97335	0.15215	3.5456	0	0	0.26145	0.26145	0.26145	0.26145	0.26145	0.26145	0.26145	0.26145	0.26145	0.26145	0.26145	0.26145	0.26145	0.26145	0.26145	0.26145	0.26145
10000	2.6202	0.001	0.017496	1	1	0.66952	1.158	0.33271	5.0034	0	1.158	0.33271	5.0034	0	1.158	0.33271	5.0034	0	1.158	0.33271	5.0034	0	0	0.28949	0.083178	1.2508	0	0.28949	0.083178	1.2508	0	0.28949	0.083178	1.2508	0	0.28949	0.083178	1.2508	0	0	0	0	0	0	0	0	0	0	0	0	0	0	0	0	0	0	0
10000	5.7497	0.001	0.03	1	1	0.68628	1	0.4	2.5	0	1	0.4	2.5	0	1	0.4	2.5	0	1	0.4	2.5	0	0	1	0.4	2.5	0	1	0.4	2.5	0	1	0.4	2.5	0	1	0.4	2.5	0	0	0.2	0.2	0.2	0.2	0.2	0.2	0.2	0.2	0.2	0.2	0.2	0.2	0.2	0.2	0.2	0.2	0.2
10000	8.0413	0.0035388	0.023226	1	1	0.80363	1.004	0.30262	3.3404	0	1.004	0.30262	3.3404	0	1.004	0.30262	3.3404	0	1.004	0.30262	3.3404	0	0	1.0076	0.30369	3.3522	0	1.0076	0.30369	3.3522	0	1.0076	0.30369	3.3522	0	1.0076	0.30369	3.3522	0	0	0.39885	0.39885	0.39885	0.39885	0.39885	0.39885	0.39885	0.39885	0.39885	0.39885	0.39885	0.39885	0.39885	0.39885	0.39885	0.39885	0.39885
10000	6.1543	0.0050673	0.01	1	1	0.64927	1.7279	0.34666	3.4894	0	1.7279	0.34666	3.4894	0	1.7279	0.34666	3.4894	0	1.7279	0.34666	3.4894	0	0	0.85669	0.17187	1.73	0	0.85669	0.17187	1.73	0	0.85669	0.17187	1.73	0	0.85669	0.17187	1.73	0	0	0.26488	0.26488	0.26488	0.26488	0.26488	0.26488	0.26488	0.26488	0.26488	0.26488	0.26488	0.26488	0.26488	0.26488	0.26488	0.26488	0.26488
10000	6.9969	0.001	0.01	1	1	0.825	1.0278	0.61806	2.5486	0	1.0278	0.61806	2.5486	0	1.0278	0.61806	2.5486	0	1.0278	0.61806	2.5486	0	0	1.0099	0.60733	2.5044	0	1.0099	0.60733	2.5044	0	1.0099	0.60733	2.5044	0	1.0099	0.60733	2.5044	0	0	0.2246	0.2246	0.2246	0.2246	0.2246	0.2246	0.2246	0.2246	0.2246	0.2246	0.2246	0.2246	0.2246	0.2246	0.2246	0.2246	0.2246
10000	6.8076	0.001	0.018889	1	1	0.89398	0.9309	0.33333	3.517	0	0.9309	0.33333	3.517	0	0.9309	0.33333	3.517	0	0.9309	0.33333	3.517	0	0	0.72551	0.25979	2.741	0	0.72551	0.25979	2.741	0	0.72551	0.25979	2.741	0	0.72551	0.25979	2.741	0	0	0.15223	0.15223	0.15223	0.15223	0.15223	0.15223	0.15223	0.15223	0.15223	0.15223	0.15223	0.15223	0.15223	0.15223	0.15223	0.15223	0.15223
10000	5.3453	0.0029489	0.01	1	1	0.99966	1.4084	0.052647	2.6357	0	1.4084	0.052647	2.6357	0	1.4084	0.052647	2.6357	0	1.4084	0.052647	2.6357	0	0	0.35209	0.013162	0.65892	0	0.35209	0.013162	0.65892	0	0.35209	0.013162	0.65892	0	0.35209	0.013162	0.65892	0	0	0.18877	0.18877	0.18877	0.18877	0.18877	0.18877	0.18877	0.18877	0.18877	0.18877	0.18877	0.18877	0.18877	0.18877	0.18877	0.18877	0.18877
10000	7	0.001	0.018461	1	1	1	1.5	0.3	2.5	0	1.5	0.3	2.5	0	1.5	0.3	2.5	0	1.5	0.3	2.5	0	0	0.56134	0.11227	0.93557	0	0.56134	0.11227	0.93557	0	0.56134	0.11227	0.93557	0	0.56134	0.11227	0.93557	0	0	0.05	0.05	0.05	0.05	0.05	0.05	0.05	0.05	0.05	0.05	0.05	0.05	0.05	0.05	0.05	0.05	0.05
10000	5.85	0.001	0.02	1	1	0.8	1	0.3	2.5	0	1	0.3	2.5	0	1	0.3	2.5	0	1	0.3	2.5	0	0	0.76178	0.22853	1.9044	0	0.76178	0.22853	1.9044	0	0.76178	0.22853	1.9044	0	0.76178	0.22853	1.9044	0	0	0.2	0.2	0.2	0.2	0.2	0.2	0.2	0.2	0.2	0.2	0.2	0.2	0.2	0.2	0.2	0.2	0.2
10000	7	0.0036477	0.021438	1	1	0.79999	1	0.3	3.8112	0	1	0.3	3.8112	0	1	0.3	3.8112	0	1	0.3	3.8112	0	0	0.875	0.2625	3.3348	0	0.875	0.2625	3.3348	0	0.875	0.2625	3.3348	0	0.875	0.2625	3.3348	0	0	0.31805	0.31805	0.31805	0.31805	0.31805	0.31805	0.31805	0.31805	0.31805	0.31805	0.31805	0.31805	0.31805	0.31805	0.31805	0.31805	0.31805
10000	7	0.001	0.033911	1	1	1	0.59631	0.5	4.6667	0	0.59631	0.5	4.6667	0	0.59631	0.5	4.6667	0	0.59631	0.5	4.6667	0	0	0.30735	0.25771	2.4053	0	0.30735	0.25771	2.4053	0	0.30735	0.25771	2.4053	0	0.30735	0.25771	2.4053	0	0	0.3	0.3	0.3	0.3	0.3	0.3	0.3	0.3	0.3	0.3	0.3	0.3	0.3	0.3	0.3	0.3	0.3
10000	6.2376	0.001	0.02	1	1	0.8	1	0.6	3.3333	0	1	0.6	3.3333	0	1	0.6	3.3333	0	1	0.6	3.3333	0	0	1	0.6	3.3333	0	1	0.6	3.3333	0	1	0.6	3.3333	0	1	0.6	3.3333	0	0	0.2	0.2	0.2	0.2	0.2	0.2	0.2	0.2	0.2	0.2	0.2	0.2	0.2	0.2	0.2	0.2	0.2
10000	9.564	0.001	0.028326	1	1	0.80855	0.80855	0.30618	2.8151	0	0.80855	0.30618	2.8151	0	0.80855	0.30618	2.8151	0	0.80855	0.30618	2.8151	0	0	0.79764	0.30205	2.7772	0	0.79764	0.30205	2.7772	0	0.79764	0.30205	2.7772	0	0.79764	0.30205	2.7772	0	0	0.30884	0.30884	0.30884	0.30884	0.30884	0.30884	0.30884	0.30884	0.30884	0.30884	0.30884	0.30884	0.30884	0.30884	0.30884	0.30884	0.30884
10000	7.2391	0.001	0.020794	1	1	1.0119	1.4301	0.60047	3.4312	0	1.4301	0.60047	3.4312	0	1.4301	0.60047	3.4312	0	1.4301	0.60047	3.4312	0	0	0.35753	0.15012	0.8578	0	0.35753	0.15012	0.8578	0	0.35753	0.15012	0.8578	0	0.35753	0.15012	0.8578	0	0	0.087471	0.087471	0.087471	0.087471	0.087471	0.087471	0.087471	0.087471	0.087471	0.087471	0.087471	0.087471	0.087471	0.087471	0.087471	0.087471	0.087471
10000	4.7573	0.0012111	0.048574	1	1	0.21214	1.4932	0.62058	4.1369	0	1.4932	0.62058	4.1369	0	1.4932	0.62058	4.1369	0	1.4932	0.62058	4.1369	0	0	0.64406	0.26767	1.7843	0	0.64406	0.26767	1.7843	0	0.64406	0.26767	1.7843	0	0.64406	0.26767	1.7843	0	0	0.0036399	0.0036399	0.0036399	0.0036399	0.0036399	0.0036399	0.0036399	0.0036399	0.0036399	0.0036399	0.0036399	0.0036399	0.0036399	0.0036399	0.0036399	0.0036399	0.0036399
10000	7	0.005	0.02	1	1	1.1625	1.34	0.091077	2.5	0	1.34	0.091077	2.5	0	1.34	0.091077	2.5	0	1.34	0.091077	2.5	0	0	0.83514	0.056764	1.5581	0	0.83514	0.056764	1.5581	0	0.83514	0.056764	1.5581	0	0.83514	0.056764	1.5581	0	0	0.2	0.2	0.2	0.2	0.2	0.2	0.2	0.2	0.2	0.2	0.2	0.2	0.2	0.2	0.2	0.2	0.2
10000	6.3222	0.001	0.017968	1	1	1.4171	1.2825	0.16533	3.2472	0	1.2825	0.16533	3.2472	0	1.2825	0.16533	3.2472	0	1.2825	0.16533	3.2472	0	0	1.0978	0.14151	2.7795	0	1.0978	0.14151	2.7795	0	1.0978	0.14151	2.7795	0	1.0978	0.14151	2.7795	0	0	0.18865	0.18865	0.18865	0.18865	0.18865	0.18865	0.18865	0.18865	0.18865	0.18865	0.18865	0.18865	0.18865	0.18865	0.18865	0.18865	0.18865
10000	8.1788	0.001	0.02	1	1	1.6	2.2034	0.3	3.6211	0	2.2034	0.3	3.6211	0	2.2034	0.3	3.6211	0	2.2034	0.3	3.6211	0	0	1.1017	0.15	1.8105	0	1.1017	0.15	1.8105	0	1.1017	0.15	1.8105	0	1.1017	0.15	1.8105	0	0	0.23333	0.23333	0.23333	0.23333	0.23333	0.23333	0.23333	0.23333	0.23333	0.23333	0.23333	0.23333	0.23333	0.23333	0.23333	0.23333	0.23333
10000	6.3662	0.001	0.01	1	1	1.3875	1	0	2.5	0	1	0	2.5	0	1	0	2.5	0	1	0	2.5	0	0	1	0	2.5	0	1	0	2.5	0	1	0	2.5	0	1	0	2.5	0	0	0.13833	0.13833	0.13833	0.13833	0.13833	0.13833	0.13833	0.13833	0.13833	0.13833	0.13833	0.13833	0.13833	0.13833	0.13833	0.13833	0.13833
10000	7	0.001	0.02	1	1	1.5153	1.8715	0	2.5	0	1.8715	0	2.5	0	1.8715	0	2.5	0	1.8715	0	2.5	0	0	0.93576	0	1.25	0	0.93576	0	1.25	0	0.93576	0	1.25	0	0.93576	0	1.25	0	0	1.2111e-05	1.2111e-05	1.2111e-05	1.2111e-05	1.2111e-05	1.2111e-05	1.2111e-05	1.2111e-05	1.2111e-05	1.2111e-05	1.2111e-05	1.2111e-05	1.2111e-05	1.2111e-05	1.2111e-05	1.2111e-05	1.2111e-05
10000	10	0.0015	0.03	1	1	1.3263	1	0.3	3.5	0	1	0.3	3.5	0	1	0.3	3.5	0	1	0.3	3.5	0	0	1	0.3	3.5	0	1	0.3	3.5	0	1	0.3	3.5	0	1	0.3	3.5	0	0	0.3	0.3	0.3	0.3	0.3	0.3	0.3	0.3	0.3	0.3	0.3	0.3	0.3	0.3	0.3	0.3	0.3
10000	7.2846	0.001	0.017467	1	1	1.1474	0.66435	0.20284	2.8048	0	0.66435	0.20284	2.8048	0	0.66435	0.20284	2.8048	0	0.66435	0.20284	2.8048	0	0	0.70126	0.21411	2.9606	0	0.70126	0.21411	2.9606	0	0.70126	0.21411	2.9606	0	0.70126	0.21411	2.9606	0	0	0.30357	0.30357	0.30357	0.30357	0.30357	0.30357	0.30357	0.30357	0.30357	0.30357	0.30357	0.30357	0.30357	0.30357	0.30357	0.30357	0.30357
10000	10	0.001	0.01	1	1	1.002	1.0011	0.30065	5.0107	0	1.0011	0.30065	5.0107	0	1.0011	0.30065	5.0107	0	1.0011	0.30065	5.0107	0	0	1.0003	0.30041	5.0067	0	1.0003	0.30041	5.0067	0	1.0003	0.30041	5.0067	0	1.0003	0.30041	5.0067	0	0	0.30014	0.30014	0.30014	0.30014	0.30014	0.30014	0.30014	0.30014	0.30014	0.30014	0.30014	0.30014	0.30014	0.30014	0.30014	0.30014	0.30014
10000	7.9018	0.001	0.01	1	1	1.0807	0.92836	0.090082	3.0331	0	0.92836	0.090082	3.0331	0	0.92836	0.090082	3.0331	0	0.92836	0.090082	3.0331	0	0	0.93609	0.090832	3.0584	0	0.93609	0.090832	3.0584	0	0.93609	0.090832	3.0584	0	0.93609	0.090832	3.0584	0	0	0.20118	0.20118	0.20118	0.20118	0.20118	0.20118	0.20118	0.20118	0.20118	0.20118	0.20118	0.20118	0.20118	0.20118	0.20118	0.20118	0.20118
10000	7	0.001	0.016995	1	1	1	1.4867	0.31325	3.5	0	1.4867	0.31325	3.5	0	1.4867	0.31325	3.5	0	1.4867	0.31325	3.5	0	0	0.74334	0.15662	1.75	0	0.74334	0.15662	1.75	0	0.74334	0.15662	1.75	0	0.74334	0.15662	1.75	0	0	0.25563	0.25563	0.25563	0.25563	0.25563	0.25563	0.25563	0.25563	0.25563	0.25563	0.25563	0.25563	0.25563	0.25563	0.25563	0.25563	0.25563
10000	7.5151	0.002772	0.016239	1	1	0.8	1	0.3	2.5	0	1	0.3	2.5	0	1	0.3	2.5	0	1	0.3	2.5	0	0	1	0.3	2.5	0	1	0.3	2.5	0	1	0.3	2.5	0	1	0.3	2.5	0	0	0.28605	0.28605	0.28605	0.28605	0.28605	0.28605	0.28605	0.28605	0.28605	0.28605	0.28605	0.28605	0.28605	0.28605	0.28605	0.28605	0.28605
10000	7.2389	0.0018084	0.01	1	1	0.8	1.5	0.3	3.5	0	1.5	0.3	3.5	0	1.5	0.3	3.5	0	1.5	0.3	3.5	0	0	0.75	0.15	1.75	0	0.75	0.15	1.75	0	0.75	0.15	1.75	0	0.75	0.15	1.75	0	0	0.2	0.2	0.2	0.2	0.2	0.2	0.2	0.2	0.2	0.2	0.2	0.2	0.2	0.2	0.2	0.2	0.2
10000	7.0174	0.001	0.020001	1	1	1.0667	0.99996	0.29998	2.5001	0	0.99996	0.29998	2.5001	0	0.99996	0.29998	2.5001	0	0.99996	0.29998	2.5001	0	0	0.9583	0.28748	2.3959	0	0.9583	0.28748	2.3959	0	0.9583	0.28748	2.3959	0	0.9583	0.28748	2.3959	0	0	0.29998	0.29998	0.29998	0.29998	0.29998	0.29998	0.29998	0.29998	0.29998	0.29998	0.29998	0.29998	0.29998	0.29998	0.29998	0.29998	0.29998
10000	9.8536	0.001	0.02	1	1	1.0667	1.5	0.4	3.3334	0	1.5	0.4	3.3334	0	1.5	0.4	3.3334	0	1.5	0.4	3.3334	0	0	1.5	0.4	3.3334	0	1.5	0.4	3.3334	0	1.5	0.4	3.3334	0	1.5	0.4	3.3334	0	0	0.23288	0.23288	0.23288	0.23288	0.23288	0.23288	0.23288	0.23288	0.23288	0.23288	0.23288	0.23288	0.23288	0.23288	0.23288	0.23288	0.23288
10000	7.0293	0.001	0.01	1	1	1.0038	0.86004	0.30148	2.5059	0	0.86004	0.30148	2.5059	0	0.86004	0.30148	2.5059	0	0.86004	0.30148	2.5059	0	0	0.8558	0.29999	2.4935	0	0.8558	0.29999	2.4935	0	0.8558	0.29999	2.4935	0	0.8558	0.29999	2.4935	0	0	0.3008	0.3008	0.3008	0.3008	0.3008	0.3008	0.3008	0.3008	0.3008	0.3008	0.3008	0.3008	0.3008	0.3008	0.3008	0.3008	0.3008
10000	7.3325	0.0016105	0.0157	1	1	1.1111	1	0.5	3.1667	0	1	0.5	3.1667	0	1	0.5	3.1667	0	1	0.5	3.1667	0	0	1.1099	0.55494	3.5146	0	1.1099	0.55494	3.5146	0	1.1099	0.55494	3.5146	0	1.1099	0.55494	3.5146	0	0	0.38763	0.38763	0.38763	0.38763	0.38763	0.38763	0.38763	0.38763	0.38763	0.38763	0.38763	0.38763	0.38763	0.38763	0.38763	0.38763	0.38763
10000	7.8275	0.001	0.021949	1	1	0.91166	1.2436	0.20659	3.3333	0	1.2436	0.20659	3.3333	0	1.2436	0.20659	3.3333	0	1.2436	0.20659	3.3333	0	0	1.2264	0.20372	3.287	0	1.2264	0.20372	3.287	0	1.2264	0.20372	3.287	0	1.2264	0.20372	3.287	0	0	0.28355	0.28355	0.28355	0.28355	0.28355	0.28355	0.28355	0.28355	0.28355	0.28355	0.28355	0.28355	0.28355	0.28355	0.28355	0.28355	0.28355
10000	7.7171	0.001	0.02	1	1	1.1108	1	0.3	2.5	0	1	0.3	2.5	0	1	0.3	2.5	0	1	0.3	2.5	0	0	1.127	0.3381	2.8175	0	1.127	0.3381	2.8175	0	1.127	0.3381	2.8175	0	1.127	0.3381	2.8175	0	0	0.27696	0.27696	0.27696	0.27696	0.27696	0.27696	0.27696	0.27696	0.27696	0.27696	0.27696	0.27696	0.27696	0.27696	0.27696	0.27696	0.27696
10000	9.1753	0.005	0.02	1	1	1	1.5	0.37836	2.5	0	1.5	0.37836	2.5	0	1.5	0.37836	2.5	0	1.5	0.37836	2.5	0	0	0.75	0.18918	1.25	0	0.75	0.18918	1.25	0	0.75	0.18918	1.25	0	0.75	0.18918	1.25	0	0	0.05	0.05	0.05	0.05	0.05	0.05	0.05	0.05	0.05	0.05	0.05	0.05	0.05	0.05	0.05	0.05	0.05
10000	7.3948	0.0035792	0.02	1	1	1.1268	1	0.43684	2.7576	0	1	0.43684	2.7576	0	1	0.43684	2.7576	0	1	0.43684	2.7576	0	0	0.9867	0.43103	2.721	0	0.9867	0.43103	2.721	0	0.9867	0.43103	2.721	0	0.9867	0.43103	2.721	0	0	0.3	0.3	0.3	0.3	0.3	0.3	0.3	0.3	0.3	0.3	0.3	0.3	0.3	0.3	0.3	0.3	0.3
10000	10	0.001	0.016667	1	1	0.97494	1.0462	0.26667	3.3333	0	1.0462	0.26667	3.3333	0	1.0462	0.26667	3.3333	0	1.0462	0.26667	3.3333	0	0	1.0462	0.26667	3.3333	0	1.0462	0.26667	3.3333	0	1.0462	0.26667	3.3333	0	1.0462	0.26667	3.3333	0	0	0.26041	0.26041	0.26041	0.26041	0.26041	0.26041	0.26041	0.26041	0.26041	0.26041	0.26041	0.26041	0.26041	0.26041	0.26041	0.26041	0.26041
10000	10	0.001	0.021362	1	1	0.80069	1.1304	0.43702	3.3157	0	1.1304	0.43702	3.3157	0	1.1304	0.43702	3.3157	0	1.1304	0.43702	3.3157	0	0	1.1882	0.45935	3.4851	0	1.1882	0.45935	3.4851	0	1.1882	0.45935	3.4851	0	1.1882	0.45935	3.4851	0	0	0.30757	0.30757	0.30757	0.30757	0.30757	0.30757	0.30757	0.30757	0.30757	0.30757	0.30757	0.30757	0.30757	0.30757	0.30757	0.30757	0.30757
10000	10	0.001	0.02	1	1	1.1327	1	0.3	2.5	0	1	0.3	2.5	0	1	0.3	2.5	0	1	0.3	2.5	0	0	1	0.3	2.5	0	1	0.3	2.5	0	1	0.3	2.5	0	1	0.3	2.5	0	0	0.2	0.2	0.2	0.2	0.2	0.2	0.2	0.2	0.2	0.2	0.2	0.2	0.2	0.2	0.2	0.2	0.2
10000	10	0.0021509	0.017203	1	1	0.80046	1.0005	0.15701	3.3342	0	1.0005	0.15701	3.3342	0	1.0005	0.15701	3.3342	0	1.0005	0.15701	3.3342	0	0	1.0008	0.15705	3.3351	0	1.0008	0.15705	3.3351	0	1.0008	0.15705	3.3351	0	1.0008	0.15705	3.3351	0	0	0.29969	0.29969	0.29969	0.29969	0.29969	0.29969	0.29969	0.29969	0.29969	0.29969	0.29969	0.29969	0.29969	0.29969	0.29969	0.29969	0.29969
10000	10	0.001	0.019923	1	1	1.1005	0.98668	0.29179	3.4449	0	0.98668	0.29179	3.4449	0	0.98668	0.29179	3.4449	0	0.98668	0.29179	3.4449	0	0	0.93407	0.27623	3.2612	0	0.93407	0.27623	3.2612	0	0.93407	0.27623	3.2612	0	0.93407	0.27623	3.2612	0	0	0.2645	0.2645	0.2645	0.2645	0.2645	0.2645	0.2645	0.2645	0.2645	0.2645	0.2645	0.2645	0.2645	0.2645	0.2645	0.2645	0.2645
