10000	5	0.028983	0.02	1	1	0.22858	1.3296	0.4	3.7778	15	1.3296	0.4	3.7778	15	1.3296	0.4	3.7778	15	1.3296	0.4	3.7778	15	0	1.2703	0.38217	3.6094	14.331	1.2703	0.38217	3.6094	14.331	1.2703	0.38217	3.6094	14.331	1.2703	0.38217	3.6094	14.331	0	0.1	0.1	0.1	0.1	0.1	0.1	0.1	0.1	0.1	0.1	0.1	0.1	0.1	0.1	0.1	0.1	0.1
10000	4.1928	0.040008	0.02	1	1	0.39992	1.5999	0.60007	4.6664	29.999	1.5999	0.60007	4.6664	29.999	1.5999	0.60007	4.6664	29.999	1.5999	0.60007	4.6664	29.999	0	1.4295	0.53615	4.1694	26.803	1.4295	0.53615	4.1694	26.803	1.4295	0.53615	4.1694	26.803	1.4295	0.53615	4.1694	26.803	0	0.14851	0.14851	0.14851	0.14851	0.14851	0.14851	0.14851	0.14851	0.14851	0.14851	0.14851	0.14851	0.14851	0.14851	0.14851	0.14851	0.14851
10000	5	0.02	0.023187	1	1	0.4	1.0673	0.3	3.5	15	1.0673	0.3	3.5	15	1.0673	0.3	3.5	15	1.0673	0.3	3.5	15	0	0.66704	0.1875	2.1875	9.375	0.66704	0.1875	2.1875	9.375	0.66704	0.1875	2.1875	9.375	0.66704	0.1875	2.1875	9.375	0	0.2	0.2	0.2	0.2	0.2	0.2	0.2	0.2	0.2	0.2	0.2	0.2	0.2	0.2	0.2	0.2	0.2
10000	10	0.02	0.02	1	1	0.8	1	0.3	2.5	15	1	0.3	2.5	15	1	0.3	2.5	15	1	0.3	2.5	15	0	1	0.3	2.5	15	1	0.3	2.5	15	1	0.3	2.5	15	1	0.3	2.5	15	0	0.3	0.3	0.3	0.3	0.3	0.3	0.3	0.3	0.3	0.3	0.3	0.3	0.3	0.3	0.3	0.3	0.3
10000	3.3924	0.027549	0.021602	1	1	0.4	0.99999	0.4	2.5	10	0.99999	0.4	2.5	10	0.99999	0.4	2.5	10	0.99999	0.4	2.5	10	0	0.99999	0.4	2.5	10	0.99999	0.4	2.5	10	0.99999	0.4	2.5	10	0.99999	0.4	2.5	10	0	0.17706	0.17706	0.17706	0.17706	0.17706	0.17706	0.17706	0.17706	0.17706	0.17706	0.17706	0.17706	0.17706	0.17706	0.17706	0.17706	0.17706
10000	7.1631	0.019578	0.019778	1	1	0.40778	0.73504	0.93917	3.3648	14.911	0.73504	0.93917	3.3648	14.911	0.73504	0.93917	3.3648	14.911	0.73504	0.93917	3.3648	14.911	0	0.79758	1.0191	3.6511	16.18	0.79758	1.0191	3.6511	16.18	0.79758	1.0191	3.6511	16.18	0.79758	1.0191	3.6511	16.18	0	0.29333	0.29333	0.29333	0.29333	0.29333	0.29333	0.29333	0.29333	0.29333	0.29333	0.29333	0.29333	0.29333	0.29333	0.29333	0.29333	0.29333
10000	5	0.02	0.028421	1	1	0.4	0.8	0.5	2.5	15	0.8	0.5	2.5	15	0.8	0.5	2.5	15	0.8	0.5	2.5	15	0	1.0182	0.63635	3.1817	19.09	1.0182	0.63635	3.1817	19.09	1.0182	0.63635	3.1817	19.09	1.0182	0.63635	3.1817	19.09	0	0.16443	0.16443	0.16443	0.16443	0.16443	0.16443	0.16443	0.16443	0.16443	0.16443	0.16443	0.16443	0.16443	0.16443	0.16443	0.16443	0.16443
10000	10	0.017716	0.016667	1	1	0.30579	0.61842	0.40725	2.7778	30	0.61842	0.40725	2.7778	30	0.61842	0.40725	2.7778	30	0.61842	0.40725	2.7778	30	0	1.5564	1.025	6.991	75.503	1.5564	1.025	6.991	75.503	1.5564	1.025	6.991	75.503	1.5564	1.025	6.991	75.503	0	0.21545	0.21545	0.21545	0.21545	0.21545	0.21545	0.21545	0.21545	0.21545	0.21545	0.21545	0.21545	0.21545	0.21545	0.21545	0.21545	0.21545
10000	9.9999	0.016426	0.02	1	1	0.4	0.8	0.5	2.5	15	0.8	0.5	2.5	15	0.8	0.5	2.5	15	0.8	0.5	2.5	15	0	1.6734	1.0459	5.2294	31.376	1.6734	1.0459	5.2294	31.376	1.6734	1.0459	5.2294	31.376	1.6734	1.0459	5.2294	31.376	0	0.3	0.3	0.3	0.3	0.3	0.3	0.3	0.3	0.3	0.3	0.3	0.3	0.3	0.3	0.3	0.3	0.3
10000	6.1598	0.0069513	0.044751	1	1	0.074107	0.39992	0.4248	3.5718	24.309	0.39992	0.4248	3.5718	24.309	0.39992	0.4248	3.5718	24.309	0.39992	0.4248	3.5718	24.309	0	0.52521	0.55789	4.6908	31.925	0.52521	0.55789	4.6908	31.925	0.52521	0.55789	4.6908	31.925	0.52521	0.55789	4.6908	31.925	0	0.51805	0.51805	0.51805	0.51805	0.51805	0.51805	0.51805	0.51805	0.51805	0.51805	0.51805	0.51805	0.51805	0.51805	0.51805	0.51805	0.51805
10000	3.0147	0.0105	0.03	1	1	0.8	0.8	0.3	2.5	20	0.8	0.3	2.5	20	0.8	0.3	2.5	20	0.8	0.3	2.5	20	0	1.6403	0.61511	5.126	41.007	1.6403	0.61511	5.126	41.007	1.6403	0.61511	5.126	41.007	1.6403	0.61511	5.126	41.007	0	0.46984	0.46984	0.46984	0.46984	0.46984	0.46984	0.46984	0.46984	0.46984	0.46984	0.46984	0.46984	0.46984	0.46984	0.46984	0.46984	0.46984
10000	2.8398	0.016231	0.03658	1	1	0.34248	1.0455	0.45001	2.6436	11.857	1.0455	0.45001	2.6436	11.857	1.0455	0.45001	2.6436	11.857	1.0455	0.45001	2.6436	11.857	0	1.9729	0.84918	4.9886	22.374	1.9729	0.84918	4.9886	22.374	1.9729	0.84918	4.9886	22.374	1.9729	0.84918	4.9886	22.374	0	0.5239	0.5239	0.5239	0.5239	0.5239	0.5239	0.5239	0.5239	0.5239	0.5239	0.5239	0.5239	0.5239	0.5239	0.5239	0.5239	0.5239
10000	3	0.02	0.01	1	1	0.4	0.8	0.3	2.5	15	0.8	0.3	2.5	15	0.8	0.3	2.5	15	0.8	0.3	2.5	15	0	1.6	0.6	5	30	1.6	0.6	5	30	1.6	0.6	5	30	1.6	0.6	5	30	0	0.3	0.3	0.3	0.3	0.3	0.3	0.3	0.3	0.3	0.3	0.3	0.3	0.3	0.3	0.3	0.3	0.3
10000	3	0.01	0.01	1	1	0.8	1	0.3	2.5	15	1	0.3	2.5	15	1	0.3	2.5	15	1	0.3	2.5	15	0	2	0.6	5	30	2	0.6	5	30	2	0.6	5	30	2	0.6	5	30	0	0.3	0.3	0.3	0.3	0.3	0.3	0.3	0.3	0.3	0.3	0.3	0.3	0.3	0.3	0.3	0.3	0.3
10000	3	0.02	0.01	1	1	0.8	0.8	0.5	2.5	15	0.8	0.5	2.5	15	0.8	0.5	2.5	15	0.8	0.5	2.5	15	0	1.6	1	5	30	1.6	1	5	30	1.6	1	5	30	1.6	1	5	30	0	0.3	0.3	0.3	0.3	0.3	0.3	0.3	0.3	0.3	0.3	0.3	0.3	0.3	0.3	0.3	0.3	0.3
10000	3	0.02	0.02	1	1	0.4	0.8	0.3	2.5	15	0.8	0.3	2.5	15	0.8	0.3	2.5	15	0.8	0.3	2.5	15	0	0.8	0.3	2.5	15	0.8	0.3	2.5	15	0.8	0.3	2.5	15	0.8	0.3	2.5	15	0	0.3	0.3	0.3	0.3	0.3	0.3	0.3	0.3	0.3	0.3	0.3	0.3	0.3	0.3	0.3	0.3	0.3
10000	10	0.01	0.03	1	1	0.4	1	0.3	3.5	15	1	0.3	3.5	15	1	0.3	3.5	15	1	0.3	3.5	15	0	1	0.3	3.5	15	1	0.3	3.5	15	1	0.3	3.5	15	1	0.3	3.5	15	0	0.3	0.3	0.3	0.3	0.3	0.3	0.3	0.3	0.3	0.3	0.3	0.3	0.3	0.3	0.3	0.3	0.3
10000	3.8534	0.019259	0.021261	1	1	0.31627	0.81308	0.28666	2.5359	12.424	0.81308	0.28666	2.5359	12.424	0.81308	0.28666	2.5359	12.424	0.81308	0.28666	2.5359	12.424	0	0.81121	0.286	2.5301	12.396	0.81121	0.286	2.5301	12.396	0.81121	0.286	2.5301	12.396	0.81121	0.286	2.5301	12.396	0	0.62463	0.62463	0.62463	0.62463	0.62463	0.62463	0.62463	0.62463	0.62463	0.62463	0.62463	0.62463	0.62463	0.62463	0.62463	0.62463	0.62463
10000	5.5707	0.012727	0.086776	1	1	0.44292	0.66338	0.3	3.5	15	0.66338	0.3	3.5	15	0.66338	0.3	3.5	15	0.66338	0.3	3.5	15	0	1.1698	0.52903	6.172	26.451	1.1698	0.52903	6.172	26.451	1.1698	0.52903	6.172	26.451	1.1698	0.52903	6.172	26.451	0	0.43658	0.43658	0.43658	0.43658	0.43658	0.43658	0.43658	0.43658	0.43658	0.43658	0.43658	0.43658	0.43658	0.43658	0.43658	0.43658	0.43658
10000	3	0.02	0.03	1	1	0.4	0.8	0	3.5	10	0.8	0	3.5	10	0.8	0	3.5	10	0.8	0	3.5	10	0	0.8	0	3.5	10	0.8	0	3.5	10	0.8	0	3.5	10	0.8	0	3.5	10	0	0.50038	0.50038	0.50038	0.50038	0.50038	0.50038	0.50038	0.50038	0.50038	0.50038	0.50038	0.50038	0.50038	0.50038	0.50038	0.50038	0.50038
10000	5.2645	0.025674	0.020516	1	1	0.72816	0.51358	0.56724	3.8215	14.283	0.51358	0.56724	3.8215	14.283	0.51358	0.56724	3.8215	14.283	0.51358	0.56724	3.8215	14.283	0	0.53737	0.59351	3.9985	14.944	0.53737	0.59351	3.9985	14.944	0.53737	0.59351	3.9985	14.944	0.53737	0.59351	3.9985	14.944	0	0.29565	0.29565	0.29565	0.29565	0.29565	0.29565	0.29565	0.29565	0.29565	0.29565	0.29565	0.29565	0.29565	0.29565	0.29565	0.29565	0.29565
10000	10	0.02	0.02	1	1	0.8	0.8	0.3	3.5	20	0.8	0.3	3.5	20	0.8	0.3	3.5	20	0.8	0.3	3.5	20	0	0.8	0.3	3.5	20	0.8	0.3	3.5	20	0.8	0.3	3.5	20	0.8	0.3	3.5	20	0	0.2	0.2	0.2	0.2	0.2	0.2	0.2	0.2	0.2	0.2	0.2	0.2	0.2	0.2	0.2	0.2	0.2
10000	3.1575	0.46256	0.020654	1	1	0.45434	0.8	1	3.5	15	0.8	1	3.5	15	0.8	1	3.5	15	0.8	1	3.5	15	0	0.46313	0.57892	2.0262	8.6838	0.46313	0.57892	2.0262	8.6838	0.46313	0.57892	2.0262	8.6838	0.46313	0.57892	2.0262	8.6838	0	0.2	0.2	0.2	0.2	0.2	0.2	0.2	0.2	0.2	0.2	0.2	0.2	0.2	0.2	0.2	0.2	0.2
10000	6.425	0.029284	0.02	1	1	0.8	0.64152	0.3	5	15	0.64152	0.3	5	15	0.64152	0.3	5	15	0.64152	0.3	5	15	0	0.61479	0.2875	4.7917	14.375	0.61479	0.2875	4.7917	14.375	0.61479	0.2875	4.7917	14.375	0.61479	0.2875	4.7917	14.375	0	0.4	0.4	0.4	0.4	0.4	0.4	0.4	0.4	0.4	0.4	0.4	0.4	0.4	0.4	0.4	0.4	0.4
10000	10	0.0105	0.02	1	1	0.4	0.44324	0.6	3.6348	-43.159	0.44324	0.6	3.6348	-43.159	0.44324	0.6	3.6348	-43.159	0.44324	0.6	3.6348	-43.159	0	0.44324	0.6	3.6348	-43.159	0.44324	0.6	3.6348	-43.159	0.44324	0.6	3.6348	-43.159	0.44324	0.6	3.6348	-43.159	0	0.42625	0.42625	0.42625	0.42625	0.42625	0.42625	0.42625	0.42625	0.42625	0.42625	0.42625	0.42625	0.42625	0.42625	0.42625	0.42625	0.42625
10000	9.0246	0.015	0.02	1	1	0.75809	1	0.11282	5.0296	15	1	0.11282	5.0296	15	1	0.11282	5.0296	15	1	0.11282	5.0296	15	0	0.46348	0.052288	2.3311	6.9522	0.46348	0.052288	2.3311	6.9522	0.46348	0.052288	2.3311	6.9522	0.46348	0.052288	2.3311	6.9522	0	0.2	0.2	0.2	0.2	0.2	0.2	0.2	0.2	0.2	0.2	0.2	0.2	0.2	0.2	0.2	0.2	0.2
10000	3	0.01	0.02	1	1	1	0.8	0.3	2.5	15	0.8	0.3	2.5	15	0.8	0.3	2.5	15	0.8	0.3	2.5	15	0	0.4	0.15	1.25	7.5	0.4	0.15	1.25	7.5	0.4	0.15	1.25	7.5	0.4	0.15	1.25	7.5	0	0.2	0.2	0.2	0.2	0.2	0.2	0.2	0.2	0.2	0.2	0.2	0.2	0.2	0.2	0.2	0.2	0.2
10000	2.9307	0.001	0.040001	1	1	0.44444	1.3333	0.49999	3.3334	13.333	1.3333	0.49999	3.3334	13.333	1.3333	0.49999	3.3334	13.333	1.3333	0.49999	3.3334	13.333	0	1.4074	0.52776	3.5185	14.074	1.4074	0.52776	3.5185	14.074	1.4074	0.52776	3.5185	14.074	1.4074	0.52776	3.5185	14.074	0	0.29836	0.29836	0.29836	0.29836	0.29836	0.29836	0.29836	0.29836	0.29836	0.29836	0.29836	0.29836	0.29836	0.29836	0.29836	0.29836	0.29836
10000	5.8722	0.013332	0.02	1	1	0.4	0.8	0.5	3.5	20	0.8	0.5	3.5	20	0.8	0.5	3.5	20	0.8	0.5	3.5	20	0	0.4	0.25	1.75	9.9999	0.4	0.25	1.75	9.9999	0.4	0.25	1.75	9.9999	0.4	0.25	1.75	9.9999	0	0.2	0.2	0.2	0.2	0.2	0.2	0.2	0.2	0.2	0.2	0.2	0.2	0.2	0.2	0.2	0.2	0.2
10000	10	0.01	0.02	1	1	0.4	0.8	0.3	2.5	15	0.8	0.3	2.5	15	0.8	0.3	2.5	15	0.8	0.3	2.5	15	0	0.4	0.15	1.25	7.5	0.4	0.15	1.25	7.5	0.4	0.15	1.25	7.5	0.4	0.15	1.25	7.5	0	0.2	0.2	0.2	0.2	0.2	0.2	0.2	0.2	0.2	0.2	0.2	0.2	0.2	0.2	0.2	0.2	0.2
10000	5.0534	0.011289	0.020011	1	1	0.52724	0.99944	0.29964	4.4456	7.1571	0.99944	0.29964	4.4456	7.1571	0.99944	0.29964	4.4456	7.1571	0.99944	0.29964	4.4456	7.1571	0	1.144	0.34299	5.0887	8.1924	1.144	0.34299	5.0887	8.1924	1.144	0.34299	5.0887	8.1924	1.144	0.34299	5.0887	8.1924	0	0.28438	0.28438	0.28438	0.28438	0.28438	0.28438	0.28438	0.28438	0.28438	0.28438	0.28438	0.28438	0.28438	0.28438	0.28438	0.28438	0.28438
10000	6.3744	0.028047	0.01	1	1	0.43829	0.99586	0.18956	4.676	14.967	0.99586	0.18956	4.676	14.967	0.99586	0.18956	4.676	14.967	0.99586	0.18956	4.676	14.967	0	1.123	0.21377	5.2731	16.878	1.123	0.21377	5.2731	16.878	1.123	0.21377	5.2731	16.878	1.123	0.21377	5.2731	16.878	0	0.19834	0.19834	0.19834	0.19834	0.19834	0.19834	0.19834	0.19834	0.19834	0.19834	0.19834	0.19834	0.19834	0.19834	0.19834	0.19834	0.19834
10000	10	0.010001	0.022798	1	1	0.23371	0.86842	0.092879	4.8498	-35.078	0.86842	0.092879	4.8498	-35.078	0.86842	0.092879	4.8498	-35.078	0.86842	0.092879	4.8498	-35.078	0	1.0681	0.11424	5.965	-43.143	1.0681	0.11424	5.965	-43.143	1.0681	0.11424	5.965	-43.143	1.0681	0.11424	5.965	-43.143	0	0.44154	0.44154	0.44154	0.44154	0.44154	0.44154	0.44154	0.44154	0.44154	0.44154	0.44154	0.44154	0.44154	0.44154	0.44154	0.44154	0.44154
10000	9.9999	0.019961	0.020021	1	1	0.39928	0.73463	0.30067	4.9982	-57.32	0.73463	0.30067	4.9982	-57.32	0.73463	0.30067	4.9982	-57.32	0.73463	0.30067	4.9982	-57.32	0	0.73428	0.30052	4.9958	-57.293	0.73428	0.30052	4.9958	-57.293	0.73428	0.30052	4.9958	-57.293	0.73428	0.30052	4.9958	-57.293	0	0.27478	0.27478	0.27478	0.27478	0.27478	0.27478	0.27478	0.27478	0.27478	0.27478	0.27478	0.27478	0.27478	0.27478	0.27478	0.27478	0.27478
10000	10	0.020001	0.018881	1	1	0.40009	0.79988	0.30003	2.5002	15.001	0.79988	0.30003	2.5002	15.001	0.79988	0.30003	2.5002	15.001	0.79988	0.30003	2.5002	15.001	0	1.5999	0.60012	5.0009	30.005	1.5999	0.60012	5.0009	30.005	1.5999	0.60012	5.0009	30.005	1.5999	0.60012	5.0009	30.005	0	0.30007	0.30007	0.30007	0.30007	0.30007	0.30007	0.30007	0.30007	0.30007	0.30007	0.30007	0.30007	0.30007	0.30007	0.30007	0.30007	0.30007
10000	7.7146	0.001	0.012641	1	1	0.17989	-1.0119	0.99828	6.9351	15.227	-1.0119	0.99828	6.9351	15.227	-1.0119	0.99828	6.9351	15.227	-1.0119	0.99828	6.9351	15.227	0	-1.1081	1.0932	7.5945	16.675	-1.1081	1.0932	7.5945	16.675	-1.1081	1.0932	7.5945	16.675	-1.1081	1.0932	7.5945	16.675	0	0.58176	0.58176	0.58176	0.58176	0.58176	0.58176	0.58176	0.58176	0.58176	0.58176	0.58176	0.58176	0.58176	0.58176	0.58176	0.58176	0.58176
10000	10	0.0010002	0.021603	1	1	0.19982	0.49994	0.62495	6.4076	14.751	0.49994	0.62495	6.4076	14.751	0.49994	0.62495	6.4076	14.751	0.49994	0.62495	6.4076	14.751	0	0.73397	0.91749	9.407	21.655	0.73397	0.91749	9.407	21.655	0.73397	0.91749	9.407	21.655	0.73397	0.91749	9.407	21.655	0	0.61092	0.61092	0.61092	0.61092	0.61092	0.61092	0.61092	0.61092	0.61092	0.61092	0.61092	0.61092	0.61092	0.61092	0.61092	0.61092	0.61092
10000	4.1854	0.18468	0.01	1	1	0.99929	0.99929	0.40046	3.3346	14.994	0.99929	0.40046	3.3346	14.994	0.99929	0.40046	3.3346	14.994	0.99929	0.40046	3.3346	14.994	0	1.3324	0.53394	4.446	19.992	1.3324	0.53394	4.446	19.992	1.3324	0.53394	4.446	19.992	1.3324	0.53394	4.446	19.992	0	0.3	0.3	0.3	0.3	0.3	0.3	0.3	0.3	0.3	0.3	0.3	0.3	0.3	0.3	0.3	0.3	0.3
10000	5.5003	0.017985	0.03	1	1	0.85774	0.8	1.5	4.4691	16.111	0.8	1.5	4.4691	16.111	0.8	1.5	4.4691	16.111	0.8	1.5	4.4691	16.111	0	1.7179	3.221	9.5968	34.596	1.7179	3.221	9.5968	34.596	1.7179	3.221	9.5968	34.596	1.7179	3.221	9.5968	34.596	0	0.32897	0.32897	0.32897	0.32897	0.32897	0.32897	0.32897	0.32897	0.32897	0.32897	0.32897	0.32897	0.32897	0.32897	0.32897	0.32897	0.32897
10000	3.006	0.16941	0.01	1	1	0.39784	1.0031	0.4719	4.215	29.951	1.0031	0.4719	4.215	29.951	1.0031	0.4719	4.215	29.951	1.0031	0.4719	4.215	29.951	0	1.0057	0.47312	4.2259	30.028	1.0057	0.47312	4.2259	30.028	1.0057	0.47312	4.2259	30.028	1.0057	0.47312	4.2259	30.028	0	0.24907	0.24907	0.24907	0.24907	0.24907	0.24907	0.24907	0.24907	0.24907	0.24907	0.24907	0.24907	0.24907	0.24907	0.24907	0.24907	0.24907
10000	4.9954	0.020053	0.030055	1	1	0.62983	0.74585	0.66514	2.4976	4.3672	0.74585	0.66514	2.4976	4.3672	0.74585	0.66514	2.4976	4.3672	0.74585	0.66514	2.4976	4.3672	0	0.81082	0.72308	2.7151	4.7476	0.81082	0.72308	2.7151	4.7476	0.81082	0.72308	2.7151	4.7476	0.81082	0.72308	2.7151	4.7476	0	0.19898	0.19898	0.19898	0.19898	0.19898	0.19898	0.19898	0.19898	0.19898	0.19898	0.19898	0.19898	0.19898	0.19898	0.19898	0.19898	0.19898
10000	6.7899	0.028651	0.01	1	1	0.074438	1.6067	0.75168	3.5618	15.499	1.6067	0.75168	3.5618	15.499	1.6067	0.75168	3.5618	15.499	1.6067	0.75168	3.5618	15.499	0	0.98742	0.46194	2.1889	9.5247	0.98742	0.46194	2.1889	9.5247	0.98742	0.46194	2.1889	9.5247	0.98742	0.46194	2.1889	9.5247	0	0.50094	0.50094	0.50094	0.50094	0.50094	0.50094	0.50094	0.50094	0.50094	0.50094	0.50094	0.50094	0.50094	0.50094	0.50094	0.50094	0.50094
10000	3	0.013782	0.02	1	1	0.8	1	0.3	2.5	15	1	0.3	2.5	15	1	0.3	2.5	15	1	0.3	2.5	15	0	1	0.3	2.5	15	1	0.3	2.5	15	1	0.3	2.5	15	1	0.3	2.5	15	0	0.4	0.4	0.4	0.4	0.4	0.4	0.4	0.4	0.4	0.4	0.4	0.4	0.4	0.4	0.4	0.4	0.4
10000	5.141	0.096719	0.021871	1	1	0.62198	1.801	0.31279	3.3185	18.741	1.801	0.31279	3.3185	18.741	1.801	0.31279	3.3185	18.741	1.801	0.31279	3.3185	18.741	0	1.7292	0.30031	3.1861	17.993	1.7292	0.30031	3.1861	17.993	1.7292	0.30031	3.1861	17.993	1.7292	0.30031	3.1861	17.993	0	0.53259	0.53259	0.53259	0.53259	0.53259	0.53259	0.53259	0.53259	0.53259	0.53259	0.53259	0.53259	0.53259	0.53259	0.53259	0.53259	0.53259
10000	2.3708	0.015807	0.026453	1	1	0.0394	0.67736	0.50972	3.0646	32.581	0.67736	0.50972	3.0646	32.581	0.67736	0.50972	3.0646	32.581	0.67736	0.50972	3.0646	32.581	0	0.48613	0.36582	2.1994	23.383	0.48613	0.36582	2.1994	23.383	0.48613	0.36582	2.1994	23.383	0.48613	0.36582	2.1994	23.383	0	0.39656	0.39656	0.39656	0.39656	0.39656	0.39656	0.39656	0.39656	0.39656	0.39656	0.39656	0.39656	0.39656	0.39656	0.39656	0.39656	0.39656
10000	8.3333	0.020822	0.01	1	1	0.62882	0.87946	0.2362	4.3084	16.231	0.87946	0.2362	4.3084	16.231	0.87946	0.2362	4.3084	16.231	0.87946	0.2362	4.3084	16.231	0	0.90656	0.24348	4.4412	16.731	0.90656	0.24348	4.4412	16.731	0.90656	0.24348	4.4412	16.731	0.90656	0.24348	4.4412	16.731	0	0.35269	0.35269	0.35269	0.35269	0.35269	0.35269	0.35269	0.35269	0.35269	0.35269	0.35269	0.35269	0.35269	0.35269	0.35269	0.35269	0.35269
10000	6.548	0.017079	0.020037	1	1	0.047032	0.80011	0.29811	2.7097	14.977	0.80011	0.29811	2.7097	14.977	0.80011	0.29811	2.7097	14.977	0.80011	0.29811	2.7097	14.977	0	0.80214	0.29887	2.7166	15.015	0.80214	0.29887	2.7166	15.015	0.80214	0.29887	2.7166	15.015	0.80214	0.29887	2.7166	15.015	0	0.19979	0.19979	0.19979	0.19979	0.19979	0.19979	0.19979	0.19979	0.19979	0.19979	0.19979	0.19979	0.19979	0.19979	0.19979	0.19979	0.19979
10000	7.0476	0.001	0.035063	1	1	0.068648	1.0951	0.50415	5.6436	11.479	1.0951	0.50415	5.6436	11.479	1.0951	0.50415	5.6436	11.479	1.0951	0.50415	5.6436	11.479	0	0.74904	0.34484	3.8602	7.8514	0.74904	0.34484	3.8602	7.8514	0.74904	0.34484	3.8602	7.8514	0.74904	0.34484	3.8602	7.8514	0	0.56249	0.56249	0.56249	0.56249	0.56249	0.56249	0.56249	0.56249	0.56249	0.56249	0.56249	0.56249	0.56249	0.56249	0.56249	0.56249	0.56249
10000	9.5238	0.022127	0.018918	1	1	0.36847	0.96688	1.0166	2.558	5.8613	0.96688	1.0166	2.558	5.8613	0.96688	1.0166	2.558	5.8613	0.96688	1.0166	2.558	5.8613	0	1.571	1.6517	4.1562	9.5235	1.571	1.6517	4.1562	9.5235	1.571	1.6517	4.1562	9.5235	1.571	1.6517	4.1562	9.5235	0	0.53501	0.53501	0.53501	0.53501	0.53501	0.53501	0.53501	0.53501	0.53501	0.53501	0.53501	0.53501	0.53501	0.53501	0.53501	0.53501	0.53501
10000	10	0.014582	0.02	1	1	0.8	1.1569	0.6	2.5	20	1.1569	0.6	2.5	20	1.1569	0.6	2.5	20	1.1569	0.6	2.5	20	0	1.7288	0.89657	3.7357	29.885	1.7288	0.89657	3.7357	29.885	1.7288	0.89657	3.7357	29.885	1.7288	0.89657	3.7357	29.885	0	0.3	0.3	0.3	0.3	0.3	0.3	0.3	0.3	0.3	0.3	0.3	0.3	0.3	0.3	0.3	0.3	0.3
10000	2.7602	0.011533	0.016751	1	1	0.70515	0.97922	0.38844	3.8062	13.911	0.97922	0.38844	3.8062	13.911	0.97922	0.38844	3.8062	13.911	0.97922	0.38844	3.8062	13.911	0	1.0958	0.43469	4.2593	15.568	1.0958	0.43469	4.2593	15.568	1.0958	0.43469	4.2593	15.568	1.0958	0.43469	4.2593	15.568	0	0.29268	0.29268	0.29268	0.29268	0.29268	0.29268	0.29268	0.29268	0.29268	0.29268	0.29268	0.29268	0.29268	0.29268	0.29268	0.29268	0.29268
10000	4.7278	0.0039548	0.02	1	1	0.98261	1	0.4	3.7037	15	1	0.4	3.7037	15	1	0.4	3.7037	15	1	0.4	3.7037	15	0	1.9863	0.79452	7.3567	29.795	1.9863	0.79452	7.3567	29.795	1.9863	0.79452	7.3567	29.795	1.9863	0.79452	7.3567	29.795	0	0.34565	0.34565	0.34565	0.34565	0.34565	0.34565	0.34565	0.34565	0.34565	0.34565	0.34565	0.34565	0.34565	0.34565	0.34565	0.34565	0.34565
10000	6.5348	0.0052598	0.021109	1	1	0.41948	0.75033	0.26176	3.7799	21.899	0.75033	0.26176	3.7799	21.899	0.75033	0.26176	3.7799	21.899	0.75033	0.26176	3.7799	21.899	0	0.72934	0.25444	3.6742	21.286	0.72934	0.25444	3.6742	21.286	0.72934	0.25444	3.6742	21.286	0.72934	0.25444	3.6742	21.286	0	0.36842	0.36842	0.36842	0.36842	0.36842	0.36842	0.36842	0.36842	0.36842	0.36842	0.36842	0.36842	0.36842	0.36842	0.36842	0.36842	0.36842
10000	7	0.01	0.02	1	1	0.8	1	0.3	8.9765	30	1	0.3	8.9765	30	1	0.3	8.9765	30	1	0.3	8.9765	30	0	1	0.3	8.9765	30	1	0.3	8.9765	30	1	0.3	8.9765	30	1	0.3	8.9765	30	0	0.2	0.2	0.2	0.2	0.2	0.2	0.2	0.2	0.2	0.2	0.2	0.2	0.2	0.2	0.2	0.2	0.2
10000	3.5381	0.013365	0.033398	1	1	0.91472	1.2587	0.60756	4.0492	20.052	1.2587	0.60756	4.0492	20.052	1.2587	0.60756	4.0492	20.052	1.2587	0.60756	4.0492	20.052	0	1.4044	0.67791	4.5181	22.374	1.4044	0.67791	4.5181	22.374	1.4044	0.67791	4.5181	22.374	1.4044	0.67791	4.5181	22.374	0	0.25117	0.25117	0.25117	0.25117	0.25117	0.25117	0.25117	0.25117	0.25117	0.25117	0.25117	0.25117	0.25117	0.25117	0.25117	0.25117	0.25117
10000	7	0.015804	0.025542	1	1	0.8	1	0.3	3.5	15	1	0.3	3.5	15	1	0.3	3.5	15	1	0.3	3.5	15	0	1	0.3	3.5	15	1	0.3	3.5	15	1	0.3	3.5	15	1	0.3	3.5	15	0	0.63935	0.63935	0.63935	0.63935	0.63935	0.63935	0.63935	0.63935	0.63935	0.63935	0.63935	0.63935	0.63935	0.63935	0.63935	0.63935	0.63935
10000	5	0.01	0.02	1	1	0.8	1	0.3	2.5	15	1	0.3	2.5	15	1	0.3	2.5	15	1	0.3	2.5	15	0	1	0.3	2.5	15	1	0.3	2.5	15	1	0.3	2.5	15	1	0.3	2.5	15	0	0.2	0.2	0.2	0.2	0.2	0.2	0.2	0.2	0.2	0.2	0.2	0.2	0.2	0.2	0.2	0.2	0.2
10000	10	0.02	0.023333	1	1	0.8	0.32713	0.3	2.5	15	0.32713	0.3	2.5	15	0.32713	0.3	2.5	15	0.32713	0.3	2.5	15	0	0.32713	0.3	2.5	15	0.32713	0.3	2.5	15	0.32713	0.3	2.5	15	0.32713	0.3	2.5	15	0	0.2	0.2	0.2	0.2	0.2	0.2	0.2	0.2	0.2	0.2	0.2	0.2	0.2	0.2	0.2	0.2	0.2
10000	9.9999	0.01	0.021831	1	1	0.8	0.50336	0.3	2.5	20	0.50336	0.3	2.5	20	0.50336	0.3	2.5	20	0.50336	0.3	2.5	20	0	0.55545	0.33104	2.7587	22.07	0.55545	0.33104	2.7587	22.07	0.55545	0.33104	2.7587	22.07	0.55545	0.33104	2.7587	22.07	0	0.23509	0.23509	0.23509	0.23509	0.23509	0.23509	0.23509	0.23509	0.23509	0.23509	0.23509	0.23509	0.23509	0.23509	0.23509	0.23509	0.23509
10000	10	0.022991	0.02	1	1	0.80001	0.56028	0.3	3.3333	9.9999	0.56028	0.3	3.3333	9.9999	0.56028	0.3	3.3333	9.9999	0.56028	0.3	3.3333	9.9999	0	0.71732	0.38409	4.2676	12.803	0.71732	0.38409	4.2676	12.803	0.71732	0.38409	4.2676	12.803	0.71732	0.38409	4.2676	12.803	0	0.22794	0.22794	0.22794	0.22794	0.22794	0.22794	0.22794	0.22794	0.22794	0.22794	0.22794	0.22794	0.22794	0.22794	0.22794	0.22794	0.22794
10000	5	0.02	0.01	1	1	0.8	1	0.3	3.5	15	1	0.3	3.5	15	1	0.3	3.5	15	1	0.3	3.5	15	0	2	0.6	7	30	2	0.6	7	30	2	0.6	7	30	2	0.6	7	30	0	0.2	0.2	0.2	0.2	0.2	0.2	0.2	0.2	0.2	0.2	0.2	0.2	0.2	0.2	0.2	0.2	0.2
10000	2.5167	0.24	0.15059	1	1	0.28121	1	0.3	5	15	1	0.3	5	15	1	0.3	5	15	1	0.3	5	15	0	0.85782	0.25735	4.2891	12.867	0.85782	0.25735	4.2891	12.867	0.85782	0.25735	4.2891	12.867	0.85782	0.25735	4.2891	12.867	0	0.4	0.4	0.4	0.4	0.4	0.4	0.4	0.4	0.4	0.4	0.4	0.4	0.4	0.4	0.4	0.4	0.4
10000	3	0.02	0.02	1	1	0.4	1	0.3	2.5	15	1	0.3	2.5	15	1	0.3	2.5	15	1	0.3	2.5	15	0	1	0.3	2.5	15	1	0.3	2.5	15	1	0.3	2.5	15	1	0.3	2.5	15	0	0.2	0.2	0.2	0.2	0.2	0.2	0.2	0.2	0.2	0.2	0.2	0.2	0.2	0.2	0.2	0.2	0.2
10000	4.2585	0.026871	0.030915	1	1	0.77941	1.5286	0.31487	4.9607	14.817	1.5286	0.31487	4.9607	14.817	1.5286	0.31487	4.9607	14.817	1.5286	0.31487	4.9607	14.817	0	1.5424	0.31771	5.0055	14.951	1.5424	0.31771	5.0055	14.951	1.5424	0.31771	5.0055	14.951	1.5424	0.31771	5.0055	14.951	0	0.4129	0.4129	0.4129	0.4129	0.4129	0.4129	0.4129	0.4129	0.4129	0.4129	0.4129	0.4129	0.4129	0.4129	0.4129	0.4129	0.4129
10000	7	0.02	0.02	1	1	0.4	0.8	0.3	3.5	15	0.8	0.3	3.5	15	0.8	0.3	3.5	15	0.8	0.3	3.5	15	0	0.8	0.3	3.5	15	0.8	0.3	3.5	15	0.8	0.3	3.5	15	0.8	0.3	3.5	15	0	0.3	0.3	0.3	0.3	0.3	0.3	0.3	0.3	0.3	0.3	0.3	0.3	0.3	0.3	0.3	0.3	0.3
10000	4.1352	0.02	0.02	1	1	0.4	0.8	0.3	2.5	10	0.8	0.3	2.5	10	0.8	0.3	2.5	10	0.8	0.3	2.5	10	0	1.1065	0.41492	3.4577	13.831	1.1065	0.41492	3.4577	13.831	1.1065	0.41492	3.4577	13.831	1.1065	0.41492	3.4577	13.831	0	0.31809	0.31809	0.31809	0.31809	0.31809	0.31809	0.31809	0.31809	0.31809	0.31809	0.31809	0.31809	0.31809	0.31809	0.31809	0.31809	0.31809
10000	3	0.02	0.06	1	1	0.4	0.8	0.3	2.5	15	0.8	0.3	2.5	15	0.8	0.3	2.5	15	0.8	0.3	2.5	15	0	1.1266	0.42247	3.5206	21.124	1.1266	0.42247	3.5206	21.124	1.1266	0.42247	3.5206	21.124	1.1266	0.42247	3.5206	21.124	0	0.32551	0.32551	0.32551	0.32551	0.32551	0.32551	0.32551	0.32551	0.32551	0.32551	0.32551	0.32551	0.32551	0.32551	0.32551	0.32551	0.32551
10000	4.0523	0.02	0.03	1	1	0.4	0.8	0.5	4.6667	20	0.8	0.5	4.6667	20	0.8	0.5	4.6667	20	0.8	0.5	4.6667	20	0	0.84936	0.53085	4.9546	21.234	0.84936	0.53085	4.9546	21.234	0.84936	0.53085	4.9546	21.234	0.84936	0.53085	4.9546	21.234	0	0.3	0.3	0.3	0.3	0.3	0.3	0.3	0.3	0.3	0.3	0.3	0.3	0.3	0.3	0.3	0.3	0.3
10000	3.0959	0.012543	0.050884	1	1	-0.052835	0.9177	0.56836	3.2907	1.672	0.9177	0.56836	3.2907	1.672	0.9177	0.56836	3.2907	1.672	0.9177	0.56836	3.2907	1.672	0	1.01	0.62551	3.6216	1.8401	1.01	0.62551	3.6216	1.8401	1.01	0.62551	3.6216	1.8401	1.01	0.62551	3.6216	1.8401	0	0.35719	0.35719	0.35719	0.35719	0.35719	0.35719	0.35719	0.35719	0.35719	0.35719	0.35719	0.35719	0.35719	0.35719	0.35719	0.35719	0.35719
10000	3	0.02	0.02	1	1	0.4	1	0.3	2.5	10	1	0.3	2.5	10	1	0.3	2.5	10	1	0.3	2.5	10	0	1	0.3	2.5	10	1	0.3	2.5	10	1	0.3	2.5	10	1	0.3	2.5	10	0	0.2	0.2	0.2	0.2	0.2	0.2	0.2	0.2	0.2	0.2	0.2	0.2	0.2	0.2	0.2	0.2	0.2
10000	5	0.02	0.01	1	1	0.4	1	0.3	2.5	15	1	0.3	2.5	15	1	0.3	2.5	15	1	0.3	2.5	15	0	1	0.3	2.5	15	1	0.3	2.5	15	1	0.3	2.5	15	1	0.3	2.5	15	0	0.3	0.3	0.3	0.3	0.3	0.3	0.3	0.3	0.3	0.3	0.3	0.3	0.3	0.3	0.3	0.3	0.3
10000	5	0.36921	0.03	1	1	0.47641	0.76963	0.38759	5	15	0.76963	0.38759	5	15	0.76963	0.38759	5	15	0.76963	0.38759	5	15	0	0.70914	0.35713	4.607	13.821	0.70914	0.35713	4.607	13.821	0.70914	0.35713	4.607	13.821	0.70914	0.35713	4.607	13.821	0	0.3	0.3	0.3	0.3	0.3	0.3	0.3	0.3	0.3	0.3	0.3	0.3	0.3	0.3	0.3	0.3	0.3
10000	6.0745	0.27599	0.02	1	1	0.8	0.69802	0.76069	6.6362	117.81	0.69802	0.76069	6.6362	117.81	0.69802	0.76069	6.6362	117.81	0.69802	0.76069	6.6362	117.81	0	0.61077	0.6656	5.8066	103.08	0.61077	0.6656	5.8066	103.08	0.61077	0.6656	5.8066	103.08	0.61077	0.6656	5.8066	103.08	0	0.3	0.3	0.3	0.3	0.3	0.3	0.3	0.3	0.3	0.3	0.3	0.3	0.3	0.3	0.3	0.3	0.3
10000	3	0.01	0.02	1	1	0.8	1	0.3	2.5	15	1	0.3	2.5	15	1	0.3	2.5	15	1	0.3	2.5	15	0	1	0.3	2.5	15	1	0.3	2.5	15	1	0.3	2.5	15	1	0.3	2.5	15	0	0.2	0.2	0.2	0.2	0.2	0.2	0.2	0.2	0.2	0.2	0.2	0.2	0.2	0.2	0.2	0.2	0.2
10000	5	0.017644	0.02	1	1	0.8	0.8	0.3	2.5	15	0.8	0.3	2.5	15	0.8	0.3	2.5	15	0.8	0.3	2.5	15	0	0.8	0.3	2.5	15	0.8	0.3	2.5	15	0.8	0.3	2.5	15	0.8	0.3	2.5	15	0	0.2	0.2	0.2	0.2	0.2	0.2	0.2	0.2	0.2	0.2	0.2	0.2	0.2	0.2	0.2	0.2	0.2
10000	7	0.01	0.02	1	1	0.8	1	0.3	2.5	15	1	0.3	2.5	15	1	0.3	2.5	15	1	0.3	2.5	15	0	1.48	0.44399	3.6999	22.2	1.48	0.44399	3.6999	22.2	1.48	0.44399	3.6999	22.2	1.48	0.44399	3.6999	22.2	0	0.23384	0.23384	0.23384	0.23384	0.23384	0.23384	0.23384	0.23384	0.23384	0.23384	0.23384	0.23384	0.23384	0.23384	0.23384	0.23384	0.23384
10000	2.8276	0.046588	0.02039	1	1	0.29562	0.43989	0.72715	4.8656	20.928	0.43989	0.72715	4.8656	20.928	0.43989	0.72715	4.8656	20.928	0.43989	0.72715	4.8656	20.928	0	0.30503	0.50423	3.374	14.512	0.30503	0.50423	3.374	14.512	0.30503	0.50423	3.374	14.512	0.30503	0.50423	3.374	14.512	0	0.22906	0.22906	0.22906	0.22906	0.22906	0.22906	0.22906	0.22906	0.22906	0.22906	0.22906	0.22906	0.22906	0.22906	0.22906	0.22906	0.22906
10000	8	0.02	0.01	1	1	0.4	0.43939	0.20952	2.5	20	0.43939	0.20952	2.5	20	0.43939	0.20952	2.5	20	0.43939	0.20952	2.5	20	0	1.0355	0.49375	5.8914	47.131	1.0355	0.49375	5.8914	47.131	1.0355	0.49375	5.8914	47.131	1.0355	0.49375	5.8914	47.131	0	0.46325	0.46325	0.46325	0.46325	0.46325	0.46325	0.46325	0.46325	0.46325	0.46325	0.46325	0.46325	0.46325	0.46325	0.46325	0.46325	0.46325
10000	3	0.02	0.02	1	1	0.66975	1	0.5	2.5	15	1	0.5	2.5	15	1	0.5	2.5	15	1	0.5	2.5	15	0	1.1451	0.57257	2.8628	17.177	1.1451	0.57257	2.8628	17.177	1.1451	0.57257	2.8628	17.177	1.1451	0.57257	2.8628	17.177	0	0.2	0.2	0.2	0.2	0.2	0.2	0.2	0.2	0.2	0.2	0.2	0.2	0.2	0.2	0.2	0.2	0.2
10000	3.55	0.13637	0.023333	1	1	0.8	1	0.33333	5	15	1	0.33333	5	15	1	0.33333	5	15	1	0.33333	5	15	0	1	0.33333	5	15	1	0.33333	5	15	1	0.33333	5	15	1	0.33333	5	15	0	0.20814	0.20814	0.20814	0.20814	0.20814	0.20814	0.20814	0.20814	0.20814	0.20814	0.20814	0.20814	0.20814	0.20814	0.20814	0.20814	0.20814
10000	5	0.01441	0.02	1	1	0.4	1	0.3	2.5	15	1	0.3	2.5	15	1	0.3	2.5	15	1	0.3	2.5	15	0	1	0.3	2.5	15	1	0.3	2.5	15	1	0.3	2.5	15	1	0.3	2.5	15	0	0.22721	0.22721	0.22721	0.22721	0.22721	0.22721	0.22721	0.22721	0.22721	0.22721	0.22721	0.22721	0.22721	0.22721	0.22721	0.22721	0.22721
10000	7.6629	0.011886	0.030756	1	1	0.30447	0.78242	0.40953	3.4847	20.515	0.78242	0.40953	3.4847	20.515	0.78242	0.40953	3.4847	20.515	0.78242	0.40953	3.4847	20.515	0	0.75496	0.39515	3.3624	19.795	0.75496	0.39515	3.3624	19.795	0.75496	0.39515	3.3624	19.795	0.75496	0.39515	3.3624	19.795	0	0.44253	0.44253	0.44253	0.44253	0.44253	0.44253	0.44253	0.44253	0.44253	0.44253	0.44253	0.44253	0.44253	0.44253	0.44253	0.44253	0.44253
10000	4.9135	0.023413	0.01	1	1	0.4	1.0466	0.27985	3.3333	15	1.0466	0.27985	3.3333	15	1.0466	0.27985	3.3333	15	1.0466	0.27985	3.3333	15	0	1.003	0.26819	3.1944	14.375	1.003	0.26819	3.1944	14.375	1.003	0.26819	3.1944	14.375	1.003	0.26819	3.1944	14.375	0	0.4	0.4	0.4	0.4	0.4	0.4	0.4	0.4	0.4	0.4	0.4	0.4	0.4	0.4	0.4	0.4	0.4
10000	5	0.02	0.022524	1	1	0.8	1	0.3	2.5	15	1	0.3	2.5	15	1	0.3	2.5	15	1	0.3	2.5	15	0	1	0.3	2.5	15	1	0.3	2.5	15	1	0.3	2.5	15	1	0.3	2.5	15	0	0.18288	0.18288	0.18288	0.18288	0.18288	0.18288	0.18288	0.18288	0.18288	0.18288	0.18288	0.18288	0.18288	0.18288	0.18288	0.18288	0.18288
10000	7	0.02	0.02	1	1	0.8	0.8	0.3	2.5	15	0.8	0.3	2.5	15	0.8	0.3	2.5	15	0.8	0.3	2.5	15	0	0.8	0.3	2.5	15	0.8	0.3	2.5	15	0.8	0.3	2.5	15	0.8	0.3	2.5	15	0	0.3	0.3	0.3	0.3	0.3	0.3	0.3	0.3	0.3	0.3	0.3	0.3	0.3	0.3	0.3	0.3	0.3
10000	10	0.028978	0.02	1	1	0.42805	1.1111	1.0823	2.5	30	1.1111	1.0823	2.5	30	1.1111	1.0823	2.5	30	1.1111	1.0823	2.5	30	0	1.1111	1.0823	2.5	30	1.1111	1.0823	2.5	30	1.1111	1.0823	2.5	30	1.1111	1.0823	2.5	30	0	0.1	0.1	0.1	0.1	0.1	0.1	0.1	0.1	0.1	0.1	0.1	0.1	0.1	0.1	0.1	0.1	0.1
10000	5	0.4915	0.02	1	1	0.8	0.8	0.5	2.5	15	0.8	0.5	2.5	15	0.8	0.5	2.5	15	0.8	0.5	2.5	15	0	0.8	0.5	2.5	15	0.8	0.5	2.5	15	0.8	0.5	2.5	15	0.8	0.5	2.5	15	0	0.2	0.2	0.2	0.2	0.2	0.2	0.2	0.2	0.2	0.2	0.2	0.2	0.2	0.2	0.2	0.2	0.2
10000	7.1889	0.20355	0.01	1	1	0.86863	1.0763	0.55043	2.4501	14.39	1.0763	0.55043	2.4501	14.39	1.0763	0.55043	2.4501	14.39	1.0763	0.55043	2.4501	14.39	0	2.5761	1.3175	5.8645	34.443	2.5761	1.3175	5.8645	34.443	2.5761	1.3175	5.8645	34.443	2.5761	1.3175	5.8645	34.443	0	0.33321	0.33321	0.33321	0.33321	0.33321	0.33321	0.33321	0.33321	0.33321	0.33321	0.33321	0.33321	0.33321	0.33321	0.33321	0.33321	0.33321
10000	5.85	0.13551	0.11798	1	1	0.8	0.57575	0.3	2.5	15	0.57575	0.3	2.5	15	0.57575	0.3	2.5	15	0.57575	0.3	2.5	15	0	1.1169	0.58196	4.8497	29.098	1.1169	0.58196	4.8497	29.098	1.1169	0.58196	4.8497	29.098	1.1169	0.58196	4.8497	29.098	0	0.3	0.3	0.3	0.3	0.3	0.3	0.3	0.3	0.3	0.3	0.3	0.3	0.3	0.3	0.3	0.3	0.3
10000	3.55	0.12	0.02	1	1	0.4	1	0.5	3.5	15	1	0.5	3.5	15	1	0.5	3.5	15	1	0.5	3.5	15	0	1	0.5	3.5	15	1	0.5	3.5	15	1	0.5	3.5	15	1	0.5	3.5	15	0	0.14689	0.14689	0.14689	0.14689	0.14689	0.14689	0.14689	0.14689	0.14689	0.14689	0.14689	0.14689	0.14689	0.14689	0.14689	0.14689	0.14689
10000	7	0.002	0.018333	1	1	0.54365	0.73284	0.20929	3.5	14.21	0.73284	0.20929	3.5	14.21	0.73284	0.20929	3.5	14.21	0.73284	0.20929	3.5	14.21	0	0.89468	0.25551	4.273	17.348	0.89468	0.25551	4.273	17.348	0.89468	0.25551	4.273	17.348	0.89468	0.25551	4.273	17.348	0	0.2	0.2	0.2	0.2	0.2	0.2	0.2	0.2	0.2	0.2	0.2	0.2	0.2	0.2	0.2	0.2	0.2
10000	2.3448	0.001	0.02	1	1	0.28116	1	0.89461	3.5	20	1	0.89461	3.5	20	1	0.89461	3.5	20	1	0.89461	3.5	20	0	1	0.89461	3.5	20	1	0.89461	3.5	20	1	0.89461	3.5	20	1	0.89461	3.5	20	0	0.28404	0.28404	0.28404	0.28404	0.28404	0.28404	0.28404	0.28404	0.28404	0.28404	0.28404	0.28404	0.28404	0.28404	0.28404	0.28404	0.28404
10000	6	0.001611	0.031122	1	1	0.4	0.8	1.1968	4.6667	10	0.8	1.1968	4.6667	10	0.8	1.1968	4.6667	10	0.8	1.1968	4.6667	10	0	0.8	1.1968	4.6667	10	0.8	1.1968	4.6667	10	0.8	1.1968	4.6667	10	0.8	1.1968	4.6667	10	0	0.2	0.2	0.2	0.2	0.2	0.2	0.2	0.2	0.2	0.2	0.2	0.2	0.2	0.2	0.2	0.2	0.2
10000	5.8421	0.01	0.02	1	1	0.8	1	0.3	2.5	15	1	0.3	2.5	15	1	0.3	2.5	15	1	0.3	2.5	15	0	1	0.3	2.5	15	1	0.3	2.5	15	1	0.3	2.5	15	1	0.3	2.5	15	0	0.3	0.3	0.3	0.3	0.3	0.3	0.3	0.3	0.3	0.3	0.3	0.3	0.3	0.3	0.3	0.3	0.3
10000	3	0.001	0.02	1	1	0.26256	0.63122	0.4	3.5	20	0.63122	0.4	3.5	20	0.63122	0.4	3.5	20	0.63122	0.4	3.5	20	0	0.63122	0.4	3.5	20	0.63122	0.4	3.5	20	0.63122	0.4	3.5	20	0.63122	0.4	3.5	20	0	0.3	0.3	0.3	0.3	0.3	0.3	0.3	0.3	0.3	0.3	0.3	0.3	0.3	0.3	0.3	0.3	0.3
10000	5.5075	0.24017	0.01	1	1	0.40026	1.1167	0.59976	3.5008	19.996	1.1167	0.59976	3.5008	19.996	1.1167	0.59976	3.5008	19.996	1.1167	0.59976	3.5008	19.996	0	0.55855	0.29999	1.751	10.002	0.55855	0.29999	1.751	10.002	0.55855	0.29999	1.751	10.002	0.55855	0.29999	1.751	10.002	0	0.16679	0.16679	0.16679	0.16679	0.16679	0.16679	0.16679	0.16679	0.16679	0.16679	0.16679	0.16679	0.16679	0.16679	0.16679	0.16679	0.16679
10000	1.55	0.02	0.018775	1	1	0.62996	1	1	3.3333	6.3859	1	1	3.3333	6.3859	1	1	3.3333	6.3859	1	1	3.3333	6.3859	0	1	1	3.3333	6.3859	1	1	3.3333	6.3859	1	1	3.3333	6.3859	1	1	3.3333	6.3859	0	0.28333	0.28333	0.28333	0.28333	0.28333	0.28333	0.28333	0.28333	0.28333	0.28333	0.28333	0.28333	0.28333	0.28333	0.28333	0.28333	0.28333
10000	5	0.011051	0.04	1	1	0.48267	1	0.6	5	-135	1	0.6	5	-135	1	0.6	5	-135	1	0.6	5	-135	0	1.3723	0.82339	6.8615	-185.26	1.3723	0.82339	6.8615	-185.26	1.3723	0.82339	6.8615	-185.26	1.3723	0.82339	6.8615	-185.26	0	0.29297	0.29297	0.29297	0.29297	0.29297	0.29297	0.29297	0.29297	0.29297	0.29297	0.29297	0.29297	0.29297	0.29297	0.29297	0.29297	0.29297
10000	4.1419	0.24	0.02	1	1	0.34332	2	0.3	7	59.83	2	0.3	7	59.83	2	0.3	7	59.83	2	0.3	7	59.83	0	1	0.15	3.5	29.915	1	0.15	3.5	29.915	1	0.15	3.5	29.915	1	0.15	3.5	29.915	0	0.3	0.3	0.3	0.3	0.3	0.3	0.3	0.3	0.3	0.3	0.3	0.3	0.3	0.3	0.3	0.3	0.3
10000	5	0.015031	0.036667	1	1	0.4	1	0.69288	4.8418	15	1	0.69288	4.8418	15	1	0.69288	4.8418	15	1	0.69288	4.8418	15	0	1	0.69288	4.8419	15	1	0.69288	4.8419	15	1	0.69288	4.8419	15	1	0.69288	4.8419	15	0	0.20915	0.20915	0.20915	0.20915	0.20915	0.20915	0.20915	0.20915	0.20915	0.20915	0.20915	0.20915	0.20915	0.20915	0.20915	0.20915	0.20915
10000	7	0.005	0.01	1	1	0.4	1	0.3	3.5	10	1	0.3	3.5	10	1	0.3	3.5	10	1	0.3	3.5	10	0	1	0.3	3.5	10	1	0.3	3.5	10	1	0.3	3.5	10	1	0.3	3.5	10	0	0.3	0.3	0.3	0.3	0.3	0.3	0.3	0.3	0.3	0.3	0.3	0.3	0.3	0.3	0.3	0.3	0.3
10000	3	0.001	0.01	1	1	0.4	1	0.3	4.6667	15	1	0.3	4.6667	15	1	0.3	4.6667	15	1	0.3	4.6667	15	0	1	0.3	4.6667	15	1	0.3	4.6667	15	1	0.3	4.6667	15	1	0.3	4.6667	15	0	0.35581	0.35581	0.35581	0.35581	0.35581	0.35581	0.35581	0.35581	0.35581	0.35581	0.35581	0.35581	0.35581	0.35581	0.35581	0.35581	0.35581
10000	7.2018	0.0022986	0.03	1	1	0.4	0.8	0.14362	3.5	10	0.8	0.14362	3.5	10	0.8	0.14362	3.5	10	0.8	0.14362	3.5	10	0	0.8	0.14362	3.5	10	0.8	0.14362	3.5	10	0.8	0.14362	3.5	10	0.8	0.14362	3.5	10	0	0.50787	0.50787	0.50787	0.50787	0.50787	0.50787	0.50787	0.50787	0.50787	0.50787	0.50787	0.50787	0.50787	0.50787	0.50787	0.50787	0.50787
10000	7.1965	0.001	0.023553	1	1	0.39998	0.9886	0.30503	3.3168	14.909	0.9886	0.30503	3.3168	14.909	0.9886	0.30503	3.3168	14.909	0.9886	0.30503	3.3168	14.909	0	0.93864	0.28961	3.1492	14.155	0.93864	0.28961	3.1492	14.155	0.93864	0.28961	3.1492	14.155	0.93864	0.28961	3.1492	14.155	0	0.57866	0.57866	0.57866	0.57866	0.57866	0.57866	0.57866	0.57866	0.57866	0.57866	0.57866	0.57866	0.57866	0.57866	0.57866	0.57866	0.57866
10000	7.9217	0.001	0.015986	1	1	0.43855	1.0551	0.00023756	3.6265	12.937	1.0551	0.00023756	3.6265	12.937	1.0551	0.00023756	3.6265	12.937	1.0551	0.00023756	3.6265	12.937	0	1.0628	0.00023929	3.6531	13.032	1.0628	0.00023929	3.6531	13.032	1.0628	0.00023929	3.6531	13.032	1.0628	0.00023929	3.6531	13.032	0	0.57687	0.57687	0.57687	0.57687	0.57687	0.57687	0.57687	0.57687	0.57687	0.57687	0.57687	0.57687	0.57687	0.57687	0.57687	0.57687	0.57687
10000	7.6933	0.01826	0.01947	1	1	0.70046	0.93845	0.27079	1.5769	17.313	0.93845	0.27079	1.5769	17.313	0.93845	0.27079	1.5769	17.313	0.93845	0.27079	1.5769	17.313	0	0.88792	0.25621	1.492	16.381	0.88792	0.25621	1.492	16.381	0.88792	0.25621	1.492	16.381	0.88792	0.25621	1.492	16.381	0	0.32974	0.32974	0.32974	0.32974	0.32974	0.32974	0.32974	0.32974	0.32974	0.32974	0.32974	0.32974	0.32974	0.32974	0.32974	0.32974	0.32974
10000	3	0.01	0.02	1	1	0.8	1	0.3	2.5	15	1	0.3	2.5	15	1	0.3	2.5	15	1	0.3	2.5	15	0	1	0.3	2.5	15	1	0.3	2.5	15	1	0.3	2.5	15	1	0.3	2.5	15	0	0.2	0.2	0.2	0.2	0.2	0.2	0.2	0.2	0.2	0.2	0.2	0.2	0.2	0.2	0.2	0.2	0.2
10000	5	0.02	0.01	1	1	0.8	1.5	0.3	2.5	15	1.5	0.3	2.5	15	1.5	0.3	2.5	15	1.5	0.3	2.5	15	0	1.5	0.3	2.5	15	1.5	0.3	2.5	15	1.5	0.3	2.5	15	1.5	0.3	2.5	15	0	0.3	0.3	0.3	0.3	0.3	0.3	0.3	0.3	0.3	0.3	0.3	0.3	0.3	0.3	0.3	0.3	0.3
10000	4.9998	0.019997	0.020002	1	1	0.80008	1.4999	0.2342	2.5002	12.621	1.4999	0.2342	2.5002	12.621	1.4999	0.2342	2.5002	12.621	1.4999	0.2342	2.5002	12.621	0	0.93737	0.14637	1.5625	7.8877	0.93737	0.14637	1.5625	7.8877	0.93737	0.14637	1.5625	7.8877	0.93737	0.14637	1.5625	7.8877	0	0.30005	0.30005	0.30005	0.30005	0.30005	0.30005	0.30005	0.30005	0.30005	0.30005	0.30005	0.30005	0.30005	0.30005	0.30005	0.30005	0.30005
10000	5	0.01	0.02	1	1	0.8	1	0.3	2.5	15	1	0.3	2.5	15	1	0.3	2.5	15	1	0.3	2.5	15	0	1	0.3	2.5	15	1	0.3	2.5	15	1	0.3	2.5	15	1	0.3	2.5	15	0	0.3	0.3	0.3	0.3	0.3	0.3	0.3	0.3	0.3	0.3	0.3	0.3	0.3	0.3	0.3	0.3	0.3
10000	3	0.076813	0.035	1	1	0.49931	1.1667	0.4	3.3333	20	1.1667	0.4	3.3333	20	1.1667	0.4	3.3333	20	1.1667	0.4	3.3333	20	0	1.5412	0.5284	4.4033	26.42	1.5412	0.5284	4.4033	26.42	1.5412	0.5284	4.4033	26.42	1.5412	0.5284	4.4033	26.42	0	0.32889	0.32889	0.32889	0.32889	0.32889	0.32889	0.32889	0.32889	0.32889	0.32889	0.32889	0.32889	0.32889	0.32889	0.32889	0.32889	0.32889
10000	3.9985	0.073195	0.03	1	1	1.0667	1	0.49998	3.4999	15	1	0.49998	3.4999	15	1	0.49998	3.4999	15	1	0.49998	3.4999	15	0	1.9029	0.95136	6.6597	28.543	1.9029	0.95136	6.6597	28.543	1.9029	0.95136	6.6597	28.543	1.9029	0.95136	6.6597	28.543	0	0.20001	0.20001	0.20001	0.20001	0.20001	0.20001	0.20001	0.20001	0.20001	0.20001	0.20001	0.20001	0.20001	0.20001	0.20001	0.20001	0.20001
10000	3	0.067816	0.02	1	1	0.5863	0.8	0.3	2.5	15	0.8	0.3	2.5	15	0.8	0.3	2.5	15	0.8	0.3	2.5	15	0	1.6	0.6	5	30	1.6	0.6	5	30	1.6	0.6	5	30	1.6	0.6	5	30	0	0.3	0.3	0.3	0.3	0.3	0.3	0.3	0.3	0.3	0.3	0.3	0.3	0.3	0.3	0.3	0.3	0.3
10000	4.4946	0.086914	0.029997	1	1	1.0001	1.0001	0.29995	2.5	14.999	1.0001	0.29995	2.5	14.999	1.0001	0.29995	2.5	14.999	1.0001	0.29995	2.5	14.999	0	2.0687	0.62047	5.1715	31.027	2.0687	0.62047	5.1715	31.027	2.0687	0.62047	5.1715	31.027	2.0687	0.62047	5.1715	31.027	0	0.20002	0.20002	0.20002	0.20002	0.20002	0.20002	0.20002	0.20002	0.20002	0.20002	0.20002	0.20002	0.20002	0.20002	0.20002	0.20002	0.20002
10000	2.8359	0.057795	0.024511	1	1	0.37658	1.0015	0.30098	3.4966	14.436	1.0015	0.30098	3.4966	14.436	1.0015	0.30098	3.4966	14.436	1.0015	0.30098	3.4966	14.436	0	1.0028	0.30138	3.5012	14.455	1.0028	0.30138	3.5012	14.455	1.0028	0.30138	3.5012	14.455	1.0028	0.30138	3.5012	14.455	0	0.23548	0.23548	0.23548	0.23548	0.23548	0.23548	0.23548	0.23548	0.23548	0.23548	0.23548	0.23548	0.23548	0.23548	0.23548	0.23548	0.23548
10000	4.1836	0.012245	0.49993	1	1	0.53929	0.79991	0.3	2.4998	14.999	0.79991	0.3	2.4998	14.999	0.79991	0.3	2.4998	14.999	0.79991	0.3	2.4998	14.999	0	1.3252	0.49702	4.1415	24.849	1.3252	0.49702	4.1415	24.849	1.3252	0.49702	4.1415	24.849	1.3252	0.49702	4.1415	24.849	0	0.21893	0.21893	0.21893	0.21893	0.21893	0.21893	0.21893	0.21893	0.21893	0.21893	0.21893	0.21893	0.21893	0.21893	0.21893	0.21893	0.21893
10000	8.7179	0.0099137	0.024472	1	1	-0.19645	1.0042	0.50313	4.0706	-46.717	1.0042	0.50313	4.0706	-46.717	1.0042	0.50313	4.0706	-46.717	1.0042	0.50313	4.0706	-46.717	0	2.0017	1.0029	8.1142	-93.126	2.0017	1.0029	8.1142	-93.126	2.0017	1.0029	8.1142	-93.126	2.0017	1.0029	8.1142	-93.126	0	0.57582	0.57582	0.57582	0.57582	0.57582	0.57582	0.57582	0.57582	0.57582	0.57582	0.57582	0.57582	0.57582	0.57582	0.57582	0.57582	0.57582
10000	4.7112	0.02066	0.020723	1	1	0.33148	0.8881	0.66363	2.6713	-181.03	0.8881	0.66363	2.6713	-181.03	0.8881	0.66363	2.6713	-181.03	0.8881	0.66363	2.6713	-181.03	0	0.96416	0.72047	2.9001	-196.53	0.96416	0.72047	2.9001	-196.53	0.96416	0.72047	2.9001	-196.53	0.96416	0.72047	2.9001	-196.53	0	0.64393	0.64393	0.64393	0.64393	0.64393	0.64393	0.64393	0.64393	0.64393	0.64393	0.64393	0.64393	0.64393	0.64393	0.64393	0.64393	0.64393
10000	6.425	0.02	0.02	1	1	0.4	0.55502	0.3	2.5	-26.075	0.55502	0.3	2.5	-26.075	0.55502	0.3	2.5	-26.075	0.55502	0.3	2.5	-26.075	0	1.11	0.6	5	-52.149	1.11	0.6	5	-52.149	1.11	0.6	5	-52.149	1.11	0.6	5	-52.149	0	0.50691	0.50691	0.50691	0.50691	0.50691	0.50691	0.50691	0.50691	0.50691	0.50691	0.50691	0.50691	0.50691	0.50691	0.50691	0.50691	0.50691
10000	5.8532	0.022533	0.031669	1	1	0.58133	0.78338	0.29272	2.6093	-308.14	0.78338	0.29272	2.6093	-308.14	0.78338	0.29272	2.6093	-308.14	0.78338	0.29272	2.6093	-308.14	0	1.3835	0.51696	4.6082	-544.18	1.3835	0.51696	4.6082	-544.18	1.3835	0.51696	4.6082	-544.18	1.3835	0.51696	4.6082	-544.18	0	0.21994	0.21994	0.21994	0.21994	0.21994	0.21994	0.21994	0.21994	0.21994	0.21994	0.21994	0.21994	0.21994	0.21994	0.21994	0.21994	0.21994
10000	5	0.071151	0.021535	1	1	0.76224	0.66121	0.33333	3.3333	15	0.66121	0.33333	3.3333	15	0.66121	0.33333	3.3333	15	0.66121	0.33333	3.3333	15	0	0.72036	0.36315	3.6315	16.342	0.72036	0.36315	3.6315	16.342	0.72036	0.36315	3.6315	16.342	0.72036	0.36315	3.6315	16.342	0	0.29263	0.29263	0.29263	0.29263	0.29263	0.29263	0.29263	0.29263	0.29263	0.29263	0.29263	0.29263	0.29263	0.29263	0.29263	0.29263	0.29263
10000	5.2036	0.01981	0.020132	1	1	0.25171	0.67805	0.42897	3.3185	5.2648	0.67805	0.42897	3.3185	5.2648	0.67805	0.42897	3.3185	5.2648	0.67805	0.42897	3.3185	5.2648	0	0.67413	0.42649	3.2993	5.2344	0.67413	0.42649	3.2993	5.2344	0.67413	0.42649	3.2993	5.2344	0.67413	0.42649	3.2993	5.2344	0	0.19767	0.19767	0.19767	0.19767	0.19767	0.19767	0.19767	0.19767	0.19767	0.19767	0.19767	0.19767	0.19767	0.19767	0.19767	0.19767	0.19767
10000	2.8389	0.02	0.02	1	1	0.38142	0.61581	0.5	2.6093	15	0.61581	0.5	2.6093	15	0.61581	0.5	2.6093	15	0.61581	0.5	2.6093	15	0	0.68122	0.55311	2.8864	16.593	0.68122	0.55311	2.8864	16.593	0.68122	0.55311	2.8864	16.593	0.68122	0.55311	2.8864	16.593	0	0.43949	0.43949	0.43949	0.43949	0.43949	0.43949	0.43949	0.43949	0.43949	0.43949	0.43949	0.43949	0.43949	0.43949	0.43949	0.43949	0.43949
10000	5	0.02	0.02	1	1	0.8	1	0.5	2.5	15	1	0.5	2.5	15	1	0.5	2.5	15	1	0.5	2.5	15	0	1	0.5	2.5	15	1	0.5	2.5	15	1	0.5	2.5	15	1	0.5	2.5	15	0	0.3	0.3	0.3	0.3	0.3	0.3	0.3	0.3	0.3	0.3	0.3	0.3	0.3	0.3	0.3	0.3	0.3
10000	3	0.016003	0.01	1	1	0.4	1	0.5	2.5	15	1	0.5	2.5	15	1	0.5	2.5	15	1	0.5	2.5	15	0	1	0.5	2.5	15	1	0.5	2.5	15	1	0.5	2.5	15	1	0.5	2.5	15	0	0.3	0.3	0.3	0.3	0.3	0.3	0.3	0.3	0.3	0.3	0.3	0.3	0.3	0.3	0.3	0.3	0.3
10000	5.6502	0.32683	0.02109	1	1	0.80071	0.93573	0.44498	3.3319	14.994	0.93573	0.44498	3.3319	14.994	0.93573	0.44498	3.3319	14.994	0.93573	0.44498	3.3319	14.994	0	0.92037	0.43768	3.2773	14.748	0.92037	0.43768	3.2773	14.748	0.92037	0.43768	3.2773	14.748	0.92037	0.43768	3.2773	14.748	0	0.19104	0.19104	0.19104	0.19104	0.19104	0.19104	0.19104	0.19104	0.19104	0.19104	0.19104	0.19104	0.19104	0.19104	0.19104	0.19104	0.19104
10000	10	0.02	0.03	1	1	0.8	0.72066	0.11394	3.3333	15	0.72066	0.11394	3.3333	15	0.72066	0.11394	3.3333	15	0.72066	0.11394	3.3333	15	0	0.73766	0.11663	3.412	15.354	0.73766	0.11663	3.412	15.354	0.73766	0.11663	3.412	15.354	0.73766	0.11663	3.412	15.354	0	0.38572	0.38572	0.38572	0.38572	0.38572	0.38572	0.38572	0.38572	0.38572	0.38572	0.38572	0.38572	0.38572	0.38572	0.38572	0.38572	0.38572
10000	5	0.02	0.01	1	1	0.4	0.8	0.5	3.5	40	0.8	0.5	3.5	40	0.8	0.5	3.5	40	0.8	0.5	3.5	40	0	1.6	1	7	80	1.6	1	7	80	1.6	1	7	80	1.6	1	7	80	0	0.31252	0.31252	0.31252	0.31252	0.31252	0.31252	0.31252	0.31252	0.31252	0.31252	0.31252	0.31252	0.31252	0.31252	0.31252	0.31252	0.31252
10000	7	0.01	0.01	1	1	0.8	0.8	0.3	2.5	15	0.8	0.3	2.5	15	0.8	0.3	2.5	15	0.8	0.3	2.5	15	0	0.8	0.3	2.5	15	0.8	0.3	2.5	15	0.8	0.3	2.5	15	0.8	0.3	2.5	15	0	0.2	0.2	0.2	0.2	0.2	0.2	0.2	0.2	0.2	0.2	0.2	0.2	0.2	0.2	0.2	0.2	0.2
10000	3	0.02	0.03	1	1	0.8	1	0.3	3.5	10	1	0.3	3.5	10	1	0.3	3.5	10	1	0.3	3.5	10	0	1	0.3	3.5	10	1	0.3	3.5	10	1	0.3	3.5	10	1	0.3	3.5	10	0	0.3	0.3	0.3	0.3	0.3	0.3	0.3	0.3	0.3	0.3	0.3	0.3	0.3	0.3	0.3	0.3	0.3
10000	8.975	0.009	0.01	1	1	0.05	1.5	0.625	5.875	11	1.5	0.625	5.875	11	1.5	0.625	5.875	11	1.5	0.625	5.875	11	0	0.84375	0.35156	3.3047	6.1875	0.84375	0.35156	3.3047	6.1875	0.84375	0.35156	3.3047	6.1875	0.84375	0.35156	3.3047	6.1875	0	0.4	0.4	0.4	0.4	0.4	0.4	0.4	0.4	0.4	0.4	0.4	0.4	0.4	0.4	0.4	0.4	0.4
10000	5.0013	0.0075756	0.13489	1	1	0.40031	0.57297	0.29971	3.501	9.9975	0.57297	0.29971	3.501	9.9975	0.57297	0.29971	3.501	9.9975	0.57297	0.29971	3.501	9.9975	0	1.1456	0.59926	7.0002	19.99	1.1456	0.59926	7.0002	19.99	1.1456	0.59926	7.0002	19.99	1.1456	0.59926	7.0002	19.99	0	0.30027	0.30027	0.30027	0.30027	0.30027	0.30027	0.30027	0.30027	0.30027	0.30027	0.30027	0.30027	0.30027	0.30027	0.30027	0.30027	0.30027
10000	8.6825	0.0050514	0.024288	1	1	0.48094	1.072	0.31369	3.0443	21.162	1.072	0.31369	3.0443	21.162	1.072	0.31369	3.0443	21.162	1.072	0.31369	3.0443	21.162	0	0.66106	0.19344	1.8773	13.05	0.66106	0.19344	1.8773	13.05	0.66106	0.19344	1.8773	13.05	0.66106	0.19344	1.8773	13.05	0	0.48752	0.48752	0.48752	0.48752	0.48752	0.48752	0.48752	0.48752	0.48752	0.48752	0.48752	0.48752	0.48752	0.48752	0.48752	0.48752	0.48752
10000	8.1537	0.001	0.02	1	1	0.4	1.4025	0.3	3.7166	17.222	1.4025	0.3	3.7166	17.222	1.4025	0.3	3.7166	17.222	1.4025	0.3	3.7166	17.222	0	0.70124	0.15	1.8583	8.6111	0.70124	0.15	1.8583	8.6111	0.70124	0.15	1.8583	8.6111	0.70124	0.15	1.8583	8.6111	0	0.3	0.3	0.3	0.3	0.3	0.3	0.3	0.3	0.3	0.3	0.3	0.3	0.3	0.3	0.3	0.3	0.3
10000	5	0.023333	0.01	1	1	0.4	1.5	0.13511	3.3334	30	1.5	0.13511	3.3334	30	1.5	0.13511	3.3334	30	1.5	0.13511	3.3334	30	0	0.59446	0.053546	1.321	11.889	0.59446	0.053546	1.321	11.889	0.59446	0.053546	1.321	11.889	0.59446	0.053546	1.321	11.889	0	0.3	0.3	0.3	0.3	0.3	0.3	0.3	0.3	0.3	0.3	0.3	0.3	0.3	0.3	0.3	0.3	0.3
10000	3	0.02	0.02	1	1	0.8	1	0.3	2.5	15	1	0.3	2.5	15	1	0.3	2.5	15	1	0.3	2.5	15	0	1	0.3	2.5	15	1	0.3	2.5	15	1	0.3	2.5	15	1	0.3	2.5	15	0	0.2	0.2	0.2	0.2	0.2	0.2	0.2	0.2	0.2	0.2	0.2	0.2	0.2	0.2	0.2	0.2	0.2
10000	5	0.01	0.02	1	1	0.8	1	0.3	5	30	1	0.3	5	30	1	0.3	5	30	1	0.3	5	30	0	1	0.3	5	30	1	0.3	5	30	1	0.3	5	30	1	0.3	5	30	0	0.3	0.3	0.3	0.3	0.3	0.3	0.3	0.3	0.3	0.3	0.3	0.3	0.3	0.3	0.3	0.3	0.3
10000	7.2356	0.0044489	0.01	1	1	0.77697	0.39661	0.36944	3.8921	18.205	0.39661	0.36944	3.8921	18.205	0.39661	0.36944	3.8921	18.205	0.39661	0.36944	3.8921	18.205	0	0.51509	0.4798	5.0548	23.643	0.51509	0.4798	5.0548	23.643	0.51509	0.4798	5.0548	23.643	0.51509	0.4798	5.0548	23.643	0	0.27823	0.27823	0.27823	0.27823	0.27823	0.27823	0.27823	0.27823	0.27823	0.27823	0.27823	0.27823	0.27823	0.27823	0.27823	0.27823	0.27823
10000	10	0.005	0.04	1	1	0.8	1	0.3	7	40	1	0.3	7	40	1	0.3	7	40	1	0.3	7	40	0	0.87501	0.2625	6.125	35	0.87501	0.2625	6.125	35	0.87501	0.2625	6.125	35	0.87501	0.2625	6.125	35	0	0.3	0.3	0.3	0.3	0.3	0.3	0.3	0.3	0.3	0.3	0.3	0.3	0.3	0.3	0.3	0.3	0.3
10000	5	0.02	0.02	1	1	0.69761	0.45797	0.072393	4.1667	18.333	0.45797	0.072393	4.1667	18.333	0.45797	0.072393	4.1667	18.333	0.45797	0.072393	4.1667	18.333	0	0.45797	0.072393	4.1667	18.333	0.45797	0.072393	4.1667	18.333	0.45797	0.072393	4.1667	18.333	0.45797	0.072393	4.1667	18.333	0	0.3	0.3	0.3	0.3	0.3	0.3	0.3	0.3	0.3	0.3	0.3	0.3	0.3	0.3	0.3	0.3	0.3
10000	6.8905	0.04	0.020508	1	1	0.8	0.99999	0.3	2.5	15	0.99999	0.3	2.5	15	0.99999	0.3	2.5	15	0.99999	0.3	2.5	15	0	1.4582	0.43747	3.6456	21.873	1.4582	0.43747	3.6456	21.873	1.4582	0.43747	3.6456	21.873	1.4582	0.43747	3.6456	21.873	0	0.1496	0.1496	0.1496	0.1496	0.1496	0.1496	0.1496	0.1496	0.1496	0.1496	0.1496	0.1496	0.1496	0.1496	0.1496	0.1496	0.1496
10000	9.6071	0.026667	0.06	1	1	0.34031	0.8	0.5	2.5	15	0.8	0.5	2.5	15	0.8	0.5	2.5	15	0.8	0.5	2.5	15	0	1.6	1	5	30	1.6	1	5	30	1.6	1	5	30	1.6	1	5	30	0	0.3	0.3	0.3	0.3	0.3	0.3	0.3	0.3	0.3	0.3	0.3	0.3	0.3	0.3	0.3	0.3	0.3
10000	5.0288	0.020318	0.01	1	1	0.30899	0.80993	0.49234	2.5109	15.116	0.80993	0.49234	2.5109	15.116	0.80993	0.49234	2.5109	15.116	0.80993	0.49234	2.5109	15.116	0	1.6011	0.97325	4.9636	29.882	1.6011	0.97325	4.9636	29.882	1.6011	0.97325	4.9636	29.882	1.6011	0.97325	4.9636	29.882	0	0.40698	0.40698	0.40698	0.40698	0.40698	0.40698	0.40698	0.40698	0.40698	0.40698	0.40698	0.40698	0.40698	0.40698	0.40698	0.40698	0.40698
10000	5.1616	0.027896	0.041095	1	1	0.33005	0.75071	0.40343	2.4042	14.562	0.75071	0.40343	2.4042	14.562	0.75071	0.40343	2.4042	14.562	0.75071	0.40343	2.4042	14.562	0	1.5531	0.83461	4.9737	30.125	1.5531	0.83461	4.9737	30.125	1.5531	0.83461	4.9737	30.125	1.5531	0.83461	4.9737	30.125	0	0.5644	0.5644	0.5644	0.5644	0.5644	0.5644	0.5644	0.5644	0.5644	0.5644	0.5644	0.5644	0.5644	0.5644	0.5644	0.5644	0.5644
10000	6.0088	0.02	0.022988	1	1	0.4	1	0.3	2.5	15	1	0.3	2.5	15	1	0.3	2.5	15	1	0.3	2.5	15	0	2	0.6	5	30	2	0.6	5	30	2	0.6	5	30	2	0.6	5	30	0	0.46963	0.46963	0.46963	0.46963	0.46963	0.46963	0.46963	0.46963	0.46963	0.46963	0.46963	0.46963	0.46963	0.46963	0.46963	0.46963	0.46963
10000	7.4033	0.020798	0.50619	1	1	0.30806	0.4117	0.3	2.5	15	0.4117	0.3	2.5	15	0.4117	0.3	2.5	15	0.4117	0.3	2.5	15	0	0.5621	0.40959	3.4133	20.48	0.5621	0.40959	3.4133	20.48	0.5621	0.40959	3.4133	20.48	0.5621	0.40959	3.4133	20.48	0	0.3	0.3	0.3	0.3	0.3	0.3	0.3	0.3	0.3	0.3	0.3	0.3	0.3	0.3	0.3	0.3	0.3
10000	8.4444	0.001	0.22778	1	1	0.29746	0.8	0.5	3.5	20	0.8	0.5	3.5	20	0.8	0.5	3.5	20	0.8	0.5	3.5	20	0	1.6	1	7	40	1.6	1	7	40	1.6	1	7	40	1.6	1	7	40	0	0.74444	0.74444	0.74444	0.74444	0.74444	0.74444	0.74444	0.74444	0.74444	0.74444	0.74444	0.74444	0.74444	0.74444	0.74444	0.74444	0.74444
10000	7.1904	0.001	0.26269	1	1	0.4	0.8	0.28869	2.5	15	0.8	0.28869	2.5	15	0.8	0.28869	2.5	15	0.8	0.28869	2.5	15	0	2.1808	0.78697	6.8151	40.89	2.1808	0.78697	6.8151	40.89	2.1808	0.78697	6.8151	40.89	2.1808	0.78697	6.8151	40.89	0	0.65875	0.65875	0.65875	0.65875	0.65875	0.65875	0.65875	0.65875	0.65875	0.65875	0.65875	0.65875	0.65875	0.65875	0.65875	0.65875	0.65875
10000	8.0295	0.010572	0.50003	1	1	0.29293	-1.0037	0.46329	2.1912	28.776	-1.0037	0.46329	2.1912	28.776	-1.0037	0.46329	2.1912	28.776	-1.0037	0.46329	2.1912	28.776	0	-2.2185	1.024	4.8433	63.605	-2.2185	1.024	4.8433	63.605	-2.2185	1.024	4.8433	63.605	-2.2185	1.024	4.8433	63.605	0	0.55503	0.55503	0.55503	0.55503	0.55503	0.55503	0.55503	0.55503	0.55503	0.55503	0.55503	0.55503	0.55503	0.55503	0.55503	0.55503	0.55503
10000	8.509	0.014781	0.01	1	1	0.32665	-0.36147	0.60135	3.225	14.71	-0.36147	0.60135	3.225	14.71	-0.36147	0.60135	3.225	14.71	-0.36147	0.60135	3.225	14.71	0	-0.80102	1.3326	7.1465	32.598	-0.80102	1.3326	7.1465	32.598	-0.80102	1.3326	7.1465	32.598	-0.80102	1.3326	7.1465	32.598	0	0.68738	0.68738	0.68738	0.68738	0.68738	0.68738	0.68738	0.68738	0.68738	0.68738	0.68738	0.68738	0.68738	0.68738	0.68738	0.68738	0.68738
10000	2.8322	0.0071235	0.02875	1	1	0.40329	0.81975	0.51852	3.5	172.32	0.81975	0.51852	3.5	172.32	0.81975	0.51852	3.5	172.32	0.81975	0.51852	3.5	172.32	0	0.89254	0.56456	3.8108	187.62	0.89254	0.56456	3.8108	187.62	0.89254	0.56456	3.8108	187.62	0.89254	0.56456	3.8108	187.62	0	0.23529	0.23529	0.23529	0.23529	0.23529	0.23529	0.23529	0.23529	0.23529	0.23529	0.23529	0.23529	0.23529	0.23529	0.23529	0.23529	0.23529
10000	2.7073	0.0082887	0.01	1	1	0.61306	1.0039	0.59743	4.1994	19.959	1.0039	0.59743	4.1994	19.959	1.0039	0.59743	4.1994	19.959	1.0039	0.59743	4.1994	19.959	0	1.0005	0.59537	4.1849	19.89	1.0005	0.59537	4.1849	19.89	1.0005	0.59537	4.1849	19.89	1.0005	0.59537	4.1849	19.89	0	0.29763	0.29763	0.29763	0.29763	0.29763	0.29763	0.29763	0.29763	0.29763	0.29763	0.29763	0.29763	0.29763	0.29763	0.29763	0.29763	0.29763
10000	3.8379	0.008933	0.014823	1	1	0.73885	0.94812	0.067105	3.6167	11.995	0.94812	0.067105	3.6167	11.995	0.94812	0.067105	3.6167	11.995	0.94812	0.067105	3.6167	11.995	0	1.093	0.077361	4.1695	13.829	1.093	0.077361	4.1695	13.829	1.093	0.077361	4.1695	13.829	1.093	0.077361	4.1695	13.829	0	0.23325	0.23325	0.23325	0.23325	0.23325	0.23325	0.23325	0.23325	0.23325	0.23325	0.23325	0.23325	0.23325	0.23325	0.23325	0.23325	0.23325
10000	2.2251	0.18965	0.013826	1	1	0.76539	1.3087	0.50066	5.3613	12.53	1.3087	0.50066	5.3613	12.53	1.3087	0.50066	5.3613	12.53	1.3087	0.50066	5.3613	12.53	0	0.95521	0.36542	3.9131	9.1457	0.95521	0.36542	3.9131	9.1457	0.95521	0.36542	3.9131	9.1457	0.95521	0.36542	3.9131	9.1457	0	0.1841	0.1841	0.1841	0.1841	0.1841	0.1841	0.1841	0.1841	0.1841	0.1841	0.1841	0.1841	0.1841	0.1841	0.1841	0.1841	0.1841
10000	6	0.01	0.02	1	1	0.55104	0.8	0.3	5.2093	30	0.8	0.3	5.2093	30	0.8	0.3	5.2093	30	0.8	0.3	5.2093	30	0	0.8	0.3	5.2093	30	0.8	0.3	5.2093	30	0.8	0.3	5.2093	30	0.8	0.3	5.2093	30	0	0.2	0.2	0.2	0.2	0.2	0.2	0.2	0.2	0.2	0.2	0.2	0.2	0.2	0.2	0.2	0.2	0.2
10000	7	0.005	0.01	1	1	0.56211	0.8	0.3	2.5	20	0.8	0.3	2.5	20	0.8	0.3	2.5	20	0.8	0.3	2.5	20	0	0.8	0.3	2.5	20	0.8	0.3	2.5	20	0.8	0.3	2.5	20	0.8	0.3	2.5	20	0	0.3	0.3	0.3	0.3	0.3	0.3	0.3	0.3	0.3	0.3	0.3	0.3	0.3	0.3	0.3	0.3	0.3
10000	3	0.01	0.01	1	1	0.4	1	0.3	3.5	200	1	0.3	3.5	200	1	0.3	3.5	200	1	0.3	3.5	200	0	1	0.3	3.5	200	1	0.3	3.5	200	1	0.3	3.5	200	1	0.3	3.5	200	0	0.3	0.3	0.3	0.3	0.3	0.3	0.3	0.3	0.3	0.3	0.3	0.3	0.3	0.3	0.3	0.3	0.3
10000	5	0.01	0.01	1	1	0.8	0.8	0	2.5	15	0.8	0	2.5	15	0.8	0	2.5	15	0.8	0	2.5	15	0	0.8	0	2.5	15	0.8	0	2.5	15	0.8	0	2.5	15	0.8	0	2.5	15	0	0.3	0.3	0.3	0.3	0.3	0.3	0.3	0.3	0.3	0.3	0.3	0.3	0.3	0.3	0.3	0.3	0.3
10000	5	0.005	0.02	1	1	0.4	1	0.3	2.5	10	1	0.3	2.5	10	1	0.3	2.5	10	1	0.3	2.5	10	0	1	0.3	2.5	10	1	0.3	2.5	10	1	0.3	2.5	10	1	0.3	2.5	10	0	0.3	0.3	0.3	0.3	0.3	0.3	0.3	0.3	0.3	0.3	0.3	0.3	0.3	0.3	0.3	0.3	0.3
10000	7	0.005	0.02	1	1	0.4	1	0.5	2.5	20	1	0.5	2.5	20	1	0.5	2.5	20	1	0.5	2.5	20	0	1	0.5	2.5	20	1	0.5	2.5	20	1	0.5	2.5	20	1	0.5	2.5	20	0	0.2	0.2	0.2	0.2	0.2	0.2	0.2	0.2	0.2	0.2	0.2	0.2	0.2	0.2	0.2	0.2	0.2
10000	4.1833	0.02	0.015	1	1	0.65368	1	0.15355	7	20	1	0.15355	7	20	1	0.15355	7	20	1	0.15355	7	20	0	1	0.15355	7	20	1	0.15355	7	20	1	0.15355	7	20	1	0.15355	7	20	0	0.2	0.2	0.2	0.2	0.2	0.2	0.2	0.2	0.2	0.2	0.2	0.2	0.2	0.2	0.2	0.2	0.2
10000	1.55	0.04	0.018333	1	1	0.4	0.8	1	7	27.039	0.8	1	7	27.039	0.8	1	7	27.039	0.8	1	7	27.039	0	0.76667	0.95833	6.7083	25.912	0.76667	0.95833	6.7083	25.912	0.76667	0.95833	6.7083	25.912	0.76667	0.95833	6.7083	25.912	0	0.33274	0.33274	0.33274	0.33274	0.33274	0.33274	0.33274	0.33274	0.33274	0.33274	0.33274	0.33274	0.33274	0.33274	0.33274	0.33274	0.33274
10000	2.4347	0.17825	0.01	1	1	0.63265	1.0002	0.29986	4.6662	30.002	1.0002	0.29986	4.6662	30.002	1.0002	0.29986	4.6662	30.002	1.0002	0.29986	4.6662	30.002	0	0.87501	0.26232	4.082	26.246	0.87501	0.26232	4.082	26.246	0.87501	0.26232	4.082	26.246	0.87501	0.26232	4.082	26.246	0	0.33466	0.33466	0.33466	0.33466	0.33466	0.33466	0.33466	0.33466	0.33466	0.33466	0.33466	0.33466	0.33466	0.33466	0.33466	0.33466	0.33466
10000	1.7566	0.033437	0.03	1	1	0.46403	0.61744	0.74535	3.5	15	0.61744	0.74535	3.5	15	0.61744	0.74535	3.5	15	0.61744	0.74535	3.5	15	0	0.61744	0.74535	3.5	15	0.61744	0.74535	3.5	15	0.61744	0.74535	3.5	15	0.61744	0.74535	3.5	15	0	0.25	0.25	0.25	0.25	0.25	0.25	0.25	0.25	0.25	0.25	0.25	0.25	0.25	0.25	0.25	0.25	0.25
10000	1.6319	0.013667	0.027778	1	1	0.16963	0.66811	0.44167	5.1666	15.083	0.66811	0.44167	5.1666	15.083	0.66811	0.44167	5.1666	15.083	0.66811	0.44167	5.1666	15.083	0	0.68204	0.45087	5.2743	15.398	0.68204	0.45087	5.2743	15.398	0.68204	0.45087	5.2743	15.398	0.68204	0.45087	5.2743	15.398	0	0.36667	0.36667	0.36667	0.36667	0.36667	0.36667	0.36667	0.36667	0.36667	0.36667	0.36667	0.36667	0.36667	0.36667	0.36667	0.36667	0.36667
10000	5	0.005	0.01	1	1	0.8	1	0.5	3.5	200	1	0.5	3.5	200	1	0.5	3.5	200	1	0.5	3.5	200	0	1	0.5	3.5	200	1	0.5	3.5	200	1	0.5	3.5	200	1	0.5	3.5	200	0	0.3	0.3	0.3	0.3	0.3	0.3	0.3	0.3	0.3	0.3	0.3	0.3	0.3	0.3	0.3	0.3	0.3
10000	5.4875	0.0052359	0.018474	1	1	0.35572	0.75028	0.25888	2.9756	15.506	0.75028	0.25888	2.9756	15.506	0.75028	0.25888	2.9756	15.506	0.75028	0.25888	2.9756	15.506	0	0.7519	0.25945	2.9821	15.54	0.7519	0.25945	2.9821	15.54	0.7519	0.25945	2.9821	15.54	0.7519	0.25945	2.9821	15.54	0	0.36021	0.36021	0.36021	0.36021	0.36021	0.36021	0.36021	0.36021	0.36021	0.36021	0.36021	0.36021	0.36021	0.36021	0.36021	0.36021	0.36021
10000	7.5541	0.005	0.02	1	1	0.8	1	0.3	4.6667	10	1	0.3	4.6667	10	1	0.3	4.6667	10	1	0.3	4.6667	10	0	0.99999	0.3	4.6666	9.9999	0.99999	0.3	4.6666	9.9999	0.99999	0.3	4.6666	9.9999	0.99999	0.3	4.6666	9.9999	0	0.3	0.3	0.3	0.3	0.3	0.3	0.3	0.3	0.3	0.3	0.3	0.3	0.3	0.3	0.3	0.3	0.3
10000	10	0.005	0.01	1	1	0.8	1	0.3	3.5	15	1	0.3	3.5	15	1	0.3	3.5	15	1	0.3	3.5	15	0	1	0.3	3.5	15	1	0.3	3.5	15	1	0.3	3.5	15	1	0.3	3.5	15	0	0.2	0.2	0.2	0.2	0.2	0.2	0.2	0.2	0.2	0.2	0.2	0.2	0.2	0.2	0.2	0.2	0.2
10000	3	0.01	0.02	1	1	0.8	1	0.3	2.5	15	1	0.3	2.5	15	1	0.3	2.5	15	1	0.3	2.5	15	0	1	0.3	2.5	15	1	0.3	2.5	15	1	0.3	2.5	15	1	0.3	2.5	15	0	0.2	0.2	0.2	0.2	0.2	0.2	0.2	0.2	0.2	0.2	0.2	0.2	0.2	0.2	0.2	0.2	0.2
10000	3	0.01	0.03	1	1	0.8	1	0.3	2.5	15	1	0.3	2.5	15	1	0.3	2.5	15	1	0.3	2.5	15	0	1	0.3	2.5	15	1	0.3	2.5	15	1	0.3	2.5	15	1	0.3	2.5	15	0	0.2	0.2	0.2	0.2	0.2	0.2	0.2	0.2	0.2	0.2	0.2	0.2	0.2	0.2	0.2	0.2	0.2
10000	3	0.01	0.02	1	1	0.8	1	0.3	2.5	15	1	0.3	2.5	15	1	0.3	2.5	15	1	0.3	2.5	15	0	1	0.3	2.5	15	1	0.3	2.5	15	1	0.3	2.5	15	1	0.3	2.5	15	0	0.2	0.2	0.2	0.2	0.2	0.2	0.2	0.2	0.2	0.2	0.2	0.2	0.2	0.2	0.2	0.2	0.2
10000	4.9918	0.022501	0.016222	1	1	0.29268	0.99723	0.3018	2.4964	0.5582	0.99723	0.3018	2.4964	0.5582	0.99723	0.3018	2.4964	0.5582	0.99723	0.3018	2.4964	0.5582	0	0.49723	0.15048	1.2447	0.27833	0.49723	0.15048	1.2447	0.27833	0.49723	0.15048	1.2447	0.27833	0.49723	0.15048	1.2447	0.27833	0	0.29834	0.29834	0.29834	0.29834	0.29834	0.29834	0.29834	0.29834	0.29834	0.29834	0.29834	0.29834	0.29834	0.29834	0.29834	0.29834	0.29834
10000	3	0.02	0.02	1	1	0.4	1	0.3	2.5	15	1	0.3	2.5	15	1	0.3	2.5	15	1	0.3	2.5	15	0	2	0.6	5	30	2	0.6	5	30	2	0.6	5	30	2	0.6	5	30	0	0.3	0.3	0.3	0.3	0.3	0.3	0.3	0.3	0.3	0.3	0.3	0.3	0.3	0.3	0.3	0.3	0.3
10000	7	0.02	0.02	1	1	0.4	1.5	0.23568	3.5	15	1.5	0.23568	3.5	15	1.5	0.23568	3.5	15	1.5	0.23568	3.5	15	0	0.67141	0.10549	1.5666	6.7141	0.67141	0.10549	1.5666	6.7141	0.67141	0.10549	1.5666	6.7141	0.67141	0.10549	1.5666	6.7141	0	0.3	0.3	0.3	0.3	0.3	0.3	0.3	0.3	0.3	0.3	0.3	0.3	0.3	0.3	0.3	0.3	0.3
10000	5	0.01	0.02	1	1	0.4	1	0.5	2.5	15	1	0.5	2.5	15	1	0.5	2.5	15	1	0.5	2.5	15	0	2	1	5	30	2	1	5	30	2	1	5	30	2	1	5	30	0	0.2	0.2	0.2	0.2	0.2	0.2	0.2	0.2	0.2	0.2	0.2	0.2	0.2	0.2	0.2	0.2	0.2
10000	8.7043	0.001	0.01	1	1	1.0319	1.5	-0.27001	2.0771	19	1.5	-0.27001	2.0771	19	1.5	-0.27001	2.0771	19	1.5	-0.27001	2.0771	19	0	2.5965	-0.46739	3.5955	32.889	2.5965	-0.46739	3.5955	32.889	2.5965	-0.46739	3.5955	32.889	2.5965	-0.46739	3.5955	32.889	0	0.70934	0.70934	0.70934	0.70934	0.70934	0.70934	0.70934	0.70934	0.70934	0.70934	0.70934	0.70934	0.70934	0.70934	0.70934	0.70934	0.70934
10000	3	0.01	0.01	1	1	0.8	1	0.5	2.5	15	1	0.5	2.5	15	1	0.5	2.5	15	1	0.5	2.5	15	0	1	0.5	2.5	15	1	0.5	2.5	15	1	0.5	2.5	15	1	0.5	2.5	15	0	0.3	0.3	0.3	0.3	0.3	0.3	0.3	0.3	0.3	0.3	0.3	0.3	0.3	0.3	0.3	0.3	0.3
10000	8.3143	0.001	0.015875	1	1	0.84325	1.1111	0.3	3.3333	20	1.1111	0.3	3.3333	20	1.1111	0.3	3.3333	20	1.1111	0.3	3.3333	20	0	2.3239	0.62745	6.9717	41.83	2.3239	0.62745	6.9717	41.83	2.3239	0.62745	6.9717	41.83	2.3239	0.62745	6.9717	41.83	0	0.6577	0.6577	0.6577	0.6577	0.6577	0.6577	0.6577	0.6577	0.6577	0.6577	0.6577	0.6577	0.6577	0.6577	0.6577	0.6577	0.6577
10000	3.4721	0.020164	0.020086	1	1	0.79555	0.80388	0.60051	3.0738	14.966	0.80388	0.60051	3.0738	14.966	0.80388	0.60051	3.0738	14.966	0.80388	0.60051	3.0738	14.966	0	0.82058	0.61299	3.1377	15.277	0.82058	0.61299	3.1377	15.277	0.82058	0.61299	3.1377	15.277	0.82058	0.61299	3.1377	15.277	0	0.19802	0.19802	0.19802	0.19802	0.19802	0.19802	0.19802	0.19802	0.19802	0.19802	0.19802	0.19802	0.19802	0.19802	0.19802	0.19802	0.19802
10000	4.1847	0.019246	0.025179	1	1	-0.23959	0.82015	0.41501	2.4606	9.8759	0.82015	0.41501	2.4606	9.8759	0.82015	0.41501	2.4606	9.8759	0.82015	0.41501	2.4606	9.8759	0	1.2547	0.63489	3.7643	15.108	1.2547	0.63489	3.7643	15.108	1.2547	0.63489	3.7643	15.108	1.2547	0.63489	3.7643	15.108	0	0.43793	0.43793	0.43793	0.43793	0.43793	0.43793	0.43793	0.43793	0.43793	0.43793	0.43793	0.43793	0.43793	0.43793	0.43793	0.43793	0.43793
10000	6.5519	0.020745	0.01	1	1	-0.56242	1.0503	0.35683	1.9896	14.092	1.0503	0.35683	1.9896	14.092	1.0503	0.35683	1.9896	14.092	1.0503	0.35683	1.9896	14.092	0	2.2624	0.76865	4.2858	30.356	2.2624	0.76865	4.2858	30.356	2.2624	0.76865	4.2858	30.356	2.2624	0.76865	4.2858	30.356	0	0.39168	0.39168	0.39168	0.39168	0.39168	0.39168	0.39168	0.39168	0.39168	0.39168	0.39168	0.39168	0.39168	0.39168	0.39168	0.39168	0.39168
10000	8.1667	0.019901	0.03	1	1	-0.25587	1	0.3	2.7778	15	1	0.3	2.7778	15	1	0.3	2.7778	15	1	0.3	2.7778	15	0	2.1532	0.64597	5.9812	32.298	2.1532	0.64597	5.9812	32.298	2.1532	0.64597	5.9812	32.298	2.1532	0.64597	5.9812	32.298	0	0.34693	0.34693	0.34693	0.34693	0.34693	0.34693	0.34693	0.34693	0.34693	0.34693	0.34693	0.34693	0.34693	0.34693	0.34693	0.34693	0.34693
10000	6.0764	0.019296	0.013333	1	1	-0.39557	1.0801	0.3	2.5	6.5628	1.0801	0.3	2.5	6.5628	1.0801	0.3	2.5	6.5628	1.0801	0.3	2.5	6.5628	0	2.1603	0.6	5	13.126	2.1603	0.6	5	13.126	2.1603	0.6	5	13.126	2.1603	0.6	5	13.126	0	0.5	0.5	0.5	0.5	0.5	0.5	0.5	0.5	0.5	0.5	0.5	0.5	0.5	0.5	0.5	0.5	0.5
10000	5	0.02	0.032633	1	1	-1.0372	2	0.3	5	15	2	0.3	5	15	2	0.3	5	15	2	0.3	5	15	0	2	0.3	5	15	2	0.3	5	15	2	0.3	5	15	2	0.3	5	15	0	0.45437	0.45437	0.45437	0.45437	0.45437	0.45437	0.45437	0.45437	0.45437	0.45437	0.45437	0.45437	0.45437	0.45437	0.45437	0.45437	0.45437
10000	3.1643	0.061979	0.0427	1	1	-1.4917	0.55799	1.5479	4.2835	12.763	0.55799	1.5479	4.2835	12.763	0.55799	1.5479	4.2835	12.763	0.55799	1.5479	4.2835	12.763	0	0.38038	1.0552	2.92	8.7003	0.38038	1.0552	2.92	8.7003	0.38038	1.0552	2.92	8.7003	0.38038	1.0552	2.92	8.7003	0	0.37284	0.37284	0.37284	0.37284	0.37284	0.37284	0.37284	0.37284	0.37284	0.37284	0.37284	0.37284	0.37284	0.37284	0.37284	0.37284	0.37284
10000	4.3872	0.017374	0.021707	1	1	-0.54862	-0.51174	1.0518	3.6555	40.725	-0.51174	1.0518	3.6555	40.725	-0.51174	1.0518	3.6555	40.725	-0.51174	1.0518	3.6555	40.725	0	-0.50784	1.0438	3.6276	40.415	-0.50784	1.0438	3.6276	40.415	-0.50784	1.0438	3.6276	40.415	-0.50784	1.0438	3.6276	40.415	0	0.55509	0.55509	0.55509	0.55509	0.55509	0.55509	0.55509	0.55509	0.55509	0.55509	0.55509	0.55509	0.55509	0.55509	0.55509	0.55509	0.55509
10000	5.2604	0.028575	0.019999	1	1	0.58792	-0.67955	0.7703	3.5002	13.332	-0.67955	0.7703	3.5002	13.332	-0.67955	0.7703	3.5002	13.332	-0.67955	0.7703	3.5002	13.332	0	-0.67955	0.77031	3.5002	13.332	-0.67955	0.77031	3.5002	13.332	-0.67955	0.77031	3.5002	13.332	-0.67955	0.77031	3.5002	13.332	0	0.2275	0.2275	0.2275	0.2275	0.2275	0.2275	0.2275	0.2275	0.2275	0.2275	0.2275	0.2275	0.2275	0.2275	0.2275	0.2275	0.2275
10000	7.187	0.001	0.1985	1	1	-0.87118	0.21179	2.5699	3.4436	32.115	0.21179	2.5699	3.4436	32.115	0.21179	2.5699	3.4436	32.115	0.21179	2.5699	3.4436	32.115	0	0.10892	1.3217	1.771	16.516	0.10892	1.3217	1.771	16.516	0.10892	1.3217	1.771	16.516	0.10892	1.3217	1.771	16.516	0	0.31552	0.31552	0.31552	0.31552	0.31552	0.31552	0.31552	0.31552	0.31552	0.31552	0.31552	0.31552	0.31552	0.31552	0.31552	0.31552	0.31552
10000	4.9995	0.084163	0.021585	1	1	0.79983	0.77979	1.307	4.6671	15.002	0.77979	1.307	4.6671	15.002	0.77979	1.307	4.6671	15.002	0.77979	1.307	4.6671	15.002	0	0.77979	1.307	4.6671	15.001	0.77979	1.307	4.6671	15.001	0.77979	1.307	4.6671	15.001	0.77979	1.307	4.6671	15.001	0	0.28562	0.28562	0.28562	0.28562	0.28562	0.28562	0.28562	0.28562	0.28562	0.28562	0.28562	0.28562	0.28562	0.28562	0.28562	0.28562	0.28562
10000	3	0.02	0.02	1	1	0.8	1	0.3	2.5	15	1	0.3	2.5	15	1	0.3	2.5	15	1	0.3	2.5	15	0	0.78719	0.23616	1.968	11.808	0.78719	0.23616	1.968	11.808	0.78719	0.23616	1.968	11.808	0.78719	0.23616	1.968	11.808	0	0.3	0.3	0.3	0.3	0.3	0.3	0.3	0.3	0.3	0.3	0.3	0.3	0.3	0.3	0.3	0.3	0.3
10000	2.3954	0.13559	0.020419	1	1	0.40242	1.0209	0.78534	2.5366	14.832	1.0209	0.78534	2.5366	14.832	1.0209	0.78534	2.5366	14.832	1.0209	0.78534	2.5366	14.832	0	1.0345	0.79581	2.5705	15.03	1.0345	0.79581	2.5705	15.03	1.0345	0.79581	2.5705	15.03	1.0345	0.79581	2.5705	15.03	0	0.28744	0.28744	0.28744	0.28744	0.28744	0.28744	0.28744	0.28744	0.28744	0.28744	0.28744	0.28744	0.28744	0.28744	0.28744	0.28744	0.28744
10000	7	0.01	0.02	1	1	0.8	1	0.3	2.5	15	1	0.3	2.5	15	1	0.3	2.5	15	1	0.3	2.5	15	0	1	0.3	2.5	15	1	0.3	2.5	15	1	0.3	2.5	15	1	0.3	2.5	15	0	0.2	0.2	0.2	0.2	0.2	0.2	0.2	0.2	0.2	0.2	0.2	0.2	0.2	0.2	0.2	0.2	0.2
10000	7.6643	0.017983	0.01	1	1	0.50124	1.4993	1.4522	2.501	15.601	1.4993	1.4522	2.501	15.601	1.4993	1.4522	2.501	15.601	1.4993	1.4522	2.501	15.601	0	0.93768	0.90825	1.5642	9.7575	0.93768	0.90825	1.5642	9.7575	0.93768	0.90825	1.5642	9.7575	0.93768	0.90825	1.5642	9.7575	0	0.36084	0.36084	0.36084	0.36084	0.36084	0.36084	0.36084	0.36084	0.36084	0.36084	0.36084	0.36084	0.36084	0.36084	0.36084	0.36084	0.36084
10000	4.8703	0.02	0.01	1	1	0.8	2.0686	2.5385	2.7761	20	2.0686	2.5385	2.7761	20	2.0686	2.5385	2.7761	20	2.0686	2.5385	2.7761	20	0	2.0686	2.5385	2.7761	20	2.0686	2.5385	2.7761	20	2.0686	2.5385	2.7761	20	2.0686	2.5385	2.7761	20	0	0.30805	0.30805	0.30805	0.30805	0.30805	0.30805	0.30805	0.30805	0.30805	0.30805	0.30805	0.30805	0.30805	0.30805	0.30805	0.30805	0.30805
10000	7.3142	0.026303	0.041288	1	1	0.22243	0.99535	0.30303	3.5137	9.6267	0.99535	0.30303	3.5137	9.6267	0.99535	0.30303	3.5137	9.6267	0.99535	0.30303	3.5137	9.6267	0	0.86687	0.26391	3.0602	8.3841	0.86687	0.26391	3.0602	8.3841	0.86687	0.26391	3.0602	8.3841	0.86687	0.26391	3.0602	8.3841	0	0.20186	0.20186	0.20186	0.20186	0.20186	0.20186	0.20186	0.20186	0.20186	0.20186	0.20186	0.20186	0.20186	0.20186	0.20186	0.20186	0.20186
10000	5	0.02	0.017638	1	1	0.70124	1.5	0.3	2.5	10	1.5	0.3	2.5	10	1.5	0.3	2.5	10	1.5	0.3	2.5	10	0	1.5	0.3	2.5	10	1.5	0.3	2.5	10	1.5	0.3	2.5	10	1.5	0.3	2.5	10	0	0.31667	0.31667	0.31667	0.31667	0.31667	0.31667	0.31667	0.31667	0.31667	0.31667	0.31667	0.31667	0.31667	0.31667	0.31667	0.31667	0.31667
10000	4.4043	0.0099978	0.030005	1	1	0.40009	1.6296	0.60008	3.4997	15.001	1.6296	0.60008	3.4997	15.001	1.6296	0.60008	3.4997	15.001	1.6296	0.60008	3.4997	15.001	0	1.6294	0.60002	3.4993	14.999	1.6294	0.60002	3.4993	14.999	1.6294	0.60002	3.4993	14.999	1.6294	0.60002	3.4993	14.999	0	0.19995	0.19995	0.19995	0.19995	0.19995	0.19995	0.19995	0.19995	0.19995	0.19995	0.19995	0.19995	0.19995	0.19995	0.19995	0.19995	0.19995
10000	2.692	0.026494	0.020216	1	1	0.027091	1.0039	0.14324	2.4811	14.914	1.0039	0.14324	2.4811	14.914	1.0039	0.14324	2.4811	14.914	1.0039	0.14324	2.4811	14.914	0	1.0054	0.14345	2.4848	14.936	1.0054	0.14345	2.4848	14.936	1.0054	0.14345	2.4848	14.936	1.0054	0.14345	2.4848	14.936	0	0.20895	0.20895	0.20895	0.20895	0.20895	0.20895	0.20895	0.20895	0.20895	0.20895	0.20895	0.20895	0.20895	0.20895	0.20895	0.20895	0.20895
10000	5	0.02	0.01	1	1	0.64525	1	0.3	2.5	15	1	0.3	2.5	15	1	0.3	2.5	15	1	0.3	2.5	15	0	1	0.3	2.5	15	1	0.3	2.5	15	1	0.3	2.5	15	1	0.3	2.5	15	0	0.2	0.2	0.2	0.2	0.2	0.2	0.2	0.2	0.2	0.2	0.2	0.2	0.2	0.2	0.2	0.2	0.2
