10000	5	0.001	0.014391	1	1	0.8	1	0.61756	0	15	1	0.61756	0	15	1	0.61756	0	15	1	0.61756	0	15	0	2	1.2351	0	30	2	1.2351	0	30	2	1.2351	0	30	2	1.2351	0	30	0	0.6	0.6	0.6	0.6	0.6	0.6	0.6	0.6	0.6	0.6	0.6	0.6	0.6	0.6	0.6	0.6	0.6
10000	3	0.0038671	0.01	1	1	0.8	2	0.6	0	30	2	0.6	0	30	2	0.6	0	30	2	0.6	0	30	0	0.5	0.15	0	7.5	0.5	0.15	0	7.5	0.5	0.15	0	7.5	0.5	0.15	0	7.5	0	0.46503	0.46503	0.46503	0.46503	0.46503	0.46503	0.46503	0.46503	0.46503	0.46503	0.46503	0.46503	0.46503	0.46503	0.46503	0.46503	0.46503
10000	5	0.005	0.02	1	1	0.4	2.0209	0.67238	0	15	2.0209	0.67238	0	15	2.0209	0.67238	0	15	2.0209	0.67238	0	15	0	0.50522	0.16809	0	3.75	0.50522	0.16809	0	3.75	0.50522	0.16809	0	3.75	0.50522	0.16809	0	3.75	0	0.3	0.3	0.3	0.3	0.3	0.3	0.3	0.3	0.3	0.3	0.3	0.3	0.3	0.3	0.3	0.3	0.3
10000	6.612	0.001	0.018889	1	1	0.39285	0.89412	0.70833	0	15.444	0.89412	0.70833	0	15.444	0.89412	0.70833	0	15.444	0.89412	0.70833	0	15.444	0	1.5999	1.2674	0	27.635	1.5999	1.2674	0	27.635	1.5999	1.2674	0	27.635	1.5999	1.2674	0	27.635	0	0.30996	0.30996	0.30996	0.30996	0.30996	0.30996	0.30996	0.30996	0.30996	0.30996	0.30996	0.30996	0.30996	0.30996	0.30996	0.30996	0.30996
10000	4.2043	0.001	0.030155	1	1	0.62263	0.81395	-7.167e-06	0	16.488	0.81395	-7.167e-06	0	16.488	0.81395	-7.167e-06	0	16.488	0.81395	-7.167e-06	0	16.488	0	0.94645	-8.3337e-06	0	19.173	0.94645	-8.3337e-06	0	19.173	0.94645	-8.3337e-06	0	19.173	0.94645	-8.3337e-06	0	19.173	0	0.39987	0.39987	0.39987	0.39987	0.39987	0.39987	0.39987	0.39987	0.39987	0.39987	0.39987	0.39987	0.39987	0.39987	0.39987	0.39987	0.39987
10000	4.7278	0.001	0.04	1	1	0.8	1	0.3	0	15	1	0.3	0	15	1	0.3	0	15	1	0.3	0	15	0	1	0.3	0	15	1	0.3	0	15	1	0.3	0	15	1	0.3	0	15	0	0.46413	0.46413	0.46413	0.46413	0.46413	0.46413	0.46413	0.46413	0.46413	0.46413	0.46413	0.46413	0.46413	0.46413	0.46413	0.46413	0.46413
10000	5.8453	0.001	0.019089	1	1	0.72339	0.95016	0.40845	0	8.0503	0.95016	0.40845	0	8.0503	0.95016	0.40845	0	8.0503	0.95016	0.40845	0	8.0503	0	2.0713	0.8904	0	17.549	2.0713	0.8904	0	17.549	2.0713	0.8904	0	17.549	2.0713	0.8904	0	17.549	0	0.72674	0.72674	0.72674	0.72674	0.72674	0.72674	0.72674	0.72674	0.72674	0.72674	0.72674	0.72674	0.72674	0.72674	0.72674	0.72674	0.72674
10000	5.5973	0.001	0.041798	1	1	0.33444	1.72	0.22308	0	12.64	1.72	0.22308	0	12.64	1.72	0.22308	0	12.64	1.72	0.22308	0	12.64	0	0.48885	0.063401	0	3.5925	0.48885	0.063401	0	3.5925	0.48885	0.063401	0	3.5925	0.48885	0.063401	0	3.5925	0	0.23849	0.23849	0.23849	0.23849	0.23849	0.23849	0.23849	0.23849	0.23849	0.23849	0.23849	0.23849	0.23849	0.23849	0.23849	0.23849	0.23849
10000	4.2507	0.001	0.01	1	1	0.3498	1.497	0.43049	0	14.986	1.497	0.43049	0	14.986	1.497	0.43049	0	14.986	1.497	0.43049	0	14.986	0	0.37425	0.10762	0	3.7466	0.37425	0.10762	0	3.7466	0.37425	0.10762	0	3.7466	0.37425	0.10762	0	3.7466	0	0.30894	0.30894	0.30894	0.30894	0.30894	0.30894	0.30894	0.30894	0.30894	0.30894	0.30894	0.30894	0.30894	0.30894	0.30894	0.30894	0.30894
10000	5.5806	0.0041331	0.01	1	1	0.44906	2.2308	-0.9531	0	5.1533	2.2308	-0.9531	0	5.1533	2.2308	-0.9531	0	5.1533	2.2308	-0.9531	0	5.1533	0	0.55771	-0.23828	0	1.2883	0.55771	-0.23828	0	1.2883	0.55771	-0.23828	0	1.2883	0.55771	-0.23828	0	1.2883	0	0.35941	0.35941	0.35941	0.35941	0.35941	0.35941	0.35941	0.35941	0.35941	0.35941	0.35941	0.35941	0.35941	0.35941	0.35941	0.35941	0.35941
10000	9.8599	0.0026904	0.037143	1	1	0.62894	1.6059	0.42857	0	11	1.6059	0.42857	0	11	1.6059	0.42857	0	11	1.6059	0.42857	0	11	0	0.40148	0.10714	0	2.75	0.40148	0.10714	0	2.75	0.40148	0.10714	0	2.75	0.40148	0.10714	0	2.75	0	0.095561	0.095561	0.095561	0.095561	0.095561	0.095561	0.095561	0.095561	0.095561	0.095561	0.095561	0.095561	0.095561	0.095561	0.095561	0.095561	0.095561
10000	5	0.0013302	0.04	1	1	0.63495	2.6	0.5	0	30	2.6	0.5	0	30	2.6	0.5	0	30	2.6	0.5	0	30	0	0.65	0.125	0	7.5	0.65	0.125	0	7.5	0.65	0.125	0	7.5	0.65	0.125	0	7.5	0	0.3	0.3	0.3	0.3	0.3	0.3	0.3	0.3	0.3	0.3	0.3	0.3	0.3	0.3	0.3	0.3	0.3
10000	5.093	0.010192	0.02	1	1	0.88889	2	0.6	0	20	2	0.6	0	20	2	0.6	0	20	2	0.6	0	20	0	0.5	0.15	0	5	0.5	0.15	0	5	0.5	0.15	0	5	0.5	0.15	0	5	0	0.2	0.2	0.2	0.2	0.2	0.2	0.2	0.2	0.2	0.2	0.2	0.2	0.2	0.2	0.2	0.2	0.2
10000	7	0.01	0.02	1	1	0.8	2	0.14195	0	15	2	0.14195	0	15	2	0.14195	0	15	2	0.14195	0	15	0	0.5	0.035488	0	3.75	0.5	0.035488	0	3.75	0.5	0.035488	0	3.75	0.5	0.035488	0	3.75	0	0.05	0.05	0.05	0.05	0.05	0.05	0.05	0.05	0.05	0.05	0.05	0.05	0.05	0.05	0.05	0.05	0.05
10000	10	0.0045196	0.02	1	1	0.4	1.5059	0.3	0	15	1.5059	0.3	0	15	1.5059	0.3	0	15	1.5059	0.3	0	15	0	0.37647	0.075	0	3.75	0.37647	0.075	0	3.75	0.37647	0.075	0	3.75	0.37647	0.075	0	3.75	0	0.083333	0.083333	0.083333	0.083333	0.083333	0.083333	0.083333	0.083333	0.083333	0.083333	0.083333	0.083333	0.083333	0.083333	0.083333	0.083333	0.083333
10000	2.55	0.001	0.01	1	1	0.4	1.3333	0.3	0	30	1.3333	0.3	0	30	1.3333	0.3	0	30	1.3333	0.3	0	30	0	0.33333	0.075	0	7.5	0.33333	0.075	0	7.5	0.33333	0.075	0	7.5	0.33333	0.075	0	7.5	0	0.3	0.3	0.3	0.3	0.3	0.3	0.3	0.3	0.3	0.3	0.3	0.3	0.3	0.3	0.3	0.3	0.3
10000	5.626	0.001	0.04	1	1	0.82082	2.59	0.48889	0	10.534	2.59	0.48889	0	10.534	2.59	0.48889	0	10.534	2.59	0.48889	0	10.534	0	0.6475	0.12222	0	2.6335	0.6475	0.12222	0	2.6335	0.6475	0.12222	0	2.6335	0.6475	0.12222	0	2.6335	0	0.3	0.3	0.3	0.3	0.3	0.3	0.3	0.3	0.3	0.3	0.3	0.3	0.3	0.3	0.3	0.3	0.3
10000	9.0712	0.001	0.032997	1	1	0.62917	1.2574	0.80902	0	13.482	1.2574	0.80902	0	13.482	1.2574	0.80902	0	13.482	1.2574	0.80902	0	13.482	0	0.31435	0.20226	0	3.3704	0.31435	0.20226	0	3.3704	0.31435	0.20226	0	3.3704	0.31435	0.20226	0	3.3704	0	0.015959	0.015959	0.015959	0.015959	0.015959	0.015959	0.015959	0.015959	0.015959	0.015959	0.015959	0.015959	0.015959	0.015959	0.015959	0.015959	0.015959
10000	7	0.001	0.038237	1	1	0.8	1.5438	0.3	0	15	1.5438	0.3	0	15	1.5438	0.3	0	15	1.5438	0.3	0	15	0	2.0944	0.40699	0	20.35	2.0944	0.40699	0	20.35	2.0944	0.40699	0	20.35	2.0944	0.40699	0	20.35	0	0.69179	0.69179	0.69179	0.69179	0.69179	0.69179	0.69179	0.69179	0.69179	0.69179	0.69179	0.69179	0.69179	0.69179	0.69179	0.69179	0.69179
10000	10	0.0023333	0.02	1	1	0.57859	1	0.3	0	15	1	0.3	0	15	1	0.3	0	15	1	0.3	0	15	0	0.25	0.075	0	3.75	0.25	0.075	0	3.75	0.25	0.075	0	3.75	0.25	0.075	0	3.75	0	0	0	0	0	0	0	0	0	0	0	0	0	0	0	0	0	0
10000	10	0.001	0.030281	1	1	0.63538	2.0366	0.527	0	9.3739	2.0366	0.527	0	9.3739	2.0366	0.527	0	9.3739	2.0366	0.527	0	9.3739	0	0.50915	0.13175	0	2.3435	0.50915	0.13175	0	2.3435	0.50915	0.13175	0	2.3435	0.50915	0.13175	0	2.3435	0	0.28738	0.28738	0.28738	0.28738	0.28738	0.28738	0.28738	0.28738	0.28738	0.28738	0.28738	0.28738	0.28738	0.28738	0.28738	0.28738	0.28738
10000	5	0.0056407	0.01	1	1	0.8	2	0.4	0	15	2	0.4	0	15	2	0.4	0	15	2	0.4	0	15	0	0.5	0.1	0	3.75	0.5	0.1	0	3.75	0.5	0.1	0	3.75	0.5	0.1	0	3.75	0	0.2	0.2	0.2	0.2	0.2	0.2	0.2	0.2	0.2	0.2	0.2	0.2	0.2	0.2	0.2	0.2	0.2
10000	7	0.001	0.12409	1	1	0.88714	0.72222	0.3	0	15	0.72222	0.3	0	15	0.72222	0.3	0	15	0.72222	0.3	0	15	0	0.18056	0.075	0	3.75	0.18056	0.075	0	3.75	0.18056	0.075	0	3.75	0.18056	0.075	0	3.75	0	0.1	0.1	0.1	0.1	0.1	0.1	0.1	0.1	0.1	0.1	0.1	0.1	0.1	0.1	0.1	0.1	0.1
10000	9.9999	0.0026766	0.017153	1	1	0.63319	2	0.3	0	20	2	0.3	0	20	2	0.3	0	20	2	0.3	0	20	0	0.5	0.075	0	5	0.5	0.075	0	5	0.5	0.075	0	5	0.5	0.075	0	5	0	0.29576	0.29576	0.29576	0.29576	0.29576	0.29576	0.29576	0.29576	0.29576	0.29576	0.29576	0.29576	0.29576	0.29576	0.29576	0.29576	0.29576
10000	8.4643	0.001	0.032663	1	1	0.94424	0.93207	0.43672	0	13.905	0.93207	0.43672	0	13.905	0.93207	0.43672	0	13.905	0.93207	0.43672	0	13.905	0	2.1957	1.0288	0	32.757	2.1957	1.0288	0	32.757	2.1957	1.0288	0	32.757	2.1957	1.0288	0	32.757	0	0.50577	0.50577	0.50577	0.50577	0.50577	0.50577	0.50577	0.50577	0.50577	0.50577	0.50577	0.50577	0.50577	0.50577	0.50577	0.50577	0.50577
10000	5.6584	0.001	0.01	1	1	0.36039	2.05	0.725	0	16	2.05	0.725	0	16	2.05	0.725	0	16	2.05	0.725	0	16	0	0.5125	0.18125	0	4	0.5125	0.18125	0	4	0.5125	0.18125	0	4	0.5125	0.18125	0	4	0	0.49468	0.49468	0.49468	0.49468	0.49468	0.49468	0.49468	0.49468	0.49468	0.49468	0.49468	0.49468	0.49468	0.49468	0.49468	0.49468	0.49468
10000	4.2307	0.001	0.01	1	1	0.64031	2.5	0.56224	0	11	2.5	0.56224	0	11	2.5	0.56224	0	11	2.5	0.56224	0	11	0	0.8713	0.19595	0	3.8337	0.8713	0.19595	0	3.8337	0.8713	0.19595	0	3.8337	0.8713	0.19595	0	3.8337	0	0.27306	0.27306	0.27306	0.27306	0.27306	0.27306	0.27306	0.27306	0.27306	0.27306	0.27306	0.27306	0.27306	0.27306	0.27306	0.27306	0.27306
10000	5.2076	0.001	0.023021	1	1	0.8	1	0.3	0	15	1	0.3	0	15	1	0.3	0	15	1	0.3	0	15	0	0.25	0.075001	0	3.75	0.25	0.075001	0	3.75	0.25	0.075001	0	3.75	0.25	0.075001	0	3.75	0	0.016986	0.016986	0.016986	0.016986	0.016986	0.016986	0.016986	0.016986	0.016986	0.016986	0.016986	0.016986	0.016986	0.016986	0.016986	0.016986	0.016986
10000	10	0.001	0.02	1	1	0.4	1.5	0.27013	0	15	1.5	0.27013	0	15	1.5	0.27013	0	15	1.5	0.27013	0	15	0	0.375	0.067534	0	3.75	0.375	0.067534	0	3.75	0.375	0.067534	0	3.75	0.375	0.067534	0	3.75	0	0.3	0.3	0.3	0.3	0.3	0.3	0.3	0.3	0.3	0.3	0.3	0.3	0.3	0.3	0.3	0.3	0.3
10000	9.9999	0.001	0.01	1	1	0.79956	1.0005	0.4001	0	14.996	1.0005	0.4001	0	14.996	1.0005	0.4001	0	14.996	1.0005	0.4001	0	14.996	0	0.36408	0.1456	0	5.4571	0.36408	0.1456	0	5.4571	0.36408	0.1456	0	5.4571	0.36408	0.1456	0	5.4571	0	0.25245	0.25245	0.25245	0.25245	0.25245	0.25245	0.25245	0.25245	0.25245	0.25245	0.25245	0.25245	0.25245	0.25245	0.25245	0.25245	0.25245
10000	7.0361	0.0011643	0.010489	1	1	0.27346	1.5205	3.2884	0	18.836	1.5205	3.2884	0	18.836	1.5205	3.2884	0	18.836	1.5205	3.2884	0	18.836	0	0.38013	0.82209	0	4.7089	0.38013	0.82209	0	4.7089	0.38013	0.82209	0	4.7089	0.38013	0.82209	0	4.7089	0	0.32649	0.32649	0.32649	0.32649	0.32649	0.32649	0.32649	0.32649	0.32649	0.32649	0.32649	0.32649	0.32649	0.32649	0.32649	0.32649	0.32649
10000	7.0207	0.001	0.01515	1	1	0.71373	3.4541	0.4	0	20	3.4541	0.4	0	20	3.4541	0.4	0	20	3.4541	0.4	0	20	0	0.86353	0.1	0	5	0.86353	0.1	0	5	0.86353	0.1	0	5	0.86353	0.1	0	5	0	0.53541	0.53541	0.53541	0.53541	0.53541	0.53541	0.53541	0.53541	0.53541	0.53541	0.53541	0.53541	0.53541	0.53541	0.53541	0.53541	0.53541
10000	8.2804	0.001	0.038333	1	1	0.53584	1.4653	0.31945	0	10.094	1.4653	0.31945	0	10.094	1.4653	0.31945	0	10.094	1.4653	0.31945	0	10.094	0	0.69164	0.15078	0	4.7644	0.69164	0.15078	0	4.7644	0.69164	0.15078	0	4.7644	0.69164	0.15078	0	4.7644	0	0.48693	0.48693	0.48693	0.48693	0.48693	0.48693	0.48693	0.48693	0.48693	0.48693	0.48693	0.48693	0.48693	0.48693	0.48693	0.48693	0.48693
10000	10	0.0010721	0.01	1	1	0.23571	2.9366	1.2252	0	9.7686	2.9366	1.2252	0	9.7686	2.9366	1.2252	0	9.7686	2.9366	1.2252	0	9.7686	0	1.1026	0.45999	0	3.6677	1.1026	0.45999	0	3.6677	1.1026	0.45999	0	3.6677	1.1026	0.45999	0	3.6677	0	0.6446	0.6446	0.6446	0.6446	0.6446	0.6446	0.6446	0.6446	0.6446	0.6446	0.6446	0.6446	0.6446	0.6446	0.6446	0.6446	0.6446
10000	6.9889	0.0020309	0.022171	1	1	0.72903	2.1289	2.6103	0	13.951	2.1289	2.6103	0	13.951	2.1289	2.6103	0	13.951	2.1289	2.6103	0	13.951	0	0.53222	0.65257	0	3.4879	0.53222	0.65257	0	3.4879	0.53222	0.65257	0	3.4879	0.53222	0.65257	0	3.4879	0	0.43334	0.43334	0.43334	0.43334	0.43334	0.43334	0.43334	0.43334	0.43334	0.43334	0.43334	0.43334	0.43334	0.43334	0.43334	0.43334	0.43334
10000	7.4567	0.001	0.01	1	1	0.5125	1.5372	-0.014882	0	15.238	1.5372	-0.014882	0	15.238	1.5372	-0.014882	0	15.238	1.5372	-0.014882	0	15.238	0	0.38431	-0.0037205	0	3.8096	0.38431	-0.0037205	0	3.8096	0.38431	-0.0037205	0	3.8096	0.38431	-0.0037205	0	3.8096	0	0.44399	0.44399	0.44399	0.44399	0.44399	0.44399	0.44399	0.44399	0.44399	0.44399	0.44399	0.44399	0.44399	0.44399	0.44399	0.44399	0.44399
10000	6.039	0.001	0.01	1	1	0.44552	0.97735	0.31687	0	9.7521	0.97735	0.31687	0	9.7521	0.97735	0.31687	0	9.7521	0.97735	0.31687	0	9.7521	0	1.6365	0.53059	0	16.329	1.6365	0.53059	0	16.329	1.6365	0.53059	0	16.329	1.6365	0.53059	0	16.329	0	0.64204	0.64204	0.64204	0.64204	0.64204	0.64204	0.64204	0.64204	0.64204	0.64204	0.64204	0.64204	0.64204	0.64204	0.64204	0.64204	0.64204
10000	6.9414	0.001	0.044434	1	1	0.69973	2.125	-0.0024898	0	22.486	2.125	-0.0024898	0	22.486	2.125	-0.0024898	0	22.486	2.125	-0.0024898	0	22.486	0	0.53125	-0.00062244	0	5.6215	0.53125	-0.00062244	0	5.6215	0.53125	-0.00062244	0	5.6215	0.53125	-0.00062244	0	5.6215	0	0.26237	0.26237	0.26237	0.26237	0.26237	0.26237	0.26237	0.26237	0.26237	0.26237	0.26237	0.26237	0.26237	0.26237	0.26237	0.26237	0.26237
10000	7.1788	0.001	0.018719	1	1	0.44485	1.4199	0.54806	0	15.513	1.4199	0.54806	0	15.513	1.4199	0.54806	0	15.513	1.4199	0.54806	0	15.513	0	0.35498	0.13701	0	3.8781	0.35498	0.13701	0	3.8781	0.35498	0.13701	0	3.8781	0.35498	0.13701	0	3.8781	0	0.11281	0.11281	0.11281	0.11281	0.11281	0.11281	0.11281	0.11281	0.11281	0.11281	0.11281	0.11281	0.11281	0.11281	0.11281	0.11281	0.11281
10000	5.85	0.001	0.01	1	1	0.4	2.3708	0.31649	0	15	2.3708	0.31649	0	15	2.3708	0.31649	0	15	2.3708	0.31649	0	15	0	0.5927	0.079122	0	3.75	0.5927	0.079122	0	3.75	0.5927	0.079122	0	3.75	0.5927	0.079122	0	3.75	0	0.3	0.3	0.3	0.3	0.3	0.3	0.3	0.3	0.3	0.3	0.3	0.3	0.3	0.3	0.3	0.3	0.3
10000	8.8459	0.001	0.057715	1	1	0.83575	3.1871	3.1747	0	20.318	3.1871	3.1747	0	20.318	3.1871	3.1747	0	20.318	3.1871	3.1747	0	20.318	0	0.79677	0.79367	0	5.0795	0.79677	0.79367	0	5.0795	0.79677	0.79367	0	5.0795	0.79677	0.79367	0	5.0795	0	0.45467	0.45467	0.45467	0.45467	0.45467	0.45467	0.45467	0.45467	0.45467	0.45467	0.45467	0.45467	0.45467	0.45467	0.45467	0.45467	0.45467
10000	10	0.001	0.020242	1	1	0.64749	2.2485	0.4125	0	15.222	2.2485	0.4125	0	15.222	2.2485	0.4125	0	15.222	2.2485	0.4125	0	15.222	0	0.56213	0.10313	0	3.8056	0.56213	0.10313	0	3.8056	0.56213	0.10313	0	3.8056	0.56213	0.10313	0	3.8056	0	0.20185	0.20185	0.20185	0.20185	0.20185	0.20185	0.20185	0.20185	0.20185	0.20185	0.20185	0.20185	0.20185	0.20185	0.20185	0.20185	0.20185
10000	7	0.001	0.01	1	1	0.63326	1	0.4	0	4.6285	1	0.4	0	4.6285	1	0.4	0	4.6285	1	0.4	0	4.6285	0	1.2725	0.509	0	5.8897	1.2725	0.509	0	5.8897	1.2725	0.509	0	5.8897	1.2725	0.509	0	5.8897	0	0.44637	0.44637	0.44637	0.44637	0.44637	0.44637	0.44637	0.44637	0.44637	0.44637	0.44637	0.44637	0.44637	0.44637	0.44637	0.44637	0.44637
10000	6.1409	0.001	0.02437	1	1	0.76143	2.3284	0.74415	0	8.056	2.3284	0.74415	0	8.056	2.3284	0.74415	0	8.056	2.3284	0.74415	0	8.056	0	0.58209	0.18604	0	2.014	0.58209	0.18604	0	2.014	0.58209	0.18604	0	2.014	0.58209	0.18604	0	2.014	0	0.4635	0.4635	0.4635	0.4635	0.4635	0.4635	0.4635	0.4635	0.4635	0.4635	0.4635	0.4635	0.4635	0.4635	0.4635	0.4635	0.4635
10000	6.1251	0.001	0.02	1	1	0.72389	0.8	0.66667	0	30	0.8	0.66667	0	30	0.8	0.66667	0	30	0.8	0.66667	0	30	0	1.6	1.3333	0	60	1.6	1.3333	0	60	1.6	1.3333	0	60	1.6	1.3333	0	60	0	0.55867	0.55867	0.55867	0.55867	0.55867	0.55867	0.55867	0.55867	0.55867	0.55867	0.55867	0.55867	0.55867	0.55867	0.55867	0.55867	0.55867
10000	5	0.001	0.04	1	1	0.8	1	0.3	0	15	1	0.3	0	15	1	0.3	0	15	1	0.3	0	15	0	0.99999	0.3	0	15	0.99999	0.3	0	15	0.99999	0.3	0	15	0.99999	0.3	0	15	0	0.2	0.2	0.2	0.2	0.2	0.2	0.2	0.2	0.2	0.2	0.2	0.2	0.2	0.2	0.2	0.2	0.2
10000	10	0.001	0.01	1	1	0.62523	2	0.3	0	10	2	0.3	0	10	2	0.3	0	10	2	0.3	0	10	0	0.5	0.075	0	2.5	0.5	0.075	0	2.5	0.5	0.075	0	2.5	0.5	0.075	0	2.5	0	0.37778	0.37778	0.37778	0.37778	0.37778	0.37778	0.37778	0.37778	0.37778	0.37778	0.37778	0.37778	0.37778	0.37778	0.37778	0.37778	0.37778
10000	6.8903	0.001	0.022593	1	1	0.825	2.5818	0.37933	0	2.2778	2.5818	0.37933	0	2.2778	2.5818	0.37933	0	2.2778	2.5818	0.37933	0	2.2778	0	0.64545	0.094831	0	0.56944	0.64545	0.094831	0	0.56944	0.64545	0.094831	0	0.56944	0.64545	0.094831	0	0.56944	0	0.285	0.285	0.285	0.285	0.285	0.285	0.285	0.285	0.285	0.285	0.285	0.285	0.285	0.285	0.285	0.285	0.285
10000	8.1499	0.001	0.018918	1	1	0.57284	2.3153	0.35393	0	8.3285	2.3153	0.35393	0	8.3285	2.3153	0.35393	0	8.3285	2.3153	0.35393	0	8.3285	0	0.57882	0.088483	0	2.0821	0.57882	0.088483	0	2.0821	0.57882	0.088483	0	2.0821	0.57882	0.088483	0	2.0821	0	0.22572	0.22572	0.22572	0.22572	0.22572	0.22572	0.22572	0.22572	0.22572	0.22572	0.22572	0.22572	0.22572	0.22572	0.22572	0.22572	0.22572
10000	5.8081	0.001	0.020013	1	1	0.35034	2.1719	0.24761	0	14.999	2.1719	0.24761	0	14.999	2.1719	0.24761	0	14.999	2.1719	0.24761	0	14.999	0	0.89868	0.10246	0	6.2062	0.89868	0.10246	0	6.2062	0.89868	0.10246	0	6.2062	0.89868	0.10246	0	6.2062	0	0.20005	0.20005	0.20005	0.20005	0.20005	0.20005	0.20005	0.20005	0.20005	0.20005	0.20005	0.20005	0.20005	0.20005	0.20005	0.20005	0.20005
10000	5	0.001	0.022394	1	1	0.8	2	0.6	0	15	2	0.6	0	15	2	0.6	0	15	2	0.6	0	15	0	0.5	0.15	0	3.75	0.5	0.15	0	3.75	0.5	0.15	0	3.75	0.5	0.15	0	3.75	0	0.2	0.2	0.2	0.2	0.2	0.2	0.2	0.2	0.2	0.2	0.2	0.2	0.2	0.2	0.2	0.2	0.2
10000	4.05	0.001	0.016667	1	1	0.8	1.0414	0.3	0	13.906	1.0414	0.3	0	13.906	1.0414	0.3	0	13.906	1.0414	0.3	0	13.906	0	0.29943	0.086257	0	3.9982	0.29943	0.086257	0	3.9982	0.29943	0.086257	0	3.9982	0.29943	0.086257	0	3.9982	0	0.15	0.15	0.15	0.15	0.15	0.15	0.15	0.15	0.15	0.15	0.15	0.15	0.15	0.15	0.15	0.15	0.15
10000	4.554	0.0013924	0.020613	1	1	0.74079	1.3483	0.56922	0	14.357	1.3483	0.56922	0	14.357	1.3483	0.56922	0	14.357	1.3483	0.56922	0	14.357	0	0.33706	0.1423	0	3.5892	0.33706	0.1423	0	3.5892	0.33706	0.1423	0	3.5892	0.33706	0.1423	0	3.5892	0	0.31151	0.31151	0.31151	0.31151	0.31151	0.31151	0.31151	0.31151	0.31151	0.31151	0.31151	0.31151	0.31151	0.31151	0.31151	0.31151	0.31151
10000	4.9181	0.001	0.02135	1	1	0.78662	1.0134	0.74317	0	14.778	1.0134	0.74317	0	14.778	1.0134	0.74317	0	14.778	1.0134	0.74317	0	14.778	0	0.25335	0.18579	0	3.6944	0.25335	0.18579	0	3.6944	0.25335	0.18579	0	3.6944	0.25335	0.18579	0	3.6944	0	0.31667	0.31667	0.31667	0.31667	0.31667	0.31667	0.31667	0.31667	0.31667	0.31667	0.31667	0.31667	0.31667	0.31667	0.31667	0.31667	0.31667
10000	4.3798	0.001	0.01	1	1	0.79669	1.3205	0.31109	0	16.111	1.3205	0.31109	0	16.111	1.3205	0.31109	0	16.111	1.3205	0.31109	0	16.111	0	0.33012	0.077772	0	4.0277	0.33012	0.077772	0	4.0277	0.33012	0.077772	0	4.0277	0.33012	0.077772	0	4.0277	0	0.3	0.3	0.3	0.3	0.3	0.3	0.3	0.3	0.3	0.3	0.3	0.3	0.3	0.3	0.3	0.3	0.3
10000	6.9808	0.001	0.01	1	1	0.81178	3.1935	0.48705	0	4.3834	3.1935	0.48705	0	4.3834	3.1935	0.48705	0	4.3834	3.1935	0.48705	0	4.3834	0	0.79836	0.12176	0	1.0958	0.79836	0.12176	0	1.0958	0.79836	0.12176	0	1.0958	0.79836	0.12176	0	1.0958	0	0.4	0.4	0.4	0.4	0.4	0.4	0.4	0.4	0.4	0.4	0.4	0.4	0.4	0.4	0.4	0.4	0.4
10000	3.8399	0.001	0.01	1	1	0.53543	1.9928	0.24339	0	14.53	1.9928	0.24339	0	14.53	1.9928	0.24339	0	14.53	1.9928	0.24339	0	14.53	0	0.53852	0.06577	0	3.9263	0.53852	0.06577	0	3.9263	0.53852	0.06577	0	3.9263	0.53852	0.06577	0	3.9263	0	0.13359	0.13359	0.13359	0.13359	0.13359	0.13359	0.13359	0.13359	0.13359	0.13359	0.13359	0.13359	0.13359	0.13359	0.13359	0.13359	0.13359
10000	9.9999	0.001	0.017739	1	1	0.8	2	0.3	0	-17.817	2	0.3	0	-17.817	2	0.3	0	-17.817	2	0.3	0	-17.817	0	0.5	0.075	0	-4.4543	0.5	0.075	0	-4.4543	0.5	0.075	0	-4.4543	0.5	0.075	0	-4.4543	0	0.26234	0.26234	0.26234	0.26234	0.26234	0.26234	0.26234	0.26234	0.26234	0.26234	0.26234	0.26234	0.26234	0.26234	0.26234	0.26234	0.26234
10000	5.2737	0.001	0.016472	1	1	1.0667	2	0.05	0	20	2	0.05	0	20	2	0.05	0	20	2	0.05	0	20	0	0.5	0.0125	0	5	0.5	0.0125	0	5	0.5	0.0125	0	5	0.5	0.0125	0	5	0	0.31586	0.31586	0.31586	0.31586	0.31586	0.31586	0.31586	0.31586	0.31586	0.31586	0.31586	0.31586	0.31586	0.31586	0.31586	0.31586	0.31586
10000	7.4287	0.001	0.015	1	1	0.73848	3.2515	0.3	0	20	3.2515	0.3	0	20	3.2515	0.3	0	20	3.2515	0.3	0	20	0	1.1284	0.10411	0	6.9404	1.1284	0.10411	0	6.9404	1.1284	0.10411	0	6.9404	1.1284	0.10411	0	6.9404	0	0.40432	0.40432	0.40432	0.40432	0.40432	0.40432	0.40432	0.40432	0.40432	0.40432	0.40432	0.40432	0.40432	0.40432	0.40432	0.40432	0.40432
10000	8.0366	0.001	0.01	1	1	0.6731	1.9907	0.30602	0	10.051	1.9907	0.30602	0	10.051	1.9907	0.30602	0	10.051	1.9907	0.30602	0	10.051	0	0.49769	0.076505	0	2.5127	0.49769	0.076505	0	2.5127	0.49769	0.076505	0	2.5127	0.49769	0.076505	0	2.5127	0	0.40556	0.40556	0.40556	0.40556	0.40556	0.40556	0.40556	0.40556	0.40556	0.40556	0.40556	0.40556	0.40556	0.40556	0.40556	0.40556	0.40556
10000	5.4066	0.001	0.01	1	1	0.8	1.95	0.1	0	16.667	1.95	0.1	0	16.667	1.95	0.1	0	16.667	1.95	0.1	0	16.667	0	0.81251	0.041667	0	6.9445	0.81251	0.041667	0	6.9445	0.81251	0.041667	0	6.9445	0.81251	0.041667	0	6.9445	0	0.28409	0.28409	0.28409	0.28409	0.28409	0.28409	0.28409	0.28409	0.28409	0.28409	0.28409	0.28409	0.28409	0.28409	0.28409	0.28409	0.28409
10000	8.975	0.0014201	0.01	1	1	0.6774	1.8333	0.33105	0	15.131	1.8333	0.33105	0	15.131	1.8333	0.33105	0	15.131	1.8333	0.33105	0	15.131	0	0.45834	0.082764	0	3.7828	0.45834	0.082764	0	3.7828	0.45834	0.082764	0	3.7828	0.45834	0.082764	0	3.7828	0	0.41048	0.41048	0.41048	0.41048	0.41048	0.41048	0.41048	0.41048	0.41048	0.41048	0.41048	0.41048	0.41048	0.41048	0.41048	0.41048	0.41048
10000	7.4578	0.001	0.01	1	1	0.8	1.5	0.3	0	15	1.5	0.3	0	15	1.5	0.3	0	15	1.5	0.3	0	15	0	0.43526	0.087052	0	4.3526	0.43526	0.087052	0	4.3526	0.43526	0.087052	0	4.3526	0.43526	0.087052	0	4.3526	0	0.39404	0.39404	0.39404	0.39404	0.39404	0.39404	0.39404	0.39404	0.39404	0.39404	0.39404	0.39404	0.39404	0.39404	0.39404	0.39404	0.39404
10000	3.55	0.001	0.02	1	1	0.8	2	1	0	20	2	1	0	20	2	1	0	20	2	1	0	20	0	0.5	0.25	0	5	0.5	0.25	0	5	0.5	0.25	0	5	0.5	0.25	0	5	0	0.3	0.3	0.3	0.3	0.3	0.3	0.3	0.3	0.3	0.3	0.3	0.3	0.3	0.3	0.3	0.3	0.3
10000	4.448	0.001	0.01	1	1	0.69111	1.416	0.3	0	15	1.416	0.3	0	15	1.416	0.3	0	15	1.416	0.3	0	15	0	1.062	0.225	0	11.25	1.062	0.225	0	11.25	1.062	0.225	0	11.25	1.062	0.225	0	11.25	0	0.28333	0.28333	0.28333	0.28333	0.28333	0.28333	0.28333	0.28333	0.28333	0.28333	0.28333	0.28333	0.28333	0.28333	0.28333	0.28333	0.28333
10000	4.1765	0.004997	0.012325	1	1	0.89098	1.8879	0.43272	0	20.186	1.8879	0.43272	0	20.186	1.8879	0.43272	0	20.186	1.8879	0.43272	0	20.186	0	0.47199	0.10818	0	5.0465	0.47199	0.10818	0	5.0465	0.47199	0.10818	0	5.0465	0.47199	0.10818	0	5.0465	0	0.19907	0.19907	0.19907	0.19907	0.19907	0.19907	0.19907	0.19907	0.19907	0.19907	0.19907	0.19907	0.19907	0.19907	0.19907	0.19907	0.19907
10000	5.284	0.001	0.020314	1	1	0.56367	1.0692	0.28164	0	14.446	1.0692	0.28164	0	14.446	1.0692	0.28164	0	14.446	1.0692	0.28164	0	14.446	0	1.1827	0.31152	0	15.979	1.1827	0.31152	0	15.979	1.1827	0.31152	0	15.979	1.1827	0.31152	0	15.979	0	0.27673	0.27673	0.27673	0.27673	0.27673	0.27673	0.27673	0.27673	0.27673	0.27673	0.27673	0.27673	0.27673	0.27673	0.27673	0.27673	0.27673
10000	3.5866	0.001	0.018509	1	1	0.7329	0.93951	0.34846	0	14.403	0.93951	0.34846	0	14.403	0.93951	0.34846	0	14.403	0.93951	0.34846	0	14.403	0	0.87821	0.32573	0	13.464	0.87821	0.32573	0	13.464	0.87821	0.32573	0	13.464	0.87821	0.32573	0	13.464	0	0.22983	0.22983	0.22983	0.22983	0.22983	0.22983	0.22983	0.22983	0.22983	0.22983	0.22983	0.22983	0.22983	0.22983	0.22983	0.22983	0.22983
10000	4.1835	0.001	0.01	1	1	0.79995	2.0001	0.33337	0	15	2.0001	0.33337	0	15	2.0001	0.33337	0	15	2.0001	0.33337	0	15	0	0.50001	0.083343	0	3.7499	0.50001	0.083343	0	3.7499	0.50001	0.083343	0	3.7499	0.50001	0.083343	0	3.7499	0	0.20002	0.20002	0.20002	0.20002	0.20002	0.20002	0.20002	0.20002	0.20002	0.20002	0.20002	0.20002	0.20002	0.20002	0.20002	0.20002	0.20002
10000	9.9999	0.0014444	0.02	1	1	0.053499	2.2	0.16121	0	15	2.2	0.16121	0	15	2.2	0.16121	0	15	2.2	0.16121	0	15	0	0.55	0.040302	0	3.75	0.55	0.040302	0	3.75	0.55	0.040302	0	3.75	0.55	0.040302	0	3.75	0	0.2	0.2	0.2	0.2	0.2	0.2	0.2	0.2	0.2	0.2	0.2	0.2	0.2	0.2	0.2	0.2	0.2
10000	10	0.0014028	0.014108	1	1	0.60455	1.5491	0.44592	0	19.393	1.5491	0.44592	0	19.393	1.5491	0.44592	0	19.393	1.5491	0.44592	0	19.393	0	1.8435	0.53065	0	23.078	1.8435	0.53065	0	23.078	1.8435	0.53065	0	23.078	1.8435	0.53065	0	23.078	0	0.62948	0.62948	0.62948	0.62948	0.62948	0.62948	0.62948	0.62948	0.62948	0.62948	0.62948	0.62948	0.62948	0.62948	0.62948	0.62948	0.62948
10000	7.2804	0.0058125	0.020021	1	1	0.62864	1.7224	0.92161	0	13.128	1.7224	0.92161	0	13.128	1.7224	0.92161	0	13.128	1.7224	0.92161	0	13.128	0	0.43061	0.2304	0	3.282	0.43061	0.2304	0	3.282	0.43061	0.2304	0	3.282	0.43061	0.2304	0	3.282	0	0.06431	0.06431	0.06431	0.06431	0.06431	0.06431	0.06431	0.06431	0.06431	0.06431	0.06431	0.06431	0.06431	0.06431	0.06431	0.06431	0.06431
10000	10	0.001	0.02	1	1	0.4	3.4496	0.88411	0	12.367	3.4496	0.88411	0	12.367	3.4496	0.88411	0	12.367	3.4496	0.88411	0	12.367	0	0.8624	0.22103	0	3.0918	0.8624	0.22103	0	3.0918	0.8624	0.22103	0	3.0918	0.8624	0.22103	0	3.0918	0	0.4	0.4	0.4	0.4	0.4	0.4	0.4	0.4	0.4	0.4	0.4	0.4	0.4	0.4	0.4	0.4	0.4
10000	10	0.0033418	0.023335	1	1	0.61344	1.2073	0.43473	0	16.658	1.2073	0.43473	0	16.658	1.2073	0.43473	0	16.658	1.2073	0.43473	0	16.658	0	1.4262	0.51358	0	19.68	1.4262	0.51358	0	19.68	1.4262	0.51358	0	19.68	1.4262	0.51358	0	19.68	0	0.28291	0.28291	0.28291	0.28291	0.28291	0.28291	0.28291	0.28291	0.28291	0.28291	0.28291	0.28291	0.28291	0.28291	0.28291	0.28291	0.28291
10000	10	0.001	0.01	1	1	0.92787	2.245	-3.949	0	-135.01	2.245	-3.949	0	-135.01	2.245	-3.949	0	-135.01	2.245	-3.949	0	-135.01	0	2.2454	-3.9497	0	-135.04	2.2454	-3.9497	0	-135.04	2.2454	-3.9497	0	-135.04	2.2454	-3.9497	0	-135.04	0	0.73117	0.73117	0.73117	0.73117	0.73117	0.73117	0.73117	0.73117	0.73117	0.73117	0.73117	0.73117	0.73117	0.73117	0.73117	0.73117	0.73117
10000	5	0.001	0.030837	1	1	0.66391	1	0.2397	0	15	1	0.2397	0	15	1	0.2397	0	15	1	0.2397	0	15	0	0.99999	0.23969	0	15	0.99999	0.23969	0	15	0.99999	0.23969	0	15	0.99999	0.23969	0	15	0	0.33565	0.33565	0.33565	0.33565	0.33565	0.33565	0.33565	0.33565	0.33565	0.33565	0.33565	0.33565	0.33565	0.33565	0.33565	0.33565	0.33565
10000	7	0.001	0.01	1	1	0.8	1.824	0.3	0	15	1.824	0.3	0	15	1.824	0.3	0	15	1.824	0.3	0	15	0	0.456	0.075	0	3.75	0.456	0.075	0	3.75	0.456	0.075	0	3.75	0.456	0.075	0	3.75	0	0.25	0.25	0.25	0.25	0.25	0.25	0.25	0.25	0.25	0.25	0.25	0.25	0.25	0.25	0.25	0.25	0.25
10000	5.8046	0.001	0.039969	1	1	0.75755	1.4205	0.30049	0	7.084	1.4205	0.30049	0	7.084	1.4205	0.30049	0	7.084	1.4205	0.30049	0	7.084	0	0.88734	0.18771	0	4.4252	0.88734	0.18771	0	4.4252	0.88734	0.18771	0	4.4252	0.88734	0.18771	0	4.4252	0	0.49596	0.49596	0.49596	0.49596	0.49596	0.49596	0.49596	0.49596	0.49596	0.49596	0.49596	0.49596	0.49596	0.49596	0.49596	0.49596	0.49596
10000	10	0.001	0.022703	1	1	0.71156	2	0.17549	0	30	2	0.17549	0	30	2	0.17549	0	30	2	0.17549	0	30	0	0.5	0.043873	0	7.5	0.5	0.043873	0	7.5	0.5	0.043873	0	7.5	0.5	0.043873	0	7.5	0	0.22443	0.22443	0.22443	0.22443	0.22443	0.22443	0.22443	0.22443	0.22443	0.22443	0.22443	0.22443	0.22443	0.22443	0.22443	0.22443	0.22443
10000	7.2866	0.0014047	0.01963	1	1	0.67016	1.5	0.5	0	30	1.5	0.5	0	30	1.5	0.5	0	30	1.5	0.5	0	30	0	0.52508	0.17503	0	10.502	0.52508	0.17503	0	10.502	0.52508	0.17503	0	10.502	0.52508	0.17503	0	10.502	0	0.26134	0.26134	0.26134	0.26134	0.26134	0.26134	0.26134	0.26134	0.26134	0.26134	0.26134	0.26134	0.26134	0.26134	0.26134	0.26134	0.26134
10000	7.429	0.001	0.01	1	1	0.76129	0.99999	0.3	0	15	0.99999	0.3	0	15	0.99999	0.3	0	15	0.99999	0.3	0	15	0	0.99999	0.3	0	15	0.99999	0.3	0	15	0.99999	0.3	0	15	0.99999	0.3	0	15	0	0.55	0.55	0.55	0.55	0.55	0.55	0.55	0.55	0.55	0.55	0.55	0.55	0.55	0.55	0.55	0.55	0.55
10000	8.2805	0.002718	0.015163	1	1	0.61254	1.9667	0.84589	0	15.008	1.9667	0.84589	0	15.008	1.9667	0.84589	0	15.008	1.9667	0.84589	0	15.008	0	0.49168	0.21147	0	3.7519	0.49168	0.21147	0	3.7519	0.49168	0.21147	0	3.7519	0.49168	0.21147	0	3.7519	0	0.34391	0.34391	0.34391	0.34391	0.34391	0.34391	0.34391	0.34391	0.34391	0.34391	0.34391	0.34391	0.34391	0.34391	0.34391	0.34391	0.34391
10000	5.85	0.001	0.06	1	1	0.66924	2	1.4312	0	16.463	2	1.4312	0	16.463	2	1.4312	0	16.463	2	1.4312	0	16.463	0	0.5	0.35781	0	4.1157	0.5	0.35781	0	4.1157	0.5	0.35781	0	4.1157	0.5	0.35781	0	4.1157	0	0.3061	0.3061	0.3061	0.3061	0.3061	0.3061	0.3061	0.3061	0.3061	0.3061	0.3061	0.3061	0.3061	0.3061	0.3061	0.3061	0.3061
10000	5	0.001	0.015	1	1	0.4	1.6749	0.24949	0	15	1.6749	0.24949	0	15	1.6749	0.24949	0	15	1.6749	0.24949	0	15	0	0.70623	0.1052	0	6.3247	0.70623	0.1052	0	6.3247	0.70623	0.1052	0	6.3247	0.70623	0.1052	0	6.3247	0	0.2	0.2	0.2	0.2	0.2	0.2	0.2	0.2	0.2	0.2	0.2	0.2	0.2	0.2	0.2	0.2	0.2
10000	5.85	0.001	0.015	1	1	0.83346	1	0.5	0	5.4492	1	0.5	0	5.4492	1	0.5	0	5.4492	1	0.5	0	5.4492	0	0.25	0.125	0	1.3623	0.25	0.125	0	1.3623	0.25	0.125	0	1.3623	0.25	0.125	0	1.3623	0	0.3	0.3	0.3	0.3	0.3	0.3	0.3	0.3	0.3	0.3	0.3	0.3	0.3	0.3	0.3	0.3	0.3
10000	9.9999	0.005	0.02597	1	1	0.69482	1	0.4	0	15	1	0.4	0	15	1	0.4	0	15	1	0.4	0	15	0	1	0.4	0	15	1	0.4	0	15	1	0.4	0	15	1	0.4	0	15	0	0.2	0.2	0.2	0.2	0.2	0.2	0.2	0.2	0.2	0.2	0.2	0.2	0.2	0.2	0.2	0.2	0.2
10000	8.628	0.001	0.010821	1	1	1	1.2091	0.33333	0	20	1.2091	0.33333	0	20	1.2091	0.33333	0	20	1.2091	0.33333	0	20	0	0.30228	0.083333	0	5	0.30228	0.083333	0	5	0.30228	0.083333	0	5	0.30228	0.083333	0	5	0	0.28102	0.28102	0.28102	0.28102	0.28102	0.28102	0.28102	0.28102	0.28102	0.28102	0.28102	0.28102	0.28102	0.28102	0.28102	0.28102	0.28102
10000	3.9223	0.001	0.029047	1	1	0.66221	1.5081	0.3299	0	13.602	1.5081	0.3299	0	13.602	1.5081	0.3299	0	13.602	1.5081	0.3299	0	13.602	0	0.37703	0.082475	0	3.4004	0.37703	0.082475	0	3.4004	0.37703	0.082475	0	3.4004	0.37703	0.082475	0	3.4004	0	0.43289	0.43289	0.43289	0.43289	0.43289	0.43289	0.43289	0.43289	0.43289	0.43289	0.43289	0.43289	0.43289	0.43289	0.43289	0.43289	0.43289
10000	6.9992	0.001	0.014998	1	1	0.79981	1.0002	0.29999	0	15.002	1.0002	0.29999	0	15.002	1.0002	0.29999	0	15.002	1.0002	0.29999	0	15.002	0	0.25005	0.074996	0	3.7504	0.25005	0.074996	0	3.7504	0.25005	0.074996	0	3.7504	0.25005	0.074996	0	3.7504	0	0.099977	0.099977	0.099977	0.099977	0.099977	0.099977	0.099977	0.099977	0.099977	0.099977	0.099977	0.099977	0.099977	0.099977	0.099977	0.099977	0.099977
10000	6.425	0.001	0.023087	1	1	0.8	1.117	0.4	0	20	1.117	0.4	0	20	1.117	0.4	0	20	1.117	0.4	0	20	0	0.98864	0.35402	0	17.701	0.98864	0.35402	0	17.701	0.98864	0.35402	0	17.701	0.98864	0.35402	0	17.701	0	0.15	0.15	0.15	0.15	0.15	0.15	0.15	0.15	0.15	0.15	0.15	0.15	0.15	0.15	0.15	0.15	0.15
10000	9.5087	0.001	0.02	1	1	1	1.0419	0.5	0	15	1.0419	0.5	0	15	1.0419	0.5	0	15	1.0419	0.5	0	15	0	0.88979	0.42699	0	12.81	0.88979	0.42699	0	12.81	0.88979	0.42699	0	12.81	0.88979	0.42699	0	12.81	0	0.3	0.3	0.3	0.3	0.3	0.3	0.3	0.3	0.3	0.3	0.3	0.3	0.3	0.3	0.3	0.3	0.3
10000	5	0.0014444	0.023333	1	1	0.8	1.85	0.6	0	12.539	1.85	0.6	0	12.539	1.85	0.6	0	12.539	1.85	0.6	0	12.539	0	0.61666	0.2	0	4.1797	0.61666	0.2	0	4.1797	0.61666	0.2	0	4.1797	0.61666	0.2	0	4.1797	0	0.27326	0.27326	0.27326	0.27326	0.27326	0.27326	0.27326	0.27326	0.27326	0.27326	0.27326	0.27326	0.27326	0.27326	0.27326	0.27326	0.27326
10000	9.2947	0.0048567	0.022418	1	1	0.825	1.4415	0.30863	0	14.778	1.4415	0.30863	0	14.778	1.4415	0.30863	0	14.778	1.4415	0.30863	0	14.778	0	0.36037	0.077158	0	3.6944	0.36037	0.077158	0	3.6944	0.36037	0.077158	0	3.6944	0.36037	0.077158	0	3.6944	0	0.30038	0.30038	0.30038	0.30038	0.30038	0.30038	0.30038	0.30038	0.30038	0.30038	0.30038	0.30038	0.30038	0.30038	0.30038	0.30038	0.30038
10000	10	0.0037499	0.024575	1	1	1.0667	1.4886	0.4	0	15	1.4886	0.4	0	15	1.4886	0.4	0	15	1.4886	0.4	0	15	0	0.37214	0.1	0	3.75	0.37214	0.1	0	3.75	0.37214	0.1	0	3.75	0.37214	0.1	0	3.75	0	0.22368	0.22368	0.22368	0.22368	0.22368	0.22368	0.22368	0.22368	0.22368	0.22368	0.22368	0.22368	0.22368	0.22368	0.22368	0.22368	0.22368
10000	4.8625	0.0025	0.01	1	1	0.78424	1.9142	0.5625	0	13	1.9142	0.5625	0	13	1.9142	0.5625	0	13	1.9142	0.5625	0	13	0	0.84213	0.24746	0	5.7192	0.84213	0.24746	0	5.7192	0.84213	0.24746	0	5.7192	0.84213	0.24746	0	5.7192	0	0.3198	0.3198	0.3198	0.3198	0.3198	0.3198	0.3198	0.3198	0.3198	0.3198	0.3198	0.3198	0.3198	0.3198	0.3198	0.3198	0.3198
10000	5.7685	0.001	0.019189	1	1	1.1616	2.026	0.3288	0	15.354	2.026	0.3288	0	15.354	2.026	0.3288	0	15.354	2.026	0.3288	0	15.354	0	0.5065	0.0822	0	3.8386	0.5065	0.0822	0	3.8386	0.5065	0.0822	0	3.8386	0.5065	0.0822	0	3.8386	0	0.13671	0.13671	0.13671	0.13671	0.13671	0.13671	0.13671	0.13671	0.13671	0.13671	0.13671	0.13671	0.13671	0.13671	0.13671	0.13671	0.13671
10000	8.9684	0.001	0.021436	1	1	0.84556	2.1425	0.24205	0	-1.1723	2.1425	0.24205	0	-1.1723	2.1425	0.24205	0	-1.1723	2.1425	0.24205	0	-1.1723	0	0.83291	0.094095	0	-0.45572	0.83291	0.094095	0	-0.45572	0.83291	0.094095	0	-0.45572	0.83291	0.094095	0	-0.45572	0	0.38347	0.38347	0.38347	0.38347	0.38347	0.38347	0.38347	0.38347	0.38347	0.38347	0.38347	0.38347	0.38347	0.38347	0.38347	0.38347	0.38347
10000	9.9999	0.0048097	0.01	1	1	1.3633	2.9625	0.31948	0	15.24	2.9625	0.31948	0	15.24	2.9625	0.31948	0	15.24	2.9625	0.31948	0	15.24	0	0.93398	0.10072	0	4.8046	0.93398	0.10072	0	4.8046	0.93398	0.10072	0	4.8046	0.93398	0.10072	0	4.8046	0	0.28775	0.28775	0.28775	0.28775	0.28775	0.28775	0.28775	0.28775	0.28775	0.28775	0.28775	0.28775	0.28775	0.28775	0.28775	0.28775	0.28775
10000	5	0.001	0.02	1	1	1.1234	1.4	0.3	0	15	1.4	0.3	0	15	1.4	0.3	0	15	1.4	0.3	0	15	0	0.69999	0.15	0	7.5	0.69999	0.15	0	7.5	0.69999	0.15	0	7.5	0.69999	0.15	0	7.5	0	0.2	0.2	0.2	0.2	0.2	0.2	0.2	0.2	0.2	0.2	0.2	0.2	0.2	0.2	0.2	0.2	0.2
10000	4.7277	0.0018593	0.026313	1	1	0.0055586	2	1.3633	0	20	2	1.3633	0	20	2	1.3633	0	20	2	1.3633	0	20	0	0.5	0.34083	0	5	0.5	0.34083	0	5	0.5	0.34083	0	5	0.5	0.34083	0	5	0	0.2	0.2	0.2	0.2	0.2	0.2	0.2	0.2	0.2	0.2	0.2	0.2	0.2	0.2	0.2	0.2	0.2
10000	5	0.001	0.01	1	1	0.44444	2.551	0.3	0	30	2.551	0.3	0	30	2.551	0.3	0	30	2.551	0.3	0	30	0	0.63774	0.075	0	7.5	0.63774	0.075	0	7.5	0.63774	0.075	0	7.5	0.63774	0.075	0	7.5	0	0.3	0.3	0.3	0.3	0.3	0.3	0.3	0.3	0.3	0.3	0.3	0.3	0.3	0.3	0.3	0.3	0.3
10000	9.1305	0.001	0.040459	1	1	0.41287	2.6498	0.53124	0	17.89	2.6498	0.53124	0	17.89	2.6498	0.53124	0	17.89	2.6498	0.53124	0	17.89	0	0.66244	0.13281	0	4.4725	0.66244	0.13281	0	4.4725	0.66244	0.13281	0	4.4725	0.66244	0.13281	0	4.4725	0	0.30293	0.30293	0.30293	0.30293	0.30293	0.30293	0.30293	0.30293	0.30293	0.30293	0.30293	0.30293	0.30293	0.30293	0.30293	0.30293	0.30293
10000	5	0.001	0.02	1	1	0.34225	2	0.29419	0	20.063	2	0.29419	0	20.063	2	0.29419	0	20.063	2	0.29419	0	20.063	0	0.5	0.073549	0	5.0158	0.5	0.073549	0	5.0158	0.5	0.073549	0	5.0158	0.5	0.073549	0	5.0158	0	0.21991	0.21991	0.21991	0.21991	0.21991	0.21991	0.21991	0.21991	0.21991	0.21991	0.21991	0.21991	0.21991	0.21991	0.21991	0.21991	0.21991
10000	3.973	0.0034231	0.02	1	1	0.25867	1.6	0.6	0	16.438	1.6	0.6	0	16.438	1.6	0.6	0	16.438	1.6	0.6	0	16.438	0	0.4	0.15	0	4.1095	0.4	0.15	0	4.1095	0.4	0.15	0	4.1095	0.4	0.15	0	4.1095	0	0.2	0.2	0.2	0.2	0.2	0.2	0.2	0.2	0.2	0.2	0.2	0.2	0.2	0.2	0.2	0.2	0.2
10000	3.3667	0.001	0.02	1	1	0.64925	1	0.3	0	15	1	0.3	0	15	1	0.3	0	15	1	0.3	0	15	0	1	0.3	0	15	1	0.3	0	15	1	0.3	0	15	1	0.3	0	15	0	0.61932	0.61932	0.61932	0.61932	0.61932	0.61932	0.61932	0.61932	0.61932	0.61932	0.61932	0.61932	0.61932	0.61932	0.61932	0.61932	0.61932
10000	5	0.001	0.02	1	1	0.8	1	0.6	0	15	1	0.6	0	15	1	0.6	0	15	1	0.6	0	15	0	1	0.6	0	15	1	0.6	0	15	1	0.6	0	15	1	0.6	0	15	0	0.53812	0.53812	0.53812	0.53812	0.53812	0.53812	0.53812	0.53812	0.53812	0.53812	0.53812	0.53812	0.53812	0.53812	0.53812	0.53812	0.53812
10000	4.7278	0.001	0.02	1	1	0.53269	0.71679	0.53333	0	11.646	0.71679	0.53333	0	11.646	0.71679	0.53333	0	11.646	0.71679	0.53333	0	11.646	0	0.75661	0.56296	0	12.293	0.75661	0.56296	0	12.293	0.75661	0.56296	0	12.293	0.75661	0.56296	0	12.293	0	0.26667	0.26667	0.26667	0.26667	0.26667	0.26667	0.26667	0.26667	0.26667	0.26667	0.26667	0.26667	0.26667	0.26667	0.26667	0.26667	0.26667
10000	5.353	0.001	0.01	1	1	0.6923	1.1197	0.52221	0	14.043	1.1197	0.52221	0	14.043	1.1197	0.52221	0	14.043	1.1197	0.52221	0	14.043	0	1.4235	0.66393	0	17.853	1.4235	0.66393	0	17.853	1.4235	0.66393	0	17.853	1.4235	0.66393	0	17.853	0	0.68978	0.68978	0.68978	0.68978	0.68978	0.68978	0.68978	0.68978	0.68978	0.68978	0.68978	0.68978	0.68978	0.68978	0.68978	0.68978	0.68978
10000	4.2402	0.001	0.01	1	1	-0.10283	1.1913	2.4779	0	23.53	1.1913	2.4779	0	23.53	1.1913	2.4779	0	23.53	1.1913	2.4779	0	23.53	0	0.29782	0.61947	0	5.8826	0.29782	0.61947	0	5.8826	0.29782	0.61947	0	5.8826	0.29782	0.61947	0	5.8826	0	0.2703	0.2703	0.2703	0.2703	0.2703	0.2703	0.2703	0.2703	0.2703	0.2703	0.2703	0.2703	0.2703	0.2703	0.2703	0.2703	0.2703
10000	7.5287	0.001	0.026667	1	1	0.8	1	0.79618	0	15	1	0.79618	0	15	1	0.79618	0	15	1	0.79618	0	15	0	2	1.5924	0	30	2	1.5924	0	30	2	1.5924	0	30	2	1.5924	0	30	0	0.54695	0.54695	0.54695	0.54695	0.54695	0.54695	0.54695	0.54695	0.54695	0.54695	0.54695	0.54695	0.54695	0.54695	0.54695	0.54695	0.54695
10000	8.3562	0.001	0.01	1	1	0.39995	2.5374	3.6005	0	15.006	2.5374	3.6005	0	15.006	2.5374	3.6005	0	15.006	2.5374	3.6005	0	15.006	0	0.63435	0.90012	0	3.7515	0.63435	0.90012	0	3.7515	0.63435	0.90012	0	3.7515	0.63435	0.90012	0	3.7515	0	0.31117	0.31117	0.31117	0.31117	0.31117	0.31117	0.31117	0.31117	0.31117	0.31117	0.31117	0.31117	0.31117	0.31117	0.31117	0.31117	0.31117
10000	7	0.001	0.02	1	1	0.74141	2.6667	3.6	0	20	2.6667	3.6	0	20	2.6667	3.6	0	20	2.6667	3.6	0	20	0	0.66667	0.9	0	5	0.66667	0.9	0	5	0.66667	0.9	0	5	0.66667	0.9	0	5	0	0.33333	0.33333	0.33333	0.33333	0.33333	0.33333	0.33333	0.33333	0.33333	0.33333	0.33333	0.33333	0.33333	0.33333	0.33333	0.33333	0.33333
10000	6.8711	0.001	0.01	1	1	0.66264	2.9214	0.401	0	15.012	2.9214	0.401	0	15.012	2.9214	0.401	0	15.012	2.9214	0.401	0	15.012	0	0.81175	0.11142	0	4.1714	0.81175	0.11142	0	4.1714	0.81175	0.11142	0	4.1714	0.81175	0.11142	0	4.1714	0	0.47962	0.47962	0.47962	0.47962	0.47962	0.47962	0.47962	0.47962	0.47962	0.47962	0.47962	0.47962	0.47962	0.47962	0.47962	0.47962	0.47962
10000	7.3554	0.001	0.01	1	1	0.71135	2.3637	2.3881	0	16.667	2.3637	2.3881	0	16.667	2.3637	2.3881	0	16.667	2.3637	2.3881	0	16.667	0	0.59094	0.59702	0	4.1667	0.59094	0.59702	0	4.1667	0.59094	0.59702	0	4.1667	0.59094	0.59702	0	4.1667	0	0.18824	0.18824	0.18824	0.18824	0.18824	0.18824	0.18824	0.18824	0.18824	0.18824	0.18824	0.18824	0.18824	0.18824	0.18824	0.18824	0.18824
10000	5.2345	0.001	0.024567	1	1	0.59448	2.2127	0.15157	0	13.173	2.2127	0.15157	0	13.173	2.2127	0.15157	0	13.173	2.2127	0.15157	0	13.173	0	0.55318	0.037893	0	3.2933	0.55318	0.037893	0	3.2933	0.55318	0.037893	0	3.2933	0.55318	0.037893	0	3.2933	0	0.43427	0.43427	0.43427	0.43427	0.43427	0.43427	0.43427	0.43427	0.43427	0.43427	0.43427	0.43427	0.43427	0.43427	0.43427	0.43427	0.43427
10000	6.7806	0.001	0.027778	1	1	0.84142	3.0695	4.1832	0	13.028	3.0695	4.1832	0	13.028	3.0695	4.1832	0	13.028	3.0695	4.1832	0	13.028	0	0.76737	1.0458	0	3.257	0.76737	1.0458	0	3.257	0.76737	1.0458	0	3.257	0.76737	1.0458	0	3.257	0	0.55093	0.55093	0.55093	0.55093	0.55093	0.55093	0.55093	0.55093	0.55093	0.55093	0.55093	0.55093	0.55093	0.55093	0.55093	0.55093	0.55093
10000	8.5	0.001	0.018435	1	1	0.64733	1.5	0.3	0	15	1.5	0.3	0	15	1.5	0.3	0	15	1.5	0.3	0	15	0	0.375	0.075	0	3.75	0.375	0.075	0	3.75	0.375	0.075	0	3.75	0.375	0.075	0	3.75	0	0.16764	0.16764	0.16764	0.16764	0.16764	0.16764	0.16764	0.16764	0.16764	0.16764	0.16764	0.16764	0.16764	0.16764	0.16764	0.16764	0.16764
10000	3.55	0.001	0.04	1	1	0.31163	1.0667	0.42776	0	30	1.0667	0.42776	0	30	1.0667	0.42776	0	30	1.0667	0.42776	0	30	0	0.26667	0.10694	0	7.5	0.26667	0.10694	0	7.5	0.26667	0.10694	0	7.5	0.26667	0.10694	0	7.5	0	0.1	0.1	0.1	0.1	0.1	0.1	0.1	0.1	0.1	0.1	0.1	0.1	0.1	0.1	0.1	0.1	0.1
10000	3.9094	0.001	0.028269	1	1	0.69632	1.2048	0.25618	0	14.654	1.2048	0.25618	0	14.654	1.2048	0.25618	0	14.654	1.2048	0.25618	0	14.654	0	0.30121	0.064046	0	3.6635	0.30121	0.064046	0	3.6635	0.30121	0.064046	0	3.6635	0.30121	0.064046	0	3.6635	0	0.24796	0.24796	0.24796	0.24796	0.24796	0.24796	0.24796	0.24796	0.24796	0.24796	0.24796	0.24796	0.24796	0.24796	0.24796	0.24796	0.24796
10000	7	0.001	0.04	1	1	0.4	2.1249	0.3	0	15	2.1249	0.3	0	15	2.1249	0.3	0	15	2.1249	0.3	0	15	0	0.79682	0.1125	0	5.625	0.79682	0.1125	0	5.625	0.79682	0.1125	0	5.625	0.79682	0.1125	0	5.625	0	0.4	0.4	0.4	0.4	0.4	0.4	0.4	0.4	0.4	0.4	0.4	0.4	0.4	0.4	0.4	0.4	0.4
10000	5.4588	0.001	0.020379	1	1	0.4	2	0.3	0	4.5505	2	0.3	0	4.5505	2	0.3	0	4.5505	2	0.3	0	4.5505	0	0.58333	0.087499	0	1.3272	0.58333	0.087499	0	1.3272	0.58333	0.087499	0	1.3272	0.58333	0.087499	0	1.3272	0	0.35	0.35	0.35	0.35	0.35	0.35	0.35	0.35	0.35	0.35	0.35	0.35	0.35	0.35	0.35	0.35	0.35
10000	7	0.001	0.013465	1	1	0.4	2.4345	0.3	0	21.664	2.4345	0.3	0	21.664	2.4345	0.3	0	21.664	2.4345	0.3	0	21.664	0	0.60863	0.075	0	5.416	0.60863	0.075	0	5.416	0.60863	0.075	0	5.416	0.60863	0.075	0	5.416	0	0.3	0.3	0.3	0.3	0.3	0.3	0.3	0.3	0.3	0.3	0.3	0.3	0.3	0.3	0.3	0.3	0.3
10000	7	0.001	0.015999	1	1	0.46074	1	-2.7	0	30	1	-2.7	0	30	1	-2.7	0	30	1	-2.7	0	30	0	2.0532	-5.5438	0	61.597	2.0532	-5.5438	0	61.597	2.0532	-5.5438	0	61.597	2.0532	-5.5438	0	61.597	0	0.7631	0.7631	0.7631	0.7631	0.7631	0.7631	0.7631	0.7631	0.7631	0.7631	0.7631	0.7631	0.7631	0.7631	0.7631	0.7631	0.7631
10000	5.2627	0.001	0.014878	1	1	0.54648	0.87766	0.40125	0	26.174	0.87766	0.40125	0	26.174	0.87766	0.40125	0	26.174	0.87766	0.40125	0	26.174	0	1.0372	0.47417	0	30.93	1.0372	0.47417	0	30.93	1.0372	0.47417	0	30.93	1.0372	0.47417	0	30.93	0	0.6599	0.6599	0.6599	0.6599	0.6599	0.6599	0.6599	0.6599	0.6599	0.6599	0.6599	0.6599	0.6599	0.6599	0.6599	0.6599	0.6599
10000	7.4186	0.001	0.02	1	1	1	1.4678	-0.7	0	6.5952	1.4678	-0.7	0	6.5952	1.4678	-0.7	0	6.5952	1.4678	-0.7	0	6.5952	0	0.36694	-0.175	0	1.6488	0.36694	-0.175	0	1.6488	0.36694	-0.175	0	1.6488	0.36694	-0.175	0	1.6488	0	0.2	0.2	0.2	0.2	0.2	0.2	0.2	0.2	0.2	0.2	0.2	0.2	0.2	0.2	0.2	0.2	0.2
10000	4.3644	0.001	0.01	1	1	1	2	0.3	0	10	2	0.3	0	10	2	0.3	0	10	2	0.3	0	10	0	0.5	0.075	0	2.5	0.5	0.075	0	2.5	0.5	0.075	0	2.5	0.5	0.075	0	2.5	0	0.26569	0.26569	0.26569	0.26569	0.26569	0.26569	0.26569	0.26569	0.26569	0.26569	0.26569	0.26569	0.26569	0.26569	0.26569	0.26569	0.26569
10000	5	0.001	0.02	1	1	1	1.7094	0.5	0	20	1.7094	0.5	0	20	1.7094	0.5	0	20	1.7094	0.5	0	20	0	0.42736	0.125	0	5	0.42736	0.125	0	5	0.42736	0.125	0	5	0.42736	0.125	0	5	0	0.3	0.3	0.3	0.3	0.3	0.3	0.3	0.3	0.3	0.3	0.3	0.3	0.3	0.3	0.3	0.3	0.3
10000	5.275	0.001	0.01	1	1	1.3333	2.3881	-1.9218	0	10	2.3881	-1.9218	0	10	2.3881	-1.9218	0	10	2.3881	-1.9218	0	10	0	0.59702	-0.48044	0	2.5	0.59702	-0.48044	0	2.5	0.59702	-0.48044	0	2.5	0.59702	-0.48044	0	2.5	0	0.427	0.427	0.427	0.427	0.427	0.427	0.427	0.427	0.427	0.427	0.427	0.427	0.427	0.427	0.427	0.427	0.427
10000	10	0.001	0.01	1	1	1.3333	2	-0.18511	0	30	2	-0.18511	0	30	2	-0.18511	0	30	2	-0.18511	0	30	0	2	-0.18511	0	30	2	-0.18511	0	30	2	-0.18511	0	30	2	-0.18511	0	30	0	0.64332	0.64332	0.64332	0.64332	0.64332	0.64332	0.64332	0.64332	0.64332	0.64332	0.64332	0.64332	0.64332	0.64332	0.64332	0.64332	0.64332
10000	4.2288	0.001	0.01	1	1	1.2	2.243	0.0077	0	20.085	2.243	0.0077	0	20.085	2.243	0.0077	0	20.085	2.243	0.0077	0	20.085	0	0.97869	0.0033597	0	8.7634	0.97869	0.0033597	0	8.7634	0.97869	0.0033597	0	8.7634	0.97869	0.0033597	0	8.7634	0	0.47967	0.47967	0.47967	0.47967	0.47967	0.47967	0.47967	0.47967	0.47967	0.47967	0.47967	0.47967	0.47967	0.47967	0.47967	0.47967	0.47967
10000	4.157	0.001	0.01	1	1	1.4254	1.1525	0.2009	0	21.601	1.1525	0.2009	0	21.601	1.1525	0.2009	0	21.601	1.1525	0.2009	0	21.601	0	1.1363	0.19807	0	21.296	1.1363	0.19807	0	21.296	1.1363	0.19807	0	21.296	1.1363	0.19807	0	21.296	0	0.6926	0.6926	0.6926	0.6926	0.6926	0.6926	0.6926	0.6926	0.6926	0.6926	0.6926	0.6926	0.6926	0.6926	0.6926	0.6926	0.6926
10000	2.9923	0.001	0.023568	1	1	1.3191	1.9475	-0.53584	0	9.8625	1.9475	-0.53584	0	9.8625	1.9475	-0.53584	0	9.8625	1.9475	-0.53584	0	9.8625	0	0.48688	-0.13396	0	2.4656	0.48688	-0.13396	0	2.4656	0.48688	-0.13396	0	2.4656	0.48688	-0.13396	0	2.4656	0	0.30528	0.30528	0.30528	0.30528	0.30528	0.30528	0.30528	0.30528	0.30528	0.30528	0.30528	0.30528	0.30528	0.30528	0.30528	0.30528	0.30528
10000	3.9749	0.001	0.01	1	1	1.3971	2.625	0.62501	0	11	2.625	0.62501	0	11	2.625	0.62501	0	11	2.625	0.62501	0	11	0	0.65624	0.15625	0	2.7501	0.65624	0.15625	0	2.7501	0.65624	0.15625	0	2.7501	0.65624	0.15625	0	2.7501	0	0.53104	0.53104	0.53104	0.53104	0.53104	0.53104	0.53104	0.53104	0.53104	0.53104	0.53104	0.53104	0.53104	0.53104	0.53104	0.53104	0.53104
10000	3.9053	0.001	0.04	1	1	1.6	1	-2.7	0	10.23	1	-2.7	0	10.23	1	-2.7	0	10.23	1	-2.7	0	10.23	0	0.80569	-2.1754	0	8.2426	0.80569	-2.1754	0	8.2426	0.80569	-2.1754	0	8.2426	0.80569	-2.1754	0	8.2426	0	0.57332	0.57332	0.57332	0.57332	0.57332	0.57332	0.57332	0.57332	0.57332	0.57332	0.57332	0.57332	0.57332	0.57332	0.57332	0.57332	0.57332
10000	4.1833	0.001	0.02	1	1	0.8	1	0.3	0	10	1	0.3	0	10	1	0.3	0	10	1	0.3	0	10	0	1	0.3	0	10	1	0.3	0	10	1	0.3	0	10	1	0.3	0	10	0	0.48525	0.48525	0.48525	0.48525	0.48525	0.48525	0.48525	0.48525	0.48525	0.48525	0.48525	0.48525	0.48525	0.48525	0.48525	0.48525	0.48525
10000	4.8903	0.001	0.019257	1	1	1.1609	1.1001	-0.41339	0	16.163	1.1001	-0.41339	0	16.163	1.1001	-0.41339	0	16.163	1.1001	-0.41339	0	16.163	0	1.1359	-0.42684	0	16.688	1.1359	-0.42684	0	16.688	1.1359	-0.42684	0	16.688	1.1359	-0.42684	0	16.688	0	0.53638	0.53638	0.53638	0.53638	0.53638	0.53638	0.53638	0.53638	0.53638	0.53638	0.53638	0.53638	0.53638	0.53638	0.53638	0.53638	0.53638
10000	5	0.001	0.01	1	1	1.3333	2	0.3	0	6.2948	2	0.3	0	6.2948	2	0.3	0	6.2948	2	0.3	0	6.2948	0	2	0.3	0	6.2948	2	0.3	0	6.2948	2	0.3	0	6.2948	2	0.3	0	6.2948	0	0.70044	0.70044	0.70044	0.70044	0.70044	0.70044	0.70044	0.70044	0.70044	0.70044	0.70044	0.70044	0.70044	0.70044	0.70044	0.70044	0.70044
10000	3.2811	0.001	0.01	1	1	1.1883	1.7351	0.3	0	15	1.7351	0.3	0	15	1.7351	0.3	0	15	1.7351	0.3	0	15	0	0.43379	0.075	0	3.75	0.43379	0.075	0	3.75	0.43379	0.075	0	3.75	0.43379	0.075	0	3.75	0	0.53333	0.53333	0.53333	0.53333	0.53333	0.53333	0.53333	0.53333	0.53333	0.53333	0.53333	0.53333	0.53333	0.53333	0.53333	0.53333	0.53333
10000	7	0.001	0.02	1	1	1.6	2.0617	-1.6659	0	15	2.0617	-1.6659	0	15	2.0617	-1.6659	0	15	2.0617	-1.6659	0	15	0	2.0617	-1.6659	0	15	2.0617	-1.6659	0	15	2.0617	-1.6659	0	15	2.0617	-1.6659	0	15	0	0.50026	0.50026	0.50026	0.50026	0.50026	0.50026	0.50026	0.50026	0.50026	0.50026	0.50026	0.50026	0.50026	0.50026	0.50026	0.50026	0.50026
10000	7.3045	0.001	0.01	1	1	1.871	2.2903	-0.18726	0	36.541	2.2903	-0.18726	0	36.541	2.2903	-0.18726	0	36.541	2.2903	-0.18726	0	36.541	0	0.57256	-0.046816	0	9.1354	0.57256	-0.046816	0	9.1354	0.57256	-0.046816	0	9.1354	0.57256	-0.046816	0	9.1354	0	0.53681	0.53681	0.53681	0.53681	0.53681	0.53681	0.53681	0.53681	0.53681	0.53681	0.53681	0.53681	0.53681	0.53681	0.53681	0.53681	0.53681
10000	4.1834	0.001	0.022565	1	1	1.4883	2.0087	0.3	0	40	2.0087	0.3	0	40	2.0087	0.3	0	40	2.0087	0.3	0	40	0	0.63293	0.09453	0	12.604	0.63293	0.09453	0	12.604	0.63293	0.09453	0	12.604	0.63293	0.09453	0	12.604	0	0.2	0.2	0.2	0.2	0.2	0.2	0.2	0.2	0.2	0.2	0.2	0.2	0.2	0.2	0.2	0.2	0.2
10000	7.6804	0.001	0.031398	1	1	1.8334	2.7675	0.2145	0	18.981	2.7675	0.2145	0	18.981	2.7675	0.2145	0	18.981	2.7675	0.2145	0	18.981	0	0.69188	0.053625	0	4.7452	0.69188	0.053625	0	4.7452	0.69188	0.053625	0	4.7452	0.69188	0.053625	0	4.7452	0	0.48494	0.48494	0.48494	0.48494	0.48494	0.48494	0.48494	0.48494	0.48494	0.48494	0.48494	0.48494	0.48494	0.48494	0.48494	0.48494	0.48494
10000	5	0.001	0.04	1	1	2	2	0.3	0	15	2	0.3	0	15	2	0.3	0	15	2	0.3	0	15	0	0.5	0.075	0	3.75	0.5	0.075	0	3.75	0.5	0.075	0	3.75	0.5	0.075	0	3.75	0	0.1	0.1	0.1	0.1	0.1	0.1	0.1	0.1	0.1	0.1	0.1	0.1	0.1	0.1	0.1	0.1	0.1
10000	3.82	0.001	0.01	1	1	1.6	2	0.3	0	15	2	0.3	0	15	2	0.3	0	15	2	0.3	0	15	0	0.5	0.075	0	3.75	0.5	0.075	0	3.75	0.5	0.075	0	3.75	0.5	0.075	0	3.75	0	0.2	0.2	0.2	0.2	0.2	0.2	0.2	0.2	0.2	0.2	0.2	0.2	0.2	0.2	0.2	0.2	0.2
10000	4.4028	0.001	0.020785	1	1	1.1331	1.4997	-0.99973	0	14.998	1.4997	-0.99973	0	14.998	1.4997	-0.99973	0	14.998	1.4997	-0.99973	0	14.998	0	0.49995	-0.33329	0	5	0.49995	-0.33329	0	5	0.49995	-0.33329	0	5	0.49995	-0.33329	0	5	0	0.13139	0.13139	0.13139	0.13139	0.13139	0.13139	0.13139	0.13139	0.13139	0.13139	0.13139	0.13139	0.13139	0.13139	0.13139	0.13139	0.13139
10000	4.5438	0.001	0.022986	1	1	1.4895	2.8531	-2.4406	0	26.808	2.8531	-2.4406	0	26.808	2.8531	-2.4406	0	26.808	2.8531	-2.4406	0	26.808	0	0.71329	-0.61016	0	6.702	0.71329	-0.61016	0	6.702	0.71329	-0.61016	0	6.702	0.71329	-0.61016	0	6.702	0	0.50176	0.50176	0.50176	0.50176	0.50176	0.50176	0.50176	0.50176	0.50176	0.50176	0.50176	0.50176	0.50176	0.50176	0.50176	0.50176	0.50176
10000	4.1834	0.001	0.04	1	1	1.6	1.3333	0.094793	0	15	1.3333	0.094793	0	15	1.3333	0.094793	0	15	1.3333	0.094793	0	15	0	1.5555	0.11059	0	17.5	1.5555	0.11059	0	17.5	1.5555	0.11059	0	17.5	1.5555	0.11059	0	17.5	0	0.4	0.4	0.4	0.4	0.4	0.4	0.4	0.4	0.4	0.4	0.4	0.4	0.4	0.4	0.4	0.4	0.4
10000	4.1403	0.0014444	0.06	1	1	1.4559	2.1656	-2.7	0	30	2.1656	-2.7	0	30	2.1656	-2.7	0	30	2.1656	-2.7	0	30	0	0.54141	-0.675	0	7.5	0.54141	-0.675	0	7.5	0.54141	-0.675	0	7.5	0.54141	-0.675	0	7.5	0	0.21507	0.21507	0.21507	0.21507	0.21507	0.21507	0.21507	0.21507	0.21507	0.21507	0.21507	0.21507	0.21507	0.21507	0.21507	0.21507	0.21507
10000	4.8925	0.001	0.028508	1	1	1.3904	1.1318	-1.6589	0	11.11	1.1318	-1.6589	0	11.11	1.1318	-1.6589	0	11.11	1.1318	-1.6589	0	11.11	0	1.132	-1.6592	0	11.113	1.132	-1.6592	0	11.113	1.132	-1.6592	0	11.113	1.132	-1.6592	0	11.113	0	0.34277	0.34277	0.34277	0.34277	0.34277	0.34277	0.34277	0.34277	0.34277	0.34277	0.34277	0.34277	0.34277	0.34277	0.34277	0.34277	0.34277
10000	4.8625	0.001	0.028013	1	1	0.67152	2.0741	0.2375	0	6.1762	2.0741	0.2375	0	6.1762	2.0741	0.2375	0	6.1762	2.0741	0.2375	0	6.1762	0	0.51853	0.059375	0	1.544	0.51853	0.059375	0	1.544	0.51853	0.059375	0	1.544	0.51853	0.059375	0	1.544	0	0.15	0.15	0.15	0.15	0.15	0.15	0.15	0.15	0.15	0.15	0.15	0.15	0.15	0.15	0.15	0.15	0.15
10000	4.8854	0.001	0.013619	1	1	0.82236	1.1003	0.24806	0	15.196	1.1003	0.24806	0	15.196	1.1003	0.24806	0	15.196	1.1003	0.24806	0	15.196	0	1.3036	0.29391	0	18.005	1.3036	0.29391	0	18.005	1.3036	0.29391	0	18.005	1.3036	0.29391	0	18.005	0	0.29227	0.29227	0.29227	0.29227	0.29227	0.29227	0.29227	0.29227	0.29227	0.29227	0.29227	0.29227	0.29227	0.29227	0.29227	0.29227	0.29227
10000	10	0.0061197	0.029687	1	1	1.0962	1.8782	1.042	0	15.839	1.8782	1.042	0	15.839	1.8782	1.042	0	15.839	1.8782	1.042	0	15.839	0	2.5936	1.4389	0	21.872	2.5936	1.4389	0	21.872	2.5936	1.4389	0	21.872	2.5936	1.4389	0	21.872	0	0.39999	0.39999	0.39999	0.39999	0.39999	0.39999	0.39999	0.39999	0.39999	0.39999	0.39999	0.39999	0.39999	0.39999	0.39999	0.39999	0.39999
10000	5.85	0.001	0.01	1	1	0.8	1.0878	0.28352	0	15	1.0878	0.28352	0	15	1.0878	0.28352	0	15	1.0878	0.28352	0	15	0	1.5447	0.40261	0	21.3	1.5447	0.40261	0	21.3	1.5447	0.40261	0	21.3	1.5447	0.40261	0	21.3	0	0.11783	0.11783	0.11783	0.11783	0.11783	0.11783	0.11783	0.11783	0.11783	0.11783	0.11783	0.11783	0.11783	0.11783	0.11783	0.11783	0.11783
10000	8.4266	0.0014445	0.029997	1	1	0.71793	1.0001	0.66661	0	141.87	1.0001	0.66661	0	141.87	1.0001	0.66661	0	141.87	1.0001	0.66661	0	141.87	0	2	1.3331	0	283.73	2	1.3331	0	283.73	2	1.3331	0	283.73	2	1.3331	0	283.73	0	0.28495	0.28495	0.28495	0.28495	0.28495	0.28495	0.28495	0.28495	0.28495	0.28495	0.28495	0.28495	0.28495	0.28495	0.28495	0.28495	0.28495
10000	10	0.001	0.022577	1	1	1.0665	0.99986	0.29991	0	15.001	0.99986	0.29991	0	15.001	0.99986	0.29991	0	15.001	0.99986	0.29991	0	15.001	0	1.9995	0.59975	0	29.999	1.9995	0.59975	0	29.999	1.9995	0.59975	0	29.999	1.9995	0.59975	0	29.999	0	0.099972	0.099972	0.099972	0.099972	0.099972	0.099972	0.099972	0.099972	0.099972	0.099972	0.099972	0.099972	0.099972	0.099972	0.099972	0.099972	0.099972
10000	7.9999	0.001	0.019757	1	1	1.1328	0.8444	0.49873	0	12.475	0.8444	0.49873	0	12.475	0.8444	0.49873	0	12.475	0.8444	0.49873	0	12.475	0	1.8087	1.0683	0	26.721	1.8087	1.0683	0	26.721	1.8087	1.0683	0	26.721	1.8087	1.0683	0	26.721	0	0.24476	0.24476	0.24476	0.24476	0.24476	0.24476	0.24476	0.24476	0.24476	0.24476	0.24476	0.24476	0.24476	0.24476	0.24476	0.24476	0.24476
10000	7.3464	0.001	0.01	1	1	0.8	1	0.3	0	7.4118	1	0.3	0	7.4118	1	0.3	0	7.4118	1	0.3	0	7.4118	0	1.5647	0.46941	0	11.597	1.5647	0.46941	0	11.597	1.5647	0.46941	0	11.597	1.5647	0.46941	0	11.597	0	0.11481	0.11481	0.11481	0.11481	0.11481	0.11481	0.11481	0.11481	0.11481	0.11481	0.11481	0.11481	0.11481	0.11481	0.11481	0.11481	0.11481
10000	7	0.001	0.01	1	1	1	1.0667	0.3	0	11.603	1.0667	0.3	0	11.603	1.0667	0.3	0	11.603	1.0667	0.3	0	11.603	0	2.1334	0.6	0	23.205	2.1334	0.6	0	23.205	2.1334	0.6	0	23.205	2.1334	0.6	0	23.205	0	0.3	0.3	0.3	0.3	0.3	0.3	0.3	0.3	0.3	0.3	0.3	0.3	0.3	0.3	0.3	0.3	0.3
10000	8.3325	0.001	0.02	1	1	1	0.8	0.5	0	20	0.8	0.5	0	20	0.8	0.5	0	20	0.8	0.5	0	20	0	1.6934	1.0584	0	42.336	1.6934	1.0584	0	42.336	1.6934	1.0584	0	42.336	1.6934	1.0584	0	42.336	0	0.35	0.35	0.35	0.35	0.35	0.35	0.35	0.35	0.35	0.35	0.35	0.35	0.35	0.35	0.35	0.35	0.35
10000	7.0048	0.001	0.020009	1	1	0.80109	1.4359	0.60179	0	177.45	1.4359	0.60179	0	177.45	1.4359	0.60179	0	177.45	1.4359	0.60179	0	177.45	0	2.4204	1.0144	0	299.12	2.4204	1.0144	0	299.12	2.4204	1.0144	0	299.12	2.4204	1.0144	0	299.12	0	0.40074	0.40074	0.40074	0.40074	0.40074	0.40074	0.40074	0.40074	0.40074	0.40074	0.40074	0.40074	0.40074	0.40074	0.40074	0.40074	0.40074
10000	8.9623	0.001	0.02414	1	1	0.71583	0.89971	0.52783	0	14.443	0.89971	0.52783	0	14.443	0.89971	0.52783	0	14.443	0.89971	0.52783	0	14.443	0	1.731	1.0155	0	27.787	1.731	1.0155	0	27.787	1.731	1.0155	0	27.787	1.731	1.0155	0	27.787	0	0.087483	0.087483	0.087483	0.087483	0.087483	0.087483	0.087483	0.087483	0.087483	0.087483	0.087483	0.087483	0.087483	0.087483	0.087483	0.087483	0.087483
10000	7.1252	0.0027222	0.016667	1	1	0.8	1.0487	0.4	0	10.833	1.0487	0.4	0	10.833	1.0487	0.4	0	10.833	1.0487	0.4	0	10.833	0	1.1652	0.44445	0	12.037	1.1652	0.44445	0	12.037	1.1652	0.44445	0	12.037	1.1652	0.44445	0	12.037	0	0.032885	0.032885	0.032885	0.032885	0.032885	0.032885	0.032885	0.032885	0.032885	0.032885	0.032885	0.032885	0.032885	0.032885	0.032885	0.032885	0.032885
10000	7	0.001	0.03	1	1	0.8	1	0.5	0	15	1	0.5	0	15	1	0.5	0	15	1	0.5	0	15	0	2	1	0	30	2	1	0	30	2	1	0	30	2	1	0	30	0	0.092649	0.092649	0.092649	0.092649	0.092649	0.092649	0.092649	0.092649	0.092649	0.092649	0.092649	0.092649	0.092649	0.092649	0.092649	0.092649	0.092649
10000	10	0.0045247	0.01	1	1	0.80469	0.82429	0.48425	0	13.655	0.82429	0.48425	0	13.655	0.82429	0.48425	0	13.655	0.82429	0.48425	0	13.655	0	2.128	1.2501	0	35.251	2.128	1.2501	0	35.251	2.128	1.2501	0	35.251	2.128	1.2501	0	35.251	0	0.2661	0.2661	0.2661	0.2661	0.2661	0.2661	0.2661	0.2661	0.2661	0.2661	0.2661	0.2661	0.2661	0.2661	0.2661	0.2661	0.2661
10000	9.6043	0.001	0.018921	1	1	0.98899	1	0.3	0	30	1	0.3	0	30	1	0.3	0	30	1	0.3	0	30	0	1.8643	0.55928	0	55.928	1.8643	0.55928	0	55.928	1.8643	0.55928	0	55.928	1.8643	0.55928	0	55.928	0	0.28088	0.28088	0.28088	0.28088	0.28088	0.28088	0.28088	0.28088	0.28088	0.28088	0.28088	0.28088	0.28088	0.28088	0.28088	0.28088	0.28088
10000	6.4751	0.001	0.01	1	1	1.25	1.5	0.725	0	11	1.5	0.725	0	11	1.5	0.725	0	11	1.5	0.725	0	11	0	2.4062	1.163	0	17.646	2.4062	1.163	0	17.646	2.4062	1.163	0	17.646	2.4062	1.163	0	17.646	0	0.4	0.4	0.4	0.4	0.4	0.4	0.4	0.4	0.4	0.4	0.4	0.4	0.4	0.4	0.4	0.4	0.4
10000	8	0.001	0.025608	1	1	1	1	0	0	13.333	1	0	0	13.333	1	0	0	13.333	1	0	0	13.333	0	1.9955	0	0	26.607	1.9955	0	0	26.607	1.9955	0	0	26.607	1.9955	0	0	26.607	0	0.31523	0.31523	0.31523	0.31523	0.31523	0.31523	0.31523	0.31523	0.31523	0.31523	0.31523	0.31523	0.31523	0.31523	0.31523	0.31523	0.31523
10000	7.8764	0.001	0.04356	1	1	0.92418	1.6725	0.22853	0	9.2411	1.6725	0.22853	0	9.2411	1.6725	0.22853	0	9.2411	1.6725	0.22853	0	9.2411	0	2.1663	0.29601	0	11.97	2.1663	0.29601	0	11.97	2.1663	0.29601	0	11.97	2.1663	0.29601	0	11.97	0	0.44458	0.44458	0.44458	0.44458	0.44458	0.44458	0.44458	0.44458	0.44458	0.44458	0.44458	0.44458	0.44458	0.44458	0.44458	0.44458	0.44458
10000	5.9587	0.001	0.01	1	1	0.8	1.387	0.5	0	15	1.387	0.5	0	15	1.387	0.5	0	15	1.387	0.5	0	15	0	1.387	0.5	0	15	1.387	0.5	0	15	1.387	0.5	0	15	1.387	0.5	0	15	0	0.27534	0.27534	0.27534	0.27534	0.27534	0.27534	0.27534	0.27534	0.27534	0.27534	0.27534	0.27534	0.27534	0.27534	0.27534	0.27534	0.27534
10000	7.0003	0.001	0.020017	1	1	0.80092	1.3323	0.29958	0	5.5584	1.3323	0.29958	0	5.5584	1.3323	0.29958	0	5.5584	1.3323	0.29958	0	5.5584	0	1.3311	0.29931	0	5.5534	1.3311	0.29931	0	5.5534	1.3311	0.29931	0	5.5534	1.3311	0.29931	0	5.5534	0	0.40061	0.40061	0.40061	0.40061	0.40061	0.40061	0.40061	0.40061	0.40061	0.40061	0.40061	0.40061	0.40061	0.40061	0.40061	0.40061	0.40061
10000	10	0.001	0.015	1	1	1	1	0.66667	0	20	1	0.66667	0	20	1	0.66667	0	20	1	0.66667	0	20	0	2	1.3333	0	40	2	1.3333	0	40	2	1.3333	0	40	2	1.3333	0	40	0	0.17399	0.17399	0.17399	0.17399	0.17399	0.17399	0.17399	0.17399	0.17399	0.17399	0.17399	0.17399	0.17399	0.17399	0.17399	0.17399	0.17399
10000	7.0113	0.001	0.015028	1	1	0.80256	1.4107	0.39815	0	30.023	1.4107	0.39815	0	30.023	1.4107	0.39815	0	30.023	1.4107	0.39815	0	30.023	0	1.6423	0.46351	0	34.952	1.6423	0.46351	0	34.952	1.6423	0.46351	0	34.952	1.6423	0.46351	0	34.952	0	0.20052	0.20052	0.20052	0.20052	0.20052	0.20052	0.20052	0.20052	0.20052	0.20052	0.20052	0.20052	0.20052	0.20052	0.20052	0.20052	0.20052
10000	10	0.001	0.01	1	1	1.2484	1.4426	0.45274	0	14.568	1.4426	0.45274	0	14.568	1.4426	0.45274	0	14.568	1.4426	0.45274	0	14.568	0	2.5555	0.80197	0	25.805	2.5555	0.80197	0	25.805	2.5555	0.80197	0	25.805	2.5555	0.80197	0	25.805	0	0.47168	0.47168	0.47168	0.47168	0.47168	0.47168	0.47168	0.47168	0.47168	0.47168	0.47168	0.47168	0.47168	0.47168	0.47168	0.47168	0.47168
10000	9.6312	0.001	0.02307	1	1	0.90867	0.87871	0.38382	0	10.942	0.87871	0.38382	0	10.942	0.87871	0.38382	0	10.942	0.87871	0.38382	0	10.942	0	1.7342	0.75753	0	21.596	1.7342	0.75753	0	21.596	1.7342	0.75753	0	21.596	1.7342	0.75753	0	21.596	0	0.20803	0.20803	0.20803	0.20803	0.20803	0.20803	0.20803	0.20803	0.20803	0.20803	0.20803	0.20803	0.20803	0.20803	0.20803	0.20803	0.20803
10000	5.0431	0.0012222	0.019831	1	1	0.74575	0.75	0.43436	0	13	0.75	0.43436	0	13	0.75	0.43436	0	13	0.75	0.43436	0	13	0	0.90337	0.52319	0	15.658	0.90337	0.52319	0	15.658	0.90337	0.52319	0	15.658	0.90337	0.52319	0	15.658	0	0.1969	0.1969	0.1969	0.1969	0.1969	0.1969	0.1969	0.1969	0.1969	0.1969	0.1969	0.1969	0.1969	0.1969	0.1969	0.1969	0.1969
10000	4.7278	0.001	0.016972	1	1	1.0667	0.81432	0.69705	0	7.7251	0.81432	0.69705	0	7.7251	0.81432	0.69705	0	7.7251	0.81432	0.69705	0	7.7251	0	0.9889	0.84649	0	9.3813	0.9889	0.84649	0	9.3813	0.9889	0.84649	0	9.3813	0.9889	0.84649	0	9.3813	0	0.2	0.2	0.2	0.2	0.2	0.2	0.2	0.2	0.2	0.2	0.2	0.2	0.2	0.2	0.2	0.2	0.2
10000	10	0.001	0.044584	1	1	0.90619	3.0536	0.28567	0	32.185	3.0536	0.28567	0	32.185	3.0536	0.28567	0	32.185	3.0536	0.28567	0	32.185	0	1.0323	0.09657	0	10.88	1.0323	0.09657	0	10.88	1.0323	0.09657	0	10.88	1.0323	0.09657	0	10.88	0	0.35973	0.35973	0.35973	0.35973	0.35973	0.35973	0.35973	0.35973	0.35973	0.35973	0.35973	0.35973	0.35973	0.35973	0.35973	0.35973	0.35973
10000	4.3199	0.001	0.017864	1	1	0.8	2	0.3	0	15	2	0.3	0	15	2	0.3	0	15	2	0.3	0	15	0	2	0.3	0	15	2	0.3	0	15	2	0.3	0	15	2	0.3	0	15	0	0.6	0.6	0.6	0.6	0.6	0.6	0.6	0.6	0.6	0.6	0.6	0.6	0.6	0.6	0.6	0.6	0.6
10000	5.9955	0.001	0.016986	1	1	0.8	1.312	0.3	0	30	1.312	0.3	0	30	1.312	0.3	0	30	1.312	0.3	0	30	0	1.6032	0.36659	0	36.659	1.6032	0.36659	0	36.659	1.6032	0.36659	0	36.659	1.6032	0.36659	0	36.659	0	0.4	0.4	0.4	0.4	0.4	0.4	0.4	0.4	0.4	0.4	0.4	0.4	0.4	0.4	0.4	0.4	0.4
10000	7.4626	0.001	0.01	1	1	0.8	1.2509	0.11888	0	7.7368	1.2509	0.11888	0	7.7368	1.2509	0.11888	0	7.7368	1.2509	0.11888	0	7.7368	0	1.2509	0.11888	0	7.7368	1.2509	0.11888	0	7.7368	1.2509	0.11888	0	7.7368	1.2509	0.11888	0	7.7368	0	0.40793	0.40793	0.40793	0.40793	0.40793	0.40793	0.40793	0.40793	0.40793	0.40793	0.40793	0.40793	0.40793	0.40793	0.40793	0.40793	0.40793
10000	7.0402	0.001	0.03073	1	1	1.1599	2.3754	0.62745	0	15.338	2.3754	0.62745	0	15.338	2.3754	0.62745	0	15.338	2.3754	0.62745	0	15.338	0	0.59384	0.15686	0	3.8345	0.59384	0.15686	0	3.8345	0.59384	0.15686	0	3.8345	0.59384	0.15686	0	3.8345	0	0.036149	0.036149	0.036149	0.036149	0.036149	0.036149	0.036149	0.036149	0.036149	0.036149	0.036149	0.036149	0.036149	0.036149	0.036149	0.036149	0.036149
10000	10	0.0010844	0.019874	1	1	1.0464	1.1321	0.37097	0	15.05	1.1321	0.37097	0	15.05	1.1321	0.37097	0	15.05	1.1321	0.37097	0	15.05	0	1.3154	0.43104	0	17.488	1.3154	0.43104	0	17.488	1.3154	0.43104	0	17.488	1.3154	0.43104	0	17.488	0	0.31285	0.31285	0.31285	0.31285	0.31285	0.31285	0.31285	0.31285	0.31285	0.31285	0.31285	0.31285	0.31285	0.31285	0.31285	0.31285	0.31285
10000	8.4426	0.001	0.019294	1	1	1.1245	2.919	2.6795	0	9.8372	2.919	2.6795	0	9.8372	2.919	2.6795	0	9.8372	2.919	2.6795	0	9.8372	0	0.72975	0.66987	0	2.4593	0.72975	0.66987	0	2.4593	0.72975	0.66987	0	2.4593	0.72975	0.66987	0	2.4593	0	0.099301	0.099301	0.099301	0.099301	0.099301	0.099301	0.099301	0.099301	0.099301	0.099301	0.099301	0.099301	0.099301	0.099301	0.099301	0.099301	0.099301
10000	8.1021	0.001	0.02	1	1	0.8	2.2581	0.34862	0	9.9999	2.2581	0.34862	0	9.9999	2.2581	0.34862	0	9.9999	2.2581	0.34862	0	9.9999	0	0.88279	0.13629	0	3.9094	0.88279	0.13629	0	3.9094	0.88279	0.13629	0	3.9094	0.88279	0.13629	0	3.9094	0	0.12383	0.12383	0.12383	0.12383	0.12383	0.12383	0.12383	0.12383	0.12383	0.12383	0.12383	0.12383	0.12383	0.12383	0.12383	0.12383	0.12383
10000	6.367	0.001	0.01	1	1	0.5366	1.9689	0.50838	0	33.707	1.9689	0.50838	0	33.707	1.9689	0.50838	0	33.707	1.9689	0.50838	0	33.707	0	0.52826	0.1364	0	9.0437	0.52826	0.1364	0	9.0437	0.52826	0.1364	0	9.0437	0.52826	0.1364	0	9.0437	0	0.29879	0.29879	0.29879	0.29879	0.29879	0.29879	0.29879	0.29879	0.29879	0.29879	0.29879	0.29879	0.29879	0.29879	0.29879	0.29879	0.29879
10000	7.5387	0.001	0.030157	1	1	1.1894	1.1126	0.16516	0	8.4852	1.1126	0.16516	0	8.4852	1.1126	0.16516	0	8.4852	1.1126	0.16516	0	8.4852	0	1.5793	0.23444	0	12.045	1.5793	0.23444	0	12.045	1.5793	0.23444	0	12.045	1.5793	0.23444	0	12.045	0	0.65903	0.65903	0.65903	0.65903	0.65903	0.65903	0.65903	0.65903	0.65903	0.65903	0.65903	0.65903	0.65903	0.65903	0.65903	0.65903	0.65903
10000	8.958	0.001	0.024425	1	1	0.81741	2.3336	-0.0054668	0	7.6264	2.3336	-0.0054668	0	7.6264	2.3336	-0.0054668	0	7.6264	2.3336	-0.0054668	0	7.6264	0	0.7864	-0.0018423	0	2.57	0.7864	-0.0018423	0	2.57	0.7864	-0.0018423	0	2.57	0.7864	-0.0018423	0	2.57	0	0.23592	0.23592	0.23592	0.23592	0.23592	0.23592	0.23592	0.23592	0.23592	0.23592	0.23592	0.23592	0.23592	0.23592	0.23592	0.23592	0.23592
10000	5.8681	0.001	0.019444	1	1	0.8	2	0.4	0	40	2	0.4	0	40	2	0.4	0	40	2	0.4	0	40	0	0.5	0.1	0	10	0.5	0.1	0	10	0.5	0.1	0	10	0.5	0.1	0	10	0	0.29779	0.29779	0.29779	0.29779	0.29779	0.29779	0.29779	0.29779	0.29779	0.29779	0.29779	0.29779	0.29779	0.29779	0.29779	0.29779	0.29779
10000	5.4386	0.001	0.01	1	1	1.1724	1.7903	0.083972	0	19.706	1.7903	0.083972	0	19.706	1.7903	0.083972	0	19.706	1.7903	0.083972	0	19.706	0	0.44757	0.020993	0	4.9265	0.44757	0.020993	0	4.9265	0.44757	0.020993	0	4.9265	0.44757	0.020993	0	4.9265	0	0.3813	0.3813	0.3813	0.3813	0.3813	0.3813	0.3813	0.3813	0.3813	0.3813	0.3813	0.3813	0.3813	0.3813	0.3813	0.3813	0.3813
10000	7	0.001	0.01	1	1	0.67627	1.3333	0.3	0	16.667	1.3333	0.3	0	16.667	1.3333	0.3	0	16.667	1.3333	0.3	0	16.667	0	0.33333	0.075	0	4.1667	0.33333	0.075	0	4.1667	0.33333	0.075	0	4.1667	0.33333	0.075	0	4.1667	0	0	0	0	0	0	0	0	0	0	0	0	0	0	0	0	0	0
10000	8.6667	0.001	0.022675	1	1	0.84717	1.0094	0.30652	0	15.083	1.0094	0.30652	0	15.083	1.0094	0.30652	0	15.083	1.0094	0.30652	0	15.083	0	1.2182	0.36993	0	18.203	1.2182	0.36993	0	18.203	1.2182	0.36993	0	18.203	1.2182	0.36993	0	18.203	0	0.46946	0.46946	0.46946	0.46946	0.46946	0.46946	0.46946	0.46946	0.46946	0.46946	0.46946	0.46946	0.46946	0.46946	0.46946	0.46946	0.46946
10000	4.6969	0.001	0.026664	1	1	0.79948	1.168	0.30037	0	14.995	1.168	0.30037	0	14.995	1.168	0.30037	0	14.995	1.168	0.30037	0	14.995	0	0.29199	0.075094	0	3.7489	0.29199	0.075094	0	3.7489	0.29199	0.075094	0	3.7489	0.29199	0.075094	0	3.7489	0	0.022955	0.022955	0.022955	0.022955	0.022955	0.022955	0.022955	0.022955	0.022955	0.022955	0.022955	0.022955	0.022955	0.022955	0.022955	0.022955	0.022955
10000	7	0.0023333	0.03	1	1	0.76773	2.9514	0.15901	0	15	2.9514	0.15901	0	15	2.9514	0.15901	0	15	2.9514	0.15901	0	15	0	1.0042	0.054104	0	5.1039	1.0042	0.054104	0	5.1039	1.0042	0.054104	0	5.1039	1.0042	0.054104	0	5.1039	0	0.33446	0.33446	0.33446	0.33446	0.33446	0.33446	0.33446	0.33446	0.33446	0.33446	0.33446	0.33446	0.33446	0.33446	0.33446	0.33446	0.33446
10000	8.5645	0.001	0.016667	1	1	0.8	1	0.3	0	15	1	0.3	0	15	1	0.3	0	15	1	0.3	0	15	0	1	0.3	0	15	1	0.3	0	15	1	0.3	0	15	1	0.3	0	15	0	0.4	0.4	0.4	0.4	0.4	0.4	0.4	0.4	0.4	0.4	0.4	0.4	0.4	0.4	0.4	0.4	0.4
10000	5.5007	0.001	0.01	1	1	0.8	1	0.3	0	15	1	0.3	0	15	1	0.3	0	15	1	0.3	0	15	0	1.2802	0.38405	0	19.202	1.2802	0.38405	0	19.202	1.2802	0.38405	0	19.202	1.2802	0.38405	0	19.202	0	0.48606	0.48606	0.48606	0.48606	0.48606	0.48606	0.48606	0.48606	0.48606	0.48606	0.48606	0.48606	0.48606	0.48606	0.48606	0.48606	0.48606
10000	7	0.001	0.03	1	1	0.8	2	0.3	0	15	2	0.3	0	15	2	0.3	0	15	2	0.3	0	15	0	2	0.3	0	15	2	0.3	0	15	2	0.3	0	15	2	0.3	0	15	0	0.7	0.7	0.7	0.7	0.7	0.7	0.7	0.7	0.7	0.7	0.7	0.7	0.7	0.7	0.7	0.7	0.7
10000	5.85	0.001	0.04	1	1	0.58193	2.5513	0.29298	0	15	2.5513	0.29298	0	15	2.5513	0.29298	0	15	2.5513	0.29298	0	15	0	0.92618	0.10636	0	5.4454	0.92618	0.10636	0	5.4454	0.92618	0.10636	0	5.4454	0.92618	0.10636	0	5.4454	0	0.2	0.2	0.2	0.2	0.2	0.2	0.2	0.2	0.2	0.2	0.2	0.2	0.2	0.2	0.2	0.2	0.2
10000	10	0.001	0.01	1	1	0.67263	0.97152	0.31667	0	22.107	0.97152	0.31667	0	22.107	0.97152	0.31667	0	22.107	0.97152	0.31667	0	22.107	0	1.1684	0.38083	0	26.586	1.1684	0.38083	0	26.586	1.1684	0.38083	0	26.586	1.1684	0.38083	0	26.586	0	0.53282	0.53282	0.53282	0.53282	0.53282	0.53282	0.53282	0.53282	0.53282	0.53282	0.53282	0.53282	0.53282	0.53282	0.53282	0.53282	0.53282
10000	10	0.001	0.032586	1	1	0.8	0.86667	0.3	0	15	0.86667	0.3	0	15	0.86667	0.3	0	15	0.86667	0.3	0	15	0	1.7333	0.6	0	30	1.7333	0.6	0	30	1.7333	0.6	0	30	1.7333	0.6	0	30	0	0.47422	0.47422	0.47422	0.47422	0.47422	0.47422	0.47422	0.47422	0.47422	0.47422	0.47422	0.47422	0.47422	0.47422	0.47422	0.47422	0.47422
10000	3.9841	0.001	0.01	1	1	0.40811	1.4169	0.57471	0	20.192	1.4169	0.57471	0	20.192	1.4169	0.57471	0	20.192	1.4169	0.57471	0	20.192	0	0.35423	0.14368	0	5.0479	0.35423	0.14368	0	5.0479	0.35423	0.14368	0	5.0479	0.35423	0.14368	0	5.0479	0	0.29411	0.29411	0.29411	0.29411	0.29411	0.29411	0.29411	0.29411	0.29411	0.29411	0.29411	0.29411	0.29411	0.29411	0.29411	0.29411	0.29411
10000	5.2442	0.018465	0.020258	1	1	0.34348	1.0271	0.56983	0	-151.6	1.0271	0.56983	0	-151.6	1.0271	0.56983	0	-151.6	1.0271	0.56983	0	-151.6	0	0.25677	0.14246	0	-37.899	0.25677	0.14246	0	-37.899	0.25677	0.14246	0	-37.899	0.25677	0.14246	0	-37.899	0	0.50421	0.50421	0.50421	0.50421	0.50421	0.50421	0.50421	0.50421	0.50421	0.50421	0.50421	0.50421	0.50421	0.50421	0.50421	0.50421	0.50421
10000	4.6043	0.01078	0.089687	1	1	0.66454	1.3326	0.42898	0	6.5436	1.3326	0.42898	0	6.5436	1.3326	0.42898	0	6.5436	1.3326	0.42898	0	6.5436	0	0.77566	0.24969	0	3.8088	0.77566	0.24969	0	3.8088	0.77566	0.24969	0	3.8088	0.77566	0.24969	0	3.8088	0	0.40881	0.40881	0.40881	0.40881	0.40881	0.40881	0.40881	0.40881	0.40881	0.40881	0.40881	0.40881	0.40881	0.40881	0.40881	0.40881	0.40881
10000	9.4233	0.001	0.093695	1	1	0.44556	0.82655	0.86454	0	12.778	0.82655	0.86454	0	12.778	0.82655	0.86454	0	12.778	0.82655	0.86454	0	12.778	0	0.20664	0.21614	0	3.1944	0.20664	0.21614	0	3.1944	0.20664	0.21614	0	3.1944	0.20664	0.21614	0	3.1944	0	0.34127	0.34127	0.34127	0.34127	0.34127	0.34127	0.34127	0.34127	0.34127	0.34127	0.34127	0.34127	0.34127	0.34127	0.34127	0.34127	0.34127
10000	3.0584	0.0059849	0.01	1	1	0.73378	1.3333	0.3	0	8.152	1.3333	0.3	0	8.152	1.3333	0.3	0	8.152	1.3333	0.3	0	8.152	0	0.33333	0.075	0	2.038	0.33333	0.075	0	2.038	0.33333	0.075	0	2.038	0.33333	0.075	0	2.038	0	0.46671	0.46671	0.46671	0.46671	0.46671	0.46671	0.46671	0.46671	0.46671	0.46671	0.46671	0.46671	0.46671	0.46671	0.46671	0.46671	0.46671
10000	5	0.0062832	0.02	1	1	0.5192	2	0.3	0	15	2	0.3	0	15	2	0.3	0	15	2	0.3	0	15	0	0.5	0.075	0	3.75	0.5	0.075	0	3.75	0.5	0.075	0	3.75	0.5	0.075	0	3.75	0	0.3	0.3	0.3	0.3	0.3	0.3	0.3	0.3	0.3	0.3	0.3	0.3	0.3	0.3	0.3	0.3	0.3
10000	5.3856	0.001	0.01831	1	1	0.8512	1.3366	0.13158	0	-1813.1	1.3366	0.13158	0	-1813.1	1.3366	0.13158	0	-1813.1	1.3366	0.13158	0	-1813.1	0	1.4458	0.14233	0	-1961.2	1.4458	0.14233	0	-1961.2	1.4458	0.14233	0	-1961.2	1.4458	0.14233	0	-1961.2	0	0.61693	0.61693	0.61693	0.61693	0.61693	0.61693	0.61693	0.61693	0.61693	0.61693	0.61693	0.61693	0.61693	0.61693	0.61693	0.61693	0.61693
10000	3.7594	0.026387	0.032209	1	1	0.672	1.4178	1.4043	0	14.558	1.4178	1.4043	0	14.558	1.4178	1.4043	0	14.558	1.4178	1.4043	0	14.558	0	0.35445	0.35108	0	3.6395	0.35445	0.35108	0	3.6395	0.35445	0.35108	0	3.6395	0.35445	0.35108	0	3.6395	0	0.33494	0.33494	0.33494	0.33494	0.33494	0.33494	0.33494	0.33494	0.33494	0.33494	0.33494	0.33494	0.33494	0.33494	0.33494	0.33494	0.33494
10000	5.5781	0.0028074	0.01	1	1	0.35703	3.2449	0.42737	0	-133.43	3.2449	0.42737	0	-133.43	3.2449	0.42737	0	-133.43	3.2449	0.42737	0	-133.43	0	1.2371	0.16294	0	-50.872	1.2371	0.16294	0	-50.872	1.2371	0.16294	0	-50.872	1.2371	0.16294	0	-50.872	0	0.70577	0.70577	0.70577	0.70577	0.70577	0.70577	0.70577	0.70577	0.70577	0.70577	0.70577	0.70577	0.70577	0.70577	0.70577	0.70577	0.70577
10000	2.55	0.001	0.023245	1	1	0.60849	0.8	0.3	0	15	0.8	0.3	0	15	0.8	0.3	0	15	0.8	0.3	0	15	0	0.2	0.075	0	3.75	0.2	0.075	0	3.75	0.2	0.075	0	3.75	0.2	0.075	0	3.75	0	0.21559	0.21559	0.21559	0.21559	0.21559	0.21559	0.21559	0.21559	0.21559	0.21559	0.21559	0.21559	0.21559	0.21559	0.21559	0.21559	0.21559
10000	3	0.001	0.02	1	1	0.8	2	0.6	0	13.848	2	0.6	0	13.848	2	0.6	0	13.848	2	0.6	0	13.848	0	0.5	0.15	0	3.4619	0.5	0.15	0	3.4619	0.5	0.15	0	3.4619	0.5	0.15	0	3.4619	0	0.2197	0.2197	0.2197	0.2197	0.2197	0.2197	0.2197	0.2197	0.2197	0.2197	0.2197	0.2197	0.2197	0.2197	0.2197	0.2197	0.2197
10000	7.4693	0.001	0.029451	1	1	1.0867	2.1079	0.091787	0	23.061	2.1079	0.091787	0	23.061	2.1079	0.091787	0	23.061	2.1079	0.091787	0	23.061	0	0.52696	0.022947	0	5.7654	0.52696	0.022947	0	5.7654	0.52696	0.022947	0	5.7654	0.52696	0.022947	0	5.7654	0	0.25832	0.25832	0.25832	0.25832	0.25832	0.25832	0.25832	0.25832	0.25832	0.25832	0.25832	0.25832	0.25832	0.25832	0.25832	0.25832	0.25832
10000	3.3037	0.001	0.031558	1	1	0.28248	1.7746	-0.075633	0	6.8374	1.7746	-0.075633	0	6.8374	1.7746	-0.075633	0	6.8374	1.7746	-0.075633	0	6.8374	0	0.87953	-0.037485	0	3.3887	0.87953	-0.037485	0	3.3887	0.87953	-0.037485	0	3.3887	0.87953	-0.037485	0	3.3887	0	0.4302	0.4302	0.4302	0.4302	0.4302	0.4302	0.4302	0.4302	0.4302	0.4302	0.4302	0.4302	0.4302	0.4302	0.4302	0.4302	0.4302
10000	5	0.001	0.023333	1	1	0.8	1.3637	0.4	0	15	1.3637	0.4	0	15	1.3637	0.4	0	15	1.3637	0.4	0	15	0	0.34092	0.1	0	3.75	0.34092	0.1	0	3.75	0.34092	0.1	0	3.75	0.34092	0.1	0	3.75	0	0.083333	0.083333	0.083333	0.083333	0.083333	0.083333	0.083333	0.083333	0.083333	0.083333	0.083333	0.083333	0.083333	0.083333	0.083333	0.083333	0.083333
10000	5	0.001	0.02	1	1	0.8	1	1	0	15	1	1	0	15	1	1	0	15	1	1	0	15	0	1.5788	1.5788	0	23.682	1.5788	1.5788	0	23.682	1.5788	1.5788	0	23.682	1.5788	1.5788	0	23.682	0	0.36068	0.36068	0.36068	0.36068	0.36068	0.36068	0.36068	0.36068	0.36068	0.36068	0.36068	0.36068	0.36068	0.36068	0.36068	0.36068	0.36068
10000	5	0.001	0.02	1	1	0.8	1	0.10391	0	15	1	0.10391	0	15	1	0.10391	0	15	1	0.10391	0	15	0	1.0822	0.11245	0	16.233	1.0822	0.11245	0	16.233	1.0822	0.11245	0	16.233	1.0822	0.11245	0	16.233	0	0.2531	0.2531	0.2531	0.2531	0.2531	0.2531	0.2531	0.2531	0.2531	0.2531	0.2531	0.2531	0.2531	0.2531	0.2531	0.2531	0.2531
10000	4.6288	0.0040655	0.02077	1	1	0.83818	2.1823	-0.0046335	0	14.752	2.1823	-0.0046335	0	14.752	2.1823	-0.0046335	0	14.752	2.1823	-0.0046335	0	14.752	0	0.54558	-0.0011584	0	3.6879	0.54558	-0.0011584	0	3.6879	0.54558	-0.0011584	0	3.6879	0.54558	-0.0011584	0	3.6879	0	0.21455	0.21455	0.21455	0.21455	0.21455	0.21455	0.21455	0.21455	0.21455	0.21455	0.21455	0.21455	0.21455	0.21455	0.21455	0.21455	0.21455
10000	4.7261	0.001	0.02	1	1	0.8	2	0.3	0	15.657	2	0.3	0	15.657	2	0.3	0	15.657	2	0.3	0	15.657	0	0.5	0.075	0	3.9142	0.5	0.075	0	3.9142	0.5	0.075	0	3.9142	0.5	0.075	0	3.9142	0	0.16667	0.16667	0.16667	0.16667	0.16667	0.16667	0.16667	0.16667	0.16667	0.16667	0.16667	0.16667	0.16667	0.16667	0.16667	0.16667	0.16667
10000	4.1833	0.001	0.02	1	1	0.8	1	0.3	0	15	1	0.3	0	15	1	0.3	0	15	1	0.3	0	15	0	1.1647	0.3494	0	17.47	1.1647	0.3494	0	17.47	1.1647	0.3494	0	17.47	1.1647	0.3494	0	17.47	0	0.28699	0.28699	0.28699	0.28699	0.28699	0.28699	0.28699	0.28699	0.28699	0.28699	0.28699	0.28699	0.28699	0.28699	0.28699	0.28699	0.28699
10000	5	0.001	0.02	1	1	0.8	1	0.3	0	15	1	0.3	0	15	1	0.3	0	15	1	0.3	0	15	0	1	0.3	0	15	1	0.3	0	15	1	0.3	0	15	1	0.3	0	15	0	0.3	0.3	0.3	0.3	0.3	0.3	0.3	0.3	0.3	0.3	0.3	0.3	0.3	0.3	0.3	0.3	0.3
10000	4.3525	0.001	0.049525	1	1	1.1111	1.1994	0.3	0	15	1.1994	0.3	0	15	1.1994	0.3	0	15	1.1994	0.3	0	15	0	0.29984	0.075001	0	3.75	0.29984	0.075001	0	3.75	0.29984	0.075001	0	3.75	0.29984	0.075001	0	3.75	0	0.19551	0.19551	0.19551	0.19551	0.19551	0.19551	0.19551	0.19551	0.19551	0.19551	0.19551	0.19551	0.19551	0.19551	0.19551	0.19551	0.19551
10000	2.9645	0.0036667	0.020004	1	1	1.0385	1.7559	0.40012	0	14.999	1.7559	0.40012	0	14.999	1.7559	0.40012	0	14.999	1.7559	0.40012	0	14.999	0	0.43898	0.10003	0	3.7496	0.43898	0.10003	0	3.7496	0.43898	0.10003	0	3.7496	0.43898	0.10003	0	3.7496	0	0.23615	0.23615	0.23615	0.23615	0.23615	0.23615	0.23615	0.23615	0.23615	0.23615	0.23615	0.23615	0.23615	0.23615	0.23615	0.23615	0.23615
10000	5.4731	0.001	0.01	1	1	0.96152	2.7439	0.91667	0	19	2.7439	0.91667	0	19	2.7439	0.91667	0	19	2.7439	0.91667	0	19	0	0.68598	0.22917	0	4.7499	0.68598	0.22917	0	4.7499	0.68598	0.22917	0	4.7499	0.68598	0.22917	0	4.7499	0	0.31744	0.31744	0.31744	0.31744	0.31744	0.31744	0.31744	0.31744	0.31744	0.31744	0.31744	0.31744	0.31744	0.31744	0.31744	0.31744	0.31744
10000	4.321	0.001	0.02	1	1	0.82963	2.6116	0.24838	0	15	2.6116	0.24838	0	15	2.6116	0.24838	0	15	2.6116	0.24838	0	15	0	0.65289	0.062096	0	3.75	0.65289	0.062096	0	3.75	0.65289	0.062096	0	3.75	0.65289	0.062096	0	3.75	0	0.26667	0.26667	0.26667	0.26667	0.26667	0.26667	0.26667	0.26667	0.26667	0.26667	0.26667	0.26667	0.26667	0.26667	0.26667	0.26667	0.26667
10000	3	0.001	0.02	1	1	1	2	0.6	0	30	2	0.6	0	30	2	0.6	0	30	2	0.6	0	30	0	0.5	0.15	0	7.5	0.5	0.15	0	7.5	0.5	0.15	0	7.5	0.5	0.15	0	7.5	0	0.2	0.2	0.2	0.2	0.2	0.2	0.2	0.2	0.2	0.2	0.2	0.2	0.2	0.2	0.2	0.2	0.2
10000	3.5204	0.001	0.01	1	1	1.2831	1.1492	-0.11665	0	5.6447	1.1492	-0.11665	0	5.6447	1.1492	-0.11665	0	5.6447	1.1492	-0.11665	0	5.6447	0	1.0241	-0.10394	0	5.0299	1.0241	-0.10394	0	5.0299	1.0241	-0.10394	0	5.0299	1.0241	-0.10394	0	5.0299	0	0.21711	0.21711	0.21711	0.21711	0.21711	0.21711	0.21711	0.21711	0.21711	0.21711	0.21711	0.21711	0.21711	0.21711	0.21711	0.21711	0.21711
10000	3.2656	0.001	0.01	1	1	1	1	0.3	0	20	1	0.3	0	20	1	0.3	0	20	1	0.3	0	20	0	1.1667	0.35	0	23.333	1.1667	0.35	0	23.333	1.1667	0.35	0	23.333	1.1667	0.35	0	23.333	0	0.35	0.35	0.35	0.35	0.35	0.35	0.35	0.35	0.35	0.35	0.35	0.35	0.35	0.35	0.35	0.35	0.35
10000	7.3733	0.0052878	0.022269	1	1	1.5937	1.1341	0.429	0	21.408	1.1341	0.429	0	21.408	1.1341	0.429	0	21.408	1.1341	0.429	0	21.408	0	1.0881	0.41159	0	20.539	1.0881	0.41159	0	20.539	1.0881	0.41159	0	20.539	1.0881	0.41159	0	20.539	0	0.093662	0.093662	0.093662	0.093662	0.093662	0.093662	0.093662	0.093662	0.093662	0.093662	0.093662	0.093662	0.093662	0.093662	0.093662	0.093662	0.093662
10000	3.7494	0.001	0.02	1	1	1.6	0.89693	0.3	0	7.0456	0.89693	0.3	0	7.0456	0.89693	0.3	0	7.0456	0.89693	0.3	0	7.0456	0	0.89693	0.3	0	7.0456	0.89693	0.3	0	7.0456	0.89693	0.3	0	7.0456	0.89693	0.3	0	7.0456	0	0.2	0.2	0.2	0.2	0.2	0.2	0.2	0.2	0.2	0.2	0.2	0.2	0.2	0.2	0.2	0.2	0.2
10000	3.4412	0.001	0.024525	1	1	1.0036	1.2262	0.44705	0	16.81	1.2262	0.44705	0	16.81	1.2262	0.44705	0	16.81	1.2262	0.44705	0	16.81	0	0.9835	0.35856	0	13.482	0.9835	0.35856	0	13.482	0.9835	0.35856	0	13.482	0.9835	0.35856	0	13.482	0	0.22439	0.22439	0.22439	0.22439	0.22439	0.22439	0.22439	0.22439	0.22439	0.22439	0.22439	0.22439	0.22439	0.22439	0.22439	0.22439	0.22439
10000	8.9075	0.001	0.02	1	1	1.3333	1.5	0.5	0	10	1.5	0.5	0	10	1.5	0.5	0	10	1.5	0.5	0	10	0	0.5	0.16667	0	3.3333	0.5	0.16667	0	3.3333	0.5	0.16667	0	3.3333	0.5	0.16667	0	3.3333	0	0.11476	0.11476	0.11476	0.11476	0.11476	0.11476	0.11476	0.11476	0.11476	0.11476	0.11476	0.11476	0.11476	0.11476	0.11476	0.11476	0.11476
10000	5.7647	0.001	0.02	1	1	1.1903	2.7641	0.14132	0	15	2.7641	0.14132	0	15	2.7641	0.14132	0	15	2.7641	0.14132	0	15	0	0.69103	0.035329	0	3.75	0.69103	0.035329	0	3.75	0.69103	0.035329	0	3.75	0.69103	0.035329	0	3.75	0	0.2695	0.2695	0.2695	0.2695	0.2695	0.2695	0.2695	0.2695	0.2695	0.2695	0.2695	0.2695	0.2695	0.2695	0.2695	0.2695	0.2695
10000	7	0.001	0.01	1	1	1.1484	3	0.5	0	30	3	0.5	0	30	3	0.5	0	30	3	0.5	0	30	0	0.83333	0.13889	0	8.3333	0.83333	0.13889	0	8.3333	0.83333	0.13889	0	8.3333	0.83333	0.13889	0	8.3333	0	0.26667	0.26667	0.26667	0.26667	0.26667	0.26667	0.26667	0.26667	0.26667	0.26667	0.26667	0.26667	0.26667	0.26667	0.26667	0.26667	0.26667
10000	10	0.001	0.10509	1	1	0.97733	2.197	0.52807	0	14.373	2.197	0.52807	0	14.373	2.197	0.52807	0	14.373	2.197	0.52807	0	14.373	0	0.54926	0.13202	0	3.5933	0.54926	0.13202	0	3.5933	0.54926	0.13202	0	3.5933	0.54926	0.13202	0	3.5933	0	0.11712	0.11712	0.11712	0.11712	0.11712	0.11712	0.11712	0.11712	0.11712	0.11712	0.11712	0.11712	0.11712	0.11712	0.11712	0.11712	0.11712
10000	3.7556	0.001	0.015973	1	1	1.1681	1.5939	0.50683	0	15.416	1.5939	0.50683	0	15.416	1.5939	0.50683	0	15.416	1.5939	0.50683	0	15.416	0	0.39847	0.12671	0	3.8541	0.39847	0.12671	0	3.8541	0.39847	0.12671	0	3.8541	0.39847	0.12671	0	3.8541	0	0.1372	0.1372	0.1372	0.1372	0.1372	0.1372	0.1372	0.1372	0.1372	0.1372	0.1372	0.1372	0.1372	0.1372	0.1372	0.1372	0.1372
10000	5.1673	0.001	0.020889	1	1	1.0026	2.0653	0.30172	0	14.979	2.0653	0.30172	0	14.979	2.0653	0.30172	0	14.979	2.0653	0.30172	0	14.979	0	0.51633	0.07543	0	3.7447	0.51633	0.07543	0	3.7447	0.51633	0.07543	0	3.7447	0.51633	0.07543	0	3.7447	0	0.19894	0.19894	0.19894	0.19894	0.19894	0.19894	0.19894	0.19894	0.19894	0.19894	0.19894	0.19894	0.19894	0.19894	0.19894	0.19894	0.19894
10000	4.488	0.001	0.018631	1	1	0.93613	1.9123	0.38726	0	7.0508	1.9123	0.38726	0	7.0508	1.9123	0.38726	0	7.0508	1.9123	0.38726	0	7.0508	0	0.79349	0.16069	0	2.9257	0.79349	0.16069	0	2.9257	0.79349	0.16069	0	2.9257	0.79349	0.16069	0	2.9257	0	0.27449	0.27449	0.27449	0.27449	0.27449	0.27449	0.27449	0.27449	0.27449	0.27449	0.27449	0.27449	0.27449	0.27449	0.27449	0.27449	0.27449
10000	4.1546	0.001	0.016462	1	1	0.95921	1.9363	0.91155	0	11.008	1.9363	0.91155	0	11.008	1.9363	0.91155	0	11.008	1.9363	0.91155	0	11.008	0	0.79687	0.37515	0	4.5303	0.79687	0.37515	0	4.5303	0.79687	0.37515	0	4.5303	0.79687	0.37515	0	4.5303	0	0.24826	0.24826	0.24826	0.24826	0.24826	0.24826	0.24826	0.24826	0.24826	0.24826	0.24826	0.24826	0.24826	0.24826	0.24826	0.24826	0.24826
10000	5.4948	0.001	0.017404	1	1	1.0232	1	0.3	0	15	1	0.3	0	15	1	0.3	0	15	1	0.3	0	15	0	1	0.3	0	15	1	0.3	0	15	1	0.3	0	15	1	0.3	0	15	0	0.22804	0.22804	0.22804	0.22804	0.22804	0.22804	0.22804	0.22804	0.22804	0.22804	0.22804	0.22804	0.22804	0.22804	0.22804	0.22804	0.22804
10000	5	0.001	0.02	1	1	1	1.9528	0.5	0	15	1.9528	0.5	0	15	1.9528	0.5	0	15	1.9528	0.5	0	15	0	0.97641	0.25	0	7.5	0.97641	0.25	0	7.5	0.97641	0.25	0	7.5	0.97641	0.25	0	7.5	0	0.39518	0.39518	0.39518	0.39518	0.39518	0.39518	0.39518	0.39518	0.39518	0.39518	0.39518	0.39518	0.39518	0.39518	0.39518	0.39518	0.39518
10000	7.9613	0.001	0.016242	1	1	1.1526	2.3174	0.29094	0	30.255	2.3174	0.29094	0	30.255	2.3174	0.29094	0	30.255	2.3174	0.29094	0	30.255	0	1.1218	0.14084	0	14.645	1.1218	0.14084	0	14.645	1.1218	0.14084	0	14.645	1.1218	0.14084	0	14.645	0	0.38333	0.38333	0.38333	0.38333	0.38333	0.38333	0.38333	0.38333	0.38333	0.38333	0.38333	0.38333	0.38333	0.38333	0.38333	0.38333	0.38333
10000	4.8798	0.0017205	0.020387	1	1	1	2.6667	0.37969	0	13.333	2.6667	0.37969	0	13.333	2.6667	0.37969	0	13.333	2.6667	0.37969	0	13.333	0	0.66667	0.094921	0	3.3333	0.66667	0.094921	0	3.3333	0.66667	0.094921	0	3.3333	0.66667	0.094921	0	3.3333	0	0.31682	0.31682	0.31682	0.31682	0.31682	0.31682	0.31682	0.31682	0.31682	0.31682	0.31682	0.31682	0.31682	0.31682	0.31682	0.31682	0.31682
10000	7.7159	0.001	0.041748	1	1	1.2522	2.5467	-1.4128	0	15.002	2.5467	-1.4128	0	15.002	2.5467	-1.4128	0	15.002	2.5467	-1.4128	0	15.002	0	0.95762	-0.53122	0	5.641	0.95762	-0.53122	0	5.641	0.95762	-0.53122	0	5.641	0.95762	-0.53122	0	5.641	0	0.43712	0.43712	0.43712	0.43712	0.43712	0.43712	0.43712	0.43712	0.43712	0.43712	0.43712	0.43712	0.43712	0.43712	0.43712	0.43712	0.43712
10000	4.9975	0.001	0.024964	1	1	0.99915	1.499	1.3285	0	14.993	1.499	1.3285	0	14.993	1.499	1.3285	0	14.993	1.499	1.3285	0	14.993	0	0.37474	0.33214	0	3.7483	0.37474	0.33214	0	3.7483	0.37474	0.33214	0	3.7483	0.37474	0.33214	0	3.7483	0	0.11092	0.11092	0.11092	0.11092	0.11092	0.11092	0.11092	0.11092	0.11092	0.11092	0.11092	0.11092	0.11092	0.11092	0.11092	0.11092	0.11092
10000	7.0073	0.001	0.019218	1	1	0.91667	2.1367	0.65417	0	12.951	2.1367	0.65417	0	12.951	2.1367	0.65417	0	12.951	2.1367	0.65417	0	12.951	0	0.53416	0.16354	0	3.2376	0.53416	0.16354	0	3.2376	0.53416	0.16354	0	3.2376	0.53416	0.16354	0	3.2376	0	0.21649	0.21649	0.21649	0.21649	0.21649	0.21649	0.21649	0.21649	0.21649	0.21649	0.21649	0.21649	0.21649	0.21649	0.21649	0.21649	0.21649
10000	5	0.001	0.01	1	1	0.82312	1.0137	0.3	0	15	1.0137	0.3	0	15	1.0137	0.3	0	15	1.0137	0.3	0	15	0	0.25343	0.075	0	3.75	0.25343	0.075	0	3.75	0.25343	0.075	0	3.75	0.25343	0.075	0	3.75	0	0.15	0.15	0.15	0.15	0.15	0.15	0.15	0.15	0.15	0.15	0.15	0.15	0.15	0.15	0.15	0.15	0.15
10000	10	0.001	0.022183	1	1	1.0156	2.691	0.4035	0	-9.5735	2.691	0.4035	0	-9.5735	2.691	0.4035	0	-9.5735	2.691	0.4035	0	-9.5735	0	0.67276	0.10088	0	-2.3934	0.67276	0.10088	0	-2.3934	0.67276	0.10088	0	-2.3934	0.67276	0.10088	0	-2.3934	0	0.3924	0.3924	0.3924	0.3924	0.3924	0.3924	0.3924	0.3924	0.3924	0.3924	0.3924	0.3924	0.3924	0.3924	0.3924	0.3924	0.3924
10000	6.2816	0.001	0.018333	1	1	1	2.21	1	0	15	2.21	1	0	15	2.21	1	0	15	2.21	1	0	15	0	0.5525	0.25	0	3.75	0.5525	0.25	0	3.75	0.5525	0.25	0	3.75	0.5525	0.25	0	3.75	0	0.30841	0.30841	0.30841	0.30841	0.30841	0.30841	0.30841	0.30841	0.30841	0.30841	0.30841	0.30841	0.30841	0.30841	0.30841	0.30841	0.30841
10000	10	0.0016097	0.01	1	1	1.0006	3.0106	-1.3273	0	14.932	3.0106	-1.3273	0	14.932	3.0106	-1.3273	0	14.932	3.0106	-1.3273	0	14.932	0	1.518	-0.66929	0	7.5293	1.518	-0.66929	0	7.5293	1.518	-0.66929	0	7.5293	1.518	-0.66929	0	7.5293	0	0.6055	0.6055	0.6055	0.6055	0.6055	0.6055	0.6055	0.6055	0.6055	0.6055	0.6055	0.6055	0.6055	0.6055	0.6055	0.6055	0.6055
10000	7	0.001	0.02	1	1	1	1.5	0.5	0	10	1.5	0.5	0	10	1.5	0.5	0	10	1.5	0.5	0	10	0	0.75	0.25	0	5	0.75	0.25	0	5	0.75	0.25	0	5	0.75	0.25	0	5	0	0.32491	0.32491	0.32491	0.32491	0.32491	0.32491	0.32491	0.32491	0.32491	0.32491	0.32491	0.32491	0.32491	0.32491	0.32491	0.32491	0.32491
