10000	0.1	0.001	0.012815	1	1	0.575	0.87488	0.1375	2.9375	13	0.87488	0.1375	2.9375	13	0.87488	0.1375	2.9375	13	0.87488	0.1375	2.9375	13	0	1.0663	0.16758	3.5801	15.844	1.0663	0.16758	3.5801	15.844	1.0663	0.16758	3.5801	15.844	1.0663	0.16758	3.5801	15.844	0	0.3	0.3	0.3	0.3	0.3	0.3	0.3	0.3	0.3	0.3	0.3	0.3	0.3	0.3	0.3	0.3	0.3
10000	0.1	0.001	0.01	1	1	0.8	-119	0.3	2.5	15	-119	0.3	2.5	15	-119	0.3	2.5	15	-119	0.3	2.5	15	0	-119	0.3	2.5	15	-119	0.3	2.5	15	-119	0.3	2.5	15	-119	0.3	2.5	15	0	0.2	0.2	0.2	0.2	0.2	0.2	0.2	0.2	0.2	0.2	0.2	0.2	0.2	0.2	0.2	0.2	0.2
10000	8.9763	0.001	0.01	1	1	0.34971	0.49968	0.57236	3.3744	13.767	0.49968	0.57236	3.3744	13.767	0.49968	0.57236	3.3744	13.767	0.49968	0.57236	3.3744	13.767	0	0.28121	0.32212	1.8991	7.7477	0.28121	0.32212	1.8991	7.7477	0.28121	0.32212	1.8991	7.7477	0.28121	0.32212	1.8991	7.7477	0	0.61586	0.61586	0.61586	0.61586	0.61586	0.61586	0.61586	0.61586	0.61586	0.61586	0.61586	0.61586	0.61586	0.61586	0.61586	0.61586	0.61586
10000	7.0583	0.0063455	0.01	1	1	0.65033	1.1672	0.62481	2.7943	-6.37	1.1672	0.62481	2.7943	-6.37	1.1672	0.62481	2.7943	-6.37	1.1672	0.62481	2.7943	-6.37	0	1.339	0.71676	3.2055	-7.3074	1.339	0.71676	3.2055	-7.3074	1.339	0.71676	3.2055	-7.3074	1.339	0.71676	3.2055	-7.3074	0	0.066667	0.066667	0.066667	0.066667	0.066667	0.066667	0.066667	0.066667	0.066667	0.066667	0.066667	0.066667	0.066667	0.066667	0.066667	0.066667	0.066667
10000	5	0.014382	1	1	1	0.8	1	0.3	2.5	15	1	0.3	2.5	15	1	0.3	2.5	15	1	0.3	2.5	15	0	1	0.3	2.5	15	1	0.3	2.5	15	1	0.3	2.5	15	1	0.3	2.5	15	0	0.23886	0.23886	0.23886	0.23886	0.23886	0.23886	0.23886	0.23886	0.23886	0.23886	0.23886	0.23886	0.23886	0.23886	0.23886	0.23886	0.23886
10000	6.3269	0.99999	0.019625	1	1	0.66825	0.89028	0.54358	3.1681	9.3399	0.89028	0.54358	3.1681	9.3399	0.89028	0.54358	3.1681	9.3399	0.89028	0.54358	3.1681	9.3399	0	0.88834	0.54239	3.1612	9.3195	0.88834	0.54239	3.1612	9.3195	0.88834	0.54239	3.1612	9.3195	0.88834	0.54239	3.1612	9.3195	0	0.23913	0.23913	0.23913	0.23913	0.23913	0.23913	0.23913	0.23913	0.23913	0.23913	0.23913	0.23913	0.23913	0.23913	0.23913	0.23913	0.23913
10000	5	0.001	0.015	1	1	1.6	2	0.3	2.5	5.2056	2	0.3	2.5	5.2056	2	0.3	2.5	5.2056	2	0.3	2.5	5.2056	0	2.381	0.35714	2.9762	6.1972	2.381	0.35714	2.9762	6.1972	2.381	0.35714	2.9762	6.1972	2.381	0.35714	2.9762	6.1972	0	0.53333	0.53333	0.53333	0.53333	0.53333	0.53333	0.53333	0.53333	0.53333	0.53333	0.53333	0.53333	0.53333	0.53333	0.53333	0.53333	0.53333
10000	4.9992	0.0099949	0.01	1	1	-31.2	1.0003	0.49979	2.5	14.998	1.0003	0.49979	2.5	14.998	1.0003	0.49979	2.5	14.998	1.0003	0.49979	2.5	14.998	0	1.0003	0.4998	2.5	14.998	1.0003	0.4998	2.5	14.998	1.0003	0.4998	2.5	14.998	1.0003	0.4998	2.5	14.998	0	0.40017	0.40017	0.40017	0.40017	0.40017	0.40017	0.40017	0.40017	0.40017	0.40017	0.40017	0.40017	0.40017	0.40017	0.40017	0.40017	0.40017
10000	3	0.001	0.01	1	1	0.8	0.8	0.3	2.5	15	0.8	0.3	2.5	15	0.8	0.3	2.5	15	0.8	0.3	2.5	15	0	1.1675	0.43781	3.6485	21.891	1.1675	0.43781	3.6485	21.891	1.1675	0.43781	3.6485	21.891	1.1675	0.43781	3.6485	21.891	0	0.2	0.2	0.2	0.2	0.2	0.2	0.2	0.2	0.2	0.2	0.2	0.2	0.2	0.2	0.2	0.2	0.2
10000	9.1971	0.001	0.01	1	1	0.83212	-3.1046	-0.62832	2.4578	15.346	-3.1046	-0.62832	2.4578	15.346	-3.1046	-0.62832	2.4578	15.346	-3.1046	-0.62832	2.4578	15.346	0	-3.7605	-0.76105	2.977	18.588	-3.7605	-0.76105	2.977	18.588	-3.7605	-0.76105	2.977	18.588	-3.7605	-0.76105	2.977	18.588	0	0.21728	0.21728	0.21728	0.21728	0.21728	0.21728	0.21728	0.21728	0.21728	0.21728	0.21728	0.21728	0.21728	0.21728	0.21728	0.21728	0.21728
10000	5	0.005	0.02	1	1	0.8	1	0.3	2.5	15	1	0.3	2.5	15	1	0.3	2.5	15	1	0.3	2.5	15	0	1	0.3	2.5	15	1	0.3	2.5	15	1	0.3	2.5	15	1	0.3	2.5	15	0	0.2	0.2	0.2	0.2	0.2	0.2	0.2	0.2	0.2	0.2	0.2	0.2	0.2	0.2	0.2	0.2	0.2
10000	5	0.001	0.01	1	1	1.6	1	0.3	2.5	15	1	0.3	2.5	15	1	0.3	2.5	15	1	0.3	2.5	15	0	1.4979	0.44936	3.7446	22.468	1.4979	0.44936	3.7446	22.468	1.4979	0.44936	3.7446	22.468	1.4979	0.44936	3.7446	22.468	0	0.16667	0.16667	0.16667	0.16667	0.16667	0.16667	0.16667	0.16667	0.16667	0.16667	0.16667	0.16667	0.16667	0.16667	0.16667	0.16667	0.16667
10000	4.3285	1	0.019999	1	1	0.58797	1.1251	0.5583	3.3558	30.999	1.1251	0.5583	3.3558	30.999	1.1251	0.5583	3.3558	30.999	1.1251	0.5583	3.3558	30.999	0	0.7258	0.36018	2.1649	19.999	0.7258	0.36018	2.1649	19.999	0.7258	0.36018	2.1649	19.999	0.7258	0.36018	2.1649	19.999	0	0.10267	0.10267	0.10267	0.10267	0.10267	0.10267	0.10267	0.10267	0.10267	0.10267	0.10267	0.10267	0.10267	0.10267	0.10267	0.10267	0.10267
10000	3.4391	1	0.030001	1	1	0.85572	1.2252	0.36303	3.9682	16.801	1.2252	0.36303	3.9682	16.801	1.2252	0.36303	3.9682	16.801	1.2252	0.36303	3.9682	16.801	0	0.85242	0.25258	2.7609	11.69	0.85242	0.25258	2.7609	11.69	0.85242	0.25258	2.7609	11.69	0.85242	0.25258	2.7609	11.69	0	0.16845	0.16845	0.16845	0.16845	0.16845	0.16845	0.16845	0.16845	0.16845	0.16845	0.16845	0.16845	0.16845	0.16845	0.16845	0.16845	0.16845
10000	0.1	0.0053933	0.01	1	1	-0.17871	-0.66101	-0.029176	-12.257	36.288	-0.66101	-0.029176	-12.257	36.288	-0.66101	-0.029176	-12.257	36.288	-0.66101	-0.029176	-12.257	36.288	0	-1.21	-0.053407	-22.437	66.426	-1.21	-0.053407	-22.437	66.426	-1.21	-0.053407	-22.437	66.426	-1.21	-0.053407	-22.437	66.426	0	0	0	0	0	0	0	0	0	0	0	0	0	0	0	0	0	0
10000	5.7375	0.001	0.01	1	1	-0.079303	0.75	0.7875	-19.063	21	0.75	0.7875	-19.063	21	0.75	0.7875	-19.063	21	0.75	0.7875	-19.063	21	0	1.2422	1.3043	-31.573	34.781	1.2422	1.3043	-31.573	34.781	1.2422	1.3043	-31.573	34.781	1.2422	1.3043	-31.573	34.781	0	0.38942	0.38942	0.38942	0.38942	0.38942	0.38942	0.38942	0.38942	0.38942	0.38942	0.38942	0.38942	0.38942	0.38942	0.38942	0.38942	0.38942
10000	6.4857	0.009419	0.01	1	1	0.35195	-9.5036	-2.3726	1.6187	11.029	-9.5036	-2.3726	1.6187	11.029	-9.5036	-2.3726	1.6187	11.029	-9.5036	-2.3726	1.6187	11.029	0	-5.3759	-1.3421	0.91562	6.2388	-5.3759	-1.3421	0.91562	6.2388	-5.3759	-1.3421	0.91562	6.2388	-5.3759	-1.3421	0.91562	6.2388	0	0.14483	0.14483	0.14483	0.14483	0.14483	0.14483	0.14483	0.14483	0.14483	0.14483	0.14483	0.14483	0.14483	0.14483	0.14483	0.14483	0.14483
10000	7.3549	0.0053919	0.015957	1	1	0.80939	10.398	0.31768	2.299	15.439	10.398	0.31768	2.299	15.439	10.398	0.31768	2.299	15.439	10.398	0.31768	2.299	15.439	0	19.188	0.58624	4.2425	28.491	19.188	0.58624	4.2425	28.491	19.188	0.58624	4.2425	28.491	19.188	0.58624	4.2425	28.491	0	0.1989	0.1989	0.1989	0.1989	0.1989	0.1989	0.1989	0.1989	0.1989	0.1989	0.1989	0.1989	0.1989	0.1989	0.1989	0.1989	0.1989
10000	5	0.001	0.01	1	1	0.8	1	0.3	2.5	15	1	0.3	2.5	15	1	0.3	2.5	15	1	0.3	2.5	15	0	1	0.3	2.5	15	1	0.3	2.5	15	1	0.3	2.5	15	1	0.3	2.5	15	0	0.3	0.3	0.3	0.3	0.3	0.3	0.3	0.3	0.3	0.3	0.3	0.3	0.3	0.3	0.3	0.3	0.3
10000	5.1117	0.0016808	0.01	1	1	0.65568	0.4808	0.0020015	-1.4665	13.589	0.4808	0.0020015	-1.4665	13.589	0.4808	0.0020015	-1.4665	13.589	0.4808	0.0020015	-1.4665	13.589	0	0.53048	0.0022083	-1.618	14.993	0.53048	0.0022083	-1.618	14.993	0.53048	0.0022083	-1.618	14.993	0.53048	0.0022083	-1.618	14.993	0	0.24499	0.24499	0.24499	0.24499	0.24499	0.24499	0.24499	0.24499	0.24499	0.24499	0.24499	0.24499	0.24499	0.24499	0.24499	0.24499	0.24499
10000	3.3441	1	0.023172	1	1	0.90357	1.1745	0.70325	6.401	28.729	1.1745	0.70325	6.401	28.729	1.1745	0.70325	6.401	28.729	1.1745	0.70325	6.401	28.729	0	0.5667	0.33931	3.0884	13.862	0.5667	0.33931	3.0884	13.862	0.5667	0.33931	3.0884	13.862	0.5667	0.33931	3.0884	13.862	0	0.16583	0.16583	0.16583	0.16583	0.16583	0.16583	0.16583	0.16583	0.16583	0.16583	0.16583	0.16583	0.16583	0.16583	0.16583	0.16583	0.16583
10000	6.0076	0.001	0.01	1	1	0.8	1.3333	0.6	2.5	6.526	1.3333	0.6	2.5	6.526	1.3333	0.6	2.5	6.526	1.3333	0.6	2.5	6.526	0	1.3333	0.6	2.5	6.526	1.3333	0.6	2.5	6.526	1.3333	0.6	2.5	6.526	1.3333	0.6	2.5	6.526	0	0.45542	0.45542	0.45542	0.45542	0.45542	0.45542	0.45542	0.45542	0.45542	0.45542	0.45542	0.45542	0.45542	0.45542	0.45542	0.45542	0.45542
10000	10	0.001	0.015018	1	1	0.79836	1.0018	0.29882	0.49909	14.985	1.0018	0.29882	0.49909	14.985	1.0018	0.29882	0.49909	14.985	1.0018	0.29882	0.49909	14.985	0	4.0072	1.1953	1.9964	59.942	4.0072	1.1953	1.9964	59.942	4.0072	1.1953	1.9964	59.942	4.0072	1.1953	1.9964	59.942	0	0.15908	0.15908	0.15908	0.15908	0.15908	0.15908	0.15908	0.15908	0.15908	0.15908	0.15908	0.15908	0.15908	0.15908	0.15908	0.15908	0.15908
10000	3.9742	0.0010008	0.01	1	1	-3.5422	0.62868	0.21763	1.6241	11.004	0.62868	0.21763	1.6241	11.004	0.62868	0.21763	1.6241	11.004	0.62868	0.21763	1.6241	11.004	0	0.90399	0.31293	2.3353	15.822	0.90399	0.31293	2.3353	15.822	0.90399	0.31293	2.3353	15.822	0.90399	0.31293	2.3353	15.822	0	1.3834e-17	1.3834e-17	1.3834e-17	1.3834e-17	1.3834e-17	1.3834e-17	1.3834e-17	1.3834e-17	1.3834e-17	1.3834e-17	1.3834e-17	1.3834e-17	1.3834e-17	1.3834e-17	1.3834e-17	1.3834e-17	1.3834e-17
10000	2.1666	0.001	0.01	1	1	-4.1676	0.93839	0.625	1.625	-16.466	0.93839	0.625	1.625	-16.466	0.93839	0.625	1.625	-16.466	0.93839	0.625	1.625	-16.466	0	0.2346	0.15625	0.40625	-4.1166	0.2346	0.15625	0.40625	-4.1166	0.2346	0.15625	0.40625	-4.1166	0.2346	0.15625	0.40625	-4.1166	0	0.3	0.3	0.3	0.3	0.3	0.3	0.3	0.3	0.3	0.3	0.3	0.3	0.3	0.3	0.3	0.3	0.3
10000	2.7356	0.001	0.02	1	1	0.8	1	0.062323	2.0578	15	1	0.062323	2.0578	15	1	0.062323	2.0578	15	1	0.062323	2.0578	15	0	0.75	0.046742	1.5434	11.25	0.75	0.046742	1.5434	11.25	0.75	0.046742	1.5434	11.25	0.75	0.046742	1.5434	11.25	0	0.2	0.2	0.2	0.2	0.2	0.2	0.2	0.2	0.2	0.2	0.2	0.2	0.2	0.2	0.2	0.2	0.2
10000	9.056	0.99998	0.018024	1	1	0.60958	0.9243	0.40539	4.4761	12.605	0.9243	0.40539	4.4761	12.605	0.9243	0.40539	4.4761	12.605	0.9243	0.40539	4.4761	12.605	0	0.68216	0.29919	3.3035	9.3028	0.68216	0.29919	3.3035	9.3028	0.68216	0.29919	3.3035	9.3028	0.68216	0.29919	3.3035	9.3028	0	0.11713	0.11713	0.11713	0.11713	0.11713	0.11713	0.11713	0.11713	0.11713	0.11713	0.11713	0.11713	0.11713	0.11713	0.11713	0.11713	0.11713
10000	5	0.003525	0.01	1	1	0.8	-3.3155	-35.7	-4.551	15	-3.3155	-35.7	-4.551	15	-3.3155	-35.7	-4.551	15	-3.3155	-35.7	-4.551	15	0	-0.82887	-8.9249	-1.1378	3.75	-0.82887	-8.9249	-1.1378	3.75	-0.82887	-8.9249	-1.1378	3.75	-0.82887	-8.9249	-1.1378	3.75	0	0.090599	0.090599	0.090599	0.090599	0.090599	0.090599	0.090599	0.090599	0.090599	0.090599	0.090599	0.090599	0.090599	0.090599	0.090599	0.090599	0.090599
10000	5	0.01	0.01	1	1	-0.93825	0.8	0.3	-2.272	15	0.8	0.3	-2.272	15	0.8	0.3	-2.272	15	0.8	0.3	-2.272	15	0	0.8	0.3	-2.272	15	0.8	0.3	-2.272	15	0.8	0.3	-2.272	15	0.8	0.3	-2.272	15	0	0.2	0.2	0.2	0.2	0.2	0.2	0.2	0.2	0.2	0.2	0.2	0.2	0.2	0.2	0.2	0.2	0.2
10000	6.7333	0.0099999	0.01	1	1	-3.0149	0.021461	0.3	2.5	15	0.021461	0.3	2.5	15	0.021461	0.3	2.5	15	0.021461	0.3	2.5	15	0	0.01699	0.2375	1.9792	11.875	0.01699	0.2375	1.9792	11.875	0.01699	0.2375	1.9792	11.875	0.01699	0.2375	1.9792	11.875	0	1	1	1	1	1	1	1	1	1	1	1	1	1	1	1	1	1
10000	3.2089	0.001	0.01	1	1	0.33394	0.34126	0.99464	-21.438	-138.45	0.34126	0.99464	-21.438	-138.45	0.34126	0.99464	-21.438	-138.45	0.34126	0.99464	-21.438	-138.45	0	0.22395	0.65273	-14.068	-90.86	0.22395	0.65273	-14.068	-90.86	0.22395	0.65273	-14.068	-90.86	0.22395	0.65273	-14.068	-90.86	0	0	0	0	0	0	0	0	0	0	0	0	0	0	0	0	0	0
10000	9.668	0.0072395	0.01	1	1	-1.0788	-1.9697	0.7003	-4.2473	18.758	-1.9697	0.7003	-4.2473	18.758	-1.9697	0.7003	-4.2473	18.758	-1.9697	0.7003	-4.2473	18.758	0	-3.6463	1.2964	-7.8625	34.724	-3.6463	1.2964	-7.8625	34.724	-3.6463	1.2964	-7.8625	34.724	-3.6463	1.2964	-7.8625	34.724	0	0.41097	0.41097	0.41097	0.41097	0.41097	0.41097	0.41097	0.41097	0.41097	0.41097	0.41097	0.41097	0.41097	0.41097	0.41097	0.41097	0.41097
10000	10	0.019	0.01	1	1	0.35	0.5	0.625	-8.9534	22.934	0.5	0.625	-8.9534	22.934	0.5	0.625	-8.9534	22.934	0.5	0.625	-8.9534	22.934	0	1.3437	1.6797	-24.062	61.636	1.3437	1.6797	-24.062	61.636	1.3437	1.6797	-24.062	61.636	1.3437	1.6797	-24.062	61.636	0	0	0	0	0	0	0	0	0	0	0	0	0	0	0	0	0	0
10000	3.1684	0.011792	0.014991	1	1	-1.2432	0.99947	0.023947	-0.0011267	15.007	0.99947	0.023947	-0.0011267	15.007	0.99947	0.023947	-0.0011267	15.007	0.99947	0.023947	-0.0011267	15.007	0	0.87379	0.020936	-0.00098504	13.12	0.87379	0.020936	-0.00098504	13.12	0.87379	0.020936	-0.00098504	13.12	0.87379	0.020936	-0.00098504	13.12	0	0.1997	0.1997	0.1997	0.1997	0.1997	0.1997	0.1997	0.1997	0.1997	0.1997	0.1997	0.1997	0.1997	0.1997	0.1997	0.1997	0.1997
10000	10	0.001	0.021021	1	1	0.11436	1.3194	0.24912	2.2157	3.4704	1.3194	0.24912	2.2157	3.4704	1.3194	0.24912	2.2157	3.4704	1.3194	0.24912	2.2157	3.4704	0	1.1045	0.20855	1.8548	2.9051	1.1045	0.20855	1.8548	2.9051	1.1045	0.20855	1.8548	2.9051	1.1045	0.20855	1.8548	2.9051	0	0.12554	0.12554	0.12554	0.12554	0.12554	0.12554	0.12554	0.12554	0.12554	0.12554	0.12554	0.12554	0.12554	0.12554	0.12554	0.12554	0.12554
10000	5.1628	1	0.041439	1	1	0.70388	0.88979	0.53956	4.355	27.09	0.88979	0.53956	4.355	27.09	0.88979	0.53956	4.355	27.09	0.88979	0.53956	4.355	27.09	0	0.53005	0.32142	2.5943	16.138	0.53005	0.32142	2.5943	16.138	0.53005	0.32142	2.5943	16.138	0.53005	0.32142	2.5943	16.138	0	0.086303	0.086303	0.086303	0.086303	0.086303	0.086303	0.086303	0.086303	0.086303	0.086303	0.086303	0.086303	0.086303	0.086303	0.086303	0.086303	0.086303
10000	1.4309	0.0088383	0.011838	1	1	0.21924	2.3696	0.091233	-0.73265	10.905	2.3696	0.091233	-0.73265	10.905	2.3696	0.091233	-0.73265	10.905	2.3696	0.091233	-0.73265	10.905	0	5.1314	0.19757	-1.5866	23.616	5.1314	0.19757	-1.5866	23.616	5.1314	0.19757	-1.5866	23.616	5.1314	0.19757	-1.5866	23.616	0	0.12199	0.12199	0.12199	0.12199	0.12199	0.12199	0.12199	0.12199	0.12199	0.12199	0.12199	0.12199	0.12199	0.12199	0.12199	0.12199	0.12199
10000	4.5365	0.0033709	0.016221	1	1	-2.5846	1.0797	0.1772	-19.859	31.511	1.0797	0.1772	-19.859	31.511	1.0797	0.1772	-19.859	31.511	1.0797	0.1772	-19.859	31.511	0	1.2582	0.20649	-23.142	36.721	1.2582	0.20649	-23.142	36.721	1.2582	0.20649	-23.142	36.721	1.2582	0.20649	-23.142	36.721	0	0	0	0	0	0	0	0	0	0	0	0	0	0	0	0	0	0
10000	0.1	0.40271	0.013068	1	1	1.2149	0.53898	0.48589	6.7226	991.28	0.53898	0.48589	6.7226	991.28	0.53898	0.48589	6.7226	991.28	0.53898	0.48589	6.7226	991.28	0	0.34099	0.30741	4.2532	627.15	0.34099	0.30741	4.2532	627.15	0.34099	0.30741	4.2532	627.15	0.34099	0.30741	4.2532	627.15	0	0.027966	0.027966	0.027966	0.027966	0.027966	0.027966	0.027966	0.027966	0.027966	0.027966	0.027966	0.027966	0.027966	0.027966	0.027966	0.027966	0.027966
10000	2.1312	0.99999	0.02174	1	1	0.56887	0.97496	0.3	5	105	0.97496	0.3	5	105	0.97496	0.3	5	105	0.97496	0.3	5	105	0	0.55854	0.17186	2.8644	60.153	0.55854	0.17186	2.8644	60.153	0.55854	0.17186	2.8644	60.153	0.55854	0.17186	2.8644	60.153	0	0.2	0.2	0.2	0.2	0.2	0.2	0.2	0.2	0.2	0.2	0.2	0.2	0.2	0.2	0.2	0.2	0.2
10000	3.479	1	0.023119	1	1	1.6087	1.7693	1.3272	3.0422	26.154	1.7693	1.3272	3.0422	26.154	1.7693	1.3272	3.0422	26.154	1.7693	1.3272	3.0422	26.154	0	0.44232	0.33179	0.76055	6.5386	0.44232	0.33179	0.76055	6.5386	0.44232	0.33179	0.76055	6.5386	0.44232	0.33179	0.76055	6.5386	0	0.10749	0.10749	0.10749	0.10749	0.10749	0.10749	0.10749	0.10749	0.10749	0.10749	0.10749	0.10749	0.10749	0.10749	0.10749	0.10749	0.10749
10000	6.3176	0.0010558	0.010083	1	1	0.23579	0.33606	-0.042657	1.2381	-26.08	0.33606	-0.042657	1.2381	-26.08	0.33606	-0.042657	1.2381	-26.08	0.33606	-0.042657	1.2381	-26.08	0	0.41598	-0.052801	1.5325	-32.282	0.41598	-0.052801	1.5325	-32.282	0.41598	-0.052801	1.5325	-32.282	0.41598	-0.052801	1.5325	-32.282	0	0.0018612	0.0018612	0.0018612	0.0018612	0.0018612	0.0018612	0.0018612	0.0018612	0.0018612	0.0018612	0.0018612	0.0018612	0.0018612	0.0018612	0.0018612	0.0018612	0.0018612
10000	1.0667	0.001	0.02	1	1	0.8	-1.2729	0.3	2.5	15	-1.2729	0.3	2.5	15	-1.2729	0.3	2.5	15	-1.2729	0.3	2.5	15	0	-2.0975	0.49433	4.1194	24.717	-2.0975	0.49433	4.1194	24.717	-2.0975	0.49433	4.1194	24.717	-2.0975	0.49433	4.1194	24.717	0	0.2	0.2	0.2	0.2	0.2	0.2	0.2	0.2	0.2	0.2	0.2	0.2	0.2	0.2	0.2	0.2	0.2
10000	2.136	0.001	0.011062	1	1	-5.9568	-7.6186	0.39976	1.1467	1.625	-7.6186	0.39976	1.1467	1.625	-7.6186	0.39976	1.1467	1.625	-7.6186	0.39976	1.1467	1.625	0	-8.4639	0.44412	1.2739	1.8052	-8.4639	0.44412	1.2739	1.8052	-8.4639	0.44412	1.2739	1.8052	-8.4639	0.44412	1.2739	1.8052	0	0.13861	0.13861	0.13861	0.13861	0.13861	0.13861	0.13861	0.13861	0.13861	0.13861	0.13861	0.13861	0.13861	0.13861	0.13861	0.13861	0.13861
10000	6.593	0.001	0.01485	1	1	1.3682	2.7448	0.30151	2.9507	27.94	2.7448	0.30151	2.9507	27.94	2.7448	0.30151	2.9507	27.94	2.7448	0.30151	2.9507	27.94	0	2.1263	0.23357	2.2858	21.644	2.1263	0.23357	2.2858	21.644	2.1263	0.23357	2.2858	21.644	2.1263	0.23357	2.2858	21.644	0	0.59678	0.59678	0.59678	0.59678	0.59678	0.59678	0.59678	0.59678	0.59678	0.59678	0.59678	0.59678	0.59678	0.59678	0.59678	0.59678	0.59678
10000	1.706	0.001	0.023333	1	1	-0.56415	-1.8449	0.096395	3.0104	12	-1.8449	0.096395	3.0104	12	-1.8449	0.096395	3.0104	12	-1.8449	0.096395	3.0104	12	0	-3.3039	0.17263	5.3913	21.49	-3.3039	0.17263	5.3913	21.49	-3.3039	0.17263	5.3913	21.49	-3.3039	0.17263	5.3913	21.49	0	0	0	0	0	0	0	0	0	0	0	0	0	0	0	0	0	0
10000	6.7158	0.78949	0.01	1	1	0.70512	1.2056	0.12318	3.4852	14.682	1.2056	0.12318	3.4852	14.682	1.2056	0.12318	3.4852	14.682	1.2056	0.12318	3.4852	14.682	0	0.30139	0.030795	0.87129	3.6704	0.30139	0.030795	0.87129	3.6704	0.30139	0.030795	0.87129	3.6704	0.30139	0.030795	0.87129	3.6704	0	0.012516	0.012516	0.012516	0.012516	0.012516	0.012516	0.012516	0.012516	0.012516	0.012516	0.012516	0.012516	0.012516	0.012516	0.012516	0.012516	0.012516
10000	2.5139	0.0018241	0.015281	1	1	0.89037	-1.1096	0.27778	5.0876	5.1958	-1.1096	0.27778	5.0876	5.1958	-1.1096	0.27778	5.0876	5.1958	-1.1096	0.27778	5.0876	5.1958	0	-1.8128	0.45382	8.3119	8.4886	-1.8128	0.45382	8.3119	8.4886	-1.8128	0.45382	8.3119	8.4886	-1.8128	0.45382	8.3119	8.4886	0	0.12085	0.12085	0.12085	0.12085	0.12085	0.12085	0.12085	0.12085	0.12085	0.12085	0.12085	0.12085	0.12085	0.12085	0.12085	0.12085	0.12085
10000	1.4251	0.65477	0.01	1	1	-0.30444	1.0641	-0.091636	5.1954	14.488	1.0641	-0.091636	5.1954	14.488	1.0641	-0.091636	5.1954	14.488	1.0641	-0.091636	5.1954	14.488	0	0.67651	-0.058261	3.3032	9.211	0.67651	-0.058261	3.3032	9.211	0.67651	-0.058261	3.3032	9.211	0.67651	-0.058261	3.3032	9.211	0	0	0	0	0	0	0	0	0	0	0	0	0	0	0	0	0	0
10000	4.9461	0.20237	0.90844	1	1	0.60937	0.98174	0.28813	2.468	15.146	0.98174	0.28813	2.468	15.146	0.98174	0.28813	2.468	15.146	0.98174	0.28813	2.468	15.146	0	0.24544	0.072034	0.61701	3.7865	0.24544	0.072034	0.61701	3.7865	0.24544	0.072034	0.61701	3.7865	0.24544	0.072034	0.61701	3.7865	0	0.2073	0.2073	0.2073	0.2073	0.2073	0.2073	0.2073	0.2073	0.2073	0.2073	0.2073	0.2073	0.2073	0.2073	0.2073	0.2073	0.2073
10000	4.103	0.0058209	0.01	1	1	-51.249	1.25	2.2917	2.9375	-106.4	1.25	2.2917	2.9375	-106.4	1.25	2.2917	2.9375	-106.4	1.25	2.2917	2.9375	-106.4	0	5	9.1667	11.75	-425.6	5	9.1667	11.75	-425.6	5	9.1667	11.75	-425.6	5	9.1667	11.75	-425.6	0	0.083333	0.083333	0.083333	0.083333	0.083333	0.083333	0.083333	0.083333	0.083333	0.083333	0.083333	0.083333	0.083333	0.083333	0.083333	0.083333	0.083333
10000	9.9999	0.005	0.01	1	1	0.93333	-2.3333	0.3	2.5	15	-2.3333	0.3	2.5	15	-2.3333	0.3	2.5	15	-2.3333	0.3	2.5	15	0	-4.6667	0.6	5	30	-4.6667	0.6	5	30	-4.6667	0.6	5	30	-4.6667	0.6	5	30	0	0.060812	0.060812	0.060812	0.060812	0.060812	0.060812	0.060812	0.060812	0.060812	0.060812	0.060812	0.060812	0.060812	0.060812	0.060812	0.060812	0.060812
10000	3.975	0.419	0.01	1	1	1.25	0.5	0.275	4.125	5.7258	0.5	0.275	4.125	5.7258	0.5	0.275	4.125	5.7258	0.5	0.275	4.125	5.7258	0	0.125	0.06875	1.0312	1.4315	0.125	0.06875	1.0312	1.4315	0.125	0.06875	1.0312	1.4315	0.125	0.06875	1.0312	1.4315	0	0	0	0	0	0	0	0	0	0	0	0	0	0	0	0	0	0
10000	7.2387	0.0015709	0.011002	1	1	0.98632	-0.75922	-0.15783	-0.16071	13.341	-0.75922	-0.15783	-0.16071	13.341	-0.75922	-0.15783	-0.16071	13.341	-0.75922	-0.15783	-0.16071	13.341	0	-1.7889	-0.37189	-0.37868	31.435	-1.7889	-0.37189	-0.37868	31.435	-1.7889	-0.37189	-0.37868	31.435	-1.7889	-0.37189	-0.37868	31.435	0	0	0	0	0	0	0	0	0	0	0	0	0	0	0	0	0	0
10000	7	0.001	0.02	1	1	0.4	1.1524	0.3	2.6612	11.228	1.1524	0.3	2.6612	11.228	1.1524	0.3	2.6612	11.228	1.1524	0.3	2.6612	11.228	0	0.2881	0.075	0.66529	2.8069	0.2881	0.075	0.66529	2.8069	0.2881	0.075	0.66529	2.8069	0.2881	0.075	0.66529	2.8069	0	0.15	0.15	0.15	0.15	0.15	0.15	0.15	0.15	0.15	0.15	0.15	0.15	0.15	0.15	0.15	0.15	0.15
10000	4.1166	0.001	0.01	1	1	0.33898	0.50147	0.67219	3.4512	30.804	0.50147	0.67219	3.4512	30.804	0.50147	0.67219	3.4512	30.804	0.50147	0.67219	3.4512	30.804	0	1.3091	1.7548	9.0095	80.416	1.3091	1.7548	9.0095	80.416	1.3091	1.7548	9.0095	80.416	1.3091	1.7548	9.0095	80.416	0	0	0	0	0	0	0	0	0	0	0	0	0	0	0	0	0	0
10000	4.4713	0.99999	0.014853	1	1	0.70024	1.293	0.29045	4.9743	10.262	1.293	0.29045	4.9743	10.262	1.293	0.29045	4.9743	10.262	1.293	0.29045	4.9743	10.262	0	0.59823	0.13438	2.3014	4.7478	0.59823	0.13438	2.3014	4.7478	0.59823	0.13438	2.3014	4.7478	0.59823	0.13438	2.3014	4.7478	0	0.18723	0.18723	0.18723	0.18723	0.18723	0.18723	0.18723	0.18723	0.18723	0.18723	0.18723	0.18723	0.18723	0.18723	0.18723	0.18723	0.18723
10000	6.3483	0.001	0.01	1	1	0.23891	3.4396	-0.023934	3.3709	11.019	3.4396	-0.023934	3.3709	11.019	3.4396	-0.023934	3.3709	11.019	3.4396	-0.023934	3.3709	11.019	0	0.85991	-0.0059835	0.84273	2.7547	0.85991	-0.0059835	0.84273	2.7547	0.85991	-0.0059835	0.84273	2.7547	0.85991	-0.0059835	0.84273	2.7547	0	0	0	0	0	0	0	0	0	0	0	0	0	0	0	0	0	0
10000	0.1	1	0.024056	1	1	0.54197	1.5361	0.16817	5.3549	178.38	1.5361	0.16817	5.3549	178.38	1.5361	0.16817	5.3549	178.38	1.5361	0.16817	5.3549	178.38	0	0.64694	0.070824	2.2552	75.122	0.64694	0.070824	2.2552	75.122	0.64694	0.070824	2.2552	75.122	0.64694	0.070824	2.2552	75.122	0	0.22092	0.22092	0.22092	0.22092	0.22092	0.22092	0.22092	0.22092	0.22092	0.22092	0.22092	0.22092	0.22092	0.22092	0.22092	0.22092	0.22092
10000	4.5486	0.001	0.02	1	1	-2.3085	-7.1139	0.3	2.5	15	-7.1139	0.3	2.5	15	-7.1139	0.3	2.5	15	-7.1139	0.3	2.5	15	0	-11.466	0.48353	4.0294	24.177	-11.466	0.48353	4.0294	24.177	-11.466	0.48353	4.0294	24.177	-11.466	0.48353	4.0294	24.177	0	0.13333	0.13333	0.13333	0.13333	0.13333	0.13333	0.13333	0.13333	0.13333	0.13333	0.13333	0.13333	0.13333	0.13333	0.13333	0.13333	0.13333
10000	8.5	0.001	0.02	1	1	0.8	1.5	0.3	-2.59	15	1.5	0.3	-2.59	15	1.5	0.3	-2.59	15	1.5	0.3	-2.59	15	0	1.5	0.3	-2.59	15	1.5	0.3	-2.59	15	1.5	0.3	-2.59	15	1.5	0.3	-2.59	15	0	0.76633	0.76633	0.76633	0.76633	0.76633	0.76633	0.76633	0.76633	0.76633	0.76633	0.76633	0.76633	0.76633	0.76633	0.76633	0.76633	0.76633
10000	2.025	0.019838	0.013733	1	1	-7.6496	-0.89315	0.23286	1.813	20.034	-0.89315	0.23286	1.813	20.034	-0.89315	0.23286	1.813	20.034	-0.89315	0.23286	1.813	20.034	0	-1.2705	0.33125	2.5791	28.499	-1.2705	0.33125	2.5791	28.499	-1.2705	0.33125	2.5791	28.499	-1.2705	0.33125	2.5791	28.499	0	0.13225	0.13225	0.13225	0.13225	0.13225	0.13225	0.13225	0.13225	0.13225	0.13225	0.13225	0.13225	0.13225	0.13225	0.13225	0.13225	0.13225
10000	0.56541	0.005	0.015136	1	1	-95.2	2	0.0518	0.26422	15	2	0.0518	0.26422	15	2	0.0518	0.26422	15	2	0.0518	0.26422	15	0	2	0.0518	0.26422	15	2	0.0518	0.26422	15	2	0.0518	0.26422	15	2	0.0518	0.26422	15	0	0.13029	0.13029	0.13029	0.13029	0.13029	0.13029	0.13029	0.13029	0.13029	0.13029	0.13029	0.13029	0.13029	0.13029	0.13029	0.13029	0.13029
10000	4.0174	0.001	0.01	1	1	-7.6687	0.5153	0.61145	1.6256	4.9977	0.5153	0.61145	1.6256	4.9977	0.5153	0.61145	1.6256	4.9977	0.5153	0.61145	1.6256	4.9977	0	0.28046	0.3328	0.88474	2.7201	0.28046	0.3328	0.88474	2.7201	0.28046	0.3328	0.88474	2.7201	0.28046	0.3328	0.88474	2.7201	0	0	0	0	0	0	0	0	0	0	0	0	0	0	0	0	0	0
10000	6.9098	0.001	0.02	1	1	0.8	2	0.6	2.5	15	2	0.6	2.5	15	2	0.6	2.5	15	2	0.6	2.5	15	0	2.6179	0.78537	3.2724	19.634	2.6179	0.78537	3.2724	19.634	2.6179	0.78537	3.2724	19.634	2.6179	0.78537	3.2724	19.634	0	0.2	0.2	0.2	0.2	0.2	0.2	0.2	0.2	0.2	0.2	0.2	0.2	0.2	0.2	0.2	0.2	0.2
10000	2.1884	0.99999	0.021558	1	1	0.75046	1.6692	0.4346	2.8231	14.377	1.6692	0.4346	2.8231	14.377	1.6692	0.4346	2.8231	14.377	1.6692	0.4346	2.8231	14.377	0	0.62352	0.16234	1.0545	5.3702	0.62352	0.16234	1.0545	5.3702	0.62352	0.16234	1.0545	5.3702	0.62352	0.16234	1.0545	5.3702	0	0.10106	0.10106	0.10106	0.10106	0.10106	0.10106	0.10106	0.10106	0.10106	0.10106	0.10106	0.10106	0.10106	0.10106	0.10106	0.10106	0.10106
10000	10	0.001	0.01	1	1	0.35	2.5	0.625	3.375	34	2.5	0.625	3.375	34	2.5	0.625	3.375	34	2.5	0.625	3.375	34	0	2.6979	0.67448	3.6422	36.692	2.6979	0.67448	3.6422	36.692	2.6979	0.67448	3.6422	36.692	2.6979	0.67448	3.6422	36.692	0	0.4	0.4	0.4	0.4	0.4	0.4	0.4	0.4	0.4	0.4	0.4	0.4	0.4	0.4	0.4	0.4	0.4
10000	5	0.001	0.02	1	1	0.8	-9	0.3	2.5057	15	-9	0.3	2.5057	15	-9	0.3	2.5057	15	-9	0.3	2.5057	15	0	-13.5	0.45	3.7586	22.5	-13.5	0.45	3.7586	22.5	-13.5	0.45	3.7586	22.5	-13.5	0.45	3.7586	22.5	0	0.2654	0.2654	0.2654	0.2654	0.2654	0.2654	0.2654	0.2654	0.2654	0.2654	0.2654	0.2654	0.2654	0.2654	0.2654	0.2654	0.2654
10000	3.525	0.001	0.01	1	1	1.25	-9.4999	0.625	3.375	11	-9.4999	0.625	3.375	11	-9.4999	0.625	3.375	11	-9.4999	0.625	3.375	11	0	-13.656	0.89843	4.8516	15.812	-13.656	0.89843	4.8516	15.812	-13.656	0.89843	4.8516	15.812	-13.656	0.89843	4.8516	15.812	0	0.4	0.4	0.4	0.4	0.4	0.4	0.4	0.4	0.4	0.4	0.4	0.4	0.4	0.4	0.4	0.4	0.4
10000	0.1	0.001	0.01	1	1	-7.2	1	0.3	2.5	-135	1	0.3	2.5	-135	1	0.3	2.5	-135	1	0.3	2.5	-135	0	4	1.2	10	-540	4	1.2	10	-540	4	1.2	10	-540	4	1.2	10	-540	0	0.2	0.2	0.2	0.2	0.2	0.2	0.2	0.2	0.2	0.2	0.2	0.2	0.2	0.2	0.2	0.2	0.2
10000	9.9999	0.02	0.02	1	1	0.24717	-9.0001	-2.7	3	15	-9.0001	-2.7	3	15	-9.0001	-2.7	3	15	-9.0001	-2.7	3	15	0	-13.979	-4.1937	4.6596	23.298	-13.979	-4.1937	4.6596	23.298	-13.979	-4.1937	4.6596	23.298	-13.979	-4.1937	4.6596	23.298	0	0	0	0	0	0	0	0	0	0	0	0	0	0	0	0	0	0
10000	2.381	0.001422	0.011287	1	1	0.66367	-95.654	0.54232	1.6587	10.968	-95.654	0.54232	1.6587	10.968	-95.654	0.54232	1.6587	10.968	-95.654	0.54232	1.6587	10.968	0	-142.1	0.80565	2.4641	16.293	-142.1	0.80565	2.4641	16.293	-142.1	0.80565	2.4641	16.293	-142.1	0.80565	2.4641	16.293	0	0.35521	0.35521	0.35521	0.35521	0.35521	0.35521	0.35521	0.35521	0.35521	0.35521	0.35521	0.35521	0.35521	0.35521	0.35521	0.35521	0.35521
10000	6.6656	0.012381	0.01	1	1	-0.29891	-15.185	-1.7315	-1.0841	28.384	-15.185	-1.7315	-1.0841	28.384	-15.185	-1.7315	-1.0841	28.384	-15.185	-1.7315	-1.0841	28.384	0	-59.292	-6.7612	-4.2332	110.83	-59.292	-6.7612	-4.2332	110.83	-59.292	-6.7612	-4.2332	110.83	-59.292	-6.7612	-4.2332	110.83	0	0.085472	0.085472	0.085472	0.085472	0.085472	0.085472	0.085472	0.085472	0.085472	0.085472	0.085472	0.085472	0.085472	0.085472	0.085472	0.085472	0.085472
10000	3.1522	1	0.031542	1	1	0.84555	0.7388	-0.78596	6.8474	45.017	0.7388	-0.78596	6.8474	45.017	0.7388	-0.78596	6.8474	45.017	0.7388	-0.78596	6.8474	45.017	0	0.1847	-0.19649	1.7119	11.254	0.1847	-0.19649	1.7119	11.254	0.1847	-0.19649	1.7119	11.254	0.1847	-0.19649	1.7119	11.254	0	0	0	0	0	0	0	0	0	0	0	0	0	0	0	0	0	0
10000	8.8162	0.010005	0.01	1	1	-46.499	0.70326	0.13383	-22.502	14.993	0.70326	0.13383	-22.502	14.993	0.70326	0.13383	-22.502	14.993	0.70326	0.13383	-22.502	14.993	0	0.62395	0.11874	-19.964	13.302	0.62395	0.11874	-19.964	13.302	0.62395	0.11874	-19.964	13.302	0.62395	0.11874	-19.964	13.302	0	0.3236	0.3236	0.3236	0.3236	0.3236	0.3236	0.3236	0.3236	0.3236	0.3236	0.3236	0.3236	0.3236	0.3236	0.3236	0.3236	0.3236
10000	5.0044	0.023357	0.02082	1	1	1.7251	1.3352	0.49866	-5.8272	15.011	1.3352	0.49866	-5.8272	15.011	1.3352	0.49866	-5.8272	15.011	1.3352	0.49866	-5.8272	15.011	0	1.7223	0.64324	-7.5168	19.363	1.7223	0.64324	-7.5168	19.363	1.7223	0.64324	-7.5168	19.363	1.7223	0.64324	-7.5168	19.363	0	0.015832	0.015832	0.015832	0.015832	0.015832	0.015832	0.015832	0.015832	0.015832	0.015832	0.015832	0.015832	0.015832	0.015832	0.015832	0.015832	0.015832
10000	10	0.001	0.01	1	1	-7.2	-3.4367	0.3	2.5	15	-3.4367	0.3	2.5	15	-3.4367	0.3	2.5	15	-3.4367	0.3	2.5	15	0	-6.8734	0.6	5	30	-6.8734	0.6	5	30	-6.8734	0.6	5	30	-6.8734	0.6	5	30	0	0	0	0	0	0	0	0	0	0	0	0	0	0	0	0	0	0
10000	7.8181	0.0015189	0.010884	1	1	0.40837	-30.194	0.01716	3.095	18.481	-30.194	0.01716	3.095	18.481	-30.194	0.01716	3.095	18.481	-30.194	0.01716	3.095	18.481	0	-50.108	0.028477	5.1361	30.67	-50.108	0.028477	5.1361	30.67	-50.108	0.028477	5.1361	30.67	-50.108	0.028477	5.1361	30.67	0	0.01081	0.01081	0.01081	0.01081	0.01081	0.01081	0.01081	0.01081	0.01081	0.01081	0.01081	0.01081	0.01081	0.01081	0.01081	0.01081	0.01081
10000	7.7836	0.001	0.01	1	1	0.10636	-1.5174	0.23237	2.4849	14.989	-1.5174	0.23237	2.4849	14.989	-1.5174	0.23237	2.4849	14.989	-1.5174	0.23237	2.4849	14.989	0	-6.0697	0.92946	9.9396	59.956	-6.0697	0.92946	9.9396	59.956	-6.0697	0.92946	9.9396	59.956	-6.0697	0.92946	9.9396	59.956	0	0.1337	0.1337	0.1337	0.1337	0.1337	0.1337	0.1337	0.1337	0.1337	0.1337	0.1337	0.1337	0.1337	0.1337	0.1337	0.1337	0.1337
10000	3.525	0.0028969	0.01	1	1	0.35	1.5	0.2958	2.125	11	1.5	0.2958	2.125	11	1.5	0.2958	2.125	11	1.5	0.2958	2.125	11	0	0.84374	0.16639	1.1953	6.1874	0.84374	0.16639	1.1953	6.1874	0.84374	0.16639	1.1953	6.1874	0.84374	0.16639	1.1953	6.1874	0	0.4	0.4	0.4	0.4	0.4	0.4	0.4	0.4	0.4	0.4	0.4	0.4	0.4	0.4	0.4	0.4	0.4
10000	5.2402	1	0.019271	1	1	0.72566	1.1304	0.66293	4.4064	23.394	1.1304	0.66293	4.4064	23.394	1.1304	0.66293	4.4064	23.394	1.1304	0.66293	4.4064	23.394	0	0.35536	0.20841	1.3852	7.3545	0.35536	0.20841	1.3852	7.3545	0.35536	0.20841	1.3852	7.3545	0.35536	0.20841	1.3852	7.3545	0	0.065021	0.065021	0.065021	0.065021	0.065021	0.065021	0.065021	0.065021	0.065021	0.065021	0.065021	0.065021	0.065021	0.065021	0.065021	0.065021	0.065021
10000	0.1	0.001	0.01	1	1	0.36875	1.5208	0.61878	1.7778	16.117	1.5208	0.61878	1.7778	16.117	1.5208	0.61878	1.7778	16.117	1.5208	0.61878	1.7778	16.117	0	2.1585	0.87821	2.5231	22.874	2.1585	0.87821	2.5231	22.874	2.1585	0.87821	2.5231	22.874	2.1585	0.87821	2.5231	22.874	0	0.5875	0.5875	0.5875	0.5875	0.5875	0.5875	0.5875	0.5875	0.5875	0.5875	0.5875	0.5875	0.5875	0.5875	0.5875	0.5875	0.5875
10000	9.9999	0.014578	0.99999	1	1	0.8	0.43941	0.6	-7.5021	15	0.43941	0.6	-7.5021	15	0.43941	0.6	-7.5021	15	0.43941	0.6	-7.5021	15	0	0.27463	0.375	-4.6888	9.375	0.27463	0.375	-4.6888	9.375	0.27463	0.375	-4.6888	9.375	0.27463	0.375	-4.6888	9.375	0	0.11913	0.11913	0.11913	0.11913	0.11913	0.11913	0.11913	0.11913	0.11913	0.11913	0.11913	0.11913	0.11913	0.11913	0.11913	0.11913	0.11913
10000	3.9986	0.001	0.01	1	1	0.79971	0.80029	0.30021	2.5006	14.997	0.80029	0.30021	2.5006	14.997	0.80029	0.30021	2.5006	14.997	0.80029	0.30021	2.5006	14.997	0	0.80052	0.30029	2.5013	15.002	0.80052	0.30029	2.5013	15.002	0.80052	0.30029	2.5013	15.002	0.80052	0.30029	2.5013	15.002	0	0.20009	0.20009	0.20009	0.20009	0.20009	0.20009	0.20009	0.20009	0.20009	0.20009	0.20009	0.20009	0.20009	0.20009	0.20009	0.20009	0.20009
10000	3.525	0.001	0.01	1	1	1.25	-63.077	-0.24579	4.125	4.8503	-63.077	-0.24579	4.125	4.8503	-63.077	-0.24579	4.125	4.8503	-63.077	-0.24579	4.125	4.8503	0	-35.481	-0.13826	2.3203	2.7283	-35.481	-0.13826	2.3203	2.7283	-35.481	-0.13826	2.3203	2.7283	-35.481	-0.13826	2.3203	2.7283	0	0.19897	0.19897	0.19897	0.19897	0.19897	0.19897	0.19897	0.19897	0.19897	0.19897	0.19897	0.19897	0.19897	0.19897	0.19897	0.19897	0.19897
10000	1.9173	0.001	0.01	1	1	-0.68402	1.5206	0.42765	2.4833	14.66	1.5206	0.42765	2.4833	14.66	1.5206	0.42765	2.4833	14.66	1.5206	0.42765	2.4833	14.66	0	6.0825	1.7106	9.9333	58.639	6.0825	1.7106	9.9333	58.639	6.0825	1.7106	9.9333	58.639	6.0825	1.7106	9.9333	58.639	0	0.18298	0.18298	0.18298	0.18298	0.18298	0.18298	0.18298	0.18298	0.18298	0.18298	0.18298	0.18298	0.18298	0.18298	0.18298	0.18298	0.18298
10000	3.975	0.001	0.024508	1	1	0.35	2.125	0.625	1.6983	19	2.125	0.625	1.6983	19	2.125	0.625	1.6983	19	2.125	0.625	1.6983	19	0	1.4613	0.42981	1.1679	13.066	1.4613	0.42981	1.1679	13.066	1.4613	0.42981	1.1679	13.066	1.4613	0.42981	1.1679	13.066	0	0.29726	0.29726	0.29726	0.29726	0.29726	0.29726	0.29726	0.29726	0.29726	0.29726	0.29726	0.29726	0.29726	0.29726	0.29726	0.29726	0.29726
10000	4.0954	0.001	0.01	1	1	0.32807	0.47563	-0.0092427	-36.547	14.369	0.47563	-0.0092427	-36.547	14.369	0.47563	-0.0092427	-36.547	14.369	0.47563	-0.0092427	-36.547	14.369	0	0.58081	-0.011287	-44.628	17.546	0.58081	-0.011287	-44.628	17.546	0.58081	-0.011287	-44.628	17.546	0.58081	-0.011287	-44.628	17.546	0	0.21186	0.21186	0.21186	0.21186	0.21186	0.21186	0.21186	0.21186	0.21186	0.21186	0.21186	0.21186	0.21186	0.21186	0.21186	0.21186	0.21186
10000	5.873	0.001	0.021108	1	1	1.2402	0.48912	-0.25544	3.394	18.923	0.48912	-0.25544	3.394	18.923	0.48912	-0.25544	3.394	18.923	0.48912	-0.25544	3.394	18.923	0	0.56757	-0.29641	3.9384	21.958	0.56757	-0.29641	3.9384	21.958	0.56757	-0.29641	3.9384	21.958	0.56757	-0.29641	3.9384	21.958	0	0.29563	0.29563	0.29563	0.29563	0.29563	0.29563	0.29563	0.29563	0.29563	0.29563	0.29563	0.29563	0.29563	0.29563	0.29563	0.29563	0.29563
10000	2.5731	0.001	0.01	1	1	0.8	1	0.3	2.5	15	1	0.3	2.5	15	1	0.3	2.5	15	1	0.3	2.5	15	0	1	0.3	2.5	15	1	0.3	2.5	15	1	0.3	2.5	15	1	0.3	2.5	15	0	0.13861	0.13861	0.13861	0.13861	0.13861	0.13861	0.13861	0.13861	0.13861	0.13861	0.13861	0.13861	0.13861	0.13861	0.13861	0.13861	0.13861
10000	5.9773	1	0.021882	1	1	0.78895	1.0359	0.30798	3.7543	15.098	1.0359	0.30798	3.7543	15.098	1.0359	0.30798	3.7543	15.098	1.0359	0.30798	3.7543	15.098	0	0.42327	0.12584	1.534	6.1691	0.42327	0.12584	1.534	6.1691	0.42327	0.12584	1.534	6.1691	0.42327	0.12584	1.534	6.1691	0	0.28917	0.28917	0.28917	0.28917	0.28917	0.28917	0.28917	0.28917	0.28917	0.28917	0.28917	0.28917	0.28917	0.28917	0.28917	0.28917	0.28917
10000	5	0.001	0.02	1	1	0.13333	1	0.4	5	10	1	0.4	5	10	1	0.4	5	10	1	0.4	5	10	0	2.6596	1.0638	13.298	26.596	2.6596	1.0638	13.298	26.596	2.6596	1.0638	13.298	26.596	2.6596	1.0638	13.298	26.596	0	0.3	0.3	0.3	0.3	0.3	0.3	0.3	0.3	0.3	0.3	0.3	0.3	0.3	0.3	0.3	0.3	0.3
10000	3	0.01	0.02	1	1	0.4228	-0.8495	0.13572	5	15	-0.8495	0.13572	5	15	-0.8495	0.13572	5	15	-0.8495	0.13572	5	15	0	-1.9822	0.31668	11.667	35	-1.9822	0.31668	11.667	35	-1.9822	0.31668	11.667	35	-1.9822	0.31668	11.667	35	0	0.1	0.1	0.1	0.1	0.1	0.1	0.1	0.1	0.1	0.1	0.1	0.1	0.1	0.1	0.1	0.1	0.1
10000	8.3333	0.097007	1	1	1	-1.8667	2	0.4	2.5	15	2	0.4	2.5	15	2	0.4	2.5	15	2	0.4	2.5	15	0	2	0.4	2.5	15	2	0.4	2.5	15	2	0.4	2.5	15	2	0.4	2.5	15	0	1	1	1	1	1	1	1	1	1	1	1	1	1	1	1	1	1
10000	3.0409	0.001	0.01	1	1	1.1942	1.615	0.625	2.375	11	1.615	0.625	2.375	11	1.615	0.625	2.375	11	1.615	0.625	2.375	11	0	2.3216	0.89844	3.4141	15.812	2.3216	0.89844	3.4141	15.812	2.3216	0.89844	3.4141	15.812	2.3216	0.89844	3.4141	15.812	0	0.18889	0.18889	0.18889	0.18889	0.18889	0.18889	0.18889	0.18889	0.18889	0.18889	0.18889	0.18889	0.18889	0.18889	0.18889	0.18889	0.18889
10000	2.8389	0.001	0.01	1	1	1.6	1.0365	0.3	-22.5	15	1.0365	0.3	-22.5	15	1.0365	0.3	-22.5	15	1.0365	0.3	-22.5	15	0	1.1996	0.34722	-26.042	17.361	1.1996	0.34722	-26.042	17.361	1.1996	0.34722	-26.042	17.361	1.1996	0.34722	-26.042	17.361	0	0.16667	0.16667	0.16667	0.16667	0.16667	0.16667	0.16667	0.16667	0.16667	0.16667	0.16667	0.16667	0.16667	0.16667	0.16667	0.16667	0.16667
10000	5.6366	0.0047097	0.01	1	1	0.13576	-7.8889	0.062496	2.7778	2.8919	-7.8889	0.062496	2.7778	2.8919	-7.8889	0.062496	2.7778	2.8919	-7.8889	0.062496	2.7778	2.8919	0	-10.844	0.085905	3.8182	3.975	-10.844	0.085905	3.8182	3.975	-10.844	0.085905	3.8182	3.975	-10.844	0.085905	3.8182	3.975	0	0.12958	0.12958	0.12958	0.12958	0.12958	0.12958	0.12958	0.12958	0.12958	0.12958	0.12958	0.12958	0.12958	0.12958	0.12958	0.12958	0.12958
10000	6.2071	0.010741	0.016887	1	1	0.13053	-7.5297	0.32222	-6.5829	27.782	-7.5297	0.32222	-6.5829	27.782	-7.5297	0.32222	-6.5829	27.782	-7.5297	0.32222	-6.5829	27.782	0	-5.301	0.22685	-4.6345	19.559	-5.301	0.22685	-4.6345	19.559	-5.301	0.22685	-4.6345	19.559	-5.301	0.22685	-4.6345	19.559	0	0.2185	0.2185	0.2185	0.2185	0.2185	0.2185	0.2185	0.2185	0.2185	0.2185	0.2185	0.2185	0.2185	0.2185	0.2185	0.2185	0.2185
10000	0.44438	1	0.01	1	1	1.065	1.4024	0.4581	3.6064	15.715	1.4024	0.4581	3.6064	15.715	1.4024	0.4581	3.6064	15.715	1.4024	0.4581	3.6064	15.715	0	0.66175	0.21617	1.7018	7.4156	0.66175	0.21617	1.7018	7.4156	0.66175	0.21617	1.7018	7.4156	0.66175	0.21617	1.7018	7.4156	0	0.2755	0.2755	0.2755	0.2755	0.2755	0.2755	0.2755	0.2755	0.2755	0.2755	0.2755	0.2755	0.2755	0.2755	0.2755	0.2755	0.2755
10000	4.2529	0.99999	0.015862	1	1	1.3641	1.0129	-0.30302	4.8492	8.3453	1.0129	-0.30302	4.8492	8.3453	1.0129	-0.30302	4.8492	8.3453	1.0129	-0.30302	4.8492	8.3453	0	0.25323	-0.075754	1.2123	2.0863	0.25323	-0.075754	1.2123	2.0863	0.25323	-0.075754	1.2123	2.0863	0.25323	-0.075754	1.2123	2.0863	0	0.19154	0.19154	0.19154	0.19154	0.19154	0.19154	0.19154	0.19154	0.19154	0.19154	0.19154	0.19154	0.19154	0.19154	0.19154	0.19154	0.19154
10000	2.5167	0.001	0.014448	1	1	-0.48693	0.64766	0.25171	3.8889	13.333	0.64766	0.25171	3.8889	13.333	0.64766	0.25171	3.8889	13.333	0.64766	0.25171	3.8889	13.333	0	1.5112	0.58732	9.0741	31.111	1.5112	0.58732	9.0741	31.111	1.5112	0.58732	9.0741	31.111	1.5112	0.58732	9.0741	31.111	0	0.71198	0.71198	0.71198	0.71198	0.71198	0.71198	0.71198	0.71198	0.71198	0.71198	0.71198	0.71198	0.71198	0.71198	0.71198	0.71198	0.71198
10000	7	1	0.01	1	1	0.8	1.3333	0.5	4.6666	7.4502	1.3333	0.5	4.6666	7.4502	1.3333	0.5	4.6666	7.4502	1.3333	0.5	4.6666	7.4502	0	0.6448	0.2418	2.2568	3.6029	0.6448	0.2418	2.2568	3.6029	0.6448	0.2418	2.2568	3.6029	0.6448	0.2418	2.2568	3.6029	0	0.2	0.2	0.2	0.2	0.2	0.2	0.2	0.2	0.2	0.2	0.2	0.2	0.2	0.2	0.2	0.2	0.2
10000	4.6243	0.0085592	0.02	1	1	-95.2	1	0.6	3.5841	8.8174	1	0.6	3.5841	8.8174	1	0.6	3.5841	8.8174	1	0.6	3.5841	8.8174	0	0.50703	0.30422	1.8172	4.4706	0.50703	0.30422	1.8172	4.4706	0.50703	0.30422	1.8172	4.4706	0.50703	0.30422	1.8172	4.4706	0	0.3	0.3	0.3	0.3	0.3	0.3	0.3	0.3	0.3	0.3	0.3	0.3	0.3	0.3	0.3	0.3	0.3
10000	5	0.001	0.01	1	1	0.8	1	0.3	2.5	15	1	0.3	2.5	15	1	0.3	2.5	15	1	0.3	2.5	15	0	1	0.3	2.5	15	1	0.3	2.5	15	1	0.3	2.5	15	1	0.3	2.5	15	0	0.65599	0.65599	0.65599	0.65599	0.65599	0.65599	0.65599	0.65599	0.65599	0.65599	0.65599	0.65599	0.65599	0.65599	0.65599	0.65599	0.65599
10000	10	0.99998	0.01	1	1	0.16673	1.0238	0.79244	2.6076	9.6548	1.0238	0.79244	2.6076	9.6548	1.0238	0.79244	2.6076	9.6548	1.0238	0.79244	2.6076	9.6548	0	0.87562	0.67775	2.2302	8.2573	0.87562	0.67775	2.2302	8.2573	0.87562	0.67775	2.2302	8.2573	0.87562	0.67775	2.2302	8.2573	0	0.31843	0.31843	0.31843	0.31843	0.31843	0.31843	0.31843	0.31843	0.31843	0.31843	0.31843	0.31843	0.31843	0.31843	0.31843	0.31843	0.31843
10000	3	0.002	0.01	1	1	-2.2236	1	0.3	1.5	20	1	0.3	1.5	20	1	0.3	1.5	20	1	0.3	1.5	20	0	1	0.3	1.5	20	1	0.3	1.5	20	1	0.3	1.5	20	1	0.3	1.5	20	0	0.4	0.4	0.4	0.4	0.4	0.4	0.4	0.4	0.4	0.4	0.4	0.4	0.4	0.4	0.4	0.4	0.4
10000	7.881	1	0.021383	1	1	0.0057364	1.3059	2.5537	9.3343	32.447	1.3059	2.5537	9.3343	32.447	1.3059	2.5537	9.3343	32.447	1.3059	2.5537	9.3343	32.447	0	0.32648	0.63842	2.3336	8.1118	0.32648	0.63842	2.3336	8.1118	0.32648	0.63842	2.3336	8.1118	0.32648	0.63842	2.3336	8.1118	0	0	0	0	0	0	0	0	0	0	0	0	0	0	0	0	0	0
10000	7.9934	0.0026411	0.01	1	1	0.7149	-0.53991	0.38788	1.7055	16.351	-0.53991	0.38788	1.7055	16.351	-0.53991	0.38788	1.7055	16.351	-0.53991	0.38788	1.7055	16.351	0	-0.22459	0.16135	0.70948	6.8018	-0.22459	0.16135	0.70948	6.8018	-0.22459	0.16135	0.70948	6.8018	-0.22459	0.16135	0.70948	6.8018	0	0.38064	0.38064	0.38064	0.38064	0.38064	0.38064	0.38064	0.38064	0.38064	0.38064	0.38064	0.38064	0.38064	0.38064	0.38064	0.38064	0.38064
10000	5.2739	0.99999	0.0202	1	1	0.53541	0.83682	1.023	4.9948	20.371	0.83682	1.023	4.9948	20.371	0.83682	1.023	4.9948	20.371	0.83682	1.023	4.9948	20.371	0	0.38614	0.47205	2.3048	9.4	0.38614	0.47205	2.3048	9.4	0.38614	0.47205	2.3048	9.4	0.38614	0.47205	2.3048	9.4	0	0.25664	0.25664	0.25664	0.25664	0.25664	0.25664	0.25664	0.25664	0.25664	0.25664	0.25664	0.25664	0.25664	0.25664	0.25664	0.25664	0.25664
10000	10	0.018239	1	1	1	0.8	1	0.3	2.5	15	1	0.3	2.5	15	1	0.3	2.5	15	1	0.3	2.5	15	0	1.1667	0.35	2.9167	17.5	1.1667	0.35	2.9167	17.5	1.1667	0.35	2.9167	17.5	1.1667	0.35	2.9167	17.5	0	0.20498	0.20498	0.20498	0.20498	0.20498	0.20498	0.20498	0.20498	0.20498	0.20498	0.20498	0.20498	0.20498	0.20498	0.20498	0.20498	0.20498
10000	6.8003	0.0099999	0.01	1	1	-95.2	2	0.3	2.5	15	2	0.3	2.5	15	2	0.3	2.5	15	2	0.3	2.5	15	0	1	0.15	1.25	7.5	1	0.15	1.25	7.5	1	0.15	1.25	7.5	1	0.15	1.25	7.5	0	1	1	1	1	1	1	1	1	1	1	1	1	1	1	1	1	1
10000	4.6044	0.011339	0.01	1	1	9.7125	2.3374	0.21875	-4.7207	137.43	2.3374	0.21875	-4.7207	137.43	2.3374	0.21875	-4.7207	137.43	2.3374	0.21875	-4.7207	137.43	0	4.462	0.41758	-9.0115	262.35	4.462	0.41758	-9.0115	262.35	4.462	0.41758	-9.0115	262.35	4.462	0.41758	-9.0115	262.35	0	0.24483	0.24483	0.24483	0.24483	0.24483	0.24483	0.24483	0.24483	0.24483	0.24483	0.24483	0.24483	0.24483	0.24483	0.24483	0.24483	0.24483
10000	0.94832	1	0.017972	1	1	0.88888	0.95213	1.1441	5	30	0.95213	1.1441	5	30	0.95213	1.1441	5	30	0.95213	1.1441	5	30	0	0.4692	0.56379	2.464	14.784	0.4692	0.56379	2.464	14.784	0.4692	0.56379	2.464	14.784	0.4692	0.56379	2.464	14.784	0	0.2	0.2	0.2	0.2	0.2	0.2	0.2	0.2	0.2	0.2	0.2	0.2	0.2	0.2	0.2	0.2	0.2
10000	7.5	1	0.01	1	1	0.58616	0.90241	0.3	5	16.667	0.90241	0.3	5	16.667	0.90241	0.3	5	16.667	0.90241	0.3	5	16.667	0	0.4512	0.15	2.5	8.3333	0.4512	0.15	2.5	8.3333	0.4512	0.15	2.5	8.3333	0.4512	0.15	2.5	8.3333	0	0.14336	0.14336	0.14336	0.14336	0.14336	0.14336	0.14336	0.14336	0.14336	0.14336	0.14336	0.14336	0.14336	0.14336	0.14336	0.14336	0.14336
10000	0.1	0.001	0.014346	1	1	2.3721	1.5639	0.90268	1.193	1.0253	1.5639	0.90268	1.193	1.0253	1.5639	0.90268	1.193	1.0253	1.5639	0.90268	1.193	1.0253	0	3.9543	2.2824	3.0166	2.5925	3.9543	2.2824	3.0166	2.5925	3.9543	2.2824	3.0166	2.5925	3.9543	2.2824	3.0166	2.5925	0	0.44366	0.44366	0.44366	0.44366	0.44366	0.44366	0.44366	0.44366	0.44366	0.44366	0.44366	0.44366	0.44366	0.44366	0.44366	0.44366	0.44366
10000	3.913	0.001	0.01	1	1	0.55816	1.7678	0.21188	2.9932	23.197	1.7678	0.21188	2.9932	23.197	1.7678	0.21188	2.9932	23.197	1.7678	0.21188	2.9932	23.197	0	2.4736	0.29646	4.188	32.457	2.4736	0.29646	4.188	32.457	2.4736	0.29646	4.188	32.457	2.4736	0.29646	4.188	32.457	0	0.61798	0.61798	0.61798	0.61798	0.61798	0.61798	0.61798	0.61798	0.61798	0.61798	0.61798	0.61798	0.61798	0.61798	0.61798	0.61798	0.61798
10000	6.5937	1	0.042374	1	1	0.27711	0.67733	1.1551	3.2881	26.831	0.67733	1.1551	3.2881	26.831	0.67733	1.1551	3.2881	26.831	0.67733	1.1551	3.2881	26.831	0	0.65793	1.122	3.1939	26.063	0.65793	1.122	3.1939	26.063	0.65793	1.122	3.1939	26.063	0.65793	1.122	3.1939	26.063	0	0.090702	0.090702	0.090702	0.090702	0.090702	0.090702	0.090702	0.090702	0.090702	0.090702	0.090702	0.090702	0.090702	0.090702	0.090702	0.090702	0.090702
10000	6.8073	0.012295	1	1	1	0.8	1	0.3	2.5	15	1	0.3	2.5	15	1	0.3	2.5	15	1	0.3	2.5	15	0	1.9676	0.59028	4.919	29.514	1.9676	0.59028	4.919	29.514	1.9676	0.59028	4.919	29.514	1.9676	0.59028	4.919	29.514	0	0.2	0.2	0.2	0.2	0.2	0.2	0.2	0.2	0.2	0.2	0.2	0.2	0.2	0.2	0.2	0.2	0.2
10000	7.1556	0.001	0.013435	1	1	-0.77289	0.82292	0.36563	2.7734	11.498	0.82292	0.36563	2.7734	11.498	0.82292	0.36563	2.7734	11.498	0.82292	0.36563	2.7734	11.498	0	1.8226	0.8098	6.1427	25.467	1.8226	0.8098	6.1427	25.467	1.8226	0.8098	6.1427	25.467	1.8226	0.8098	6.1427	25.467	0	0.10833	0.10833	0.10833	0.10833	0.10833	0.10833	0.10833	0.10833	0.10833	0.10833	0.10833	0.10833	0.10833	0.10833	0.10833	0.10833	0.10833
10000	0.1	0.001	0.01	1	1	1.0667	0.8	0.3	2.5	-135	0.8	0.3	2.5	-135	0.8	0.3	2.5	-135	0.8	0.3	2.5	-135	0	0.92579	0.34717	2.8931	-156.23	0.92579	0.34717	2.8931	-156.23	0.92579	0.34717	2.8931	-156.23	0.92579	0.34717	2.8931	-156.23	0	0.4	0.4	0.4	0.4	0.4	0.4	0.4	0.4	0.4	0.4	0.4	0.4	0.4	0.4	0.4	0.4	0.4
10000	1.7889	0.001	0.018616	1	1	0.8	1.2199	0.38548	2.5	15	1.2199	0.38548	2.5	15	1.2199	0.38548	2.5	15	1.2199	0.38548	2.5	15	0	1.2199	0.38548	2.5	15	1.2199	0.38548	2.5	15	1.2199	0.38548	2.5	15	1.2199	0.38548	2.5	15	0	0.3	0.3	0.3	0.3	0.3	0.3	0.3	0.3	0.3	0.3	0.3	0.3	0.3	0.3	0.3	0.3	0.3
10000	0.1	0.005	0.01	1	1	0.8	2	0.6	1.5	15	2	0.6	1.5	15	2	0.6	1.5	15	2	0.6	1.5	15	0	2.33	0.69901	1.7475	17.475	2.33	0.69901	1.7475	17.475	2.33	0.69901	1.7475	17.475	2.33	0.69901	1.7475	17.475	0	0.1	0.1	0.1	0.1	0.1	0.1	0.1	0.1	0.1	0.1	0.1	0.1	0.1	0.1	0.1	0.1	0.1
10000	5.8637	0.01	0.03	1	1	0.1959	1.3333	0.3	1.5851	15	1.3333	0.3	1.5851	15	1.3333	0.3	1.5851	15	1.3333	0.3	1.5851	15	0	3.1111	0.7	3.6986	35	3.1111	0.7	3.6986	35	3.1111	0.7	3.6986	35	3.1111	0.7	3.6986	35	0	0.21688	0.21688	0.21688	0.21688	0.21688	0.21688	0.21688	0.21688	0.21688	0.21688	0.21688	0.21688	0.21688	0.21688	0.21688	0.21688	0.21688
10000	2.2916	0.010602	0.01	1	1	0.9974	1.9603	0.30169	-1.6098	16.132	1.9603	0.30169	-1.6098	16.132	1.9603	0.30169	-1.6098	16.132	1.9603	0.30169	-1.6098	16.132	0	4.0669	0.6259	-3.3397	33.468	4.0669	0.6259	-3.3397	33.468	4.0669	0.6259	-3.3397	33.468	4.0669	0.6259	-3.3397	33.468	0	0.20078	0.20078	0.20078	0.20078	0.20078	0.20078	0.20078	0.20078	0.20078	0.20078	0.20078	0.20078	0.20078	0.20078	0.20078	0.20078	0.20078
10000	3.7158	0.0093416	0.015857	1	1	1.4698	-0.309	0.24656	-5.8333	15	-0.309	0.24656	-5.8333	15	-0.309	0.24656	-5.8333	15	-0.309	0.24656	-5.8333	15	0	-0.4005	0.31957	-7.5607	19.442	-0.4005	0.31957	-7.5607	19.442	-0.4005	0.31957	-7.5607	19.442	-0.4005	0.31957	-7.5607	19.442	0	0.19463	0.19463	0.19463	0.19463	0.19463	0.19463	0.19463	0.19463	0.19463	0.19463	0.19463	0.19463	0.19463	0.19463	0.19463	0.19463	0.19463
10000	5.9249	0.0076132	0.01	1	1	-31.474	1.5167	0.40833	2.7917	12.306	1.5167	0.40833	2.7917	12.306	1.5167	0.40833	2.7917	12.306	1.5167	0.40833	2.7917	12.306	0	1.5114	0.40691	2.782	12.263	1.5114	0.40691	2.782	12.263	1.5114	0.40691	2.782	12.263	1.5114	0.40691	2.782	12.263	0	0.12105	0.12105	0.12105	0.12105	0.12105	0.12105	0.12105	0.12105	0.12105	0.12105	0.12105	0.12105	0.12105	0.12105	0.12105	0.12105	0.12105
10000	4.4834	1	0.019471	1	1	0.94604	0.81569	0.30229	5.0863	29.605	0.81569	0.30229	5.0863	29.605	0.81569	0.30229	5.0863	29.605	0.81569	0.30229	5.0863	29.605	0	0.63777	0.23636	3.9769	23.148	0.63777	0.23636	3.9769	23.148	0.63777	0.23636	3.9769	23.148	0.63777	0.23636	3.9769	23.148	0	0.26378	0.26378	0.26378	0.26378	0.26378	0.26378	0.26378	0.26378	0.26378	0.26378	0.26378	0.26378	0.26378	0.26378	0.26378	0.26378	0.26378
10000	3.9746	0.0077021	0.01	1	1	0.34988	-4.3951	0.026223	3.3753	18.998	-4.3951	0.026223	3.3753	18.998	-4.3951	0.026223	3.3753	18.998	-4.3951	0.026223	3.3753	18.998	0	-2.4715	0.014746	1.8981	10.684	-2.4715	0.014746	1.8981	10.684	-2.4715	0.014746	1.8981	10.684	-2.4715	0.014746	1.8981	10.684	0	0	0	0	0	0	0	0	0	0	0	0	0	0	0	0	0	0
10000	3	0.001	0.02	1	1	0.8	-9	0.3	2.5	15	-9	0.3	2.5	15	-9	0.3	2.5	15	-9	0.3	2.5	15	0	-4.1385	0.13795	1.1496	6.8976	-4.1385	0.13795	1.1496	6.8976	-4.1385	0.13795	1.1496	6.8976	-4.1385	0.13795	1.1496	6.8976	0	0.29699	0.29699	0.29699	0.29699	0.29699	0.29699	0.29699	0.29699	0.29699	0.29699	0.29699	0.29699	0.29699	0.29699	0.29699	0.29699	0.29699
10000	1.5906	1	0.13859	1	1	2.1814	-0.10742	-0.90768	9.7506	36.01	-0.10742	-0.90768	9.7506	36.01	-0.10742	-0.90768	9.7506	36.01	-0.10742	-0.90768	9.7506	36.01	0	-0.040255	-0.34014	3.6539	13.494	-0.040255	-0.34014	3.6539	13.494	-0.040255	-0.34014	3.6539	13.494	-0.040255	-0.34014	3.6539	13.494	0	0.4304	0.4304	0.4304	0.4304	0.4304	0.4304	0.4304	0.4304	0.4304	0.4304	0.4304	0.4304	0.4304	0.4304	0.4304	0.4304	0.4304
10000	1.9969	0.99999	0.016462	1	1	1.6226	1.0533	0.31469	4.9561	78.899	1.0533	0.31469	4.9561	78.899	1.0533	0.31469	4.9561	78.899	1.0533	0.31469	4.9561	78.899	0	0.92375	0.27599	4.3467	69.198	0.92375	0.27599	4.3467	69.198	0.92375	0.27599	4.3467	69.198	0.92375	0.27599	4.3467	69.198	0	0.41277	0.41277	0.41277	0.41277	0.41277	0.41277	0.41277	0.41277	0.41277	0.41277	0.41277	0.41277	0.41277	0.41277	0.41277	0.41277	0.41277
10000	6.8549	1	0.043158	1	1	1.7948	-0.004231	0.022039	9.1136	36.004	-0.004231	0.022039	9.1136	36.004	-0.004231	0.022039	9.1136	36.004	-0.004231	0.022039	9.1136	36.004	0	-0.0034297	0.017865	7.3877	29.186	-0.0034297	0.017865	7.3877	29.186	-0.0034297	0.017865	7.3877	29.186	-0.0034297	0.017865	7.3877	29.186	0	0.25118	0.25118	0.25118	0.25118	0.25118	0.25118	0.25118	0.25118	0.25118	0.25118	0.25118	0.25118	0.25118	0.25118	0.25118	0.25118	0.25118
10000	0.1	0.84994	0.01	1	1	1.8794	1.3562	0.74602	6.5125	22.85	1.3562	0.74602	6.5125	22.85	1.3562	0.74602	6.5125	22.85	1.3562	0.74602	6.5125	22.85	0	0.63074	0.34695	3.0287	10.627	0.63074	0.34695	3.0287	10.627	0.63074	0.34695	3.0287	10.627	0.63074	0.34695	3.0287	10.627	0	0.091696	0.091696	0.091696	0.091696	0.091696	0.091696	0.091696	0.091696	0.091696	0.091696	0.091696	0.091696	0.091696	0.091696	0.091696	0.091696	0.091696
10000	0.1	0.99999	0.016163	1	1	1.0154	0.97361	0.34359	4.445	26.669	0.97361	0.34359	4.445	26.669	0.97361	0.34359	4.445	26.669	0.97361	0.34359	4.445	26.669	0	0.75022	0.26476	3.4251	20.55	0.75022	0.26476	3.4251	20.55	0.75022	0.26476	3.4251	20.55	0.75022	0.26476	3.4251	20.55	0	0.35644	0.35644	0.35644	0.35644	0.35644	0.35644	0.35644	0.35644	0.35644	0.35644	0.35644	0.35644	0.35644	0.35644	0.35644	0.35644	0.35644
10000	6.5052	0.001	0.01	1	1	-3.6091	1.5042	-3.0279	3.381	19.036	1.5042	-3.0279	3.381	19.036	1.5042	-3.0279	3.381	19.036	1.5042	-3.0279	3.381	19.036	0	2.1563	-4.3406	4.8468	27.289	2.1563	-4.3406	4.8468	27.289	2.1563	-4.3406	4.8468	27.289	2.1563	-4.3406	4.8468	27.289	0	0.39988	0.39988	0.39988	0.39988	0.39988	0.39988	0.39988	0.39988	0.39988	0.39988	0.39988	0.39988	0.39988	0.39988	0.39988	0.39988	0.39988
10000	4.9721	0.010014	0.01	1	1	-7.1915	18.012	0.30795	2.497	14.924	18.012	0.30795	2.497	14.924	18.012	0.30795	2.497	14.924	18.012	0.30795	2.497	14.924	0	35.789	0.61189	4.9614	29.654	35.789	0.61189	4.9614	29.654	35.789	0.61189	4.9614	29.654	35.789	0.61189	4.9614	29.654	0	0	0	0	0	0	0	0	0	0	0	0	0	0	0	0	0	0
10000	0.1	0.0046308	0.01	1	1	0.11046	1.1413	0.20045	-20.066	11.683	1.1413	0.20045	-20.066	11.683	1.1413	0.20045	-20.066	11.683	1.1413	0.20045	-20.066	11.683	0	1.6087	0.28254	-28.283	16.467	1.6087	0.28254	-28.283	16.467	1.6087	0.28254	-28.283	16.467	1.6087	0.28254	-28.283	16.467	0	0.2043	0.2043	0.2043	0.2043	0.2043	0.2043	0.2043	0.2043	0.2043	0.2043	0.2043	0.2043	0.2043	0.2043	0.2043	0.2043	0.2043
10000	9.5552	0.0046424	0.021152	1	1	-26.73	0.90653	0.16293	-1.3971	14.252	0.90653	0.16293	-1.3971	14.252	0.90653	0.16293	-1.3971	14.252	0.90653	0.16293	-1.3971	14.252	0	0.94161	0.16924	-1.4511	14.804	0.94161	0.16924	-1.4511	14.804	0.94161	0.16924	-1.4511	14.804	0.94161	0.16924	-1.4511	14.804	0	0.27788	0.27788	0.27788	0.27788	0.27788	0.27788	0.27788	0.27788	0.27788	0.27788	0.27788	0.27788	0.27788	0.27788	0.27788	0.27788	0.27788
10000	5.4861	1	0.02	1	1	1.0667	1	0.3	5	15	1	0.3	5	15	1	0.3	5	15	1	0.3	5	15	0	0.81506	0.24452	4.0753	12.226	0.81506	0.24452	4.0753	12.226	0.81506	0.24452	4.0753	12.226	0.81506	0.24452	4.0753	12.226	0	0.32783	0.32783	0.32783	0.32783	0.32783	0.32783	0.32783	0.32783	0.32783	0.32783	0.32783	0.32783	0.32783	0.32783	0.32783	0.32783	0.32783
10000	10	0.0072373	0.017882	1	1	-3.1731	0.1821	0.3	-13.143	15	0.1821	0.3	-13.143	15	0.1821	0.3	-13.143	15	0.1821	0.3	-13.143	15	0	0.23008	0.37905	-16.606	18.952	0.23008	0.37905	-16.606	18.952	0.23008	0.37905	-16.606	18.952	0.23008	0.37905	-16.606	18.952	0	0.2	0.2	0.2	0.2	0.2	0.2	0.2	0.2	0.2	0.2	0.2	0.2	0.2	0.2	0.2	0.2	0.2
10000	9.9998	1	0.015045	1	1	1.8353	1.2614	0.7041	6.5812	17.909	1.2614	0.7041	6.5812	17.909	1.2614	0.7041	6.5812	17.909	1.2614	0.7041	6.5812	17.909	0	0.57325	0.31998	2.9908	8.1385	0.57325	0.31998	2.9908	8.1385	0.57325	0.31998	2.9908	8.1385	0.57325	0.31998	2.9908	8.1385	0	0.30457	0.30457	0.30457	0.30457	0.30457	0.30457	0.30457	0.30457	0.30457	0.30457	0.30457	0.30457	0.30457	0.30457	0.30457	0.30457	0.30457
10000	5.001	0.010007	0.01	1	1	-95.201	0.99889	0.29957	1.5014	30.005	0.99889	0.29957	1.5014	30.005	0.99889	0.29957	1.5014	30.005	0.99889	0.29957	1.5014	30.005	0	1.1249	0.33736	1.6908	33.791	1.1249	0.33736	1.6908	33.791	1.1249	0.33736	1.6908	33.791	1.1249	0.33736	1.6908	33.791	0	0.04867	0.04867	0.04867	0.04867	0.04867	0.04867	0.04867	0.04867	0.04867	0.04867	0.04867	0.04867	0.04867	0.04867	0.04867	0.04867	0.04867
10000	3.6949	0.001	0.016905	1	1	0.73592	-0.22394	0.4	-5.5641	13.769	-0.22394	0.4	-5.5641	13.769	-0.22394	0.4	-5.5641	13.769	-0.22394	0.4	-5.5641	13.769	0	-0.23242	0.41515	-5.7749	14.291	-0.23242	0.41515	-5.7749	14.291	-0.23242	0.41515	-5.7749	14.291	-0.23242	0.41515	-5.7749	14.291	0	0.13846	0.13846	0.13846	0.13846	0.13846	0.13846	0.13846	0.13846	0.13846	0.13846	0.13846	0.13846	0.13846	0.13846	0.13846	0.13846	0.13846
10000	0.1	0.99998	0.01	1	1	1.2162	2.3157	1.3838	5.9583	21.179	2.3157	1.3838	5.9583	21.179	2.3157	1.3838	5.9583	21.179	2.3157	1.3838	5.9583	21.179	0	1.5837	0.94644	4.0751	14.485	1.5837	0.94644	4.0751	14.485	1.5837	0.94644	4.0751	14.485	1.5837	0.94644	4.0751	14.485	0	0.4257	0.4257	0.4257	0.4257	0.4257	0.4257	0.4257	0.4257	0.4257	0.4257	0.4257	0.4257	0.4257	0.4257	0.4257	0.4257	0.4257
10000	7.1533	0.0014433	0.015854	1	1	-7.2	1	0.3	2.5	33.979	1	0.3	2.5	33.979	1	0.3	2.5	33.979	1	0.3	2.5	33.979	0	1	0.3	2.5	33.979	1	0.3	2.5	33.979	1	0.3	2.5	33.979	1	0.3	2.5	33.979	0	0.2	0.2	0.2	0.2	0.2	0.2	0.2	0.2	0.2	0.2	0.2	0.2	0.2	0.2	0.2	0.2	0.2
10000	5.5847	0.029372	0.01	1	1	-6.3053	2.5747	0.35608	2.6961	18.159	2.5747	0.35608	2.6961	18.159	2.5747	0.35608	2.6961	18.159	2.5747	0.35608	2.6961	18.159	0	10.299	1.4243	10.784	72.634	10.299	1.4243	10.784	72.634	10.299	1.4243	10.784	72.634	10.299	1.4243	10.784	72.634	0	0.13267	0.13267	0.13267	0.13267	0.13267	0.13267	0.13267	0.13267	0.13267	0.13267	0.13267	0.13267	0.13267	0.13267	0.13267	0.13267	0.13267
10000	0.1	0.472	0.018407	1	1	1.3723	1.6268	-0.038018	3.8137	7.1984	1.6268	-0.038018	3.8137	7.1984	1.6268	-0.038018	3.8137	7.1984	1.6268	-0.038018	3.8137	7.1984	0	0.9826	-0.022963	2.3036	4.348	0.9826	-0.022963	2.3036	4.348	0.9826	-0.022963	2.3036	4.348	0.9826	-0.022963	2.3036	4.348	0	0.21746	0.21746	0.21746	0.21746	0.21746	0.21746	0.21746	0.21746	0.21746	0.21746	0.21746	0.21746	0.21746	0.21746	0.21746	0.21746	0.21746
10000	5.8373	0.001	0.01	1	1	0.65992	1.02	0.3	2.5	15	1.02	0.3	2.5	15	1.02	0.3	2.5	15	1.02	0.3	2.5	15	0	2.04	0.6	5	30	2.04	0.6	5	30	2.04	0.6	5	30	2.04	0.6	5	30	0	0.20859	0.20859	0.20859	0.20859	0.20859	0.20859	0.20859	0.20859	0.20859	0.20859	0.20859	0.20859	0.20859	0.20859	0.20859	0.20859	0.20859
10000	7.3418	0.001	0.01	1	1	-0.25937	0.5	-0.14197	1.625	19	0.5	-0.14197	1.625	19	0.5	-0.14197	1.625	19	0.5	-0.14197	1.625	19	0	0.71875	-0.20408	2.3359	27.312	0.71875	-0.20408	2.3359	27.312	0.71875	-0.20408	2.3359	27.312	0.71875	-0.20408	2.3359	27.312	0	0.4	0.4	0.4	0.4	0.4	0.4	0.4	0.4	0.4	0.4	0.4	0.4	0.4	0.4	0.4	0.4	0.4
10000	3.0075	0.010069	0.015623	1	1	-3.6027	-11.463	0.2975	2.5067	15.031	-11.463	0.2975	2.5067	15.031	-11.463	0.2975	2.5067	15.031	-11.463	0.2975	2.5067	15.031	0	-22.865	0.59343	5.0002	29.982	-22.865	0.59343	5.0002	29.982	-22.865	0.59343	5.0002	29.982	-22.865	0.59343	5.0002	29.982	0	0.10028	0.10028	0.10028	0.10028	0.10028	0.10028	0.10028	0.10028	0.10028	0.10028	0.10028	0.10028	0.10028	0.10028	0.10028	0.10028	0.10028
10000	2.4	0.99998	0.02	1	1	0.79403	0.99999	0.3	2.5	15	0.99999	0.3	2.5	15	0.99999	0.3	2.5	15	0.99999	0.3	2.5	15	0	0.25	0.075	0.625	3.75	0.25	0.075	0.625	3.75	0.25	0.075	0.625	3.75	0.25	0.075	0.625	3.75	0	0.2	0.2	0.2	0.2	0.2	0.2	0.2	0.2	0.2	0.2	0.2	0.2	0.2	0.2	0.2	0.2	0.2
10000	7.9219	0.99999	0.019941	1	1	0.9222	1.3188	0.59297	3.3928	91.67	1.3188	0.59297	3.3928	91.67	1.3188	0.59297	3.3928	91.67	1.3188	0.59297	3.3928	91.67	0	0.61367	0.27593	1.5788	42.658	0.61367	0.27593	1.5788	42.658	0.61367	0.27593	1.5788	42.658	0.61367	0.27593	1.5788	42.658	0	0.29334	0.29334	0.29334	0.29334	0.29334	0.29334	0.29334	0.29334	0.29334	0.29334	0.29334	0.29334	0.29334	0.29334	0.29334	0.29334	0.29334
10000	7.5	0.0076459	0.02	1	1	0.99999	-1.4824	1.35	2.3287	15	-1.4824	1.35	2.3287	15	-1.4824	1.35	2.3287	15	-1.4824	1.35	2.3287	15	0	-1.7018	1.5499	2.6734	17.221	-1.7018	1.5499	2.6734	17.221	-1.7018	1.5499	2.6734	17.221	-1.7018	1.5499	2.6734	17.221	0	0.2	0.2	0.2	0.2	0.2	0.2	0.2	0.2	0.2	0.2	0.2	0.2	0.2	0.2	0.2	0.2	0.2
10000	5	0.0048574	0.02	1	1	0.8	1	0.3	2.5	3.5638	1	0.3	2.5	3.5638	1	0.3	2.5	3.5638	1	0.3	2.5	3.5638	0	2	0.6	5	7.1277	2	0.6	5	7.1277	2	0.6	5	7.1277	2	0.6	5	7.1277	0	0.14737	0.14737	0.14737	0.14737	0.14737	0.14737	0.14737	0.14737	0.14737	0.14737	0.14737	0.14737	0.14737	0.14737	0.14737	0.14737	0.14737
10000	0.1	0.01	0.01	1	1	0.8	1	0.3	2.5	-22.128	1	0.3	2.5	-22.128	1	0.3	2.5	-22.128	1	0.3	2.5	-22.128	0	2	0.6	5	-44.256	2	0.6	5	-44.256	2	0.6	5	-44.256	2	0.6	5	-44.256	0	0	0	0	0	0	0	0	0	0	0	0	0	0	0	0	0	0
10000	2.0552	0.0061559	0.01	1	1	-2.4533	1.4985	0.92831	-12.629	15.267	1.4985	0.92831	-12.629	15.267	1.4985	0.92831	-12.629	15.267	1.4985	0.92831	-12.629	15.267	0	2.766	1.7135	-23.31	28.18	2.766	1.7135	-23.31	28.18	2.766	1.7135	-23.31	28.18	2.766	1.7135	-23.31	28.18	0	0.13991	0.13991	0.13991	0.13991	0.13991	0.13991	0.13991	0.13991	0.13991	0.13991	0.13991	0.13991	0.13991	0.13991	0.13991	0.13991	0.13991
10000	6.493	0.0046294	1	1	1	-1.2916	1.0017	0.29888	2.503	14.986	1.0017	0.29888	2.503	14.986	1.0017	0.29888	2.503	14.986	1.0017	0.29888	2.503	14.986	0	1.0014	0.2988	2.5023	14.982	1.0014	0.2988	2.5023	14.982	1.0014	0.2988	2.5023	14.982	1.0014	0.2988	2.5023	14.982	0	1	1	1	1	1	1	1	1	1	1	1	1	1	1	1	1	1
10000	3.5	0.01	0.01	1	1	0.39169	-7.2	0.15091	2.5	7.2579	-7.2	0.15091	2.5	7.2579	-7.2	0.15091	2.5	7.2579	-7.2	0.15091	2.5	7.2579	0	-14.4	0.30182	5	14.516	-14.4	0.30182	5	14.516	-14.4	0.30182	5	14.516	-14.4	0.30182	5	14.516	0	0.2	0.2	0.2	0.2	0.2	0.2	0.2	0.2	0.2	0.2	0.2	0.2	0.2	0.2	0.2	0.2	0.2
10000	6.1189	0.001	0.015448	1	1	0.8	2	0.4	-22.5	15	2	0.4	-22.5	15	2	0.4	-22.5	15	2	0.4	-22.5	15	0	3.3758	0.67515	-37.977	25.318	3.3758	0.67515	-37.977	25.318	3.3758	0.67515	-37.977	25.318	3.3758	0.67515	-37.977	25.318	0	0.54603	0.54603	0.54603	0.54603	0.54603	0.54603	0.54603	0.54603	0.54603	0.54603	0.54603	0.54603	0.54603	0.54603	0.54603	0.54603	0.54603
10000	3.1339	0.025246	0.01	1	1	1.1538	-9.0213	0.063338	2.4629	15.17	-9.0213	0.063338	2.4629	15.17	-9.0213	0.063338	2.4629	15.17	-9.0213	0.063338	2.4629	15.17	0	-12.726	0.089349	3.4743	21.4	-12.726	0.089349	3.4743	21.4	-12.726	0.089349	3.4743	21.4	-12.726	0.089349	3.4743	21.4	0	0	0	0	0	0	0	0	0	0	0	0	0	0	0	0	0	0
10000	3	0.005	0.02	1	1	0.8	1	0.3	2.5	15	1	0.3	2.5	15	1	0.3	2.5	15	1	0.3	2.5	15	0	1	0.3	2.5	15	1	0.3	2.5	15	1	0.3	2.5	15	1	0.3	2.5	15	0	0.2	0.2	0.2	0.2	0.2	0.2	0.2	0.2	0.2	0.2	0.2	0.2	0.2	0.2	0.2	0.2	0.2
10000	2.405	0.001	0.01	1	1	0.8	-9	0.1993	2.5	15	-9	0.1993	2.5	15	-9	0.1993	2.5	15	-9	0.1993	2.5	15	0	-13.476	0.29841	3.7433	22.46	-13.476	0.29841	3.7433	22.46	-13.476	0.29841	3.7433	22.46	-13.476	0.29841	3.7433	22.46	0	1	1	1	1	1	1	1	1	1	1	1	1	1	1	1	1	1
10000	0.14048	1	0.01	1	1	1.3837	2.8897	1.304	3.5257	10.455	2.8897	1.304	3.5257	10.455	2.8897	1.304	3.5257	10.455	2.8897	1.304	3.5257	10.455	0	0.72242	0.32599	0.88142	2.6138	0.72242	0.32599	0.88142	2.6138	0.72242	0.32599	0.88142	2.6138	0.72242	0.32599	0.88142	2.6138	0	0	0	0	0	0	0	0	0	0	0	0	0	0	0	0	0	0
10000	0.1	0.96232	0.076149	1	1	0.71142	1.0722	0.13773	3.6004	19.664	1.0722	0.13773	3.6004	19.664	1.0722	0.13773	3.6004	19.664	1.0722	0.13773	3.6004	19.664	0	0.26806	0.034432	0.90009	4.9159	0.26806	0.034432	0.90009	4.9159	0.26806	0.034432	0.90009	4.9159	0.26806	0.034432	0.90009	4.9159	0	0	0	0	0	0	0	0	0	0	0	0	0	0	0	0	0	0
10000	5	0.010555	0.018594	1	1	-31.2	1	0.070674	-5.8333	11.182	1	0.070674	-5.8333	11.182	1	0.070674	-5.8333	11.182	1	0.070674	-5.8333	11.182	0	1.0556	0.074601	-6.1574	11.803	1.0556	0.074601	-6.1574	11.803	1.0556	0.074601	-6.1574	11.803	1.0556	0.074601	-6.1574	11.803	0	0.090139	0.090139	0.090139	0.090139	0.090139	0.090139	0.090139	0.090139	0.090139	0.090139	0.090139	0.090139	0.090139	0.090139	0.090139	0.090139	0.090139
10000	5.0971	0.0084145	0.01	1	1	14.464	2.5	-2.4011	1.6576	-26	2.5	-2.4011	1.6576	-26	2.5	-2.4011	1.6576	-26	2.5	-2.4011	1.6576	-26	0	2.693	-2.5864	1.7855	-28.007	2.693	-2.5864	1.7855	-28.007	2.693	-2.5864	1.7855	-28.007	2.693	-2.5864	1.7855	-28.007	0	0.041558	0.041558	0.041558	0.041558	0.041558	0.041558	0.041558	0.041558	0.041558	0.041558	0.041558	0.041558	0.041558	0.041558	0.041558	0.041558	0.041558
10000	7.7123	0.87528	0.01	1	1	1.4472	1.2733	0.77031	4.0294	13.992	1.2733	0.77031	4.0294	13.992	1.2733	0.77031	4.0294	13.992	1.2733	0.77031	4.0294	13.992	0	0.31832	0.19258	1.0074	3.4979	0.31832	0.19258	1.0074	3.4979	0.31832	0.19258	1.0074	3.4979	0.31832	0.19258	1.0074	3.4979	0	0.25042	0.25042	0.25042	0.25042	0.25042	0.25042	0.25042	0.25042	0.25042	0.25042	0.25042	0.25042	0.25042	0.25042	0.25042	0.25042	0.25042
10000	3.4416	0.54771	0.59677	1	1	1.5297	2.0151	-0.10807	4.7522	36.486	2.0151	-0.10807	4.7522	36.486	2.0151	-0.10807	4.7522	36.486	2.0151	-0.10807	4.7522	36.486	0	0.50377	-0.027017	1.188	9.1216	0.50377	-0.027017	1.188	9.1216	0.50377	-0.027017	1.188	9.1216	0.50377	-0.027017	1.188	9.1216	0	0	0	0	0	0	0	0	0	0	0	0	0	0	0	0	0	0
10000	0.1	0.99999	0.016437	1	1	0.8	1	0.17673	4.7663	15	1	0.17673	4.7663	15	1	0.17673	4.7663	15	1	0.17673	4.7663	15	0	0.46106	0.081482	2.1975	6.9159	0.46106	0.081482	2.1975	6.9159	0.46106	0.081482	2.1975	6.9159	0.46106	0.081482	2.1975	6.9159	0	0.2	0.2	0.2	0.2	0.2	0.2	0.2	0.2	0.2	0.2	0.2	0.2	0.2	0.2	0.2	0.2	0.2
10000	2.3896	0.99999	0.033503	1	1	0.77833	1.0876	0.63913	3.8594	6.1161	1.0876	0.63913	3.8594	6.1161	1.0876	0.63913	3.8594	6.1161	1.0876	0.63913	3.8594	6.1161	0	0.59142	0.34755	2.0987	3.3259	0.59142	0.34755	2.0987	3.3259	0.59142	0.34755	2.0987	3.3259	0.59142	0.34755	2.0987	3.3259	0	0.01833	0.01833	0.01833	0.01833	0.01833	0.01833	0.01833	0.01833	0.01833	0.01833	0.01833	0.01833	0.01833	0.01833	0.01833	0.01833	0.01833
10000	3.4292	0.001	0.01	1	1	0.40377	0.80032	-0.029063	1.7295	10.522	0.80032	-0.029063	1.7295	10.522	0.80032	-0.029063	1.7295	10.522	0.80032	-0.029063	1.7295	10.522	0	1.1162	-0.040532	2.4121	14.675	1.1162	-0.040532	2.4121	14.675	1.1162	-0.040532	2.4121	14.675	1.1162	-0.040532	2.4121	14.675	0	0.22781	0.22781	0.22781	0.22781	0.22781	0.22781	0.22781	0.22781	0.22781	0.22781	0.22781	0.22781	0.22781	0.22781	0.22781	0.22781	0.22781
10000	3.3991	0.001	0.015907	1	1	1.4158	2.0614	-0.2966	1.7558	8.9545	2.0614	-0.2966	1.7558	8.9545	2.0614	-0.2966	1.7558	8.9545	2.0614	-0.2966	1.7558	8.9545	0	2.107	-0.30316	1.7947	9.1525	2.107	-0.30316	1.7947	9.1525	2.107	-0.30316	1.7947	9.1525	2.107	-0.30316	1.7947	9.1525	0	0.088601	0.088601	0.088601	0.088601	0.088601	0.088601	0.088601	0.088601	0.088601	0.088601	0.088601	0.088601	0.088601	0.088601	0.088601	0.088601	0.088601
10000	3.6703	0.010113	0.010772	1	1	0.92308	-0.97878	-1.7382	0.51569	-584.55	-0.97878	-1.7382	0.51569	-584.55	-0.97878	-1.7382	0.51569	-584.55	-0.97878	-1.7382	0.51569	-584.55	0	-2.0269	-3.5996	1.0679	-1210.5	-2.0269	-3.5996	1.0679	-1210.5	-2.0269	-3.5996	1.0679	-1210.5	-2.0269	-3.5996	1.0679	-1210.5	0	0.12295	0.12295	0.12295	0.12295	0.12295	0.12295	0.12295	0.12295	0.12295	0.12295	0.12295	0.12295	0.12295	0.12295	0.12295	0.12295	0.12295
10000	5.3453	0.001	0.01	1	1	0.8	1	0.3	2.5	15	1	0.3	2.5	15	1	0.3	2.5	15	1	0.3	2.5	15	0	1	0.3	2.5	15	1	0.3	2.5	15	1	0.3	2.5	15	1	0.3	2.5	15	0	0.34112	0.34112	0.34112	0.34112	0.34112	0.34112	0.34112	0.34112	0.34112	0.34112	0.34112	0.34112	0.34112	0.34112	0.34112	0.34112	0.34112
10000	3.5	1	0.028408	1	1	0.8	1	0.3	5	15	1	0.3	5	15	1	0.3	5	15	1	0.3	5	15	0	0.25	0.075	1.25	3.75	0.25	0.075	1.25	3.75	0.25	0.075	1.25	3.75	0.25	0.075	1.25	3.75	0	0.2	0.2	0.2	0.2	0.2	0.2	0.2	0.2	0.2	0.2	0.2	0.2	0.2	0.2	0.2	0.2	0.2
10000	6.4751	1	0.01	1	1	0.8834	1.8334	0.61764	4.0127	10.756	1.8334	0.61764	4.0127	10.756	1.8334	0.61764	4.0127	10.756	1.8334	0.61764	4.0127	10.756	0	0.75435	0.25413	1.651	4.4256	0.75435	0.25413	1.651	4.4256	0.75435	0.25413	1.651	4.4256	0.75435	0.25413	1.651	4.4256	0	0.23411	0.23411	0.23411	0.23411	0.23411	0.23411	0.23411	0.23411	0.23411	0.23411	0.23411	0.23411	0.23411	0.23411	0.23411	0.23411	0.23411
10000	6.9614	0.0042778	0.016667	1	1	0.83408	-0.3327	0.30384	0.46437	4.1567	-0.3327	0.30384	0.46437	4.1567	-0.3327	0.30384	0.46437	4.1567	-0.3327	0.30384	0.46437	4.1567	0	-0.33062	0.30195	0.46148	4.1307	-0.33062	0.30195	0.46148	4.1307	-0.33062	0.30195	0.46148	4.1307	-0.33062	0.30195	0.46148	4.1307	0	0.20253	0.20253	0.20253	0.20253	0.20253	0.20253	0.20253	0.20253	0.20253	0.20253	0.20253	0.20253	0.20253	0.20253	0.20253	0.20253	0.20253
10000	5.509	1	0.022191	1	1	0.87013	1.1933	0.22006	5.3019	28.618	1.1933	0.22006	5.3019	28.618	1.1933	0.22006	5.3019	28.618	1.1933	0.22006	5.3019	28.618	0	0.49717	0.091688	2.209	11.924	0.49717	0.091688	2.209	11.924	0.49717	0.091688	2.209	11.924	0.49717	0.091688	2.209	11.924	0	0.13479	0.13479	0.13479	0.13479	0.13479	0.13479	0.13479	0.13479	0.13479	0.13479	0.13479	0.13479	0.13479	0.13479	0.13479	0.13479	0.13479
10000	0.1	0.0055444	0.015	1	1	-1.4671	-5.6336	0.19188	-22.5	10	-5.6336	0.19188	-22.5	10	-5.6336	0.19188	-22.5	10	-5.6336	0.19188	-22.5	10	0	-8.6316	0.294	-34.474	15.322	-8.6316	0.294	-34.474	15.322	-8.6316	0.294	-34.474	15.322	-8.6316	0.294	-34.474	15.322	0	0.12023	0.12023	0.12023	0.12023	0.12023	0.12023	0.12023	0.12023	0.12023	0.12023	0.12023	0.12023	0.12023	0.12023	0.12023	0.12023	0.12023
10000	4.2919	1	0.024801	1	1	1.0393	1.0933	0.20225	4.5799	5.3024	1.0933	0.20225	4.5799	5.3024	1.0933	0.20225	4.5799	5.3024	1.0933	0.20225	4.5799	5.3024	0	0.27332	0.050562	1.145	1.3256	0.27332	0.050562	1.145	1.3256	0.27332	0.050562	1.145	1.3256	0.27332	0.050562	1.145	1.3256	0	0.2232	0.2232	0.2232	0.2232	0.2232	0.2232	0.2232	0.2232	0.2232	0.2232	0.2232	0.2232	0.2232	0.2232	0.2232	0.2232	0.2232
10000	0.1	0.009558	0.010185	1	1	0.47407	-2.0639	0.21859	0.77274	44.226	-2.0639	0.21859	0.77274	44.226	-2.0639	0.21859	0.77274	44.226	-2.0639	0.21859	0.77274	44.226	0	-2.1775	0.23062	0.81526	46.66	-2.1775	0.23062	0.81526	46.66	-2.1775	0.23062	0.81526	46.66	-2.1775	0.23062	0.81526	46.66	0	0.14757	0.14757	0.14757	0.14757	0.14757	0.14757	0.14757	0.14757	0.14757	0.14757	0.14757	0.14757	0.14757	0.14757	0.14757	0.14757	0.14757
10000	10	1	0.024056	1	1	1.1968	1.0175	0.45077	3.7914	15	1.0175	0.45077	3.7914	15	1.0175	0.45077	3.7914	15	1.0175	0.45077	3.7914	15	0	0.4458	0.19749	1.6611	6.5717	0.4458	0.19749	1.6611	6.5717	0.4458	0.19749	1.6611	6.5717	0.4458	0.19749	1.6611	6.5717	0	0.1	0.1	0.1	0.1	0.1	0.1	0.1	0.1	0.1	0.1	0.1	0.1	0.1	0.1	0.1	0.1	0.1
10000	0.10001	0.99999	0.072148	1	1	2.1059	2.5621	0.367	7.6142	28.58	2.5621	0.367	7.6142	28.58	2.5621	0.367	7.6142	28.58	2.5621	0.367	7.6142	28.58	0	0.73713	0.10559	2.1907	8.2228	0.73713	0.10559	2.1907	8.2228	0.73713	0.10559	2.1907	8.2228	0.73713	0.10559	2.1907	8.2228	0	0	0	0	0	0	0	0	0	0	0	0	0	0	0	0	0	0
10000	2.7356	1	0.02	1	1	1.1163	1.4256	0.4	5	51.661	1.4256	0.4	5	51.661	1.4256	0.4	5	51.661	1.4256	0.4	5	51.661	0	0.72037	0.20212	2.5265	26.104	0.72037	0.20212	2.5265	26.104	0.72037	0.20212	2.5265	26.104	0.72037	0.20212	2.5265	26.104	0	0.3	0.3	0.3	0.3	0.3	0.3	0.3	0.3	0.3	0.3	0.3	0.3	0.3	0.3	0.3	0.3	0.3
10000	5.6699	0.010182	0.01	1	1	-180.67	0.99811	0.34006	2.4966	20.021	0.99811	0.34006	2.4966	20.021	0.99811	0.34006	2.4966	20.021	0.99811	0.34006	2.4966	20.021	0	0.77696	0.26471	1.9434	15.585	0.77696	0.26471	1.9434	15.585	0.77696	0.26471	1.9434	15.585	0.77696	0.26471	1.9434	15.585	0	0.20154	0.20154	0.20154	0.20154	0.20154	0.20154	0.20154	0.20154	0.20154	0.20154	0.20154	0.20154	0.20154	0.20154	0.20154	0.20154	0.20154
10000	6.4875	0.006874	0.015	1	1	0.4109	0.575	0.1375	2.0625	17	0.575	0.1375	2.0625	17	0.575	0.1375	2.0625	17	0.575	0.1375	2.0625	17	0	0.70078	0.16758	2.5137	20.719	0.70078	0.16758	2.5137	20.719	0.70078	0.16758	2.5137	20.719	0.70078	0.16758	2.5137	20.719	0	1	1	1	1	1	1	1	1	1	1	1	1	1	1	1	1	1
10000	5.4944	0.001	0.01	1	1	0.8	1	0.3	2.5	15	1	0.3	2.5	15	1	0.3	2.5	15	1	0.3	2.5	15	0	2	0.6	5	30	2	0.6	5	30	2	0.6	5	30	2	0.6	5	30	0	0.12968	0.12968	0.12968	0.12968	0.12968	0.12968	0.12968	0.12968	0.12968	0.12968	0.12968	0.12968	0.12968	0.12968	0.12968	0.12968	0.12968
10000	3.7658	0.85458	0.021355	1	1	-0.45485	1.181	-0.21982	3.3312	7.0127	1.181	-0.21982	3.3312	7.0127	1.181	-0.21982	3.3312	7.0127	1.181	-0.21982	3.3312	7.0127	0	0.61678	-0.11481	1.7398	3.6625	0.61678	-0.11481	1.7398	3.6625	0.61678	-0.11481	1.7398	3.6625	0.61678	-0.11481	1.7398	3.6625	0	0.40946	0.40946	0.40946	0.40946	0.40946	0.40946	0.40946	0.40946	0.40946	0.40946	0.40946	0.40946	0.40946	0.40946	0.40946	0.40946	0.40946
10000	2.4287	0.001	0.011328	1	1	0.72538	1.0978	-0.95326	0.39187	15.782	1.0978	-0.95326	0.39187	15.782	1.0978	-0.95326	0.39187	15.782	1.0978	-0.95326	0.39187	15.782	0	1.1868	-1.0306	0.42366	17.062	1.1868	-1.0306	0.42366	17.062	1.1868	-1.0306	0.42366	17.062	1.1868	-1.0306	0.42366	17.062	0	0.14463	0.14463	0.14463	0.14463	0.14463	0.14463	0.14463	0.14463	0.14463	0.14463	0.14463	0.14463	0.14463	0.14463	0.14463	0.14463	0.14463
10000	4.5934	0.001	0.019223	1	1	0.8	1	0.3	2.5	15	1	0.3	2.5	15	1	0.3	2.5	15	1	0.3	2.5	15	0	0.56882	0.17065	1.422	8.5323	0.56882	0.17065	1.422	8.5323	0.56882	0.17065	1.422	8.5323	0.56882	0.17065	1.422	8.5323	0	0.62814	0.62814	0.62814	0.62814	0.62814	0.62814	0.62814	0.62814	0.62814	0.62814	0.62814	0.62814	0.62814	0.62814	0.62814	0.62814	0.62814
10000	9.3946	0.001	0.01	1	1	-13.676	-0.15266	0.30976	1.8239	16.732	-0.15266	0.30976	1.8239	16.732	-0.15266	0.30976	1.8239	16.732	-0.15266	0.30976	1.8239	16.732	0	-0.15032	0.30501	1.7959	16.475	-0.15032	0.30501	1.7959	16.475	-0.15032	0.30501	1.7959	16.475	-0.15032	0.30501	1.7959	16.475	0	0.088349	0.088349	0.088349	0.088349	0.088349	0.088349	0.088349	0.088349	0.088349	0.088349	0.088349	0.088349	0.088349	0.088349	0.088349	0.088349	0.088349
10000	5.1815	1	0.036719	1	1	0.73795	1.6974	0.23846	6.9577	12.963	1.6974	0.23846	6.9577	12.963	1.6974	0.23846	6.9577	12.963	1.6974	0.23846	6.9577	12.963	0	0.42434	0.059614	1.7394	3.2406	0.42434	0.059614	1.7394	3.2406	0.42434	0.059614	1.7394	3.2406	0.42434	0.059614	1.7394	3.2406	0	0	0	0	0	0	0	0	0	0	0	0	0	0	0	0	0	0
10000	3.3422	0.001	0.016569	1	1	0.31859	1.326	0.30474	2.4872	15.058	1.326	0.30474	2.4872	15.058	1.326	0.30474	2.4872	15.058	1.326	0.30474	2.4872	15.058	0	1.5386	0.35358	2.8859	17.472	1.5386	0.35358	2.8859	17.472	1.5386	0.35358	2.8859	17.472	1.5386	0.35358	2.8859	17.472	0	0.20292	0.20292	0.20292	0.20292	0.20292	0.20292	0.20292	0.20292	0.20292	0.20292	0.20292	0.20292	0.20292	0.20292	0.20292	0.20292	0.20292
10000	6.0741	0.010793	0.016605	1	1	-16.479	0.97522	-1.5842	3.4616	15.516	0.97522	-1.5842	3.4616	15.516	0.97522	-1.5842	3.4616	15.516	0.97522	-1.5842	3.4616	15.516	0	0.70433	-1.1442	2.5001	11.206	0.70433	-1.1442	2.5001	11.206	0.70433	-1.1442	2.5001	11.206	0.70433	-1.1442	2.5001	11.206	0	0	0	0	0	0	0	0	0	0	0	0	0	0	0	0	0	0
10000	10	0.0089704	0.01	1	1	0.38939	0.10009	0.82898	2.682	7.8687	0.10009	0.82898	2.682	7.8687	0.10009	0.82898	2.682	7.8687	0.10009	0.82898	2.682	7.8687	0	0.34089	2.8233	9.1339	26.798	0.34089	2.8233	9.1339	26.798	0.34089	2.8233	9.1339	26.798	0.34089	2.8233	9.1339	26.798	0	0	0	0	0	0	0	0	0	0	0	0	0	0	0	0	0	0
10000	0.1	1	0.021944	1	1	0.72792	1.0972	0.66317	4.8299	30.777	1.0972	0.66317	4.8299	30.777	1.0972	0.66317	4.8299	30.777	1.0972	0.66317	4.8299	30.777	0	0.53252	0.32187	2.3442	14.938	0.53252	0.32187	2.3442	14.938	0.53252	0.32187	2.3442	14.938	0.53252	0.32187	2.3442	14.938	0	0.17799	0.17799	0.17799	0.17799	0.17799	0.17799	0.17799	0.17799	0.17799	0.17799	0.17799	0.17799	0.17799	0.17799	0.17799	0.17799	0.17799
10000	3.2757	1	0.031094	1	1	0.82461	1.0273	0.31777	6.206	30.219	1.0273	0.31777	6.206	30.219	1.0273	0.31777	6.206	30.219	1.0273	0.31777	6.206	30.219	0	0.25683	0.079442	1.5515	7.5547	0.25683	0.079442	1.5515	7.5547	0.25683	0.079442	1.5515	7.5547	0.25683	0.079442	1.5515	7.5547	0	0.11537	0.11537	0.11537	0.11537	0.11537	0.11537	0.11537	0.11537	0.11537	0.11537	0.11537	0.11537	0.11537	0.11537	0.11537	0.11537	0.11537
10000	7.3559	0.001	0.01	1	1	-6.75	0.5	0.025	3.375	19	0.5	0.025	3.375	19	0.5	0.025	3.375	19	0.5	0.025	3.375	19	0	0.71875	0.035937	4.8516	27.312	0.71875	0.035937	4.8516	27.312	0.71875	0.035937	4.8516	27.312	0.71875	0.035937	4.8516	27.312	0	0	0	0	0	0	0	0	0	0	0	0	0	0	0	0	0	0
10000	5.8333	0.0049235	0.017285	1	1	0.1027	-5.0071	0.33334	2.5	15	-5.0071	0.33334	2.5	15	-5.0071	0.33334	2.5	15	-5.0071	0.33334	2.5	15	0	-5.0071	0.33334	2.5	15	-5.0071	0.33334	2.5	15	-5.0071	0.33334	2.5	15	-5.0071	0.33334	2.5	15	0	0.3	0.3	0.3	0.3	0.3	0.3	0.3	0.3	0.3	0.3	0.3	0.3	0.3	0.3	0.3	0.3	0.3
10000	4.2625	0.0063333	0.015	1	1	0.575	1.25	0.4625	-22.938	13	1.25	0.4625	-22.938	13	1.25	0.4625	-22.938	13	1.25	0.4625	-22.938	13	0	1.0156	0.37578	-18.637	10.562	1.0156	0.37578	-18.637	10.562	1.0156	0.37578	-18.637	10.562	1.0156	0.37578	-18.637	10.562	0	0.15	0.15	0.15	0.15	0.15	0.15	0.15	0.15	0.15	0.15	0.15	0.15	0.15	0.15	0.15	0.15	0.15
10000	3.3667	0.005	0.02	1	1	0.4	1	0.3	2.5	13.441	1	0.3	2.5	13.441	1	0.3	2.5	13.441	1	0.3	2.5	13.441	0	2.1802	0.65405	5.4504	29.303	2.1802	0.65405	5.4504	29.303	2.1802	0.65405	5.4504	29.303	2.1802	0.65405	5.4504	29.303	0	0.2	0.2	0.2	0.2	0.2	0.2	0.2	0.2	0.2	0.2	0.2	0.2	0.2	0.2	0.2	0.2	0.2
10000	0.29858	0.99999	0.01	1	1	0.3279	0.9829	1.3611	4.9701	15.137	0.9829	1.3611	4.9701	15.137	0.9829	1.3611	4.9701	15.137	0.9829	1.3611	4.9701	15.137	0	0.61928	0.85758	3.1314	9.537	0.61928	0.85758	3.1314	9.537	0.61928	0.85758	3.1314	9.537	0.61928	0.85758	3.1314	9.537	0	0.20036	0.20036	0.20036	0.20036	0.20036	0.20036	0.20036	0.20036	0.20036	0.20036	0.20036	0.20036	0.20036	0.20036	0.20036	0.20036	0.20036
10000	3.975	0.001	0.011538	1	1	1.25	0.5	-0.025	0.87501	11	0.5	-0.025	0.87501	11	0.5	-0.025	0.87501	11	0.5	-0.025	0.87501	11	0	0.28125	-0.014063	0.49219	6.1875	0.28125	-0.014063	0.49219	6.1875	0.28125	-0.014063	0.49219	6.1875	0.28125	-0.014063	0.49219	6.1875	0	0.6	0.6	0.6	0.6	0.6	0.6	0.6	0.6	0.6	0.6	0.6	0.6	0.6	0.6	0.6	0.6	0.6
10000	10	1	0.024791	1	1	0.42789	0.85663	0.27788	3.3327	-202.21	0.85663	0.27788	3.3327	-202.21	0.85663	0.27788	3.3327	-202.21	0.85663	0.27788	3.3327	-202.21	0	0.41633	0.13505	1.6197	-98.278	0.41633	0.13505	1.6197	-98.278	0.41633	0.13505	1.6197	-98.278	0.41633	0.13505	1.6197	-98.278	0	0.36355	0.36355	0.36355	0.36355	0.36355	0.36355	0.36355	0.36355	0.36355	0.36355	0.36355	0.36355	0.36355	0.36355	0.36355	0.36355	0.36355
10000	5	0.01	0.02	1	1	0.8	1	0.3	2.5	15	1	0.3	2.5	15	1	0.3	2.5	15	1	0.3	2.5	15	0	1	0.3	2.5	15	1	0.3	2.5	15	1	0.3	2.5	15	1	0.3	2.5	15	0	0.2	0.2	0.2	0.2	0.2	0.2	0.2	0.2	0.2	0.2	0.2	0.2	0.2	0.2	0.2	0.2	0.2
10000	4.8363	0.02247	0.014704	1	1	-13.573	-5.2275	-0.34708	-5.5754	21.758	-5.2275	-0.34708	-5.5754	21.758	-5.2275	-0.34708	-5.5754	21.758	-5.2275	-0.34708	-5.5754	21.758	0	-4.8106	-0.3194	-5.1307	20.023	-4.8106	-0.3194	-5.1307	20.023	-4.8106	-0.3194	-5.1307	20.023	-4.8106	-0.3194	-5.1307	20.023	0	0.1885	0.1885	0.1885	0.1885	0.1885	0.1885	0.1885	0.1885	0.1885	0.1885	0.1885	0.1885	0.1885	0.1885	0.1885	0.1885	0.1885
10000	0.14963	0.99999	0.020074	1	1	0.60581	0.9963	0.18066	4.9935	14.97	0.9963	0.18066	4.9935	14.97	0.9963	0.18066	4.9935	14.97	0.9963	0.18066	4.9935	14.97	0	0.49045	0.088934	2.4582	7.3695	0.49045	0.088934	2.4582	7.3695	0.49045	0.088934	2.4582	7.3695	0.49045	0.088934	2.4582	7.3695	0	0.2006	0.2006	0.2006	0.2006	0.2006	0.2006	0.2006	0.2006	0.2006	0.2006	0.2006	0.2006	0.2006	0.2006	0.2006	0.2006	0.2006
10000	1.3018	0.001	0.02	1	1	-7.2	0.22229	0.3	2.5	10	0.22229	0.3	2.5	10	0.22229	0.3	2.5	10	0.22229	0.3	2.5	10	0	0.22229	0.3	2.5	10	0.22229	0.3	2.5	10	0.22229	0.3	2.5	10	0.22229	0.3	2.5	10	0	0.2	0.2	0.2	0.2	0.2	0.2	0.2	0.2	0.2	0.2	0.2	0.2	0.2	0.2	0.2	0.2	0.2
10000	2.4819	0.001	0.01	1	1	1.15	-0.051365	0.625	3.375	11	-0.051365	0.625	3.375	11	-0.051365	0.625	3.375	11	-0.051365	0.625	3.375	11	0	-0.041946	0.51039	2.7561	8.9828	-0.041946	0.51039	2.7561	8.9828	-0.041946	0.51039	2.7561	8.9828	-0.041946	0.51039	2.7561	8.9828	0	0.20468	0.20468	0.20468	0.20468	0.20468	0.20468	0.20468	0.20468	0.20468	0.20468	0.20468	0.20468	0.20468	0.20468	0.20468	0.20468	0.20468
10000	0.1	0.81928	0.01	1	1	0.12294	1.011	0.67093	3.0275	8.5294	1.011	0.67093	3.0275	8.5294	1.011	0.67093	3.0275	8.5294	1.011	0.67093	3.0275	8.5294	0	0.72064	0.47824	2.1581	6.0798	0.72064	0.47824	2.1581	6.0798	0.72064	0.47824	2.1581	6.0798	0.72064	0.47824	2.1581	6.0798	0	1.1043e-06	1.1043e-06	1.1043e-06	1.1043e-06	1.1043e-06	1.1043e-06	1.1043e-06	1.1043e-06	1.1043e-06	1.1043e-06	1.1043e-06	1.1043e-06	1.1043e-06	1.1043e-06	1.1043e-06	1.1043e-06	1.1043e-06
10000	0.1	1	0.01	1	1	0.4	1.4767	0.3	2.5	15	1.4767	0.3	2.5	15	1.4767	0.3	2.5	15	1.4767	0.3	2.5	15	0	5.907	1.2	10	60	5.907	1.2	10	60	5.907	1.2	10	60	5.907	1.2	10	60	0	0.2	0.2	0.2	0.2	0.2	0.2	0.2	0.2	0.2	0.2	0.2	0.2	0.2	0.2	0.2	0.2	0.2
10000	7	0.001	0.01	1	1	0.8	1	0.3	2.5	20	1	0.3	2.5	20	1	0.3	2.5	20	1	0.3	2.5	20	0	1.4729	0.44187	3.6823	29.458	1.4729	0.44187	3.6823	29.458	1.4729	0.44187	3.6823	29.458	1.4729	0.44187	3.6823	29.458	0	0.16667	0.16667	0.16667	0.16667	0.16667	0.16667	0.16667	0.16667	0.16667	0.16667	0.16667	0.16667	0.16667	0.16667	0.16667	0.16667	0.16667
10000	2.7981	1	0.03	1	1	0.35	1.5	-0.025	3.375	19	1.5	-0.025	3.375	19	1.5	-0.025	3.375	19	1.5	-0.025	3.375	19	0	0.98659	-0.016443	2.2198	12.497	0.98659	-0.016443	2.2198	12.497	0.98659	-0.016443	2.2198	12.497	0.98659	-0.016443	2.2198	12.497	0	0.44923	0.44923	0.44923	0.44923	0.44923	0.44923	0.44923	0.44923	0.44923	0.44923	0.44923	0.44923	0.44923	0.44923	0.44923	0.44923	0.44923
10000	4.1409	0.0081214	0.02	1	1	-1.4705	-2.1728	0.6	3.3333	11.066	-2.1728	0.6	3.3333	11.066	-2.1728	0.6	3.3333	11.066	-2.1728	0.6	3.3333	11.066	0	-2.6093	0.72052	4.0029	13.289	-2.6093	0.72052	4.0029	13.289	-2.6093	0.72052	4.0029	13.289	-2.6093	0.72052	4.0029	13.289	0	0.13333	0.13333	0.13333	0.13333	0.13333	0.13333	0.13333	0.13333	0.13333	0.13333	0.13333	0.13333	0.13333	0.13333	0.13333	0.13333	0.13333
10000	4.7256	0.001	0.02307	1	1	0.80066	0.99926	-2.0979	2.5013	15.006	0.99926	-2.0979	2.5013	15.006	0.99926	-2.0979	2.5013	15.006	0.99926	-2.0979	2.5013	15.006	0	0.99862	-2.0965	2.4997	14.996	0.99862	-2.0965	2.4997	14.996	0.99862	-2.0965	2.4997	14.996	0.99862	-2.0965	2.4997	14.996	0	0.099853	0.099853	0.099853	0.099853	0.099853	0.099853	0.099853	0.099853	0.099853	0.099853	0.099853	0.099853	0.099853	0.099853	0.099853	0.099853	0.099853
10000	5	0.99999	0.02	1	1	0.8	1	0.4	3.5706	15	1	0.4	3.5706	15	1	0.4	3.5706	15	1	0.4	3.5706	15	0	0.68109	0.27244	2.4319	10.216	0.68109	0.27244	2.4319	10.216	0.68109	0.27244	2.4319	10.216	0.68109	0.27244	2.4319	10.216	0	0.2	0.2	0.2	0.2	0.2	0.2	0.2	0.2	0.2	0.2	0.2	0.2	0.2	0.2	0.2	0.2	0.2
10000	2.6935	0.001	0.013344	1	1	0.79896	-2.3322	0.21754	1.9369	29.981	-2.3322	0.21754	1.9369	29.981	-2.3322	0.21754	1.9369	29.981	-2.3322	0.21754	1.9369	29.981	0	-2.3298	0.21732	1.935	29.951	-2.3298	0.21732	1.935	29.951	-2.3298	0.21732	1.935	29.951	-2.3298	0.21732	1.935	29.951	0	0.23264	0.23264	0.23264	0.23264	0.23264	0.23264	0.23264	0.23264	0.23264	0.23264	0.23264	0.23264	0.23264	0.23264	0.23264	0.23264	0.23264
10000	4.3644	0.011196	1	1	1	0.8	1	0.3	2.5	15	1	0.3	2.5	15	1	0.3	2.5	15	1	0.3	2.5	15	0	0.25	0.075	0.625	3.75	0.25	0.075	0.625	3.75	0.25	0.075	0.625	3.75	0.25	0.075	0.625	3.75	0	0.26667	0.26667	0.26667	0.26667	0.26667	0.26667	0.26667	0.26667	0.26667	0.26667	0.26667	0.26667	0.26667	0.26667	0.26667	0.26667	0.26667
10000	3.0804	0.014553	0.011679	1	1	-0.78985	0.18883	0.45787	0.20647	13.016	0.18883	0.45787	0.20647	13.016	0.18883	0.45787	0.20647	13.016	0.18883	0.45787	0.20647	13.016	0	0.12765	0.30954	0.13958	8.7994	0.12765	0.30954	0.13958	8.7994	0.12765	0.30954	0.13958	8.7994	0.12765	0.30954	0.13958	8.7994	0	0.725	0.725	0.725	0.725	0.725	0.725	0.725	0.725	0.725	0.725	0.725	0.725	0.725	0.725	0.725	0.725	0.725
10000	2.7038	1	0.052192	1	1	1.1095	1.3438	0.52349	3.9351	12.249	1.3438	0.52349	3.9351	12.249	1.3438	0.52349	3.9351	12.249	1.3438	0.52349	3.9351	12.249	0	0.50876	0.19819	1.4898	4.6374	0.50876	0.19819	1.4898	4.6374	0.50876	0.19819	1.4898	4.6374	0.50876	0.19819	1.4898	4.6374	0	0.062463	0.062463	0.062463	0.062463	0.062463	0.062463	0.062463	0.062463	0.062463	0.062463	0.062463	0.062463	0.062463	0.062463	0.062463	0.062463	0.062463
10000	0.1	0.0027778	0.016039	1	1	0.61881	0.68056	0.25644	-14.661	12.444	0.68056	0.25644	-14.661	12.444	0.68056	0.25644	-14.661	12.444	0.68056	0.25644	-14.661	12.444	0	0.49033	0.18476	-10.563	8.966	0.49033	0.18476	-10.563	8.966	0.49033	0.18476	-10.563	8.966	0.49033	0.18476	-10.563	8.966	0	0.09005	0.09005	0.09005	0.09005	0.09005	0.09005	0.09005	0.09005	0.09005	0.09005	0.09005	0.09005	0.09005	0.09005	0.09005	0.09005	0.09005
10000	5.5871	1	0.01	1	1	1	1.3333	0.3	5	7.7261	1.3333	0.3	5	7.7261	1.3333	0.3	5	7.7261	1.3333	0.3	5	7.7261	0	0.33333	0.075	1.25	1.9315	0.33333	0.075	1.25	1.9315	0.33333	0.075	1.25	1.9315	0.33333	0.075	1.25	1.9315	0	0.16667	0.16667	0.16667	0.16667	0.16667	0.16667	0.16667	0.16667	0.16667	0.16667	0.16667	0.16667	0.16667	0.16667	0.16667	0.16667	0.16667
10000	3.6586	0.001	0.01	1	1	0.5787	-2.3055	-0.33495	2.4514	7.305	-2.3055	-0.33495	2.4514	7.305	-2.3055	-0.33495	2.4514	7.305	-2.3055	-0.33495	2.4514	7.305	0	-2.6033	-0.37821	2.768	8.2485	-2.6033	-0.37821	2.768	8.2485	-2.6033	-0.37821	2.768	8.2485	-2.6033	-0.37821	2.768	8.2485	0	0.09891	0.09891	0.09891	0.09891	0.09891	0.09891	0.09891	0.09891	0.09891	0.09891	0.09891	0.09891	0.09891	0.09891	0.09891	0.09891	0.09891
10000	0.1	0.0083319	0.020932	1	1	-185.94	1.7991	0.082655	2.4121	19.568	1.7991	0.082655	2.4121	19.568	1.7991	0.082655	2.4121	19.568	1.7991	0.082655	2.4121	19.568	0	1.7846	0.081991	2.3927	19.411	1.7846	0.081991	2.3927	19.411	1.7846	0.081991	2.3927	19.411	1.7846	0.081991	2.3927	19.411	0	0.19891	0.19891	0.19891	0.19891	0.19891	0.19891	0.19891	0.19891	0.19891	0.19891	0.19891	0.19891	0.19891	0.19891	0.19891	0.19891	0.19891
10000	0.1	1	0.017963	1	1	0.8	1.3333	0.3	5	15	1.3333	0.3	5	15	1.3333	0.3	5	15	1.3333	0.3	5	15	0	0.5	0.1125	1.875	5.625	0.5	0.1125	1.875	5.625	0.5	0.1125	1.875	5.625	0.5	0.1125	1.875	5.625	0	0.14881	0.14881	0.14881	0.14881	0.14881	0.14881	0.14881	0.14881	0.14881	0.14881	0.14881	0.14881	0.14881	0.14881	0.14881	0.14881	0.14881
10000	2.1	0.0016923	0.010662	1	1	0.38462	-4.7251	0.6	2.879	11.308	-4.7251	0.6	2.879	11.308	-4.7251	0.6	2.879	11.308	-4.7251	0.6	2.879	11.308	0	-6.6333	0.84231	4.0417	15.874	-6.6333	0.84231	4.0417	15.874	-6.6333	0.84231	4.0417	15.874	-6.6333	0.84231	4.0417	15.874	0	0.015383	0.015383	0.015383	0.015383	0.015383	0.015383	0.015383	0.015383	0.015383	0.015383	0.015383	0.015383	0.015383	0.015383	0.015383	0.015383	0.015383
10000	4.8881	0.0088184	0.02	1	1	-50.883	0.99997	0.59998	2.4999	15	0.99997	0.59998	2.4999	15	0.99997	0.59998	2.4999	15	0.99997	0.59998	2.4999	15	0	0.99994	0.59996	2.4999	15	0.99994	0.59996	2.4999	15	0.99994	0.59996	2.4999	15	0.99994	0.59996	2.4999	15	0	0.28996	0.28996	0.28996	0.28996	0.28996	0.28996	0.28996	0.28996	0.28996	0.28996	0.28996	0.28996	0.28996	0.28996	0.28996	0.28996	0.28996
10000	8.4763	0.001	0.020175	1	1	-1.5929	0.20389	0.24422	2.2855	4.6875	0.20389	0.24422	2.2855	4.6875	0.20389	0.24422	2.2855	4.6875	0.20389	0.24422	2.2855	4.6875	0	0.17864	0.21397	2.0024	4.1068	0.17864	0.21397	2.0024	4.1068	0.17864	0.21397	2.0024	4.1068	0.17864	0.21397	2.0024	4.1068	0	0.86173	0.86173	0.86173	0.86173	0.86173	0.86173	0.86173	0.86173	0.86173	0.86173	0.86173	0.86173	0.86173	0.86173	0.86173	0.86173	0.86173
10000	0.55385	0.0060472	1	1	1	1.2444	1	-0.29852	-22.5	15	1	-0.29852	-22.5	15	1	-0.29852	-22.5	15	1	-0.29852	-22.5	15	0	1.8577	-0.55457	-41.799	27.866	1.8577	-0.55457	-41.799	27.866	1.8577	-0.55457	-41.799	27.866	1.8577	-0.55457	-41.799	27.866	0	0.22739	0.22739	0.22739	0.22739	0.22739	0.22739	0.22739	0.22739	0.22739	0.22739	0.22739	0.22739	0.22739	0.22739	0.22739	0.22739	0.22739
10000	7.855	1	0.041479	1	1	2.031	0.86105	0.27609	5.0788	-913.28	0.86105	0.27609	5.0788	-913.28	0.86105	0.27609	5.0788	-913.28	0.86105	0.27609	5.0788	-913.28	0	0.21526	0.069022	1.2697	-228.32	0.21526	0.069022	1.2697	-228.32	0.21526	0.069022	1.2697	-228.32	0.21526	0.069022	1.2697	-228.32	0	0.10056	0.10056	0.10056	0.10056	0.10056	0.10056	0.10056	0.10056	0.10056	0.10056	0.10056	0.10056	0.10056	0.10056	0.10056	0.10056	0.10056
10000	5.0147	0.0095858	0.01	1	1	0.23739	-5.1671	0.32792	1.4213	14.656	-5.1671	0.32792	1.4213	14.656	-5.1671	0.32792	1.4213	14.656	-5.1671	0.32792	1.4213	14.656	0	-20.669	1.3117	5.6853	58.626	-20.669	1.3117	5.6853	58.626	-20.669	1.3117	5.6853	58.626	-20.669	1.3117	5.6853	58.626	0	0.18452	0.18452	0.18452	0.18452	0.18452	0.18452	0.18452	0.18452	0.18452	0.18452	0.18452	0.18452	0.18452	0.18452	0.18452	0.18452	0.18452
10000	6.1549	1	0.019692	1	1	0.73378	1.6467	0.097868	5.5485	15.33	1.6467	0.097868	5.5485	15.33	1.6467	0.097868	5.5485	15.33	1.6467	0.097868	5.5485	15.33	0	0.65209	0.038754	2.1971	6.0704	0.65209	0.038754	2.1971	6.0704	0.65209	0.038754	2.1971	6.0704	0.65209	0.038754	2.1971	6.0704	0	0.21248	0.21248	0.21248	0.21248	0.21248	0.21248	0.21248	0.21248	0.21248	0.21248	0.21248	0.21248	0.21248	0.21248	0.21248	0.21248	0.21248
10000	0.1	1	0.01	1	1	2.4399	2.4445	-0.035119	6.5575	31.556	2.4445	-0.035119	6.5575	31.556	2.4445	-0.035119	6.5575	31.556	2.4445	-0.035119	6.5575	31.556	0	2.5698	-0.036918	6.8935	33.173	2.5698	-0.036918	6.8935	33.173	2.5698	-0.036918	6.8935	33.173	2.5698	-0.036918	6.8935	33.173	0	0.62445	0.62445	0.62445	0.62445	0.62445	0.62445	0.62445	0.62445	0.62445	0.62445	0.62445	0.62445	0.62445	0.62445	0.62445	0.62445	0.62445
10000	7.6596	0.007	1	1	1	0.8	-2.3333	0.3	2.5	15	-2.3333	0.3	2.5	15	-2.3333	0.3	2.5	15	-2.3333	0.3	2.5	15	0	-2.0417	0.2625	2.1875	13.125	-2.0417	0.2625	2.1875	13.125	-2.0417	0.2625	2.1875	13.125	-2.0417	0.2625	2.1875	13.125	0	0.1	0.1	0.1	0.1	0.1	0.1	0.1	0.1	0.1	0.1	0.1	0.1	0.1	0.1	0.1	0.1	0.1
10000	5.111	0.001	0.015	1	1	0.8	1	0.3	2.5	15	1	0.3	2.5	15	1	0.3	2.5	15	1	0.3	2.5	15	0	1	0.3	2.5	15	1	0.3	2.5	15	1	0.3	2.5	15	1	0.3	2.5	15	0	0.3	0.3	0.3	0.3	0.3	0.3	0.3	0.3	0.3	0.3	0.3	0.3	0.3	0.3	0.3	0.3	0.3
10000	5.6682	1	0.023835	1	1	0.13831	1.1864	0.72091	2.8341	3.8812	1.1864	0.72091	2.8341	3.8812	1.1864	0.72091	2.8341	3.8812	1.1864	0.72091	2.8341	3.8812	0	0.2966	0.18023	0.70852	0.9703	0.2966	0.18023	0.70852	0.9703	0.2966	0.18023	0.70852	0.9703	0.2966	0.18023	0.70852	0.9703	0	0	0	0	0	0	0	0	0	0	0	0	0	0	0	0	0	0
10000	5.1029	0.46801	0.732	1	1	2.1556	1.4506	0.089775	1.4199	14.062	1.4506	0.089775	1.4199	14.062	1.4506	0.089775	1.4199	14.062	1.4506	0.089775	1.4199	14.062	0	2.1174	0.13105	2.0726	20.527	2.1174	0.13105	2.0726	20.527	2.1174	0.13105	2.0726	20.527	2.1174	0.13105	2.0726	20.527	0	0	0	0	0	0	0	0	0	0	0	0	0	0	0	0	0	0
10000	3.2549	0.99999	0.020009	1	1	0.79962	1.3329	0.60028	5.0007	29.997	1.3329	0.60028	5.0007	29.997	1.3329	0.60028	5.0007	29.997	1.3329	0.60028	5.0007	29.997	0	0.66674	0.30027	2.5014	15.005	0.66674	0.30027	2.5014	15.005	0.66674	0.30027	2.5014	15.005	0.66674	0.30027	2.5014	15.005	0	0.099915	0.099915	0.099915	0.099915	0.099915	0.099915	0.099915	0.099915	0.099915	0.099915	0.099915	0.099915	0.099915	0.099915	0.099915	0.099915	0.099915
10000	0.1	0.005	0.03	1	1	0.8	1	0.3	2.5	16.557	1	0.3	2.5	16.557	1	0.3	2.5	16.557	1	0.3	2.5	16.557	0	1	0.3	2.5	16.557	1	0.3	2.5	16.557	1	0.3	2.5	16.557	1	0.3	2.5	16.557	0	0.1	0.1	0.1	0.1	0.1	0.1	0.1	0.1	0.1	0.1	0.1	0.1	0.1	0.1	0.1	0.1	0.1
10000	2.9439	1	0.015798	1	1	0.94063	1.0771	0.58148	4.1675	20	1.0771	0.58148	4.1675	20	1.0771	0.58148	4.1675	20	1.0771	0.58148	4.1675	20	0	0.44118	0.23817	1.707	8.1917	0.44118	0.23817	1.707	8.1917	0.44118	0.23817	1.707	8.1917	0.44118	0.23817	1.707	8.1917	0	0.16662	0.16662	0.16662	0.16662	0.16662	0.16662	0.16662	0.16662	0.16662	0.16662	0.16662	0.16662	0.16662	0.16662	0.16662	0.16662	0.16662
10000	2.5314	0.0033919	0.020252	1	1	0.81136	0.39266	0.29179	-5.8554	14.899	0.39266	0.29179	-5.8554	14.899	0.39266	0.29179	-5.8554	14.899	0.39266	0.29179	-5.8554	14.899	0	0.41014	0.30478	-6.116	15.562	0.41014	0.30478	-6.116	15.562	0.41014	0.30478	-6.116	15.562	0.41014	0.30478	-6.116	15.562	0	0.16499	0.16499	0.16499	0.16499	0.16499	0.16499	0.16499	0.16499	0.16499	0.16499	0.16499	0.16499	0.16499	0.16499	0.16499	0.16499	0.16499
10000	2.9953	0.0049824	0.020048	1	1	0.79785	-8.9976	0.30155	2.4958	14.981	-8.9976	0.30155	2.4958	14.981	-8.9976	0.30155	2.4958	14.981	-8.9976	0.30155	2.4958	14.981	0	-9.0164	0.30218	2.501	15.012	-9.0164	0.30218	2.501	15.012	-9.0164	0.30218	2.501	15.012	-9.0164	0.30218	2.501	15.012	0	0.10022	0.10022	0.10022	0.10022	0.10022	0.10022	0.10022	0.10022	0.10022	0.10022	0.10022	0.10022	0.10022	0.10022	0.10022	0.10022	0.10022
10000	3	0.010369	0.02	1	1	0.8	-1.6871	0.3	2.5	15	-1.6871	0.3	2.5	15	-1.6871	0.3	2.5	15	-1.6871	0.3	2.5	15	0	-1.6871	0.3	2.5	15	-1.6871	0.3	2.5	15	-1.6871	0.3	2.5	15	-1.6871	0.3	2.5	15	0	0.17958	0.17958	0.17958	0.17958	0.17958	0.17958	0.17958	0.17958	0.17958	0.17958	0.17958	0.17958	0.17958	0.17958	0.17958	0.17958	0.17958
10000	3	0.0052606	1	1	1	0.8	1	0.3	2.5	15	1	0.3	2.5	15	1	0.3	2.5	15	1	0.3	2.5	15	0	0.99999	0.3	2.5	15	0.99999	0.3	2.5	15	0.99999	0.3	2.5	15	0.99999	0.3	2.5	15	0	0.1	0.1	0.1	0.1	0.1	0.1	0.1	0.1	0.1	0.1	0.1	0.1	0.1	0.1	0.1	0.1	0.1
10000	3.3354	0.21	1	1	1	0.8	0.45844	0.3	2.5	30	0.45844	0.3	2.5	30	0.45844	0.3	2.5	30	0.45844	0.3	2.5	30	0	0.22922	0.15	1.25	15	0.22922	0.15	1.25	15	0.22922	0.15	1.25	15	0.22922	0.15	1.25	15	0	0	0	0	0	0	0	0	0	0	0	0	0	0	0	0	0	0
10000	7.6802	0.001	0.014541	1	1	0.17361	1.0977	0.58391	2.9776	21.706	1.0977	0.58391	2.9776	21.706	1.0977	0.58391	2.9776	21.706	1.0977	0.58391	2.9776	21.706	0	1.2013	0.63903	3.2587	23.755	1.2013	0.63903	3.2587	23.755	1.2013	0.63903	3.2587	23.755	1.2013	0.63903	3.2587	23.755	0	0.15458	0.15458	0.15458	0.15458	0.15458	0.15458	0.15458	0.15458	0.15458	0.15458	0.15458	0.15458	0.15458	0.15458	0.15458	0.15458	0.15458
10000	5.8036	0.0048735	0.025776	1	1	-0.09618	-10.661	0.41229	-7.5921	12.69	-10.661	0.41229	-7.5921	12.69	-10.661	0.41229	-7.5921	12.69	-10.661	0.41229	-7.5921	12.69	0	-12.025	0.46503	-8.5633	14.313	-12.025	0.46503	-8.5633	14.313	-12.025	0.46503	-8.5633	14.313	-12.025	0.46503	-8.5633	14.313	0	0	0	0	0	0	0	0	0	0	0	0	0	0	0	0	0	0
10000	4.9912	0.99999	0.020761	1	1	0.79733	1.003	0.4351	3.3385	9.4498	1.003	0.4351	3.3385	9.4498	1.003	0.4351	3.3385	9.4498	1.003	0.4351	3.3385	9.4498	0	0.64086	0.27801	2.1332	6.038	0.64086	0.27801	2.1332	6.038	0.64086	0.27801	2.1332	6.038	0.64086	0.27801	2.1332	6.038	0	0.15768	0.15768	0.15768	0.15768	0.15768	0.15768	0.15768	0.15768	0.15768	0.15768	0.15768	0.15768	0.15768	0.15768	0.15768	0.15768	0.15768
10000	6.2696	1	0.01	1	1	9.4696e-06	1.608	0.79659	3.1367	1.8543	1.608	0.79659	3.1367	1.8543	1.608	0.79659	3.1367	1.8543	1.608	0.79659	3.1367	1.8543	0	1.1736	0.58141	2.2894	1.3534	1.1736	0.58141	2.2894	1.3534	1.1736	0.58141	2.2894	1.3534	1.1736	0.58141	2.2894	1.3534	0	0.2751	0.2751	0.2751	0.2751	0.2751	0.2751	0.2751	0.2751	0.2751	0.2751	0.2751	0.2751	0.2751	0.2751	0.2751	0.2751	0.2751
10000	3.4842	1	0.028344	1	1	1.1244	1.2005	0.46641	3.6887	22.968	1.2005	0.46641	3.6887	22.968	1.2005	0.46641	3.6887	22.968	1.2005	0.46641	3.6887	22.968	0	0.95446	0.37081	2.9326	18.26	0.95446	0.37081	2.9326	18.26	0.95446	0.37081	2.9326	18.26	0.95446	0.37081	2.9326	18.26	0	0.272	0.272	0.272	0.272	0.272	0.272	0.272	0.272	0.272	0.272	0.272	0.272	0.272	0.272	0.272	0.272	0.272
