10000	10000	0.020021	0.021587	1	0.417	0.33849	0.92479	0.3657	2.1951	17.296	0.92479	0.3657	2.1951	17.296	0.92479	0.3657	2.1951	17.296	0.92479	0.3657	2.1951	17.296	0	0.85152	0.33673	2.0212	15.925	0.85152	0.33673	2.0212	15.925	0.85152	0.33673	2.0212	15.925	0.85152	0.33673	2.0212	15.925	0	0.2729	0.2729	0.2729	0.2729	0.2729	0.2729	0.2729	0.2729	0.2729	0.2729	0.2729	0.2729	0.2729	0.2729	0.2729	0.2729	0.2729
10000	10000	0.02	0.017078	1	0.5	0.4	1	0.5	2.0833	15	1	0.5	2.0833	15	1	0.5	2.0833	15	1	0.5	2.0833	15	0	1	0.5	2.0833	15	1	0.5	2.0833	15	1	0.5	2.0833	15	1	0.5	2.0833	15	0	0.2	0.2	0.2	0.2	0.2	0.2	0.2	0.2	0.2	0.2	0.2	0.2	0.2	0.2	0.2	0.2	0.2
10000	10000	0.0075	0.02	1	0.41667	0.60746	1.2948	0.33333	2.5	8.7036	1.2948	0.33333	2.5	8.7036	1.2948	0.33333	2.5	8.7036	1.2948	0.33333	2.5	8.7036	0	1.3119	0.33774	2.5331	8.8187	1.3119	0.33774	2.5331	8.8187	1.3119	0.33774	2.5331	8.8187	1.3119	0.33774	2.5331	8.8187	0	0.18261	0.18261	0.18261	0.18261	0.18261	0.18261	0.18261	0.18261	0.18261	0.18261	0.18261	0.18261	0.18261	0.18261	0.18261	0.18261	0.18261
10000	10000	0.01	0.018105	1	0.5	0.8	1	0.3	2.5	15	1	0.3	2.5	15	1	0.3	2.5	15	1	0.3	2.5	15	0	1	0.3	2.5	15	1	0.3	2.5	15	1	0.3	2.5	15	1	0.3	2.5	15	0	0.2	0.2	0.2	0.2	0.2	0.2	0.2	0.2	0.2	0.2	0.2	0.2	0.2	0.2	0.2	0.2	0.2
10000	10000	0.0061489	0.017128	1	0.42055	0.54071	1.1897	0.30666	2.7513	18.492	1.1897	0.30666	2.7513	18.492	1.1897	0.30666	2.7513	18.492	1.1897	0.30666	2.7513	18.492	0	1.0402	0.26812	2.4056	16.168	1.0402	0.26812	2.4056	16.168	1.0402	0.26812	2.4056	16.168	1.0402	0.26812	2.4056	16.168	0	0.21774	0.21774	0.21774	0.21774	0.21774	0.21774	0.21774	0.21774	0.21774	0.21774	0.21774	0.21774	0.21774	0.21774	0.21774	0.21774	0.21774
10000	10000	0.0079525	0.02963	1	3.426e-06	0.88889	1.3333	0.8	2.5	40	1.3333	0.8	2.5	40	1.3333	0.8	2.5	40	1.3333	0.8	2.5	40	0	0.33334	0.2	0.625	10	0.33334	0.2	0.625	10	0.33334	0.2	0.625	10	0.33334	0.2	0.625	10	0	0.10711	0.10711	0.10711	0.10711	0.10711	0.10711	0.10711	0.10711	0.10711	0.10711	0.10711	0.10711	0.10711	0.10711	0.10711	0.10711	0.10711
10000	10000	0.005	0.016693	1	0.23232	0.53333	1	0.3	2.5	20	1	0.3	2.5	20	1	0.3	2.5	20	1	0.3	2.5	20	0	0.25	0.075001	0.62501	5.0001	0.25	0.075001	0.62501	5.0001	0.25	0.075001	0.62501	5.0001	0.25	0.075001	0.62501	5.0001	0	0.24826	0.24826	0.24826	0.24826	0.24826	0.24826	0.24826	0.24826	0.24826	0.24826	0.24826	0.24826	0.24826	0.24826	0.24826	0.24826	0.24826
10000	10000	0.0042947	0.01	1	0.42942	0.46148	1.0798	0.31602	2.3612	15.639	1.0798	0.31602	2.3612	15.639	1.0798	0.31602	2.3612	15.639	1.0798	0.31602	2.3612	15.639	0	0.41484	0.1214	0.90709	6.008	0.41484	0.1214	0.90709	6.008	0.41484	0.1214	0.90709	6.008	0.41484	0.1214	0.90709	6.008	0	0.27288	0.27288	0.27288	0.27288	0.27288	0.27288	0.27288	0.27288	0.27288	0.27288	0.27288	0.27288	0.27288	0.27288	0.27288	0.27288	0.27288
10000	10000	0.0028694	0.028118	1	0.32599	0.54853	1.2947	2.0407	3.547	26.069	1.2947	2.0407	3.547	26.069	1.2947	2.0407	3.547	26.069	1.2947	2.0407	3.547	26.069	0	0.45285	0.71375	1.2406	9.1178	0.45285	0.71375	1.2406	9.1178	0.45285	0.71375	1.2406	9.1178	0.45285	0.71375	1.2406	9.1178	0	0.11878	0.11878	0.11878	0.11878	0.11878	0.11878	0.11878	0.11878	0.11878	0.11878	0.11878	0.11878	0.11878	0.11878	0.11878	0.11878	0.11878
10000	10000	0.015959	0.01	1	4.037e-06	0.38012	1	1	2.5	15	1	1	2.5	15	1	1	2.5	15	1	1	2.5	15	0	0.35207	0.35207	0.88017	5.281	0.35207	0.35207	0.88017	5.281	0.35207	0.35207	0.88017	5.281	0.35207	0.35207	0.88017	5.281	0	0.15	0.15	0.15	0.15	0.15	0.15	0.15	0.15	0.15	0.15	0.15	0.15	0.15	0.15	0.15	0.15	0.15
10000	10000	0.0105	0.01	1	0.62213	1.025	1.25	0.4625	3.4117	17	1.25	0.4625	3.4117	17	1.25	0.4625	3.4117	17	1.25	0.4625	3.4117	17	0	1.4714	0.5444	4.0159	20.01	1.4714	0.5444	4.0159	20.01	1.4714	0.5444	4.0159	20.01	1.4714	0.5444	4.0159	20.01	0	0.31445	0.31445	0.31445	0.31445	0.31445	0.31445	0.31445	0.31445	0.31445	0.31445	0.31445	0.31445	0.31445	0.31445	0.31445	0.31445	0.31445
10000	10000	0.0066597	0.030019	1	0.4991	1.6028	0.97172	0.40064	3.7517	18.705	0.97172	0.40064	3.7517	18.705	0.97172	0.40064	3.7517	18.705	0.97172	0.40064	3.7517	18.705	0	0.97212	0.40081	3.7532	18.713	0.97212	0.40081	3.7532	18.713	0.97212	0.40081	3.7532	18.713	0.97212	0.40081	3.7532	18.713	0	0.34606	0.34606	0.34606	0.34606	0.34606	0.34606	0.34606	0.34606	0.34606	0.34606	0.34606	0.34606	0.34606	0.34606	0.34606	0.34606	0.34606
10000	10000	0.0066517	0.020079	1	0.43721	0.79646	1.3294	0.30255	5.0069	35.838	1.3294	0.30255	5.0069	35.838	1.3294	0.30255	5.0069	35.838	1.3294	0.30255	5.0069	35.838	0	1.3249	0.30152	4.9897	35.715	1.3249	0.30152	4.9897	35.715	1.3249	0.30152	4.9897	35.715	1.3249	0.30152	4.9897	35.715	0	0.35136	0.35136	0.35136	0.35136	0.35136	0.35136	0.35136	0.35136	0.35136	0.35136	0.35136	0.35136	0.35136	0.35136	0.35136	0.35136	0.35136
10000	10000	0.011061	0.02	1	0.5	1.6	1	0.3	2.5	20	1	0.3	2.5	20	1	0.3	2.5	20	1	0.3	2.5	20	0	1	0.3	2.5	20	1	0.3	2.5	20	1	0.3	2.5	20	1	0.3	2.5	20	0	0.4	0.4	0.4	0.4	0.4	0.4	0.4	0.4	0.4	0.4	0.4	0.4	0.4	0.4	0.4	0.4	0.4
10000	10000	0.024479	0.016545	1	0.41564	1.1677	0.93333	0.29883	2.6202	16.481	0.93333	0.29883	2.6202	16.481	0.93333	0.29883	2.6202	16.481	0.93333	0.29883	2.6202	16.481	0	0.93221	0.29847	2.617	16.462	0.93221	0.29847	2.617	16.462	0.93221	0.29847	2.617	16.462	0.93221	0.29847	2.617	16.462	0	0.30706	0.30706	0.30706	0.30706	0.30706	0.30706	0.30706	0.30706	0.30706	0.30706	0.30706	0.30706	0.30706	0.30706	0.30706	0.30706	0.30706
10000	10000	0.005	0.03	1	0.41667	1	1.5	0.3	2.5	15	1.5	0.3	2.5	15	1.5	0.3	2.5	15	1.5	0.3	2.5	15	0	0.875	0.175	1.4583	8.75	0.875	0.175	1.4583	8.75	0.875	0.175	1.4583	8.75	0.875	0.175	1.4583	8.75	0	0.38996	0.38996	0.38996	0.38996	0.38996	0.38996	0.38996	0.38996	0.38996	0.38996	0.38996	0.38996	0.38996	0.38996	0.38996	0.38996	0.38996
10000	10000	0.12664	0.01	1	1.2111e-05	0.82987	1.4404	0.3	2.5	15	1.4404	0.3	2.5	15	1.4404	0.3	2.5	15	1.4404	0.3	2.5	15	0	0.71352	0.14861	1.2384	7.4306	0.71352	0.14861	1.2384	7.4306	0.71352	0.14861	1.2384	7.4306	0.71352	0.14861	1.2384	7.4306	0	0.3	0.3	0.3	0.3	0.3	0.3	0.3	0.3	0.3	0.3	0.3	0.3	0.3	0.3	0.3	0.3	0.3
10000	10000	0.03198	0.02	1	0.5	1	1	0.5	3.3333	9.9999	1	0.5	3.3333	9.9999	1	0.5	3.3333	9.9999	1	0.5	3.3333	9.9999	0	0.5	0.25	1.6667	5	0.5	0.25	1.6667	5	0.5	0.25	1.6667	5	0.5	0.25	1.6667	5	0	0.3	0.3	0.3	0.3	0.3	0.3	0.3	0.3	0.3	0.3	0.3	0.3	0.3	0.3	0.3	0.3	0.3
10000	10000	0.0035418	0.01	1	0.435	1.1667	1.1667	0.40833	2.7917	12	1.1667	0.40833	2.7917	12	1.1667	0.40833	2.7917	12	1.1667	0.40833	2.7917	12	0	0.38889	0.13611	0.93056	4	0.38889	0.13611	0.93056	4	0.38889	0.13611	0.93056	4	0.38889	0.13611	0.93056	4	0	0.31287	0.31287	0.31287	0.31287	0.31287	0.31287	0.31287	0.31287	0.31287	0.31287	0.31287	0.31287	0.31287	0.31287	0.31287	0.31287	0.31287
10000	10000	0.013333	0.017294	1	0.42009	1.2222	1	0.22222	2.8333	25	1	0.22222	2.8333	25	1	0.22222	2.8333	25	1	0.22222	2.8333	25	0	0.5	0.11111	1.4167	12.5	0.5	0.11111	1.4167	12.5	0.5	0.11111	1.4167	12.5	0.5	0.11111	1.4167	12.5	0	0.32453	0.32453	0.32453	0.32453	0.32453	0.32453	0.32453	0.32453	0.32453	0.32453	0.32453	0.32453	0.32453	0.32453	0.32453	0.32453	0.32453
10000	10000	0.001	0.01	1	2.0913e-06	0.33428	0.40282	0.3991	2.4413	30.025	0.40282	0.3991	2.4413	30.025	0.40282	0.3991	2.4413	30.025	0.40282	0.3991	2.4413	30.025	0	0.33769	0.33456	2.0465	25.17	0.33769	0.33456	2.0465	25.17	0.33769	0.33456	2.0465	25.17	0.33769	0.33456	2.0465	25.17	0	0.30721	0.30721	0.30721	0.30721	0.30721	0.30721	0.30721	0.30721	0.30721	0.30721	0.30721	0.30721	0.30721	0.30721	0.30721	0.30721	0.30721
10000	10000	0.0058333	0.019976	1	6.7282e-07	0.8	1	0.042811	2.6492	15	1	0.042811	2.6492	15	1	0.042811	2.6492	15	1	0.042811	2.6492	15	0	0.55309	0.023679	1.4653	8.2964	0.55309	0.023679	1.4653	8.2964	0.55309	0.023679	1.4653	8.2964	0.55309	0.023679	1.4653	8.2964	0	0	0	0	0	0	0	0	0	0	0	0	0	0	0	0	0	0
10000	10000	0.0075	0.016524	1	0	0.8	1	0.3	2.5	15	1	0.3	2.5	15	1	0.3	2.5	15	1	0.3	2.5	15	0	0.62553	0.18766	1.5638	9.383	0.62553	0.18766	1.5638	9.383	0.62553	0.18766	1.5638	9.383	0.62553	0.18766	1.5638	9.383	0	0	0	0	0	0	0	0	0	0	0	0	0	0	0	0	0	0
10000	10000	0.01516	0.022445	1	0.028339	0.27817	1.0009	0.29939	2.5016	17.214	1.0009	0.29939	2.5016	17.214	1.0009	0.29939	2.5016	17.214	1.0009	0.29939	2.5016	17.214	0	0.51086	0.15281	1.2768	8.7857	0.51086	0.15281	1.2768	8.7857	0.51086	0.15281	1.2768	8.7857	0.51086	0.15281	1.2768	8.7857	0	0	0	0	0	0	0	0	0	0	0	0	0	0	0	0	0	0
10000	10000	0.0071003	0.01	1	0.18833	0.4	0.62492	0.24259	2.5	30	0.62492	0.24259	2.5	30	0.62492	0.24259	2.5	30	0.62492	0.24259	2.5	30	0	0.37062	0.14387	1.4827	17.792	0.37062	0.14387	1.4827	17.792	0.37062	0.14387	1.4827	17.792	0.37062	0.14387	1.4827	17.792	0	0	0	0	0	0	0	0	0	0	0	0	0	0	0	0	0	0
10000	10000	0.0097141	0.02	1	0.5	1.2071	1.3333	0.4	3.5	15	1.3333	0.4	3.5	15	1.3333	0.4	3.5	15	1.3333	0.4	3.5	15	0	1.2778	0.38333	3.3542	14.375	1.2778	0.38333	3.3542	14.375	1.2778	0.38333	3.3542	14.375	1.2778	0.38333	3.3542	14.375	0	0.1	0.1	0.1	0.1	0.1	0.1	0.1	0.1	0.1	0.1	0.1	0.1	0.1	0.1	0.1	0.1	0.1
10000	10000	0.015	0.021339	1	0.5	0.8	1	0.3	3.3333	15	1	0.3	3.3333	15	1	0.3	3.3333	15	1	0.3	3.3333	15	0	0.95779	0.28734	3.1926	14.367	0.95779	0.28734	3.1926	14.367	0.95779	0.28734	3.1926	14.367	0.95779	0.28734	3.1926	14.367	0	0.096736	0.096736	0.096736	0.096736	0.096736	0.096736	0.096736	0.096736	0.096736	0.096736	0.096736	0.096736	0.096736	0.096736	0.096736	0.096736	0.096736
10000	10000	0.011743	0.01	1	0.50001	0.99995	1	0.30002	2.5001	15	1	0.30002	2.5001	15	1	0.30002	2.5001	15	1	0.30002	2.5001	15	0	1	0.30001	2.5	15	1	0.30001	2.5	15	1	0.30001	2.5	15	1	0.30001	2.5	15	0	0.13338	0.13338	0.13338	0.13338	0.13338	0.13338	0.13338	0.13338	0.13338	0.13338	0.13338	0.13338	0.13338	0.13338	0.13338	0.13338	0.13338
10000	10000	0.0075	0.01	1	0.5	1.4328	1	0.38316	2.5	20	1	0.38316	2.5	20	1	0.38316	2.5	20	1	0.38316	2.5	20	0	0.80886	0.30993	2.0222	16.177	0.80886	0.30993	2.0222	16.177	0.80886	0.30993	2.0222	16.177	0.80886	0.30993	2.0222	16.177	0	0.1	0.1	0.1	0.1	0.1	0.1	0.1	0.1	0.1	0.1	0.1	0.1	0.1	0.1	0.1	0.1	0.1
10000	10000	0.0053992	0.019802	1	0.5084	1.0954	0.98879	0.4546	2.5196	14.91	0.98879	0.4546	2.5196	14.91	0.98879	0.4546	2.5196	14.91	0.98879	0.4546	2.5196	14.91	0	0.93094	0.428	2.3722	14.038	0.93094	0.428	2.3722	14.038	0.93094	0.428	2.3722	14.038	0.93094	0.428	2.3722	14.038	0	0.11	0.11	0.11	0.11	0.11	0.11	0.11	0.11	0.11	0.11	0.11	0.11	0.11	0.11	0.11	0.11	0.11
10000	10000	0.053333	0.023333	1	0	0.62228	1.3333	0.3	2.1667	16.667	1.3333	0.3	2.1667	16.667	1.3333	0.3	2.1667	16.667	1.3333	0.3	2.1667	16.667	0	0.66667	0.15	1.0833	8.3334	0.66667	0.15	1.0833	8.3334	0.66667	0.15	1.0833	8.3334	0.66667	0.15	1.0833	8.3334	0	0.2	0.2	0.2	0.2	0.2	0.2	0.2	0.2	0.2	0.2	0.2	0.2	0.2	0.2	0.2	0.2	0.2
10000	10000	0.005	0.03	1	0.5	0.8	1.2069	0.3	2.5	15	1.2069	0.3	2.5	15	1.2069	0.3	2.5	15	1.2069	0.3	2.5	15	0	1.2069	0.3	2.5	15	1.2069	0.3	2.5	15	1.2069	0.3	2.5	15	1.2069	0.3	2.5	15	0	0.3	0.3	0.3	0.3	0.3	0.3	0.3	0.3	0.3	0.3	0.3	0.3	0.3	0.3	0.3	0.3	0.3
10000	10000	0.010685	0.021465	1	0.36936	0.86307	1.9124	0.25445	4.8774	20.561	1.9124	0.25445	4.8774	20.561	1.9124	0.25445	4.8774	20.561	1.9124	0.25445	4.8774	20.561	0	1.6065	0.21375	4.0971	17.271	1.6065	0.21375	4.0971	17.271	1.6065	0.21375	4.0971	17.271	1.6065	0.21375	4.0971	17.271	0	0.25796	0.25796	0.25796	0.25796	0.25796	0.25796	0.25796	0.25796	0.25796	0.25796	0.25796	0.25796	0.25796	0.25796	0.25796	0.25796	0.25796
10000	10000	0.0060923	0.02	1	0.5	0.99999	1.4314	0.3	3.3333	18.333	1.4314	0.3	3.3333	18.333	1.4314	0.3	3.3333	18.333	1.4314	0.3	3.3333	18.333	0	0.7157	0.15	1.6667	9.1667	0.7157	0.15	1.6667	9.1667	0.7157	0.15	1.6667	9.1667	0.7157	0.15	1.6667	9.1667	0	0.25	0.25	0.25	0.25	0.25	0.25	0.25	0.25	0.25	0.25	0.25	0.25	0.25	0.25	0.25	0.25	0.25
10000	10000	0.005	0.02	1	0.41667	0.50021	1	0.3	3.5	30	1	0.3	3.5	30	1	0.3	3.5	30	1	0.3	3.5	30	0	1	0.3	3.5	30	1	0.3	3.5	30	1	0.3	3.5	30	1	0.3	3.5	30	0	0.3	0.3	0.3	0.3	0.3	0.3	0.3	0.3	0.3	0.3	0.3	0.3	0.3	0.3	0.3	0.3	0.3
10000	10000	0.0060899	0.02	1	0	0.27101	1.5	0.88172	3.3333	15	1.5	0.88172	3.3333	15	1.5	0.88172	3.3333	15	1.5	0.88172	3.3333	15	0	0.75	0.44086	1.6667	7.5	0.75	0.44086	1.6667	7.5	0.75	0.44086	1.6667	7.5	0.75	0.44086	1.6667	7.5	0	0.20843	0.20843	0.20843	0.20843	0.20843	0.20843	0.20843	0.20843	0.20843	0.20843	0.20843	0.20843	0.20843	0.20843	0.20843	0.20843	0.20843
10000	10000	0.001	0.01	1	6.0555e-06	0.25626	1.5	0.3	2.5	15	1.5	0.3	2.5	15	1.5	0.3	2.5	15	1.5	0.3	2.5	15	0	0.75	0.15	1.25	7.5	0.75	0.15	1.25	7.5	0.75	0.15	1.25	7.5	0.75	0.15	1.25	7.5	0	0.2	0.2	0.2	0.2	0.2	0.2	0.2	0.2	0.2	0.2	0.2	0.2	0.2	0.2	0.2	0.2	0.2
10000	10000	0.001	0.02057	1	0.30129	0.40004	0.99995	0.30002	1.5001	15	0.99995	0.30002	1.5001	15	0.99995	0.30002	1.5001	15	0.99995	0.30002	1.5001	15	0	0.47159	0.14149	0.70744	7.0743	0.47159	0.14149	0.70744	7.0743	0.47159	0.14149	0.70744	7.0743	0.47159	0.14149	0.70744	7.0743	0	0	0	0	0	0	0	0	0	0	0	0	0	0	0	0	0	0
10000	10000	0.0045727	0.015	1	6.0555e-06	0.4	1	0.6	2.5	15	1	0.6	2.5	15	1	0.6	2.5	15	1	0.6	2.5	15	0	0.84059	0.50436	2.1015	12.609	0.84059	0.50436	2.1015	12.609	0.84059	0.50436	2.1015	12.609	0.84059	0.50436	2.1015	12.609	0	0.2	0.2	0.2	0.2	0.2	0.2	0.2	0.2	0.2	0.2	0.2	0.2	0.2	0.2	0.2	0.2	0.2
10000	10000	0.0038236	0.01	1	0.18584	-0.026565	1	0.3	2.5	15	1	0.3	2.5	15	1	0.3	2.5	15	1	0.3	2.5	15	0	0.5	0.15	1.25	7.5	0.5	0.15	1.25	7.5	0.5	0.15	1.25	7.5	0.5	0.15	1.25	7.5	0	0.085705	0.085705	0.085705	0.085705	0.085705	0.085705	0.085705	0.085705	0.085705	0.085705	0.085705	0.085705	0.085705	0.085705	0.085705	0.085705	0.085705
10000	10000	0.072102	0.01	1	0.875	0.12213	1.8263	0.59956	3.375	-139	1.8263	0.59956	3.375	-139	1.8263	0.59956	3.375	-139	1.8263	0.59956	3.375	-139	0	0.45657	0.14989	0.84375	-34.75	0.45657	0.14989	0.84375	-34.75	0.45657	0.14989	0.84375	-34.75	0.45657	0.14989	0.84375	-34.75	0	0.13229	0.13229	0.13229	0.13229	0.13229	0.13229	0.13229	0.13229	0.13229	0.13229	0.13229	0.13229	0.13229	0.13229	0.13229	0.13229	0.13229
10000	10000	0.017944	0.070755	1	0.27778	0.26437	1.0667	0.3	2.5	20.741	1.0667	0.3	2.5	20.741	1.0667	0.3	2.5	20.741	1.0667	0.3	2.5	20.741	0	0.45433	0.12778	1.0648	8.834	0.45433	0.12778	1.0648	8.834	0.45433	0.12778	1.0648	8.834	0.45433	0.12778	1.0648	8.834	0	0.23333	0.23333	0.23333	0.23333	0.23333	0.23333	0.23333	0.23333	0.23333	0.23333	0.23333	0.23333	0.23333	0.23333	0.23333	0.23333	0.23333
10000	10000	0.012439	0.04	1	0.5	0.47903	1.5	0.6	2.5	15	1.5	0.6	2.5	15	1.5	0.6	2.5	15	1.5	0.6	2.5	15	0	0.375	0.15	0.625	3.75	0.375	0.15	0.625	3.75	0.375	0.15	0.625	3.75	0.375	0.15	0.625	3.75	0	0.2	0.2	0.2	0.2	0.2	0.2	0.2	0.2	0.2	0.2	0.2	0.2	0.2	0.2	0.2	0.2	0.2
10000	10000	0.05846	0.027346	1	0.44963	0.50129	1.5554	0.3	2.5	15	1.5554	0.3	2.5	15	1.5554	0.3	2.5	15	1.5554	0.3	2.5	15	0	0.7777	0.15	1.25	7.5	0.7777	0.15	1.25	7.5	0.7777	0.15	1.25	7.5	0.7777	0.15	1.25	7.5	0	0.37892	0.37892	0.37892	0.37892	0.37892	0.37892	0.37892	0.37892	0.37892	0.37892	0.37892	0.37892	0.37892	0.37892	0.37892	0.37892	0.37892
10000	10000	0.99998	0.023193	1	0.45527	0.43961	1.25	0.19908	2.9375	17	1.25	0.19908	2.9375	17	1.25	0.19908	2.9375	17	1.25	0.19908	2.9375	17	0	0.3125	0.049769	0.73438	4.25	0.3125	0.049769	0.73438	4.25	0.3125	0.049769	0.73438	4.25	0.3125	0.049769	0.73438	4.25	0	0.35522	0.35522	0.35522	0.35522	0.35522	0.35522	0.35522	0.35522	0.35522	0.35522	0.35522	0.35522	0.35522	0.35522	0.35522	0.35522	0.35522
10000	10000	0.001	0.017084	1	3.2424e-06	0.42289	0.73572	0.60281	2.1353	17.334	0.73572	0.60281	2.1353	17.334	0.73572	0.60281	2.1353	17.334	0.73572	0.60281	2.1353	17.334	0	0.32236	0.26413	0.9356	7.5949	0.32236	0.26413	0.9356	7.5949	0.32236	0.26413	0.9356	7.5949	0.32236	0.26413	0.9356	7.5949	0	0.33292	0.33292	0.33292	0.33292	0.33292	0.33292	0.33292	0.33292	0.33292	0.33292	0.33292	0.33292	0.33292	0.33292	0.33292	0.33292	0.33292
10000	10000	0.001	0.02	1	0.5	0.8	1	0.3	2.0917	15	1	0.3	2.0917	15	1	0.3	2.0917	15	1	0.3	2.0917	15	0	1	0.3	2.0917	15	1	0.3	2.0917	15	1	0.3	2.0917	15	1	0.3	2.0917	15	0	0.3908	0.3908	0.3908	0.3908	0.3908	0.3908	0.3908	0.3908	0.3908	0.3908	0.3908	0.3908	0.3908	0.3908	0.3908	0.3908	0.3908
10000	10000	0.011667	0.02	1	0	1	1	2.6349	2.5	15	1	2.6349	2.5	15	1	2.6349	2.5	15	1	2.6349	2.5	15	0	0.5	1.3174	1.25	7.5	0.5	1.3174	1.25	7.5	0.5	1.3174	1.25	7.5	0.5	1.3174	1.25	7.5	0	0.25	0.25	0.25	0.25	0.25	0.25	0.25	0.25	0.25	0.25	0.25	0.25	0.25	0.25	0.25	0.25	0.25
10000	10000	0.013578	0.016574	1	0	0.58959	-0.12599	0.3	2.5	15	-0.12599	0.3	2.5	15	-0.12599	0.3	2.5	15	-0.12599	0.3	2.5	15	0	-0.084252	0.20061	1.6718	10.031	-0.084252	0.20061	1.6718	10.031	-0.084252	0.20061	1.6718	10.031	-0.084252	0.20061	1.6718	10.031	0	0.21828	0.21828	0.21828	0.21828	0.21828	0.21828	0.21828	0.21828	0.21828	0.21828	0.21828	0.21828	0.21828	0.21828	0.21828	0.21828	0.21828
10000	10000	0.0070504	0.01	1	0.42966	0.71559	0.31552	0.23904	1.0455	14.25	0.31552	0.23904	1.0455	14.25	0.31552	0.23904	1.0455	14.25	0.31552	0.23904	1.0455	14.25	0	0.50496	0.38256	1.6732	22.806	0.50496	0.38256	1.6732	22.806	0.50496	0.38256	1.6732	22.806	0.50496	0.38256	1.6732	22.806	0	0.42898	0.42898	0.42898	0.42898	0.42898	0.42898	0.42898	0.42898	0.42898	0.42898	0.42898	0.42898	0.42898	0.42898	0.42898	0.42898	0.42898
10000	10000	0.0086522	0.022694	1	0.39897	0.92124	0.86529	0.68756	3.1274	21.078	0.86529	0.68756	3.1274	21.078	0.86529	0.68756	3.1274	21.078	0.86529	0.68756	3.1274	21.078	0	0.76329	0.60652	2.7588	18.593	0.76329	0.60652	2.7588	18.593	0.76329	0.60652	2.7588	18.593	0.76329	0.60652	2.7588	18.593	0	0.26401	0.26401	0.26401	0.26401	0.26401	0.26401	0.26401	0.26401	0.26401	0.26401	0.26401	0.26401	0.26401	0.26401	0.26401	0.26401	0.26401
10000	10000	0.0032264	0.019113	1	0.52691	1.1676	0.96314	0.41393	4.0298	29.218	0.96314	0.41393	4.0298	29.218	0.96314	0.41393	4.0298	29.218	0.96314	0.41393	4.0298	29.218	0	0.96275	0.41376	4.0281	29.206	0.96275	0.41376	4.0281	29.206	0.96275	0.41376	4.0281	29.206	0.96275	0.41376	4.0281	29.206	0	0.26955	0.26955	0.26955	0.26955	0.26955	0.26955	0.26955	0.26955	0.26955	0.26955	0.26955	0.26955	0.26955	0.26955	0.26955	0.26955	0.26955
10000	10000	0.0054073	0.020707	1	0.46047	0.75256	0.84775	0.36691	2.5922	15.407	0.84775	0.36691	2.5922	15.407	0.84775	0.36691	2.5922	15.407	0.84775	0.36691	2.5922	15.407	0	0.80865	0.34999	2.4727	14.697	0.80865	0.34999	2.4727	14.697	0.80865	0.34999	2.4727	14.697	0.80865	0.34999	2.4727	14.697	0	0.22108	0.22108	0.22108	0.22108	0.22108	0.22108	0.22108	0.22108	0.22108	0.22108	0.22108	0.22108	0.22108	0.22108	0.22108	0.22108	0.22108
10000	10000	0.0087797	0.022026	1	0.47297	1.0088	1.001	0.30066	2.614	15.008	1.001	0.30066	2.614	15.008	1.001	0.30066	2.614	15.008	1.001	0.30066	2.614	15.008	0	1.0019	0.30093	2.6163	15.022	1.0019	0.30093	2.6163	15.022	1.0019	0.30093	2.6163	15.022	1.0019	0.30093	2.6163	15.022	0	0.28585	0.28585	0.28585	0.28585	0.28585	0.28585	0.28585	0.28585	0.28585	0.28585	0.28585	0.28585	0.28585	0.28585	0.28585	0.28585	0.28585
10000	10000	0.018667	0.017963	1	0.080571	2.3177	0.55495	1	2.8189	21.399	0.55495	1	2.8189	21.399	0.55495	1	2.8189	21.399	0.55495	1	2.8189	21.399	0	0.55496	1	2.8189	21.399	0.55496	1	2.8189	21.399	0.55496	1	2.8189	21.399	0.55496	1	2.8189	21.399	0	0.29659	0.29659	0.29659	0.29659	0.29659	0.29659	0.29659	0.29659	0.29659	0.29659	0.29659	0.29659	0.29659	0.29659	0.29659	0.29659	0.29659
10000	10000	0.0023333	0.02	1	0.37843	1.204	-0.57765	-0.09319	2.5	30	-0.57765	-0.09319	2.5	30	-0.57765	-0.09319	2.5	30	-0.57765	-0.09319	2.5	30	0	-0.28882	-0.046595	1.25	15	-0.28882	-0.046595	1.25	15	-0.28882	-0.046595	1.25	15	-0.28882	-0.046595	1.25	15	0	0.2	0.2	0.2	0.2	0.2	0.2	0.2	0.2	0.2	0.2	0.2	0.2	0.2	0.2	0.2	0.2	0.2
10000	10000	0.001	0.02	1	0.5	0.86319	-0.56732	0	2.5	20	-0.56732	0	2.5	20	-0.56732	0	2.5	20	-0.56732	0	2.5	20	0	-0.28366	0	1.25	10	-0.28366	0	1.25	10	-0.28366	0	1.25	10	-0.28366	0	1.25	10	0	0.2	0.2	0.2	0.2	0.2	0.2	0.2	0.2	0.2	0.2	0.2	0.2	0.2	0.2	0.2	0.2	0.2
10000	10000	0.0077418	0.01	1	6.0555e-06	1.1127	0.49823	1	3.5	15	0.49823	1	3.5	15	0.49823	1	3.5	15	0.49823	1	3.5	15	0	0.24912	0.5	1.75	7.5	0.24912	0.5	1.75	7.5	0.24912	0.5	1.75	7.5	0.24912	0.5	1.75	7.5	0	0.3	0.3	0.3	0.3	0.3	0.3	0.3	0.3	0.3	0.3	0.3	0.3	0.3	0.3	0.3	0.3	0.3
10000	10000	0.0054928	0.12923	1	0.49074	1.6	0.37384	0.38889	3.4444	16.667	0.37384	0.38889	3.4444	16.667	0.37384	0.38889	3.4444	16.667	0.37384	0.38889	3.4444	16.667	0	0.19385	0.20165	1.786	8.642	0.19385	0.20165	1.786	8.642	0.19385	0.20165	1.786	8.642	0.19385	0.20165	1.786	8.642	0	0.28725	0.28725	0.28725	0.28725	0.28725	0.28725	0.28725	0.28725	0.28725	0.28725	0.28725	0.28725	0.28725	0.28725	0.28725	0.28725	0.28725
10000	10000	0.02	0.023333	1	0.5	0.8	0.5012	0.33333	5	15	0.5012	0.33333	5	15	0.5012	0.33333	5	15	0.5012	0.33333	5	15	0	0.2506	0.16667	2.5	7.5	0.2506	0.16667	2.5	7.5	0.2506	0.16667	2.5	7.5	0.2506	0.16667	2.5	7.5	0	0.13433	0.13433	0.13433	0.13433	0.13433	0.13433	0.13433	0.13433	0.13433	0.13433	0.13433	0.13433	0.13433	0.13433	0.13433	0.13433	0.13433
10000	10000	0.031995	0.021015	1	0.36551	0.31055	0.98681	0.32223	2.3148	13.518	0.98681	0.32223	2.3148	13.518	0.98681	0.32223	2.3148	13.518	0.98681	0.32223	2.3148	13.518	0	0.93519	0.30537	2.1937	12.811	0.93519	0.30537	2.1937	12.811	0.93519	0.30537	2.1937	12.811	0.93519	0.30537	2.1937	12.811	0	0.32123	0.32123	0.32123	0.32123	0.32123	0.32123	0.32123	0.32123	0.32123	0.32123	0.32123	0.32123	0.32123	0.32123	0.32123	0.32123	0.32123
10000	10000	0.029669	0.025105	1	2.6913e-06	0.61339	1.2036	0.28874	2.8395	14.491	1.2036	0.28874	2.8395	14.491	1.2036	0.28874	2.8395	14.491	1.2036	0.28874	2.8395	14.491	0	1.2036	0.28874	2.8395	14.491	1.2036	0.28874	2.8395	14.491	1.2036	0.28874	2.8395	14.491	1.2036	0.28874	2.8395	14.491	0	0.40371	0.40371	0.40371	0.40371	0.40371	0.40371	0.40371	0.40371	0.40371	0.40371	0.40371	0.40371	0.40371	0.40371	0.40371	0.40371	0.40371
10000	10000	0.022519	0.01	1	0.38825	0.53736	1	0.3	2.5	15	1	0.3	2.5	15	1	0.3	2.5	15	1	0.3	2.5	15	0	0.89245	0.26773	2.2311	13.387	0.89245	0.26773	2.2311	13.387	0.89245	0.26773	2.2311	13.387	0.89245	0.26773	2.2311	13.387	0	0.36428	0.36428	0.36428	0.36428	0.36428	0.36428	0.36428	0.36428	0.36428	0.36428	0.36428	0.36428	0.36428	0.36428	0.36428	0.36428	0.36428
10000	10000	0.0030223	0.019474	1	0.50418	0.79498	0.60613	0.30363	2.387	6.7516	0.60613	0.30363	2.387	6.7516	0.60613	0.30363	2.387	6.7516	0.60613	0.30363	2.387	6.7516	0	0.60864	0.30489	2.3969	6.7797	0.60864	0.30489	2.3969	6.7797	0.60864	0.30489	2.3969	6.7797	0.60864	0.30489	2.3969	6.7797	0	0.20223	0.20223	0.20223	0.20223	0.20223	0.20223	0.20223	0.20223	0.20223	0.20223	0.20223	0.20223	0.20223	0.20223	0.20223	0.20223	0.20223
10000	10000	0.0071194	0.015	1	0	0.55421	0.75	0.35003	1.1875	17	0.75	0.35003	1.1875	17	0.75	0.35003	1.1875	17	0.75	0.35003	1.1875	17	0	0.58594	0.27346	0.92773	13.281	0.58594	0.27346	0.92773	13.281	0.58594	0.27346	0.92773	13.281	0.58594	0.27346	0.92773	13.281	0	0.26228	0.26228	0.26228	0.26228	0.26228	0.26228	0.26228	0.26228	0.26228	0.26228	0.26228	0.26228	0.26228	0.26228	0.26228	0.26228	0.26228
10000	10000	0.005	0.018982	1	0.49609	0.33475	1.3242	0.2189	3.5	15	1.3242	0.2189	3.5	15	1.3242	0.2189	3.5	15	1.3242	0.2189	3.5	15	0	1.0234	0.16917	2.7049	11.593	1.0234	0.16917	2.7049	11.593	1.0234	0.16917	2.7049	11.593	1.0234	0.16917	2.7049	11.593	0	0.21716	0.21716	0.21716	0.21716	0.21716	0.21716	0.21716	0.21716	0.21716	0.21716	0.21716	0.21716	0.21716	0.21716	0.21716	0.21716	0.21716
10000	10000	0.0055	0.01	1	0.35872	0.4	1.5	0.3	3.5	15	1.5	0.3	3.5	15	1.5	0.3	3.5	15	1.5	0.3	3.5	15	0	1.1302	0.22604	2.6371	11.302	1.1302	0.22604	2.6371	11.302	1.1302	0.22604	2.6371	11.302	1.1302	0.22604	2.6371	11.302	0	0.3	0.3	0.3	0.3	0.3	0.3	0.3	0.3	0.3	0.3	0.3	0.3	0.3	0.3	0.3	0.3	0.3
10000	10000	0.0023331	0.022629	1	0.3735	0.17074	1.4999	0.14413	2.5002	30.001	1.4999	0.14413	2.5002	30.001	1.4999	0.14413	2.5002	30.001	1.4999	0.14413	2.5002	30.001	0	1.484	0.1426	2.4736	29.683	1.484	0.1426	2.4736	29.683	1.484	0.1426	2.4736	29.683	1.484	0.1426	2.4736	29.683	0	0.39995	0.39995	0.39995	0.39995	0.39995	0.39995	0.39995	0.39995	0.39995	0.39995	0.39995	0.39995	0.39995	0.39995	0.39995	0.39995	0.39995
10000	10000	0.001	0.019752	1	0.50462	0.13237	1.383	0.28154	3.7093	19.976	1.383	0.28154	3.7093	19.976	1.383	0.28154	3.7093	19.976	1.383	0.28154	3.7093	19.976	0	1.1756	0.23933	3.1532	16.982	1.1756	0.23933	3.1532	16.982	1.1756	0.23933	3.1532	16.982	1.1756	0.23933	3.1532	16.982	0	0.20805	0.20805	0.20805	0.20805	0.20805	0.20805	0.20805	0.20805	0.20805	0.20805	0.20805	0.20805	0.20805	0.20805	0.20805	0.20805	0.20805
10000	10000	0.015217	0.020003	1	0.49903	0.46324	1.0015	0.10962	2.5026	15.012	1.0015	0.10962	2.5026	15.012	1.0015	0.10962	2.5026	15.012	1.0015	0.10962	2.5026	15.012	0	1.0017	0.10965	2.5032	15.016	1.0017	0.10965	2.5032	15.016	1.0017	0.10965	2.5032	15.016	1.0017	0.10965	2.5032	15.016	0	0.27943	0.27943	0.27943	0.27943	0.27943	0.27943	0.27943	0.27943	0.27943	0.27943	0.27943	0.27943	0.27943	0.27943	0.27943	0.27943	0.27943
10000	10000	0.0036101	0.01	1	1.2111e-05	0.91293	1	0.3	2.5	15	1	0.3	2.5	15	1	0.3	2.5	15	1	0.3	2.5	15	0	0.95833	0.2875	2.3958	14.375	0.95833	0.2875	2.3958	14.375	0.95833	0.2875	2.3958	14.375	0.95833	0.2875	2.3958	14.375	0	0.3	0.3	0.3	0.3	0.3	0.3	0.3	0.3	0.3	0.3	0.3	0.3	0.3	0.3	0.3	0.3	0.3
10000	10000	0.005	0.02	1	6.0554e-06	0.4	1	0.19965	2.3255	15	1	0.19965	2.3255	15	1	0.19965	2.3255	15	1	0.19965	2.3255	15	0	0.5	0.099823	1.1628	7.5	0.5	0.099823	1.1628	7.5	0.5	0.099823	1.1628	7.5	0.5	0.099823	1.1628	7.5	0	0.19536	0.19536	0.19536	0.19536	0.19536	0.19536	0.19536	0.19536	0.19536	0.19536	0.19536	0.19536	0.19536	0.19536	0.19536	0.19536	0.19536
10000	10000	0.00891	0.016974	1	0	0.8	1	0.3	2.5	15	1	0.3	2.5	15	1	0.3	2.5	15	1	0.3	2.5	15	0	1	0.3	2.5	15	1	0.3	2.5	15	1	0.3	2.5	15	1	0.3	2.5	15	0	0.3	0.3	0.3	0.3	0.3	0.3	0.3	0.3	0.3	0.3	0.3	0.3	0.3	0.3	0.3	0.3	0.3
10000	10000	0.011917	0.025739	1	0	1.1065	1.0841	0.27486	3.5197	20.883	1.0841	0.27486	3.5197	20.883	1.0841	0.27486	3.5197	20.883	1.0841	0.27486	3.5197	20.883	0	0.59981	0.15207	1.9473	11.554	0.59981	0.15207	1.9473	11.554	0.59981	0.15207	1.9473	11.554	0.59981	0.15207	1.9473	11.554	0	0.15739	0.15739	0.15739	0.15739	0.15739	0.15739	0.15739	0.15739	0.15739	0.15739	0.15739	0.15739	0.15739	0.15739	0.15739	0.15739	0.15739
10000	10000	0.02	0.02	1	0.25884	1.0667	0.99999	1.816	3.3333	30	0.99999	1.816	3.3333	30	0.99999	1.816	3.3333	30	0.99999	1.816	3.3333	30	0	0.99999	1.816	3.3333	30	0.99999	1.816	3.3333	30	0.99999	1.816	3.3333	30	0.99999	1.816	3.3333	30	0	0.3	0.3	0.3	0.3	0.3	0.3	0.3	0.3	0.3	0.3	0.3	0.3	0.3	0.3	0.3	0.3	0.3
10000	10000	0.0071846	0.014538	1	0.7048	0.72692	1.0603	1.4144	5.4779	12.815	1.0603	1.4144	5.4779	12.815	1.0603	1.4144	5.4779	12.815	1.0603	1.4144	5.4779	12.815	0	0.38536	0.51407	1.991	4.6579	0.38536	0.51407	1.991	4.6579	0.38536	0.51407	1.991	4.6579	0.38536	0.51407	1.991	4.6579	0	0.228	0.228	0.228	0.228	0.228	0.228	0.228	0.228	0.228	0.228	0.228	0.228	0.228	0.228	0.228	0.228	0.228
10000	10000	0.0059048	0.030296	1	0	0.40518	1.3266	0.29519	2.7918	14.941	1.3266	0.29519	2.7918	14.941	1.3266	0.29519	2.7918	14.941	1.3266	0.29519	2.7918	14.941	0	0.6682	0.14869	1.4062	7.5257	0.6682	0.14869	1.4062	7.5257	0.6682	0.14869	1.4062	7.5257	0.6682	0.14869	1.4062	7.5257	0	0.19704	0.19704	0.19704	0.19704	0.19704	0.19704	0.19704	0.19704	0.19704	0.19704	0.19704	0.19704	0.19704	0.19704	0.19704	0.19704	0.19704
10000	10000	0.021122	0.01	1	4.0755e-06	0.80119	0.99814	0.29887	2.4967	16.685	0.99814	0.29887	2.4967	16.685	0.99814	0.29887	2.4967	16.685	0.99814	0.29887	2.4967	16.685	0	0.49987	0.14967	1.2504	8.3556	0.49987	0.14967	1.2504	8.3556	0.49987	0.14967	1.2504	8.3556	0.49987	0.14967	1.2504	8.3556	0	0.14957	0.14957	0.14957	0.14957	0.14957	0.14957	0.14957	0.14957	0.14957	0.14957	0.14957	0.14957	0.14957	0.14957	0.14957	0.14957	0.14957
10000	10000	0.011698	0.016499	1	2.0185e-06	0.93854	1.8033	0.40391	3.5104	20.036	1.8033	0.40391	3.5104	20.036	1.8033	0.40391	3.5104	20.036	1.8033	0.40391	3.5104	20.036	0	0.87844	0.19675	1.71	9.76	0.87844	0.19675	1.71	9.76	0.87844	0.19675	1.71	9.76	0.87844	0.19675	1.71	9.76	0	0.29729	0.29729	0.29729	0.29729	0.29729	0.29729	0.29729	0.29729	0.29729	0.29729	0.29729	0.29729	0.29729	0.29729	0.29729	0.29729	0.29729
10000	10000	0.01	0.03	1	0	0.8	1	0.43674	2.5	15	1	0.43674	2.5	15	1	0.43674	2.5	15	1	0.43674	2.5	15	0	0.5	0.21837	1.25	7.5	0.5	0.21837	1.25	7.5	0.5	0.21837	1.25	7.5	0.5	0.21837	1.25	7.5	0	0.16675	0.16675	0.16675	0.16675	0.16675	0.16675	0.16675	0.16675	0.16675	0.16675	0.16675	0.16675	0.16675	0.16675	0.16675	0.16675	0.16675
10000	10000	0.0074831	0.02	1	0.43818	0.39996	0.99993	0.28702	2.5001	18.334	0.99993	0.28702	2.5001	18.334	0.99993	0.28702	2.5001	18.334	0.99993	0.28702	2.5001	18.334	0	0.4039	0.11593	1.0099	7.4055	0.4039	0.11593	1.0099	7.4055	0.4039	0.11593	1.0099	7.4055	0.4039	0.11593	1.0099	7.4055	0	0.21293	0.21293	0.21293	0.21293	0.21293	0.21293	0.21293	0.21293	0.21293	0.21293	0.21293	0.21293	0.21293	0.21293	0.21293	0.21293	0.21293
10000	10000	0.037263	0.023863	1	0.50554	0.41391	0.93493	-0.0099314	2.4652	18.623	0.93493	-0.0099314	2.4652	18.623	0.93493	-0.0099314	2.4652	18.623	0.93493	-0.0099314	2.4652	18.623	0	0.46955	-0.0049879	1.2381	9.3532	0.46955	-0.0049879	1.2381	9.3532	0.46955	-0.0049879	1.2381	9.3532	0.46955	-0.0049879	1.2381	9.3532	0	0.18131	0.18131	0.18131	0.18131	0.18131	0.18131	0.18131	0.18131	0.18131	0.18131	0.18131	0.18131	0.18131	0.18131	0.18131	0.18131	0.18131
10000	10000	0.001	0.01	1	0.875	0.62	1.4201	0.59028	3.375	11.521	1.4201	0.59028	3.375	11.521	1.4201	0.59028	3.375	11.521	1.4201	0.59028	3.375	11.521	0	0.59692	0.24811	1.4186	4.8424	0.59692	0.24811	1.4186	4.8424	0.59692	0.24811	1.4186	4.8424	0.59692	0.24811	1.4186	4.8424	0	0.22953	0.22953	0.22953	0.22953	0.22953	0.22953	0.22953	0.22953	0.22953	0.22953	0.22953	0.22953	0.22953	0.22953	0.22953	0.22953	0.22953
10000	10000	0.0073864	0.024226	1	0.48407	0.66344	0.98958	0.99219	2.9239	15.083	0.98958	0.99219	2.9239	15.083	0.98958	0.99219	2.9239	15.083	0.98958	0.99219	2.9239	15.083	0	0.49818	0.49949	1.472	7.5934	0.49818	0.49949	1.472	7.5934	0.49818	0.49949	1.472	7.5934	0.49818	0.49949	1.472	7.5934	0	0.22114	0.22114	0.22114	0.22114	0.22114	0.22114	0.22114	0.22114	0.22114	0.22114	0.22114	0.22114	0.22114	0.22114	0.22114	0.22114	0.22114
10000	10000	0.018666	0.020801	1	0.49718	0.57993	0.90673	0.27609	2.8961	14.983	0.90673	0.27609	2.8961	14.983	0.90673	0.27609	2.8961	14.983	0.90673	0.27609	2.8961	14.983	0	0.36973	0.11258	1.1809	6.1096	0.36973	0.11258	1.1809	6.1096	0.36973	0.11258	1.1809	6.1096	0.36973	0.11258	1.1809	6.1096	0	0.16667	0.16667	0.16667	0.16667	0.16667	0.16667	0.16667	0.16667	0.16667	0.16667	0.16667	0.16667	0.16667	0.16667	0.16667	0.16667	0.16667
10000	10000	0.0025268	0.020146	1	0	0.43964	1.0089	0.0044602	1.1953	14.929	1.0089	0.0044602	1.1953	14.929	1.0089	0.0044602	1.1953	14.929	1.0089	0.0044602	1.1953	14.929	0	0.50896	0.00225	0.60299	7.5309	0.50896	0.00225	0.60299	7.5309	0.50896	0.00225	0.60299	7.5309	0.50896	0.00225	0.60299	7.5309	0	0.31102	0.31102	0.31102	0.31102	0.31102	0.31102	0.31102	0.31102	0.31102	0.31102	0.31102	0.31102	0.31102	0.31102	0.31102	0.31102	0.31102
10000	10000	0.010439	0.02	1	3.2296e-05	0.5366	0.73725	0.32953	2.0634	15	0.73725	0.32953	2.0634	15	0.73725	0.32953	2.0634	15	0.73725	0.32953	2.0634	15	0	0.36863	0.16476	1.0317	7.5	0.36863	0.16476	1.0317	7.5	0.36863	0.16476	1.0317	7.5	0.36863	0.16476	1.0317	7.5	0	0.16052	0.16052	0.16052	0.16052	0.16052	0.16052	0.16052	0.16052	0.16052	0.16052	0.16052	0.16052	0.16052	0.16052	0.16052	0.16052	0.16052
10000	10000	0.010583	0.01	1	8.3264e-06	0.21374	0.65379	0.13333	1.8796	19	0.65379	0.13333	1.8796	19	0.65379	0.13333	1.8796	19	0.65379	0.13333	1.8796	19	0	0.36743	0.074933	1.0564	10.678	0.36743	0.074933	1.0564	10.678	0.36743	0.074933	1.0564	10.678	0.36743	0.074933	1.0564	10.678	0	0.09929	0.09929	0.09929	0.09929	0.09929	0.09929	0.09929	0.09929	0.09929	0.09929	0.09929	0.09929	0.09929	0.09929	0.09929	0.09929	0.09929
10000	10000	0.018608	0.017778	1	8.1633e-07	0.1292	0.85078	0.29709	1.7771	18.369	0.85078	0.29709	1.7771	18.369	0.85078	0.29709	1.7771	18.369	0.85078	0.29709	1.7771	18.369	0	0.35643	0.12447	0.74451	7.6956	0.35643	0.12447	0.74451	7.6956	0.35643	0.12447	0.74451	7.6956	0.35643	0.12447	0.74451	7.6956	0	0	0	0	0	0	0	0	0	0	0	0	0	0	0	0	0	0
10000	10000	0.0088147	0.02	1	0	-0.77699	1.0667	0.3	2.5	15	1.0667	0.3	2.5	15	1.0667	0.3	2.5	15	1.0667	0.3	2.5	15	0	0.53333	0.15	1.25	7.5	0.53333	0.15	1.25	7.5	0.53333	0.15	1.25	7.5	0.53333	0.15	1.25	7.5	0	0.25	0.25	0.25	0.25	0.25	0.25	0.25	0.25	0.25	0.25	0.25	0.25	0.25	0.25	0.25	0.25	0.25
10000	10000	0.0027122	0.022967	1	0.27206	0.60972	0.85053	0.75977	2.8807	15.295	0.85053	0.75977	2.8807	15.295	0.85053	0.75977	2.8807	15.295	0.85053	0.75977	2.8807	15.295	0	0.65213	0.58254	2.2088	11.727	0.65213	0.58254	2.2088	11.727	0.65213	0.58254	2.2088	11.727	0.65213	0.58254	2.2088	11.727	0	0.10663	0.10663	0.10663	0.10663	0.10663	0.10663	0.10663	0.10663	0.10663	0.10663	0.10663	0.10663	0.10663	0.10663	0.10663	0.10663	0.10663
10000	10000	0.0087591	0.021693	1	0.37921	0.78402	1.0247	1	2.9444	15	1.0247	1	2.9444	15	1.0247	1	2.9444	15	1.0247	1	2.9444	15	0	0.93153	0.90909	2.6768	13.636	0.93153	0.90909	2.6768	13.636	0.93153	0.90909	2.6768	13.636	0.93153	0.90909	2.6768	13.636	0	0.069445	0.069445	0.069445	0.069445	0.069445	0.069445	0.069445	0.069445	0.069445	0.069445	0.069445	0.069445	0.069445	0.069445	0.069445	0.069445	0.069445
10000	10000	0.013192	0.01	1	0.125	1.25	0.5	0.74417	1.625	19	0.5	0.74417	1.625	19	0.5	0.74417	1.625	19	0.5	0.74417	1.625	19	0	0.23659	0.35213	0.76892	8.9905	0.23659	0.35213	0.76892	8.9905	0.23659	0.35213	0.76892	8.9905	0.23659	0.35213	0.76892	8.9905	0	0	0	0	0	0	0	0	0	0	0	0	0	0	0	0	0	0
10000	10000	0.0034701	0.017861	1	0.26856	0.52228	1.3086	0.50058	3.04	17.469	1.3086	0.50058	3.04	17.469	1.3086	0.50058	3.04	17.469	1.3086	0.50058	3.04	17.469	0	0.96121	0.3677	2.233	12.832	0.96121	0.3677	2.233	12.832	0.96121	0.3677	2.233	12.832	0.96121	0.3677	2.233	12.832	0	0.15715	0.15715	0.15715	0.15715	0.15715	0.15715	0.15715	0.15715	0.15715	0.15715	0.15715	0.15715	0.15715	0.15715	0.15715	0.15715	0.15715
10000	10000	0.022974	0.021252	1	6.7283e-07	0.8	1.2667	0.3	3.3334	15	1.2667	0.3	3.3334	15	1.2667	0.3	3.3334	15	1.2667	0.3	3.3334	15	0	0.76177	0.18042	2.0047	9.021	0.76177	0.18042	2.0047	9.021	0.76177	0.18042	2.0047	9.021	0.76177	0.18042	2.0047	9.021	0	0.16667	0.16667	0.16667	0.16667	0.16667	0.16667	0.16667	0.16667	0.16667	0.16667	0.16667	0.16667	0.16667	0.16667	0.16667	0.16667	0.16667
10000	10000	0.65791	0.01	1	0.54478	0.71647	1.5714	0.64111	6.1178	15.904	1.5714	0.64111	6.1178	15.904	1.5714	0.64111	6.1178	15.904	1.5714	0.64111	6.1178	15.904	0	0.62355	0.25439	2.4276	6.3109	0.62355	0.25439	2.4276	6.3109	0.62355	0.25439	2.4276	6.3109	0.62355	0.25439	2.4276	6.3109	0	0.25348	0.25348	0.25348	0.25348	0.25348	0.25348	0.25348	0.25348	0.25348	0.25348	0.25348	0.25348	0.25348	0.25348	0.25348	0.25348	0.25348
10000	10000	0.018849	0.020188	1	0.25945	0.92202	1.1442	0.40772	2.7194	17.231	1.1442	0.40772	2.7194	17.231	1.1442	0.40772	2.7194	17.231	1.1442	0.40772	2.7194	17.231	0	0.57662	0.20548	1.3705	8.6838	0.57662	0.20548	1.3705	8.6838	0.57662	0.20548	1.3705	8.6838	0.57662	0.20548	1.3705	8.6838	0	0.10681	0.10681	0.10681	0.10681	0.10681	0.10681	0.10681	0.10681	0.10681	0.10681	0.10681	0.10681	0.10681	0.10681	0.10681	0.10681	0.10681
10000	10000	0.014076	0.020706	1	0.53704	0.8	1.1401	0.27827	3.4444	12.778	1.1401	0.27827	3.4444	12.778	1.1401	0.27827	3.4444	12.778	1.1401	0.27827	3.4444	12.778	0	0.57004	0.13914	1.7222	6.3889	0.57004	0.13914	1.7222	6.3889	0.57004	0.13914	1.7222	6.3889	0.57004	0.13914	1.7222	6.3889	0	0.14283	0.14283	0.14283	0.14283	0.14283	0.14283	0.14283	0.14283	0.14283	0.14283	0.14283	0.14283	0.14283	0.14283	0.14283	0.14283	0.14283
10000	10000	0.46944	0.01	1	0.31593	0.64969	1.1462	0.75869	5.7454	72.577	1.1462	0.75869	5.7454	72.577	1.1462	0.75869	5.7454	72.577	1.1462	0.75869	5.7454	72.577	0	0.45674	0.30233	2.2894	28.92	0.45674	0.30233	2.2894	28.92	0.45674	0.30233	2.2894	28.92	0.45674	0.30233	2.2894	28.92	0	0	0	0	0	0	0	0	0	0	0	0	0	0	0	0	0	0
10000	10000	0.02	0.03	1	0.5	0.8	1	0.4	2.5	15	1	0.4	2.5	15	1	0.4	2.5	15	1	0.4	2.5	15	0	0.95003	0.38001	2.3751	14.25	0.95003	0.38001	2.3751	14.25	0.95003	0.38001	2.3751	14.25	0.95003	0.38001	2.3751	14.25	0	0.3	0.3	0.3	0.3	0.3	0.3	0.3	0.3	0.3	0.3	0.3	0.3	0.3	0.3	0.3	0.3	0.3
10000	10000	0.0096502	0.019291	1	0.26064	9.5999	0.40719	0.3	3.3333	32.772	0.40719	0.3	3.3333	32.772	0.40719	0.3	3.3333	32.772	0.40719	0.3	3.3333	32.772	0	0.46173	0.34018	3.7798	37.161	0.46173	0.34018	3.7798	37.161	0.46173	0.34018	3.7798	37.161	0.46173	0.34018	3.7798	37.161	0	0.2648	0.2648	0.2648	0.2648	0.2648	0.2648	0.2648	0.2648	0.2648	0.2648	0.2648	0.2648	0.2648	0.2648	0.2648	0.2648	0.2648
10000	10000	0.042321	0.02648	1	0.059161	1.3134	0.45893	0.3	3.0556	15	0.45893	0.3	3.0556	15	0.45893	0.3	3.0556	15	0.45893	0.3	3.0556	15	0	0.45893	0.3	3.0556	15	0.45893	0.3	3.0556	15	0.45893	0.3	3.0556	15	0.45893	0.3	3.0556	15	0	0.1174	0.1174	0.1174	0.1174	0.1174	0.1174	0.1174	0.1174	0.1174	0.1174	0.1174	0.1174	0.1174	0.1174	0.1174	0.1174	0.1174
10000	10000	0.0079141	0.01833	1	0.38036	1.3881	0.92337	0.30012	3.5004	30.002	0.92337	0.30012	3.5004	30.002	0.92337	0.30012	3.5004	30.002	0.92337	0.30012	3.5004	30.002	0	0.92322	0.30007	3.4998	29.997	0.92322	0.30007	3.4998	29.997	0.92322	0.30007	3.4998	29.997	0.92322	0.30007	3.4998	29.997	0	0.29989	0.29989	0.29989	0.29989	0.29989	0.29989	0.29989	0.29989	0.29989	0.29989	0.29989	0.29989	0.29989	0.29989	0.29989	0.29989	0.29989
10000	10000	0.01	0.02	1	0.2349	2.2018	0.69873	0	2.5	15	0.69873	0	2.5	15	0.69873	0	2.5	15	0.69873	0	2.5	15	0	0.69873	0	2.5	15	0.69873	0	2.5	15	0.69873	0	2.5	15	0.69873	0	2.5	15	0	0.23854	0.23854	0.23854	0.23854	0.23854	0.23854	0.23854	0.23854	0.23854	0.23854	0.23854	0.23854	0.23854	0.23854	0.23854	0.23854	0.23854
10000	10000	0.0053749	0.02	1	0.5	1.6	0.78849	0.3	2.5	15	0.78849	0.3	2.5	15	0.78849	0.3	2.5	15	0.78849	0.3	2.5	15	0	0.46257	0.176	1.4666	8.7998	0.46257	0.176	1.4666	8.7998	0.46257	0.176	1.4666	8.7998	0.46257	0.176	1.4666	8.7998	0	0.099999	0.099999	0.099999	0.099999	0.099999	0.099999	0.099999	0.099999	0.099999	0.099999	0.099999	0.099999	0.099999	0.099999	0.099999	0.099999	0.099999
10000	10000	0.30628	0.019014	1	0.50147	0.87146	1.0472	0.34559	4.8572	14.595	1.0472	0.34559	4.8572	14.595	1.0472	0.34559	4.8572	14.595	1.0472	0.34559	4.8572	14.595	0	0.49818	0.1644	2.3106	6.9431	0.49818	0.1644	2.3106	6.9431	0.49818	0.1644	2.3106	6.9431	0.49818	0.1644	2.3106	6.9431	0	0.18391	0.18391	0.18391	0.18391	0.18391	0.18391	0.18391	0.18391	0.18391	0.18391	0.18391	0.18391	0.18391	0.18391	0.18391	0.18391	0.18391
10000	10000	0.0064044	0.01532	1	0.35165	1.1836	0.75	0.4625	2.8958	13	0.75	0.4625	2.8958	13	0.75	0.4625	2.8958	13	0.75	0.4625	2.8958	13	0	0.37248	0.22969	1.4382	6.4563	0.37248	0.22969	1.4382	6.4563	0.37248	0.22969	1.4382	6.4563	0.37248	0.22969	1.4382	6.4563	0	0.28315	0.28315	0.28315	0.28315	0.28315	0.28315	0.28315	0.28315	0.28315	0.28315	0.28315	0.28315	0.28315	0.28315	0.28315	0.28315	0.28315
10000	10000	0.021284	0.06	1	0.18371	1.096	0.84444	0.13206	2.4249	15	0.84444	0.13206	2.4249	15	0.84444	0.13206	2.4249	15	0.84444	0.13206	2.4249	15	0	0.69158	0.10816	1.9859	12.285	0.69158	0.10816	1.9859	12.285	0.69158	0.10816	1.9859	12.285	0.69158	0.10816	1.9859	12.285	0	0.25342	0.25342	0.25342	0.25342	0.25342	0.25342	0.25342	0.25342	0.25342	0.25342	0.25342	0.25342	0.25342	0.25342	0.25342	0.25342	0.25342
10000	10000	0.0059127	0.020625	1	0.65111	0.68392	0.99999	0.10708	3.3333	15	0.99999	0.10708	3.3333	15	0.99999	0.10708	3.3333	15	0.99999	0.10708	3.3333	15	0	0.51466	0.055109	1.7156	7.72	0.51466	0.055109	1.7156	7.72	0.51466	0.055109	1.7156	7.72	0.51466	0.055109	1.7156	7.72	0	0.2	0.2	0.2	0.2	0.2	0.2	0.2	0.2	0.2	0.2	0.2	0.2	0.2	0.2	0.2	0.2	0.2
10000	10000	0.015503	0.01	1	0.38346	0.91875	1.0471	0.18897	2.2448	16.056	1.0471	0.18897	2.2448	16.056	1.0471	0.18897	2.2448	16.056	1.0471	0.18897	2.2448	16.056	0	0.70346	0.12695	1.5081	10.786	0.70346	0.12695	1.5081	10.786	0.70346	0.12695	1.5081	10.786	0.70346	0.12695	1.5081	10.786	0	0.11111	0.11111	0.11111	0.11111	0.11111	0.11111	0.11111	0.11111	0.11111	0.11111	0.11111	0.11111	0.11111	0.11111	0.11111	0.11111	0.11111
10000	10000	0.015	0.02	1	0.5	0.8	1	0.3	3.5	10	1	0.3	3.5	10	1	0.3	3.5	10	1	0.3	3.5	10	0	1.1275	0.33824	3.9461	11.275	1.1275	0.33824	3.9461	11.275	1.1275	0.33824	3.9461	11.275	1.1275	0.33824	3.9461	11.275	0	0.2	0.2	0.2	0.2	0.2	0.2	0.2	0.2	0.2	0.2	0.2	0.2	0.2	0.2	0.2	0.2	0.2
10000	10000	0.013107	0.020356	1	0.52841	0.72586	0.98503	0.29027	2.6662	15.317	0.98503	0.29027	2.6662	15.317	0.98503	0.29027	2.6662	15.317	0.98503	0.29027	2.6662	15.317	0	1.0046	0.29602	2.719	15.621	1.0046	0.29602	2.719	15.621	1.0046	0.29602	2.719	15.621	1.0046	0.29602	2.719	15.621	0	0.18923	0.18923	0.18923	0.18923	0.18923	0.18923	0.18923	0.18923	0.18923	0.18923	0.18923	0.18923	0.18923	0.18923	0.18923	0.18923	0.18923
10000	10000	0.005	0.023333	1	0.45381	0.67796	0.99088	0.3	2.5	15	0.99088	0.3	2.5	15	0.99088	0.3	2.5	15	0.99088	0.3	2.5	15	0	1.5286	0.46278	3.8565	23.139	1.5286	0.46278	3.8565	23.139	1.5286	0.46278	3.8565	23.139	1.5286	0.46278	3.8565	23.139	0	0.30347	0.30347	0.30347	0.30347	0.30347	0.30347	0.30347	0.30347	0.30347	0.30347	0.30347	0.30347	0.30347	0.30347	0.30347	0.30347	0.30347
10000	10000	0.1586	0.04	1	0.5	0.4264	1	0.23451	2.5	15	1	0.23451	2.5	15	1	0.23451	2.5	15	1	0.23451	2.5	15	0	1	0.23451	2.5	15	1	0.23451	2.5	15	1	0.23451	2.5	15	1	0.23451	2.5	15	0	0.13002	0.13002	0.13002	0.13002	0.13002	0.13002	0.13002	0.13002	0.13002	0.13002	0.13002	0.13002	0.13002	0.13002	0.13002	0.13002	0.13002
10000	10000	0.039873	0.020067	1	0.56369	0.33926	0.803	0.30217	2.5058	14.973	0.803	0.30217	2.5058	14.973	0.803	0.30217	2.5058	14.973	0.803	0.30217	2.5058	14.973	0	0.80065	0.30128	2.4985	14.93	0.80065	0.30128	2.4985	14.93	0.80065	0.30128	2.4985	14.93	0.80065	0.30128	2.4985	14.93	0	0.20084	0.20084	0.20084	0.20084	0.20084	0.20084	0.20084	0.20084	0.20084	0.20084	0.20084	0.20084	0.20084	0.20084	0.20084	0.20084	0.20084
10000	10000	0.014654	0.01	1	0.5	-0.56539	2	0.4	3	15	2	0.4	3	15	2	0.4	3	15	2	0.4	3	15	0	1.0708	0.21416	1.6062	8.0308	1.0708	0.21416	1.6062	8.0308	1.0708	0.21416	1.6062	8.0308	1.0708	0.21416	1.6062	8.0308	0	0.6	0.6	0.6	0.6	0.6	0.6	0.6	0.6	0.6	0.6	0.6	0.6	0.6	0.6	0.6	0.6	0.6
10000	10000	0.44079	0.13759	1	0.27194	-0.060744	1.6989	0.81879	2.6025	8.011	1.6989	0.81879	2.6025	8.011	1.6989	0.81879	2.6025	8.011	1.6989	0.81879	2.6025	8.011	0	0.42473	0.2047	0.65063	2.0027	0.42473	0.2047	0.65063	2.0027	0.42473	0.2047	0.65063	2.0027	0.42473	0.2047	0.65063	2.0027	0	0.078557	0.078557	0.078557	0.078557	0.078557	0.078557	0.078557	0.078557	0.078557	0.078557	0.078557	0.078557	0.078557	0.078557	0.078557	0.078557	0.078557
10000	10000	0.013333	0.02	1	1.2111e-05	-0.18287	1.352	0.092197	2.5	20	1.352	0.092197	2.5	20	1.352	0.092197	2.5	20	1.352	0.092197	2.5	20	0	0.33799	0.023049	0.625	5	0.33799	0.023049	0.625	5	0.33799	0.023049	0.625	5	0.33799	0.023049	0.625	5	0	0.3	0.3	0.3	0.3	0.3	0.3	0.3	0.3	0.3	0.3	0.3	0.3	0.3	0.3	0.3	0.3	0.3
10000	10000	0.0027593	0.03	1	0.53012	0.4	1.639	0.4	2.5	15	1.639	0.4	2.5	15	1.639	0.4	2.5	15	1.639	0.4	2.5	15	0	0.63151	0.15412	0.96325	5.7795	0.63151	0.15412	0.96325	5.7795	0.63151	0.15412	0.96325	5.7795	0.63151	0.15412	0.96325	5.7795	0	0.41508	0.41508	0.41508	0.41508	0.41508	0.41508	0.41508	0.41508	0.41508	0.41508	0.41508	0.41508	0.41508	0.41508	0.41508	0.41508	0.41508
10000	10000	0.0043506	0.01	1	1.1354e-05	0.041976	1.5625	0.66563	1.7344	14.864	1.5625	0.66563	1.7344	14.864	1.5625	0.66563	1.7344	14.864	1.5625	0.66563	1.7344	14.864	0	0.39062	0.16641	0.43359	3.7161	0.39062	0.16641	0.43359	3.7161	0.39062	0.16641	0.43359	3.7161	0.39062	0.16641	0.43359	3.7161	0	0.59831	0.59831	0.59831	0.59831	0.59831	0.59831	0.59831	0.59831	0.59831	0.59831	0.59831	0.59831	0.59831	0.59831	0.59831	0.59831	0.59831
10000	10000	0.001	0.02	1	0.5	0.8	1	0.3	2.5	15	1	0.3	2.5	15	1	0.3	2.5	15	1	0.3	2.5	15	0	0.25	0.075	0.625	3.75	0.25	0.075	0.625	3.75	0.25	0.075	0.625	3.75	0.25	0.075	0.625	3.75	0	0.2	0.2	0.2	0.2	0.2	0.2	0.2	0.2	0.2	0.2	0.2	0.2	0.2	0.2	0.2	0.2	0.2
10000	10000	0.011263	0.02376	1	0.51574	0.6961	0.96474	0.63788	2.9127	15.333	0.96474	0.63788	2.9127	15.333	0.96474	0.63788	2.9127	15.333	0.96474	0.63788	2.9127	15.333	0	0.24119	0.15947	0.72817	3.8333	0.24119	0.15947	0.72817	3.8333	0.24119	0.15947	0.72817	3.8333	0.24119	0.15947	0.72817	3.8333	0	0	0	0	0	0	0	0	0	0	0	0	0	0	0	0	0	0
10000	10000	0.0058333	0.127	1	1.2111e-05	0.44753	1	0.3	2.5	15	1	0.3	2.5	15	1	0.3	2.5	15	1	0.3	2.5	15	0	0.5	0.15	1.25	7.5	0.5	0.15	1.25	7.5	0.5	0.15	1.25	7.5	0.5	0.15	1.25	7.5	0	0.33193	0.33193	0.33193	0.33193	0.33193	0.33193	0.33193	0.33193	0.33193	0.33193	0.33193	0.33193	0.33193	0.33193	0.33193	0.33193	0.33193
10000	10000	0.02	0.021589	1	0.5	0.4	1	0.6	3.3333	20	1	0.6	3.3333	20	1	0.6	3.3333	20	1	0.6	3.3333	20	0	0.31521	0.18912	1.0507	6.3042	0.31521	0.18912	1.0507	6.3042	0.31521	0.18912	1.0507	6.3042	0.31521	0.18912	1.0507	6.3042	0	0	0	0	0	0	0	0	0	0	0	0	0	0	0	0	0	0
10000	10000	0.001	0.03	1	0.41667	0.4	1.0896	0.3	2.5	15	1.0896	0.3	2.5	15	1.0896	0.3	2.5	15	1.0896	0.3	2.5	15	0	0.44311	0.122	1.0167	6.1002	0.44311	0.122	1.0167	6.1002	0.44311	0.122	1.0167	6.1002	0.44311	0.122	1.0167	6.1002	0	0.3	0.3	0.3	0.3	0.3	0.3	0.3	0.3	0.3	0.3	0.3	0.3	0.3	0.3	0.3	0.3	0.3
10000	10000	0.013667	0.01	1	0.45678	0.8	1	0.3	2.6869	15	1	0.3	2.6869	15	1	0.3	2.6869	15	1	0.3	2.6869	15	0	0.97141	0.29143	2.6101	14.571	0.97141	0.29143	2.6101	14.571	0.97141	0.29143	2.6101	14.571	0.97141	0.29143	2.6101	14.571	0	0.29679	0.29679	0.29679	0.29679	0.29679	0.29679	0.29679	0.29679	0.29679	0.29679	0.29679	0.29679	0.29679	0.29679	0.29679	0.29679	0.29679
10000	10000	0.01	0.02	1	0.5	0.8	0.8	0.3	2.5	15	0.8	0.3	2.5	15	0.8	0.3	2.5	15	0.8	0.3	2.5	15	0	0.4	0.15	1.25	7.5	0.4	0.15	1.25	7.5	0.4	0.15	1.25	7.5	0.4	0.15	1.25	7.5	0	0.15376	0.15376	0.15376	0.15376	0.15376	0.15376	0.15376	0.15376	0.15376	0.15376	0.15376	0.15376	0.15376	0.15376	0.15376	0.15376	0.15376
10000	10000	0.005006	0.01	1	0.38925	0.79948	0.84451	0.40049	2.5008	14.994	0.84451	0.40049	2.5008	14.994	0.84451	0.40049	2.5008	14.994	0.84451	0.40049	2.5008	14.994	0	0.70775	0.33564	2.0959	12.566	0.70775	0.33564	2.0959	12.566	0.70775	0.33564	2.0959	12.566	0.70775	0.33564	2.0959	12.566	0	0.2003	0.2003	0.2003	0.2003	0.2003	0.2003	0.2003	0.2003	0.2003	0.2003	0.2003	0.2003	0.2003	0.2003	0.2003	0.2003	0.2003
10000	10000	0.023562	0.019604	1	0.77112	0.8	1	0.23238	2.6987	20	1	0.23238	2.6987	20	1	0.23238	2.6987	20	1	0.23238	2.6987	20	0	0.95519	0.22197	2.5778	19.104	0.95519	0.22197	2.5778	19.104	0.95519	0.22197	2.5778	19.104	0.95519	0.22197	2.5778	19.104	0	0.28612	0.28612	0.28612	0.28612	0.28612	0.28612	0.28612	0.28612	0.28612	0.28612	0.28612	0.28612	0.28612	0.28612	0.28612	0.28612	0.28612
10000	10000	0.005	0.01686	1	0.43426	1.6	1	0.6	1.9781	15	1	0.6	1.9781	15	1	0.6	1.9781	15	1	0.6	1.9781	15	0	1	0.6	1.9781	15	1	0.6	1.9781	15	1	0.6	1.9781	15	1	0.6	1.9781	15	0	0.20986	0.20986	0.20986	0.20986	0.20986	0.20986	0.20986	0.20986	0.20986	0.20986	0.20986	0.20986	0.20986	0.20986	0.20986	0.20986	0.20986
10000	10000	0.021579	0.027398	1	0.43095	0.93761	0.9259	0.34817	2.6297	15.593	0.9259	0.34817	2.6297	15.593	0.9259	0.34817	2.6297	15.593	0.9259	0.34817	2.6297	15.593	0	0.57121	0.21479	1.6223	9.6196	0.57121	0.21479	1.6223	9.6196	0.57121	0.21479	1.6223	9.6196	0.57121	0.21479	1.6223	9.6196	0	0.18964	0.18964	0.18964	0.18964	0.18964	0.18964	0.18964	0.18964	0.18964	0.18964	0.18964	0.18964	0.18964	0.18964	0.18964	0.18964	0.18964
10000	10000	0.04	0.01	1	0.25	1	1	-6.0554e-06	3.7009	20	1	-6.0554e-06	3.7009	20	1	-6.0554e-06	3.7009	20	1	-6.0554e-06	3.7009	20	0	0.5	-3.0277e-06	1.8504	9.9999	0.5	-3.0277e-06	1.8504	9.9999	0.5	-3.0277e-06	1.8504	9.9999	0.5	-3.0277e-06	1.8504	9.9999	0	0.3	0.3	0.3	0.3	0.3	0.3	0.3	0.3	0.3	0.3	0.3	0.3	0.3	0.3	0.3	0.3	0.3
10000	10000	0.55027	0.040543	1	0.56731	0.59015	0.78075	0.34979	3.3496	15.056	0.78075	0.34979	3.3496	15.056	0.78075	0.34979	3.3496	15.056	0.78075	0.34979	3.3496	15.056	0	0.39391	0.17648	1.69	7.5961	0.39391	0.17648	1.69	7.5961	0.39391	0.17648	1.69	7.5961	0.39391	0.17648	1.69	7.5961	0	0.15237	0.15237	0.15237	0.15237	0.15237	0.15237	0.15237	0.15237	0.15237	0.15237	0.15237	0.15237	0.15237	0.15237	0.15237	0.15237	0.15237
10000	10000	0.0263	0.023333	1	0.41667	0.4	0.8	0.17325	3.3333	15	0.8	0.17325	3.3333	15	0.8	0.17325	3.3333	15	0.8	0.17325	3.3333	15	0	0.36667	0.079406	1.5278	6.875	0.36667	0.079406	1.5278	6.875	0.36667	0.079406	1.5278	6.875	0.36667	0.079406	1.5278	6.875	0	0.1	0.1	0.1	0.1	0.1	0.1	0.1	0.1	0.1	0.1	0.1	0.1	0.1	0.1	0.1	0.1	0.1
10000	10000	0.0077298	0.02	1	0.34899	0.8	1	0.3	2.5	15	1	0.3	2.5	15	1	0.3	2.5	15	1	0.3	2.5	15	0	0.5	0.15	1.25	7.5	0.5	0.15	1.25	7.5	0.5	0.15	1.25	7.5	0.5	0.15	1.25	7.5	0	0.1	0.1	0.1	0.1	0.1	0.1	0.1	0.1	0.1	0.1	0.1	0.1	0.1	0.1	0.1	0.1	0.1
10000	10000	0.0099999	0.01	1	0.24887	1.4601	0.99999	0.3	2.5	30	0.99999	0.3	2.5	30	0.99999	0.3	2.5	30	0.99999	0.3	2.5	30	0	0.5	0.15	1.25	15	0.5	0.15	1.25	15	0.5	0.15	1.25	15	0.5	0.15	1.25	15	0	0	0	0	0	0	0	0	0	0	0	0	0	0	0	0	0	0
10000	10000	0.018944	0.017988	1	0.27319	1.0667	0.88889	0	3.3333	20.01	0.88889	0	3.3333	20.01	0.88889	0	3.3333	20.01	0.88889	0	3.3333	20.01	0	0.33333	0	1.25	7.5039	0.33333	0	1.25	7.5039	0.33333	0	1.25	7.5039	0.33333	0	1.25	7.5039	0	0	0	0	0	0	0	0	0	0	0	0	0	0	0	0	0	0
10000	10000	0.010923	0.023333	1	3.9872e-06	1.1526	1.0249	0.14185	2.4995	17.635	1.0249	0.14185	2.4995	17.635	1.0249	0.14185	2.4995	17.635	1.0249	0.14185	2.4995	17.635	0	0.43854	0.060696	1.0695	7.5457	0.43854	0.060696	1.0695	7.5457	0.43854	0.060696	1.0695	7.5457	0.43854	0.060696	1.0695	7.5457	0	0	0	0	0	0	0	0	0	0	0	0	0	0	0	0	0	0
10000	10000	0.0054953	0.020005	1	6.0555e-06	5.3402	-0.62329	0.32788	3.3588	49.684	-0.62329	0.32788	3.3588	49.684	-0.62329	0.32788	3.3588	49.684	-0.62329	0.32788	3.3588	49.684	0	-0.28398	0.14938	1.5303	22.636	-0.28398	0.14938	1.5303	22.636	-0.28398	0.14938	1.5303	22.636	-0.28398	0.14938	1.5303	22.636	0	0.20629	0.20629	0.20629	0.20629	0.20629	0.20629	0.20629	0.20629	0.20629	0.20629	0.20629	0.20629	0.20629	0.20629	0.20629	0.20629	0.20629
10000	10000	0.005	0.02	1	0.5	0.8	1.5	0.3	2.5	15	1.5	0.3	2.5	15	1.5	0.3	2.5	15	1.5	0.3	2.5	15	0	0.75	0.15	1.25	7.5	0.75	0.15	1.25	7.5	0.75	0.15	1.25	7.5	0.75	0.15	1.25	7.5	0	0	0	0	0	0	0	0	0	0	0	0	0	0	0	0	0	0
10000	10000	0.14503	0.019843	1	4.4873e-07	0.51186	0.95557	0.39999	1.9856	25.953	0.95557	0.39999	1.9856	25.953	0.95557	0.39999	1.9856	25.953	0.95557	0.39999	1.9856	25.953	0	0.2964	0.12407	0.61589	8.0503	0.2964	0.12407	0.61589	8.0503	0.2964	0.12407	0.61589	8.0503	0.2964	0.12407	0.61589	8.0503	0	0.34147	0.34147	0.34147	0.34147	0.34147	0.34147	0.34147	0.34147	0.34147	0.34147	0.34147	0.34147	0.34147	0.34147	0.34147	0.34147	0.34147
10000	10000	0.047768	0.030001	1	0.49998	0.53331	0.99997	0.31748	2.4999	30	0.99997	0.31748	2.4999	30	0.99997	0.31748	2.4999	30	0.99997	0.31748	2.4999	30	0	0.24999	0.07937	0.62499	7.4999	0.24999	0.07937	0.62499	7.4999	0.24999	0.07937	0.62499	7.4999	0.24999	0.07937	0.62499	7.4999	0	0.30002	0.30002	0.30002	0.30002	0.30002	0.30002	0.30002	0.30002	0.30002	0.30002	0.30002	0.30002	0.30002	0.30002	0.30002	0.30002	0.30002
10000	10000	0.12	0.018383	1	0	0.60242	1.3333	0.3	2.5	15	1.3333	0.3	2.5	15	1.3333	0.3	2.5	15	1.3333	0.3	2.5	15	0	0.33333	0.075	0.625	3.75	0.33333	0.075	0.625	3.75	0.33333	0.075	0.625	3.75	0.33333	0.075	0.625	3.75	0	0.075	0.075	0.075	0.075	0.075	0.075	0.075	0.075	0.075	0.075	0.075	0.075	0.075	0.075	0.075	0.075	0.075
10000	10000	0.042241	0.019578	1	0	0.58558	0.97127	0.35731	2.4497	14.77	0.97127	0.35731	2.4497	14.77	0.97127	0.35731	2.4497	14.77	0.97127	0.35731	2.4497	14.77	0	0.49959	0.18379	1.2601	7.5973	0.49959	0.18379	1.2601	7.5973	0.49959	0.18379	1.2601	7.5973	0.49959	0.18379	1.2601	7.5973	0	0.35026	0.35026	0.35026	0.35026	0.35026	0.35026	0.35026	0.35026	0.35026	0.35026	0.35026	0.35026	0.35026	0.35026	0.35026	0.35026	0.35026
10000	10000	0.0053567	0.23066	1	1.2111e-05	0.76329	1.1111	0.24168	2.7778	13.333	1.1111	0.24168	2.7778	13.333	1.1111	0.24168	2.7778	13.333	1.1111	0.24168	2.7778	13.333	0	0.44169	0.096074	1.1042	5.3003	0.44169	0.096074	1.1042	5.3003	0.44169	0.096074	1.1042	5.3003	0.44169	0.096074	1.1042	5.3003	0	0.31667	0.31667	0.31667	0.31667	0.31667	0.31667	0.31667	0.31667	0.31667	0.31667	0.31667	0.31667	0.31667	0.31667	0.31667	0.31667	0.31667
10000	10000	0.001	0.03	1	0	0.4	0.42403	0.5	1.5	15	0.42403	0.5	1.5	15	0.42403	0.5	1.5	15	0.42403	0.5	1.5	15	0	0.10601	0.125	0.375	3.75	0.10601	0.125	0.375	3.75	0.10601	0.125	0.375	3.75	0.10601	0.125	0.375	3.75	0	0.34042	0.34042	0.34042	0.34042	0.34042	0.34042	0.34042	0.34042	0.34042	0.34042	0.34042	0.34042	0.34042	0.34042	0.34042	0.34042	0.34042
10000	10000	0.004039	0.040963	1	6.6154e-06	0.49032	0.98854	0.40595	2.0842	15.327	0.98854	0.40595	2.0842	15.327	0.98854	0.40595	2.0842	15.327	0.98854	0.40595	2.0842	15.327	0	0.34617	0.14216	0.72987	5.3675	0.34617	0.14216	0.72987	5.3675	0.34617	0.14216	0.72987	5.3675	0.34617	0.14216	0.72987	5.3675	0	0.29764	0.29764	0.29764	0.29764	0.29764	0.29764	0.29764	0.29764	0.29764	0.29764	0.29764	0.29764	0.29764	0.29764	0.29764	0.29764	0.29764
10000	10000	0.001	0.029328	1	1.1704e-05	0.5316	0.56408	0.30573	2.1905	16.856	0.56408	0.30573	2.1905	16.856	0.56408	0.30573	2.1905	16.856	0.56408	0.30573	2.1905	16.856	0	0.17341	0.093988	0.67342	5.182	0.17341	0.093988	0.67342	5.182	0.17341	0.093988	0.67342	5.182	0.17341	0.093988	0.67342	5.182	0	0.32252	0.32252	0.32252	0.32252	0.32252	0.32252	0.32252	0.32252	0.32252	0.32252	0.32252	0.32252	0.32252	0.32252	0.32252	0.32252	0.32252
10000	10000	0.001	0.01	1	1.5166e-05	0.44429	1.1272	0.37981	2.7149	13.982	1.1272	0.37981	2.7149	13.982	1.1272	0.37981	2.7149	13.982	1.1272	0.37981	2.7149	13.982	0	0.2818	0.094953	0.67872	3.4956	0.2818	0.094953	0.67872	3.4956	0.2818	0.094953	0.67872	3.4956	0.2818	0.094953	0.67872	3.4956	0	0.28249	0.28249	0.28249	0.28249	0.28249	0.28249	0.28249	0.28249	0.28249	0.28249	0.28249	0.28249	0.28249	0.28249	0.28249	0.28249	0.28249
10000	10000	0.0012963	0.029998	1	1.2111e-05	0.41199	0.44334	0.5333	2.5001	35.422	0.44334	0.5333	2.5001	35.422	0.44334	0.5333	2.5001	35.422	0.44334	0.5333	2.5001	35.422	0	0.11084	0.13332	0.62502	8.8555	0.11084	0.13332	0.62502	8.8555	0.11084	0.13332	0.62502	8.8555	0.11084	0.13332	0.62502	8.8555	0	0.30002	0.30002	0.30002	0.30002	0.30002	0.30002	0.30002	0.30002	0.30002	0.30002	0.30002	0.30002	0.30002	0.30002	0.30002	0.30002	0.30002
10000	10000	0.011319	0.01	1	0.36648	1.4113	1.2107	0.28159	3.7286	23.014	1.2107	0.28159	3.7286	23.014	1.2107	0.28159	3.7286	23.014	1.2107	0.28159	3.7286	23.014	0	0.93368	0.21716	2.8755	17.748	0.93368	0.21716	2.8755	17.748	0.93368	0.21716	2.8755	17.748	0.93368	0.21716	2.8755	17.748	0	0.19554	0.19554	0.19554	0.19554	0.19554	0.19554	0.19554	0.19554	0.19554	0.19554	0.19554	0.19554	0.19554	0.19554	0.19554	0.19554	0.19554
10000	10000	0.0051241	0.017705	1	0.31827	1	0.79014	0.66667	3.0116	34.227	0.79014	0.66667	3.0116	34.227	0.79014	0.66667	3.0116	34.227	0.79014	0.66667	3.0116	34.227	0	0.79014	0.66667	3.0116	34.227	0.79014	0.66667	3.0116	34.227	0.79014	0.66667	3.0116	34.227	0.79014	0.66667	3.0116	34.227	0	0.125	0.125	0.125	0.125	0.125	0.125	0.125	0.125	0.125	0.125	0.125	0.125	0.125	0.125	0.125	0.125	0.125
10000	10000	0.028577	0.018684	1	0.3097	1.1313	0.74626	0.50249	3.2571	20.786	0.74626	0.50249	3.2571	20.786	0.74626	0.50249	3.2571	20.786	0.74626	0.50249	3.2571	20.786	0	0.53641	0.36119	2.3412	14.941	0.53641	0.36119	2.3412	14.941	0.53641	0.36119	2.3412	14.941	0.53641	0.36119	2.3412	14.941	0	0.14257	0.14257	0.14257	0.14257	0.14257	0.14257	0.14257	0.14257	0.14257	0.14257	0.14257	0.14257	0.14257	0.14257	0.14257	0.14257	0.14257
10000	10000	0.0078048	0.014501	1	0.38121	0.89268	0.89443	0.29717	4.4342	9.8948	0.89443	0.29717	4.4342	9.8948	0.89443	0.29717	4.4342	9.8948	0.89443	0.29717	4.4342	9.8948	0	0.74935	0.24896	3.7149	8.2898	0.74935	0.24896	3.7149	8.2898	0.74935	0.24896	3.7149	8.2898	0.74935	0.24896	3.7149	8.2898	0	0.13192	0.13192	0.13192	0.13192	0.13192	0.13192	0.13192	0.13192	0.13192	0.13192	0.13192	0.13192	0.13192	0.13192	0.13192	0.13192	0.13192
10000	10000	0.0050616	0.024921	1	0.26494	1.2861	1.0364	0.65105	3.4451	14.709	1.0364	0.65105	3.4451	14.709	1.0364	0.65105	3.4451	14.709	1.0364	0.65105	3.4451	14.709	0	0.61941	0.38911	2.059	8.7912	0.61941	0.38911	2.059	8.7912	0.61941	0.38911	2.059	8.7912	0.61941	0.38911	2.059	8.7912	0	0.17836	0.17836	0.17836	0.17836	0.17836	0.17836	0.17836	0.17836	0.17836	0.17836	0.17836	0.17836	0.17836	0.17836	0.17836	0.17836	0.17836
10000	10000	0.0077151	0.03	1	0.43313	1.156	0.85522	0.3	2.5	15	0.85522	0.3	2.5	15	0.85522	0.3	2.5	15	0.85522	0.3	2.5	15	0	0.81215	0.28489	2.3741	14.244	0.81215	0.28489	2.3741	14.244	0.81215	0.28489	2.3741	14.244	0.81215	0.28489	2.3741	14.244	0	0.19171	0.19171	0.19171	0.19171	0.19171	0.19171	0.19171	0.19171	0.19171	0.19171	0.19171	0.19171	0.19171	0.19171	0.19171	0.19171	0.19171
10000	10000	0.0048707	0.018618	1	0.38919	2.9858	0.82909	0.24713	3.0687	14.971	0.82909	0.24713	3.0687	14.971	0.82909	0.24713	3.0687	14.971	0.82909	0.24713	3.0687	14.971	0	0.51686	0.15406	1.9131	9.333	0.51686	0.15406	1.9131	9.333	0.51686	0.15406	1.9131	9.333	0.51686	0.15406	1.9131	9.333	0	0.18705	0.18705	0.18705	0.18705	0.18705	0.18705	0.18705	0.18705	0.18705	0.18705	0.18705	0.18705	0.18705	0.18705	0.18705	0.18705	0.18705
10000	10000	0.016638	0.01	1	0.5	2.499	1	0.5	3.5	20	1	0.5	3.5	20	1	0.5	3.5	20	1	0.5	3.5	20	0	1	0.5	3.5	20	1	0.5	3.5	20	1	0.5	3.5	20	1	0.5	3.5	20	0	0.2	0.2	0.2	0.2	0.2	0.2	0.2	0.2	0.2	0.2	0.2	0.2	0.2	0.2	0.2	0.2	0.2
10000	10000	0.0065502	0.01	1	0.44404	2.154	0.996	1.4644	3.3034	14.325	0.996	1.4644	3.3034	14.325	0.996	1.4644	3.3034	14.325	0.996	1.4644	3.3034	14.325	0	0.91984	1.3524	3.0508	13.23	0.91984	1.3524	3.0508	13.23	0.91984	1.3524	3.0508	13.23	0.91984	1.3524	3.0508	13.23	0	0.24762	0.24762	0.24762	0.24762	0.24762	0.24762	0.24762	0.24762	0.24762	0.24762	0.24762	0.24762	0.24762	0.24762	0.24762	0.24762	0.24762
10000	10000	0.003916	0.01	1	0.39855	1.7906	1.0696	0.38723	2.9986	18.577	1.0696	0.38723	2.9986	18.577	1.0696	0.38723	2.9986	18.577	1.0696	0.38723	2.9986	18.577	0	0.9584	0.34697	2.6868	16.645	0.9584	0.34697	2.6868	16.645	0.9584	0.34697	2.6868	16.645	0.9584	0.34697	2.6868	16.645	0	0.17414	0.17414	0.17414	0.17414	0.17414	0.17414	0.17414	0.17414	0.17414	0.17414	0.17414	0.17414	0.17414	0.17414	0.17414	0.17414	0.17414
10000	10000	0.042942	0.020307	1	0.47324	0.52258	1.0154	0.42623	4.6321	14.677	1.0154	0.42623	4.6321	14.677	1.0154	0.42623	4.6321	14.677	1.0154	0.42623	4.6321	14.677	0	0.85015	0.35687	3.8783	12.289	0.85015	0.35687	3.8783	12.289	0.85015	0.35687	3.8783	12.289	0.85015	0.35687	3.8783	12.289	0	0.19518	0.19518	0.19518	0.19518	0.19518	0.19518	0.19518	0.19518	0.19518	0.19518	0.19518	0.19518	0.19518	0.19518	0.19518	0.19518	0.19518
10000	10000	0.013963	0.024148	1	0.5	0.8	1	0.6	4.6667	10	1	0.6	4.6667	10	1	0.6	4.6667	10	1	0.6	4.6667	10	0	1	0.6	4.6667	10	1	0.6	4.6667	10	1	0.6	4.6667	10	1	0.6	4.6667	10	0	0.28333	0.28333	0.28333	0.28333	0.28333	0.28333	0.28333	0.28333	0.28333	0.28333	0.28333	0.28333	0.28333	0.28333	0.28333	0.28333	0.28333
10000	10000	0.01	0.01	1	0.34377	0.8	0.7025	0	7	20	0.7025	0	7	20	0.7025	0	7	20	0.7025	0	7	20	0	0.7025	0	7	20	0.7025	0	7	20	0.7025	0	7	20	0.7025	0	7	20	0	0.2	0.2	0.2	0.2	0.2	0.2	0.2	0.2	0.2	0.2	0.2	0.2	0.2	0.2	0.2	0.2	0.2
10000	10000	0.010281	0.016918	1	0.5	0.72495	1	0.6	7	20	1	0.6	7	20	1	0.6	7	20	1	0.6	7	20	0	0.99999	0.6	7	20	0.99999	0.6	7	20	0.99999	0.6	7	20	0.99999	0.6	7	20	0	0.29444	0.29444	0.29444	0.29444	0.29444	0.29444	0.29444	0.29444	0.29444	0.29444	0.29444	0.29444	0.29444	0.29444	0.29444	0.29444	0.29444
10000	10000	0.0045348	0.01	1	0.45737	0.63211	0.94316	0.33766	5.1018	14.545	0.94316	0.33766	5.1018	14.545	0.94316	0.33766	5.1018	14.545	0.94316	0.33766	5.1018	14.545	0	0.96788	0.3465	5.2355	14.926	0.96788	0.3465	5.2355	14.926	0.96788	0.3465	5.2355	14.926	0.96788	0.3465	5.2355	14.926	0	0.22797	0.22797	0.22797	0.22797	0.22797	0.22797	0.22797	0.22797	0.22797	0.22797	0.22797	0.22797	0.22797	0.22797	0.22797	0.22797	0.22797
10000	10000	0.010808	0.01	1	0.41667	1.6	1	0.3	2.5	15	1	0.3	2.5	15	1	0.3	2.5	15	1	0.3	2.5	15	0	0.67785	0.20336	1.6946	10.168	0.67785	0.20336	1.6946	10.168	0.67785	0.20336	1.6946	10.168	0.67785	0.20336	1.6946	10.168	0	0.064249	0.064249	0.064249	0.064249	0.064249	0.064249	0.064249	0.064249	0.064249	0.064249	0.064249	0.064249	0.064249	0.064249	0.064249	0.064249	0.064249
10000	10000	0.02	0.01	1	0.368	1.1063	1	0.4	2.5	21.612	1	0.4	2.5	21.612	1	0.4	2.5	21.612	1	0.4	2.5	21.612	0	0.5443	0.21772	1.3608	11.764	0.5443	0.21772	1.3608	11.764	0.5443	0.21772	1.3608	11.764	0.5443	0.21772	1.3608	11.764	0	0.083333	0.083333	0.083333	0.083333	0.083333	0.083333	0.083333	0.083333	0.083333	0.083333	0.083333	0.083333	0.083333	0.083333	0.083333	0.083333	0.083333
10000	10000	0.014875	0.017436	1	0.5	1.6	1.1195	0.3	3.3333	20.961	1.1195	0.3	3.3333	20.961	1.1195	0.3	3.3333	20.961	1.1195	0.3	3.3333	20.961	0	0.84438	0.22628	2.5142	15.81	0.84438	0.22628	2.5142	15.81	0.84438	0.22628	2.5142	15.81	0.84438	0.22628	2.5142	15.81	0	0.1	0.1	0.1	0.1	0.1	0.1	0.1	0.1	0.1	0.1	0.1	0.1	0.1	0.1	0.1	0.1	0.1
10000	10000	0.01	0.01	1	0.44673	1.2196	1.746	0.4	5.5556	34.415	1.746	0.4	5.5556	34.415	1.746	0.4	5.5556	34.415	1.746	0.4	5.5556	34.415	0	0.92215	0.21126	2.9343	18.177	0.92215	0.21126	2.9343	18.177	0.92215	0.21126	2.9343	18.177	0.92215	0.21126	2.9343	18.177	0	0.21111	0.21111	0.21111	0.21111	0.21111	0.21111	0.21111	0.21111	0.21111	0.21111	0.21111	0.21111	0.21111	0.21111	0.21111	0.21111	0.21111
10000	10000	0.010369	0.02387	1	0.43172	1.0806	0.74104	0.28817	2.4647	15.164	0.74104	0.28817	2.4647	15.164	0.74104	0.28817	2.4647	15.164	0.74104	0.28817	2.4647	15.164	0	0.66768	0.25964	2.2207	13.663	0.66768	0.25964	2.2207	13.663	0.66768	0.25964	2.2207	13.663	0.66768	0.25964	2.2207	13.663	0	0.11107	0.11107	0.11107	0.11107	0.11107	0.11107	0.11107	0.11107	0.11107	0.11107	0.11107	0.11107	0.11107	0.11107	0.11107	0.11107	0.11107
10000	10000	0.01	0.02	1	0.5	0.8	1	0.3	2.5	15	1	0.3	2.5	15	1	0.3	2.5	15	1	0.3	2.5	15	0	1	0.3	2.5	15	1	0.3	2.5	15	1	0.3	2.5	15	1	0.3	2.5	15	0	0.2	0.2	0.2	0.2	0.2	0.2	0.2	0.2	0.2	0.2	0.2	0.2	0.2	0.2	0.2	0.2	0.2
10000	10000	0.0093563	0.023333	1	0.52778	0.8	1.0506	0.6	2.8299	20	1.0506	0.6	2.8299	20	1.0506	0.6	2.8299	20	1.0506	0.6	2.8299	20	0	1.0506	0.6	2.8299	20	1.0506	0.6	2.8299	20	1.0506	0.6	2.8299	20	1.0506	0.6	2.8299	20	0	0.21184	0.21184	0.21184	0.21184	0.21184	0.21184	0.21184	0.21184	0.21184	0.21184	0.21184	0.21184	0.21184	0.21184	0.21184	0.21184	0.21184
10000	10000	0.005	0.02	1	0.5	0.8	1	0.25381	2.5	15	1	0.25381	2.5	15	1	0.25381	2.5	15	1	0.25381	2.5	15	0	1	0.25381	2.5	15	1	0.25381	2.5	15	1	0.25381	2.5	15	1	0.25381	2.5	15	0	0.2	0.2	0.2	0.2	0.2	0.2	0.2	0.2	0.2	0.2	0.2	0.2	0.2	0.2	0.2	0.2	0.2
10000	10000	0.01	0.02	1	0.5	1.0667	1	0.4	2.5	15	1	0.4	2.5	15	1	0.4	2.5	15	1	0.4	2.5	15	0	1	0.4	2.5	15	1	0.4	2.5	15	1	0.4	2.5	15	1	0.4	2.5	15	0	0.11301	0.11301	0.11301	0.11301	0.11301	0.11301	0.11301	0.11301	0.11301	0.11301	0.11301	0.11301	0.11301	0.11301	0.11301	0.11301	0.11301
10000	10000	0.0048736	0.012963	1	0.441	0.80457	1.0602	0.33914	2.9839	12.914	1.0602	0.33914	2.9839	12.914	1.0602	0.33914	2.9839	12.914	1.0602	0.33914	2.9839	12.914	0	1.0539	0.33714	2.9662	12.838	1.0539	0.33714	2.9662	12.838	1.0539	0.33714	2.9662	12.838	1.0539	0.33714	2.9662	12.838	0	0.23105	0.23105	0.23105	0.23105	0.23105	0.23105	0.23105	0.23105	0.23105	0.23105	0.23105	0.23105	0.23105	0.23105	0.23105	0.23105	0.23105
10000	10000	0.0046499	0.031461	1	0.50027	1.04	1.2441	0.50045	5.0922	70.667	1.2441	0.50045	5.0922	70.667	1.2441	0.50045	5.0922	70.667	1.2441	0.50045	5.0922	70.667	0	0.31102	0.12511	1.2731	17.667	0.31102	0.12511	1.2731	17.667	0.31102	0.12511	1.2731	17.667	0.31102	0.12511	1.2731	17.667	0	0.16667	0.16667	0.16667	0.16667	0.16667	0.16667	0.16667	0.16667	0.16667	0.16667	0.16667	0.16667	0.16667	0.16667	0.16667	0.16667	0.16667
10000	10000	0.004999	0.01	1	0.60403	1.284	2.0584	0.36304	5.0015	33.326	2.0584	0.36304	5.0015	33.326	2.0584	0.36304	5.0015	33.326	2.0584	0.36304	5.0015	33.326	0	0.5146	0.09076	1.2504	8.3316	0.5146	0.09076	1.2504	8.3316	0.5146	0.09076	1.2504	8.3316	0.5146	0.09076	1.2504	8.3316	0	0.21127	0.21127	0.21127	0.21127	0.21127	0.21127	0.21127	0.21127	0.21127	0.21127	0.21127	0.21127	0.21127	0.21127	0.21127	0.21127	0.21127
10000	10000	0.001	0.01	1	0.35683	1	1	0	3.3333	15	1	0	3.3333	15	1	0	3.3333	15	1	0	3.3333	15	0	0.5	0	1.6667	7.5	0.5	0	1.6667	7.5	0.5	0	1.6667	7.5	0.5	0	1.6667	7.5	0	0.23933	0.23933	0.23933	0.23933	0.23933	0.23933	0.23933	0.23933	0.23933	0.23933	0.23933	0.23933	0.23933	0.23933	0.23933	0.23933	0.23933
10000	10000	0.32547	0.01	1	0.125	1.1947	1.5	0.625	5.875	159.91	1.5	0.625	5.875	159.91	1.5	0.625	5.875	159.91	1.5	0.625	5.875	159.91	0	0.375	0.15625	1.4687	39.977	0.375	0.15625	1.4687	39.977	0.375	0.15625	1.4687	39.977	0.375	0.15625	1.4687	39.977	0	0.027049	0.027049	0.027049	0.027049	0.027049	0.027049	0.027049	0.027049	0.027049	0.027049	0.027049	0.027049	0.027049	0.027049	0.027049	0.027049	0.027049
10000	10000	0.32346	0.033333	1	0.53135	1	0.87871	0.66667	3.9469	17.778	0.87871	0.66667	3.9469	17.778	0.87871	0.66667	3.9469	17.778	0.87871	0.66667	3.9469	17.778	0	0.21968	0.16667	0.98672	4.4444	0.21968	0.16667	0.98672	4.4444	0.21968	0.16667	0.98672	4.4444	0.21968	0.16667	0.98672	4.4444	0	0	0	0	0	0	0	0	0	0	0	0	0	0	0	0	0	0
10000	10000	0.04	0.03	1	0.6179	0.14027	0.8	1.3694	3.6937	15	0.8	1.3694	3.6937	15	0.8	1.3694	3.6937	15	0.8	1.3694	3.6937	15	0	0.2	0.34234	0.92341	3.75	0.2	0.34234	0.92341	3.75	0.2	0.34234	0.92341	3.75	0.2	0.34234	0.92341	3.75	0	0.2	0.2	0.2	0.2	0.2	0.2	0.2	0.2	0.2	0.2	0.2	0.2	0.2	0.2	0.2	0.2	0.2
10000	10000	0.0049978	0.029999	1	0.52887	-1.0144	1.0003	0.39982	2.4995	15.002	1.0003	0.39982	2.4995	15.002	1.0003	0.39982	2.4995	15.002	1.0003	0.39982	2.4995	15.002	0	0.96536	0.38587	2.4123	14.479	0.96536	0.38587	2.4123	14.479	0.96536	0.38587	2.4123	14.479	0.96536	0.38587	2.4123	14.479	0	0.30016	0.30016	0.30016	0.30016	0.30016	0.30016	0.30016	0.30016	0.30016	0.30016	0.30016	0.30016	0.30016	0.30016	0.30016	0.30016	0.30016
10000	10000	0.01147	0.03	1	0.5	-0.36461	2.3212	1	5	20	2.3212	1	5	20	2.3212	1	5	20	2.3212	1	5	20	0	0.85405	0.36793	1.8396	7.3586	0.85405	0.36793	1.8396	7.3586	0.85405	0.36793	1.8396	7.3586	0.85405	0.36793	1.8396	7.3586	0	0.286	0.286	0.286	0.286	0.286	0.286	0.286	0.286	0.286	0.286	0.286	0.286	0.286	0.286	0.286	0.286	0.286
10000	10000	0.030985	0.01	1	0.43536	-0.17187	0.89787	0.36604	2.4354	14.636	0.89787	0.36604	2.4354	14.636	0.89787	0.36604	2.4354	14.636	0.89787	0.36604	2.4354	14.636	0	0.87494	0.3567	2.3732	14.262	0.87494	0.3567	2.3732	14.262	0.87494	0.3567	2.3732	14.262	0.87494	0.3567	2.3732	14.262	0	0.38041	0.38041	0.38041	0.38041	0.38041	0.38041	0.38041	0.38041	0.38041	0.38041	0.38041	0.38041	0.38041	0.38041	0.38041	0.38041	0.38041
10000	10000	0.047461	0.01	1	0	-0.31204	1.0957	0.33593	2.3326	15.765	1.0957	0.33593	2.3326	15.765	1.0957	0.33593	2.3326	15.765	1.0957	0.33593	2.3326	15.765	0	0.75043	0.23008	1.5976	10.798	0.75043	0.23008	1.5976	10.798	0.75043	0.23008	1.5976	10.798	0.75043	0.23008	1.5976	10.798	0	0.28096	0.28096	0.28096	0.28096	0.28096	0.28096	0.28096	0.28096	0.28096	0.28096	0.28096	0.28096	0.28096	0.28096	0.28096	0.28096	0.28096
10000	10000	0.01	0.021331	1	1.2111e-05	-0.85141	-1.2955	0.13148	2.5	21.21	-1.2955	0.13148	2.5	21.21	-1.2955	0.13148	2.5	21.21	-1.2955	0.13148	2.5	21.21	0	-0.32388	0.032871	0.62501	5.3027	-0.32388	0.032871	0.62501	5.3027	-0.32388	0.032871	0.62501	5.3027	-0.32388	0.032871	0.62501	5.3027	0	0.3	0.3	0.3	0.3	0.3	0.3	0.3	0.3	0.3	0.3	0.3	0.3	0.3	0.3	0.3	0.3	0.3
10000	10000	0.02	0.022278	1	1.2111e-05	-0.49715	0.25291	0.75564	2.5	30	0.25291	0.75564	2.5	30	0.25291	0.75564	2.5	30	0.25291	0.75564	2.5	30	0	0.12646	0.37782	1.25	15	0.12646	0.37782	1.25	15	0.12646	0.37782	1.25	15	0.12646	0.37782	1.25	15	0	0.2496	0.2496	0.2496	0.2496	0.2496	0.2496	0.2496	0.2496	0.2496	0.2496	0.2496	0.2496	0.2496	0.2496	0.2496	0.2496	0.2496
10000	10000	0.0072864	0.02912	1	1.5848e-06	0.12925	0	1.8751	3.2796	30.53	0	1.8751	3.2796	30.53	0	1.8751	3.2796	30.53	0	1.8751	3.2796	30.53	0	0	1.1528	2.0162	18.769	0	1.1528	2.0162	18.769	0	1.1528	2.0162	18.769	0	1.1528	2.0162	18.769	0	0.3335	0.3335	0.3335	0.3335	0.3335	0.3335	0.3335	0.3335	0.3335	0.3335	0.3335	0.3335	0.3335	0.3335	0.3335	0.3335	0.3335
10000	10000	0.0090378	0.03967	1	1.2168e-05	0.26689	-0.61779	0.92807	2.1309	18.68	-0.61779	0.92807	2.1309	18.68	-0.61779	0.92807	2.1309	18.68	-0.61779	0.92807	2.1309	18.68	0	-1.1347	1.7045	3.9137	34.309	-1.1347	1.7045	3.9137	34.309	-1.1347	1.7045	3.9137	34.309	-1.1347	1.7045	3.9137	34.309	0	0.35525	0.35525	0.35525	0.35525	0.35525	0.35525	0.35525	0.35525	0.35525	0.35525	0.35525	0.35525	0.35525	0.35525	0.35525	0.35525	0.35525
10000	10000	0.0061463	0.020717	1	0	0.063101	-2.6328	0.70301	3.3142	33.729	-2.6328	0.70301	3.3142	33.729	-2.6328	0.70301	3.3142	33.729	-2.6328	0.70301	3.3142	33.729	0	-1.9233	0.51355	2.421	24.64	-1.9233	0.51355	2.421	24.64	-1.9233	0.51355	2.421	24.64	-1.9233	0.51355	2.421	24.64	0	0.31306	0.31306	0.31306	0.31306	0.31306	0.31306	0.31306	0.31306	0.31306	0.31306	0.31306	0.31306	0.31306	0.31306	0.31306	0.31306	0.31306
10000	10000	0.045479	0.019954	1	1.116	0.79585	1.0332	0.28066	3.3023	15.028	1.0332	0.28066	3.3023	15.028	1.0332	0.28066	3.3023	15.028	1.0332	0.28066	3.3023	15.028	0	0.49504	0.13447	1.5822	7.2002	0.49504	0.13447	1.5822	7.2002	0.49504	0.13447	1.5822	7.2002	0.49504	0.13447	1.5822	7.2002	0	0.16507	0.16507	0.16507	0.16507	0.16507	0.16507	0.16507	0.16507	0.16507	0.16507	0.16507	0.16507	0.16507	0.16507	0.16507	0.16507	0.16507
10000	10000	0.06027	0.018371	1	1.348	0.55297	0.75161	0.9975	2.496	30.019	0.75161	0.9975	2.496	30.019	0.75161	0.9975	2.496	30.019	0.75161	0.9975	2.496	30.019	0	0.49986	0.66339	1.66	19.964	0.49986	0.66339	1.66	19.964	0.49986	0.66339	1.66	19.964	0.49986	0.66339	1.66	19.964	0	0	0	0	0	0	0	0	0	0	0	0	0	0	0	0	0	0
10000	10000	0.17392	0.018333	1	0.50419	0.80001	1.2458	0.87074	3.5	30	1.2458	0.87074	3.5	30	1.2458	0.87074	3.5	30	1.2458	0.87074	3.5	30	0	0.6229	0.43537	1.75	15	0.6229	0.43537	1.75	15	0.6229	0.43537	1.75	15	0.6229	0.43537	1.75	15	0	0.25	0.25	0.25	0.25	0.25	0.25	0.25	0.25	0.25	0.25	0.25	0.25	0.25	0.25	0.25	0.25	0.25
10000	10000	0.01218	0.016854	1	0.37495	0.81987	1.0338	0.28565	1.4724	11.807	1.0338	0.28565	1.4724	11.807	1.0338	0.28565	1.4724	11.807	1.0338	0.28565	1.4724	11.807	0	1.0127	0.27983	1.4424	11.566	1.0127	0.27983	1.4424	11.566	1.0127	0.27983	1.4424	11.566	1.0127	0.27983	1.4424	11.566	0	0.19877	0.19877	0.19877	0.19877	0.19877	0.19877	0.19877	0.19877	0.19877	0.19877	0.19877	0.19877	0.19877	0.19877	0.19877	0.19877	0.19877
10000	10000	0.0028397	0.017253	1	0.31367	0.90383	2.1373	0.603	2.7403	9.2447	2.1373	0.603	2.7403	9.2447	2.1373	0.603	2.7403	9.2447	2.1373	0.603	2.7403	9.2447	0	1.9833	0.55954	2.5428	8.5784	1.9833	0.55954	2.5428	8.5784	1.9833	0.55954	2.5428	8.5784	1.9833	0.55954	2.5428	8.5784	0	0.38239	0.38239	0.38239	0.38239	0.38239	0.38239	0.38239	0.38239	0.38239	0.38239	0.38239	0.38239	0.38239	0.38239	0.38239	0.38239	0.38239
10000	10000	0.59389	0.020675	1	0.36945	0.65193	1.0556	0.18125	3.267	15.444	1.0556	0.18125	3.267	15.444	1.0556	0.18125	3.267	15.444	1.0556	0.18125	3.267	15.444	0	0.5571	0.09566	1.7243	8.1512	0.5571	0.09566	1.7243	8.1512	0.5571	0.09566	1.7243	8.1512	0.5571	0.09566	1.7243	8.1512	0	0	0	0	0	0	0	0	0	0	0	0	0	0	0	0	0	0
10000	10000	0.0047541	0.018281	1	0.41554	0.82911	1.3047	0.6029	2.5034	15.025	1.3047	0.6029	2.5034	15.025	1.3047	0.6029	2.5034	15.025	1.3047	0.6029	2.5034	15.025	0	0.61722	0.28522	1.1843	7.1079	0.61722	0.28522	1.1843	7.1079	0.61722	0.28522	1.1843	7.1079	0.61722	0.28522	1.1843	7.1079	0	0.29616	0.29616	0.29616	0.29616	0.29616	0.29616	0.29616	0.29616	0.29616	0.29616	0.29616	0.29616	0.29616	0.29616	0.29616	0.29616	0.29616
10000	10000	0.041693	0.019772	1	0	0.8249	1.5973	0.33516	3.1635	30.761	1.5973	0.33516	3.1635	30.761	1.5973	0.33516	3.1635	30.761	1.5973	0.33516	3.1635	30.761	0	0.76305	0.16011	1.5113	14.695	0.76305	0.16011	1.5113	14.695	0.76305	0.16011	1.5113	14.695	0.76305	0.16011	1.5113	14.695	0	0.11622	0.11622	0.11622	0.11622	0.11622	0.11622	0.11622	0.11622	0.11622	0.11622	0.11622	0.11622	0.11622	0.11622	0.11622	0.11622	0.11622
10000	10000	0.01	0.02	1	4.8971	0.13653	1.5	0.3	3.3333	30	1.5	0.3	3.3333	30	1.5	0.3	3.3333	30	1.5	0.3	3.3333	30	0	0.81126	0.16225	1.8028	16.225	0.81126	0.16225	1.8028	16.225	0.81126	0.16225	1.8028	16.225	0.81126	0.16225	1.8028	16.225	0	0.2	0.2	0.2	0.2	0.2	0.2	0.2	0.2	0.2	0.2	0.2	0.2	0.2	0.2	0.2	0.2	0.2
10000	10000	0.010547	0.02	1	0.5	0.4	1.1655	0.3	2.5	15	1.1655	0.3	2.5	15	1.1655	0.3	2.5	15	1.1655	0.3	2.5	15	0	0.88717	0.22836	1.903	11.418	0.88717	0.22836	1.903	11.418	0.88717	0.22836	1.903	11.418	0.88717	0.22836	1.903	11.418	0	0.3	0.3	0.3	0.3	0.3	0.3	0.3	0.3	0.3	0.3	0.3	0.3	0.3	0.3	0.3	0.3	0.3
