10000	5.5876	0.007046	0.016718	1	1	2.1306	1.0038	0.26229	4.9933	13.835	1.0038	0.26229	4.9933	13.835	1.0038	0.26229	4.9933	13.835	1.0038	0.26229	4.9933	13.835	0	2.0073	0.52449	9.9848	27.665	2.0073	0.52449	9.9848	27.665	2.0073	0.52449	9.9848	27.665	2.0073	0.52449	9.9848	27.665	0	0	0	0	0	0	0	0	0	0	0	0	0	0	0	0	0	0
10000	5.6677	0.001	0.01	1	1	0.62031	1.0994	0.53537	2.674	-28.462	1.0994	0.53537	2.674	-28.462	1.0994	0.53537	2.674	-28.462	1.0994	0.53537	2.674	-28.462	0	1.3773	0.6707	3.35	-35.657	1.3773	0.6707	3.35	-35.657	1.3773	0.6707	3.35	-35.657	1.3773	0.6707	3.35	-35.657	0	0.5931	0.5931	0.5931	0.5931	0.5931	0.5931	0.5931	0.5931	0.5931	0.5931	0.5931	0.5931	0.5931	0.5931	0.5931	0.5931	0.5931
10000	5	0.001	0.02	1	1	0.4	-8	0.3	2.5	15	-8	0.3	2.5	15	-8	0.3	2.5	15	-8	0.3	2.5	15	0	-8	0.3	2.5	15	-8	0.3	2.5	15	-8	0.3	2.5	15	-8	0.3	2.5	15	0	0.2	0.2	0.2	0.2	0.2	0.2	0.2	0.2	0.2	0.2	0.2	0.2	0.2	0.2	0.2	0.2	0.2
10000	6.3293	0.0043605	0.010769	1	1	0.73419	0.53846	0	-5.275	18.692	0.53846	0	-5.275	18.692	0.53846	0	-5.275	18.692	0.53846	0	-5.275	18.692	0	0.41123	0	-4.0287	14.276	0.41123	0	-4.0287	14.276	0.41123	0	-4.0287	14.276	0.41123	0	-4.0287	14.276	0	0.27461	0.27461	0.27461	0.27461	0.27461	0.27461	0.27461	0.27461	0.27461	0.27461	0.27461	0.27461	0.27461	0.27461	0.27461	0.27461	0.27461
10000	3.6215	0.0010688	0.01	1	1	1.8394e-05	1.4043	0.0085586	1.6676	10.062	1.4043	0.0085586	1.6676	10.062	1.4043	0.0085586	1.6676	10.062	1.4043	0.0085586	1.6676	10.062	0	3.4604	0.02109	4.1093	24.795	3.4604	0.02109	4.1093	24.795	3.4604	0.02109	4.1093	24.795	3.4604	0.02109	4.1093	24.795	0	0.6902	0.6902	0.6902	0.6902	0.6902	0.6902	0.6902	0.6902	0.6902	0.6902	0.6902	0.6902	0.6902	0.6902	0.6902	0.6902	0.6902
10000	7	0.99999	0.018961	1	1	0.76	0.71548	1.3938	5	6.9203	0.71548	1.3938	5	6.9203	0.71548	1.3938	5	6.9203	0.71548	1.3938	5	6.9203	0	0.34089	0.6641	2.3823	3.2972	0.34089	0.6641	2.3823	3.2972	0.34089	0.6641	2.3823	3.2972	0.34089	0.6641	2.3823	3.2972	0	0.2	0.2	0.2	0.2	0.2	0.2	0.2	0.2	0.2	0.2	0.2	0.2	0.2	0.2	0.2	0.2	0.2
10000	4.3454	0.001	0.021806	1	1	0.8	0.19268	0.16649	2.5	15	0.19268	0.16649	2.5	15	0.19268	0.16649	2.5	15	0.19268	0.16649	2.5	15	0	0.44958	0.38847	5.8334	35	0.44958	0.38847	5.8334	35	0.44958	0.38847	5.8334	35	0.44958	0.38847	5.8334	35	0	0.2	0.2	0.2	0.2	0.2	0.2	0.2	0.2	0.2	0.2	0.2	0.2	0.2	0.2	0.2	0.2	0.2
10000	6.9369	0.011258	0.020319	1	1	-31.186	0.98403	0.28962	-10.028	15.128	0.98403	0.28962	-10.028	15.128	0.98403	0.28962	-10.028	15.128	0.98403	0.28962	-10.028	15.128	0	1.9897	0.5856	-20.276	30.588	1.9897	0.5856	-20.276	30.588	1.9897	0.5856	-20.276	30.588	1.9897	0.5856	-20.276	30.588	0	0.50856	0.50856	0.50856	0.50856	0.50856	0.50856	0.50856	0.50856	0.50856	0.50856	0.50856	0.50856	0.50856	0.50856	0.50856	0.50856	0.50856
10000	7.0792	0.001	0.01	1	1	0.76497	1.711	-0.19121	1.9657	11.284	1.711	-0.19121	1.9657	11.284	1.711	-0.19121	1.9657	11.284	1.711	-0.19121	1.9657	11.284	0	1.097	-0.12259	1.2603	7.2343	1.097	-0.12259	1.2603	7.2343	1.097	-0.12259	1.2603	7.2343	1.097	-0.12259	1.2603	7.2343	0	0.11001	0.11001	0.11001	0.11001	0.11001	0.11001	0.11001	0.11001	0.11001	0.11001	0.11001	0.11001	0.11001	0.11001	0.11001	0.11001	0.11001
10000	5	0.001	0.02	1	1	0.89179	1	0.12344	2.5	15	1	0.12344	2.5	15	1	0.12344	2.5	15	1	0.12344	2.5	15	0	1.5	0.18515	3.75	22.5	1.5	0.18515	3.75	22.5	1.5	0.18515	3.75	22.5	1.5	0.18515	3.75	22.5	0	0.2	0.2	0.2	0.2	0.2	0.2	0.2	0.2	0.2	0.2	0.2	0.2	0.2	0.2	0.2	0.2	0.2
10000	4.9986	0.010008	0.026596	1	1	-7.2125	-2.335	-1.836	-29.983	15.004	-2.335	-1.836	-29.983	15.004	-2.335	-1.836	-29.983	15.004	-2.335	-1.836	-29.983	15.004	0	-2.1363	-1.6797	-27.431	13.727	-2.1363	-1.6797	-27.431	13.727	-2.1363	-1.6797	-27.431	13.727	-2.1363	-1.6797	-27.431	13.727	0	0.19917	0.19917	0.19917	0.19917	0.19917	0.19917	0.19917	0.19917	0.19917	0.19917	0.19917	0.19917	0.19917	0.19917	0.19917	0.19917	0.19917
10000	9.6667	0.005	0.02	1	1	-1.4122	1	0.43333	2.5	-22.899	1	0.43333	2.5	-22.899	1	0.43333	2.5	-22.899	1	0.43333	2.5	-22.899	0	0.45833	0.19861	1.1458	-10.495	0.45833	0.19861	1.1458	-10.495	0.45833	0.19861	1.1458	-10.495	0.45833	0.19861	1.1458	-10.495	0	0.20876	0.20876	0.20876	0.20876	0.20876	0.20876	0.20876	0.20876	0.20876	0.20876	0.20876	0.20876	0.20876	0.20876	0.20876	0.20876	0.20876
10000	5.6576	0.001	0.016206	1	1	-7.2	1	0	2.5	15	1	0	2.5	15	1	0	2.5	15	1	0	2.5	15	0	1	0	2.5	15	1	0	2.5	15	1	0	2.5	15	1	0	2.5	15	0	0.39986	0.39986	0.39986	0.39986	0.39986	0.39986	0.39986	0.39986	0.39986	0.39986	0.39986	0.39986	0.39986	0.39986	0.39986	0.39986	0.39986
10000	2.3256	0.99999	0.02	1	1	1.0667	1.3333	1.4333	5	20	1.3333	1.4333	5	20	1.3333	1.4333	5	20	1.3333	1.4333	5	20	0	0.9408	1.0114	3.528	14.112	0.9408	1.0114	3.528	14.112	0.9408	1.0114	3.528	14.112	0.9408	1.0114	3.528	14.112	0	0.6	0.6	0.6	0.6	0.6	0.6	0.6	0.6	0.6	0.6	0.6	0.6	0.6	0.6	0.6	0.6	0.6
10000	0.1	1	0.02	1	1	0.8	0.8	0.5	2.5	30	0.8	0.5	2.5	30	0.8	0.5	2.5	30	0.8	0.5	2.5	30	0	0.4	0.25	1.25	15	0.4	0.25	1.25	15	0.4	0.25	1.25	15	0.4	0.25	1.25	15	0	0	0	0	0	0	0	0	0	0	0	0	0	0	0	0	0	0
10000	7	0.001	0.019561	1	1	1.6	1	0.14088	2.5	15	1	0.14088	2.5	15	1	0.14088	2.5	15	1	0.14088	2.5	15	0	1.3486	0.18998	3.3714	20.228	1.3486	0.18998	3.3714	20.228	1.3486	0.18998	3.3714	20.228	1.3486	0.18998	3.3714	20.228	0	0.2	0.2	0.2	0.2	0.2	0.2	0.2	0.2	0.2	0.2	0.2	0.2	0.2	0.2	0.2	0.2	0.2
10000	5.2437	1	0.018348	1	1	0.99233	1.0841	0.35369	5.1446	14.908	1.0841	0.35369	5.1446	14.908	1.0841	0.35369	5.1446	14.908	1.0841	0.35369	5.1446	14.908	0	0.27102	0.088423	1.2861	3.7269	0.27102	0.088423	1.2861	3.7269	0.27102	0.088423	1.2861	3.7269	0.27102	0.088423	1.2861	3.7269	0	0.32726	0.32726	0.32726	0.32726	0.32726	0.32726	0.32726	0.32726	0.32726	0.32726	0.32726	0.32726	0.32726	0.32726	0.32726	0.32726	0.32726
10000	0.1	0.001	0.01	1	1	0.35	-0.23708	0.625	0.17967	11	-0.23708	0.625	0.17967	11	-0.23708	0.625	0.17967	11	-0.23708	0.625	0.17967	11	0	-0.13336	0.35157	0.10106	6.1875	-0.13336	0.35157	0.10106	6.1875	-0.13336	0.35157	0.10106	6.1875	-0.13336	0.35157	0.10106	6.1875	0	0.24311	0.24311	0.24311	0.24311	0.24311	0.24311	0.24311	0.24311	0.24311	0.24311	0.24311	0.24311	0.24311	0.24311	0.24311	0.24311	0.24311
10000	6.9894	0.001	0.020054	1	1	0.80242	0.99731	0.29825	3.4939	14.978	0.99731	0.29825	3.4939	14.978	0.99731	0.29825	3.4939	14.978	0.99731	0.29825	3.4939	14.978	0	0.99724	0.29823	3.4937	14.977	0.99724	0.29823	3.4937	14.977	0.99724	0.29823	3.4937	14.977	0.99724	0.29823	3.4937	14.977	0	0.19941	0.19941	0.19941	0.19941	0.19941	0.19941	0.19941	0.19941	0.19941	0.19941	0.19941	0.19941	0.19941	0.19941	0.19941	0.19941	0.19941
10000	9.175	0.0040858	0.01	1	1	0.13696	-2.4667	0.6	2.5	15	-2.4667	0.6	2.5	15	-2.4667	0.6	2.5	15	-2.4667	0.6	2.5	15	0	-2.8318	0.68882	2.8701	17.221	-2.8318	0.68882	2.8701	17.221	-2.8318	0.68882	2.8701	17.221	-2.8318	0.68882	2.8701	17.221	0	0.2567	0.2567	0.2567	0.2567	0.2567	0.2567	0.2567	0.2567	0.2567	0.2567	0.2567	0.2567	0.2567	0.2567	0.2567	0.2567	0.2567
10000	3.975	0.89626	0.036907	1	1	1.6261	2.6418	0.058689	2.4531	25.25	2.6418	0.058689	2.4531	25.25	2.6418	0.058689	2.4531	25.25	2.6418	0.058689	2.4531	25.25	0	0.66045	0.014672	0.61327	6.3125	0.66045	0.014672	0.61327	6.3125	0.66045	0.014672	0.61327	6.3125	0.66045	0.014672	0.61327	6.3125	0	0	0	0	0	0	0	0	0	0	0	0	0	0	0	0	0	0
10000	10	0.419	0.011666	1	1	1.5167	0.5	0.48576	3.375	34	0.5	0.48576	3.375	34	0.5	0.48576	3.375	34	0.5	0.48576	3.375	34	0	0.44239	0.42979	2.9861	30.083	0.44239	0.42979	2.9861	30.083	0.44239	0.42979	2.9861	30.083	0.44239	0.42979	2.9861	30.083	0	0.42345	0.42345	0.42345	0.42345	0.42345	0.42345	0.42345	0.42345	0.42345	0.42345	0.42345	0.42345	0.42345	0.42345	0.42345	0.42345	0.42345
10000	4.9715	1	0.013015	1	1	0.28601	1	0.16158	3.3333	10	1	0.16158	3.3333	10	1	0.16158	3.3333	10	1	0.16158	3.3333	10	0	2.6667	0.43088	8.8889	26.667	2.6667	0.43088	8.8889	26.667	2.6667	0.43088	8.8889	26.667	2.6667	0.43088	8.8889	26.667	0	0.83463	0.83463	0.83463	0.83463	0.83463	0.83463	0.83463	0.83463	0.83463	0.83463	0.83463	0.83463	0.83463	0.83463	0.83463	0.83463	0.83463
10000	0.1	0.001	0.015594	1	1	0.40172	0.79782	0.3016	3.329	15.02	0.79782	0.3016	3.329	15.02	0.79782	0.3016	3.329	15.02	0.79782	0.3016	3.329	15.02	0	0.79666	0.30116	3.3242	14.998	0.79666	0.30116	3.3242	14.998	0.79666	0.30116	3.3242	14.998	0.79666	0.30116	3.3242	14.998	0	1	1	1	1	1	1	1	1	1	1	1	1	1	1	1	1	1
10000	0.1	0.21	1	1	1	0.8	1	0.3	2.5	15	1	0.3	2.5	15	1	0.3	2.5	15	1	0.3	2.5	15	0	2.57	0.771	6.425	38.55	2.57	0.771	6.425	38.55	2.57	0.771	6.425	38.55	2.57	0.771	6.425	38.55	0	0.16667	0.16667	0.16667	0.16667	0.16667	0.16667	0.16667	0.16667	0.16667	0.16667	0.16667	0.16667	0.16667	0.16667	0.16667	0.16667	0.16667
10000	7.1251	0.007	1	1	1	0.87209	-6.7923	0.2675	3.1956	15.641	-6.7923	0.2675	3.1956	15.641	-6.7923	0.2675	3.1956	15.641	-6.7923	0.2675	3.1956	15.641	0	-6.976	0.27473	3.282	16.064	-6.976	0.27473	3.282	16.064	-6.976	0.27473	3.282	16.064	-6.976	0.27473	3.282	16.064	0	0	0	0	0	0	0	0	0	0	0	0	0	0	0	0	0	0
10000	6.0217	0.007	0.021724	1	1	-2.1976	-1.0203	0.3	2.5	30	-1.0203	0.3	2.5	30	-1.0203	0.3	2.5	30	-1.0203	0.3	2.5	30	0	-1.0203	0.3	2.5	30	-1.0203	0.3	2.5	30	-1.0203	0.3	2.5	30	-1.0203	0.3	2.5	30	0	0.2212	0.2212	0.2212	0.2212	0.2212	0.2212	0.2212	0.2212	0.2212	0.2212	0.2212	0.2212	0.2212	0.2212	0.2212	0.2212	0.2212
10000	3	0.01	0.02	1	1	0.4	9.8435	0.3	2.5	10	9.8435	0.3	2.5	10	9.8435	0.3	2.5	10	9.8435	0.3	2.5	10	0	19.687	0.6	5	20	19.687	0.6	5	20	19.687	0.6	5	20	19.687	0.6	5	20	0	0.2	0.2	0.2	0.2	0.2	0.2	0.2	0.2	0.2	0.2	0.2	0.2	0.2	0.2	0.2	0.2	0.2
10000	3	0.01	0.02	1	1	0.8	1	0.3	2.5	15	1	0.3	2.5	15	1	0.3	2.5	15	1	0.3	2.5	15	0	2	0.6	5	30	2	0.6	5	30	2	0.6	5	30	2	0.6	5	30	0	0.2	0.2	0.2	0.2	0.2	0.2	0.2	0.2	0.2	0.2	0.2	0.2	0.2	0.2	0.2	0.2	0.2
10000	7.5	1	0.028877	1	1	0.4	1	0.3	2.5	15	1	0.3	2.5	15	1	0.3	2.5	15	1	0.3	2.5	15	0	0.5	0.15	1.25	7.5	0.5	0.15	1.25	7.5	0.5	0.15	1.25	7.5	0.5	0.15	1.25	7.5	0	0.25916	0.25916	0.25916	0.25916	0.25916	0.25916	0.25916	0.25916	0.25916	0.25916	0.25916	0.25916	0.25916	0.25916	0.25916	0.25916	0.25916
10000	6	0.001	0.01	1	1	-1.1005	1	0.49868	2.5	15	1	0.49868	2.5	15	1	0.49868	2.5	15	1	0.49868	2.5	15	0	1.1571	0.57701	2.8927	17.356	1.1571	0.57701	2.8927	17.356	1.1571	0.57701	2.8927	17.356	1.1571	0.57701	2.8927	17.356	0	0.1	0.1	0.1	0.1	0.1	0.1	0.1	0.1	0.1	0.1	0.1	0.1	0.1	0.1	0.1	0.1	0.1
10000	4.8997	0.92635	0.01	1	1	0.57843	0.62798	0.43616	3.4307	22.794	0.62798	0.43616	3.4307	22.794	0.62798	0.43616	3.4307	22.794	0.62798	0.43616	3.4307	22.794	0	0.30646	0.21285	1.6742	11.123	0.30646	0.21285	1.6742	11.123	0.30646	0.21285	1.6742	11.123	0.30646	0.21285	1.6742	11.123	0	0.64481	0.64481	0.64481	0.64481	0.64481	0.64481	0.64481	0.64481	0.64481	0.64481	0.64481	0.64481	0.64481	0.64481	0.64481	0.64481	0.64481
10000	2.4918	0.001	0.01	1	1	0.80743	2.9897	0.33746	2.5144	9.9546	2.9897	0.33746	2.5144	9.9546	2.9897	0.33746	2.5144	9.9546	2.9897	0.33746	2.5144	9.9546	0	2.9681	0.33502	2.4963	9.8827	2.9681	0.33502	2.4963	9.8827	2.9681	0.33502	2.4963	9.8827	2.9681	0.33502	2.4963	9.8827	0	0.25263	0.25263	0.25263	0.25263	0.25263	0.25263	0.25263	0.25263	0.25263	0.25263	0.25263	0.25263	0.25263	0.25263	0.25263	0.25263	0.25263
10000	5.687	1	0.037053	1	1	0.8248	0.7508	0.84751	3.0524	5.5641	0.7508	0.84751	3.0524	5.5641	0.7508	0.84751	3.0524	5.5641	0.7508	0.84751	3.0524	5.5641	0	0.70028	0.79048	2.847	5.1897	0.70028	0.79048	2.847	5.1897	0.70028	0.79048	2.847	5.1897	0.70028	0.79048	2.847	5.1897	0	0.39631	0.39631	0.39631	0.39631	0.39631	0.39631	0.39631	0.39631	0.39631	0.39631	0.39631	0.39631	0.39631	0.39631	0.39631	0.39631	0.39631
10000	10	0.001	0.019989	1	1	1.0619	1.5795	0.30253	0.27844	7.4807	1.5795	0.30253	0.27844	7.4807	1.5795	0.30253	0.27844	7.4807	1.5795	0.30253	0.27844	7.4807	0	1.7115	0.32782	0.30172	8.106	1.7115	0.32782	0.30172	8.106	1.7115	0.32782	0.30172	8.106	1.7115	0.32782	0.30172	8.106	0	0.19954	0.19954	0.19954	0.19954	0.19954	0.19954	0.19954	0.19954	0.19954	0.19954	0.19954	0.19954	0.19954	0.19954	0.19954	0.19954	0.19954
10000	1.0169	0.001	0.01	1	1	1.0186	-5.7114	0.14214	1.1964	13.057	-5.7114	0.14214	1.1964	13.057	-5.7114	0.14214	1.1964	13.057	-5.7114	0.14214	1.1964	13.057	0	-4.8151	0.11983	1.0087	11.008	-4.8151	0.11983	1.0087	11.008	-4.8151	0.11983	1.0087	11.008	-4.8151	0.11983	1.0087	11.008	0	0.24817	0.24817	0.24817	0.24817	0.24817	0.24817	0.24817	0.24817	0.24817	0.24817	0.24817	0.24817	0.24817	0.24817	0.24817	0.24817	0.24817
10000	6.758	0.01	0.020368	1	1	-95.2	-0.848	0.3	2.5	15	-0.848	0.3	2.5	15	-0.848	0.3	2.5	15	-0.848	0.3	2.5	15	0	-0.848	0.3	2.5	15	-0.848	0.3	2.5	15	-0.848	0.3	2.5	15	-0.848	0.3	2.5	15	0	0.2	0.2	0.2	0.2	0.2	0.2	0.2	0.2	0.2	0.2	0.2	0.2	0.2	0.2	0.2	0.2	0.2
10000	8.998	0.98872	0.031288	1	1	1.2922	0.64311	0.97911	5.5347	14.858	0.64311	0.97911	5.5347	14.858	0.64311	0.97911	5.5347	14.858	0.64311	0.97911	5.5347	14.858	0	0.16078	0.24478	1.3837	3.7145	0.16078	0.24478	1.3837	3.7145	0.16078	0.24478	1.3837	3.7145	0.16078	0.24478	1.3837	3.7145	0	0.22532	0.22532	0.22532	0.22532	0.22532	0.22532	0.22532	0.22532	0.22532	0.22532	0.22532	0.22532	0.22532	0.22532	0.22532	0.22532	0.22532
10000	10	0.99999	0.025687	1	1	0.80417	0.48915	0.73124	2.5081	7.5049	0.48915	0.73124	2.5081	7.5049	0.48915	0.73124	2.5081	7.5049	0.48915	0.73124	2.5081	7.5049	0	0.47179	0.7053	2.4191	7.2386	0.47179	0.7053	2.4191	7.2386	0.47179	0.7053	2.4191	7.2386	0.47179	0.7053	2.4191	7.2386	0	0.19815	0.19815	0.19815	0.19815	0.19815	0.19815	0.19815	0.19815	0.19815	0.19815	0.19815	0.19815	0.19815	0.19815	0.19815	0.19815	0.19815
10000	10	0.007183	1	1	1	-7.2	1	-0.53142	3.3333	15	1	-0.53142	3.3333	15	1	-0.53142	3.3333	15	1	-0.53142	3.3333	15	0	1	-0.53142	3.3333	15	1	-0.53142	3.3333	15	1	-0.53142	3.3333	15	1	-0.53142	3.3333	15	0	0.099581	0.099581	0.099581	0.099581	0.099581	0.099581	0.099581	0.099581	0.099581	0.099581	0.099581	0.099581	0.099581	0.099581	0.099581	0.099581	0.099581
10000	2.4501	0.0079395	0.01	1	1	-833	0.24967	0.3	2.5	-35	0.24967	0.3	2.5	-35	0.24967	0.3	2.5	-35	0.24967	0.3	2.5	-35	0	0.062418	0.075	0.625	-8.75	0.062418	0.075	0.625	-8.75	0.062418	0.075	0.625	-8.75	0.062418	0.075	0.625	-8.75	0	0.13333	0.13333	0.13333	0.13333	0.13333	0.13333	0.13333	0.13333	0.13333	0.13333	0.13333	0.13333	0.13333	0.13333	0.13333	0.13333	0.13333
10000	6.2509	0.001	0.015139	1	1	0.67262	0.85846	0.35523	2.7477	16.132	0.85846	0.35523	2.7477	16.132	0.85846	0.35523	2.7477	16.132	0.85846	0.35523	2.7477	16.132	0	0.93733	0.38786	3.0001	17.614	0.93733	0.38786	3.0001	17.614	0.93733	0.38786	3.0001	17.614	0.93733	0.38786	3.0001	17.614	0	0.12831	0.12831	0.12831	0.12831	0.12831	0.12831	0.12831	0.12831	0.12831	0.12831	0.12831	0.12831	0.12831	0.12831	0.12831	0.12831	0.12831
10000	2.7155	0.001	0.01	1	1	0.8	0.8	0.3	2.5	3.3117	0.8	0.3	2.5	3.3117	0.8	0.3	2.5	3.3117	0.8	0.3	2.5	3.3117	0	1.0702	0.40131	3.3443	4.4301	1.0702	0.40131	3.3443	4.4301	1.0702	0.40131	3.3443	4.4301	1.0702	0.40131	3.3443	4.4301	0	0.3	0.3	0.3	0.3	0.3	0.3	0.3	0.3	0.3	0.3	0.3	0.3	0.3	0.3	0.3	0.3	0.3
10000	9.9999	0.99999	0.03	1	1	0.8	1	1.35	7	15	1	1.35	7	15	1	1.35	7	15	1	1.35	7	15	0	0.5	0.675	3.5	7.5	0.5	0.675	3.5	7.5	0.5	0.675	3.5	7.5	0.5	0.675	3.5	7.5	0	0.18889	0.18889	0.18889	0.18889	0.18889	0.18889	0.18889	0.18889	0.18889	0.18889	0.18889	0.18889	0.18889	0.18889	0.18889	0.18889	0.18889
10000	3.2599	0.001	0.01	1	1	-7.425	-0.76478	-0.093922	2.0625	17	-0.76478	-0.093922	2.0625	17	-0.76478	-0.093922	2.0625	17	-0.76478	-0.093922	2.0625	17	0	-0.63203	-0.077619	1.7045	14.049	-0.63203	-0.077619	1.7045	14.049	-0.63203	-0.077619	1.7045	14.049	-0.63203	-0.077619	1.7045	14.049	0	0.37427	0.37427	0.37427	0.37427	0.37427	0.37427	0.37427	0.37427	0.37427	0.37427	0.37427	0.37427	0.37427	0.37427	0.37427	0.37427	0.37427
10000	5	1	0.02	1	1	0.8	0.64387	0.3	2.4743	15	0.64387	0.3	2.4743	15	0.64387	0.3	2.4743	15	0.64387	0.3	2.4743	15	0	0.64387	0.3	2.4743	15	0.64387	0.3	2.4743	15	0.64387	0.3	2.4743	15	0.64387	0.3	2.4743	15	0	0.26667	0.26667	0.26667	0.26667	0.26667	0.26667	0.26667	0.26667	0.26667	0.26667	0.26667	0.26667	0.26667	0.26667	0.26667	0.26667	0.26667
10000	1.5995	0.0043399	0.012176	1	1	-14.296	1	0.6	2.5	16.667	1	0.6	2.5	16.667	1	0.6	2.5	16.667	1	0.6	2.5	16.667	0	0.25	0.15	0.625	4.1667	0.25	0.15	0.625	4.1667	0.25	0.15	0.625	4.1667	0.25	0.15	0.625	4.1667	0	0.15896	0.15896	0.15896	0.15896	0.15896	0.15896	0.15896	0.15896	0.15896	0.15896	0.15896	0.15896	0.15896	0.15896	0.15896	0.15896	0.15896
10000	3	0.015542	1	1	1	0.8	1	0.3	3.5	15	1	0.3	3.5	15	1	0.3	3.5	15	1	0.3	3.5	15	0	0.75691	0.22707	2.6492	11.354	0.75691	0.22707	2.6492	11.354	0.75691	0.22707	2.6492	11.354	0.75691	0.22707	2.6492	11.354	0	0.71567	0.71567	0.71567	0.71567	0.71567	0.71567	0.71567	0.71567	0.71567	0.71567	0.71567	0.71567	0.71567	0.71567	0.71567	0.71567	0.71567
10000	6.9151	0.001	0.025799	1	1	0.95	0.95	0.083333	2.2083	13.667	0.95	0.083333	2.2083	13.667	0.95	0.083333	2.2083	13.667	0.95	0.083333	2.2083	13.667	0	1.4878	0.13051	3.4586	21.404	1.4878	0.13051	3.4586	21.404	1.4878	0.13051	3.4586	21.404	1.4878	0.13051	3.4586	21.404	0	0.078222	0.078222	0.078222	0.078222	0.078222	0.078222	0.078222	0.078222	0.078222	0.078222	0.078222	0.078222	0.078222	0.078222	0.078222	0.078222	0.078222
10000	3.4339	1	0.012947	1	1	0.64657	0.8016	0.42564	5.3894	15.688	0.8016	0.42564	5.3894	15.688	0.8016	0.42564	5.3894	15.688	0.8016	0.42564	5.3894	15.688	0	0.36382	0.19319	2.4461	7.1204	0.36382	0.19319	2.4461	7.1204	0.36382	0.19319	2.4461	7.1204	0.36382	0.19319	2.4461	7.1204	0	0.61787	0.61787	0.61787	0.61787	0.61787	0.61787	0.61787	0.61787	0.61787	0.61787	0.61787	0.61787	0.61787	0.61787	0.61787	0.61787	0.61787
10000	0.81271	0.93847	0.041449	1	1	0.34151	1.6742	1.1114	2.0976	22.921	1.6742	1.1114	2.0976	22.921	1.6742	1.1114	2.0976	22.921	1.6742	1.1114	2.0976	22.921	0	1.7818	1.1828	2.2324	24.394	1.7818	1.1828	2.2324	24.394	1.7818	1.1828	2.2324	24.394	1.7818	1.1828	2.2324	24.394	0	0.64841	0.64841	0.64841	0.64841	0.64841	0.64841	0.64841	0.64841	0.64841	0.64841	0.64841	0.64841	0.64841	0.64841	0.64841	0.64841	0.64841
10000	9.636	1	0.0298	1	1	0.32173	0.7869	0.32204	3.0239	14.729	0.7869	0.32204	3.0239	14.729	0.7869	0.32204	3.0239	14.729	0.7869	0.32204	3.0239	14.729	0	0.59802	0.24474	2.2981	11.193	0.59802	0.24474	2.2981	11.193	0.59802	0.24474	2.2981	11.193	0.59802	0.24474	2.2981	11.193	0	0.21357	0.21357	0.21357	0.21357	0.21357	0.21357	0.21357	0.21357	0.21357	0.21357	0.21357	0.21357	0.21357	0.21357	0.21357	0.21357	0.21357
10000	3	0.01	1	1	1	0.8	1	0.3	2.5	15	1	0.3	2.5	15	1	0.3	2.5	15	1	0.3	2.5	15	0	1	0.3	2.5	15	1	0.3	2.5	15	1	0.3	2.5	15	1	0.3	2.5	15	0	0.2	0.2	0.2	0.2	0.2	0.2	0.2	0.2	0.2	0.2	0.2	0.2	0.2	0.2	0.2	0.2	0.2
10000	0.1	0.99998	0.01968	1	1	0.60939	0.83944	0.54693	5.1428	20.653	0.83944	0.54693	5.1428	20.653	0.83944	0.54693	5.1428	20.653	0.83944	0.54693	5.1428	20.653	0	0.45399	0.29579	2.7814	11.17	0.45399	0.29579	2.7814	11.17	0.45399	0.29579	2.7814	11.17	0.45399	0.29579	2.7814	11.17	0	0.19813	0.19813	0.19813	0.19813	0.19813	0.19813	0.19813	0.19813	0.19813	0.19813	0.19813	0.19813	0.19813	0.19813	0.19813	0.19813	0.19813
10000	2.7356	0.011667	0.02	1	1	0.8	-9	0.3	2.5	15	-9	0.3	2.5	15	-9	0.3	2.5	15	-9	0.3	2.5	15	0	-14.467	0.48222	4.0186	24.112	-14.467	0.48222	4.0186	24.112	-14.467	0.48222	4.0186	24.112	-14.467	0.48222	4.0186	24.112	0	0.2	0.2	0.2	0.2	0.2	0.2	0.2	0.2	0.2	0.2	0.2	0.2	0.2	0.2	0.2	0.2	0.2
10000	5	0.001	0.02	1	1	0.60419	1.5	0.3	2.5	15	1.5	0.3	2.5	15	1.5	0.3	2.5	15	1.5	0.3	2.5	15	0	1.5	0.3	2.5	15	1.5	0.3	2.5	15	1.5	0.3	2.5	15	1.5	0.3	2.5	15	0	0.1	0.1	0.1	0.1	0.1	0.1	0.1	0.1	0.1	0.1	0.1	0.1	0.1	0.1	0.1	0.1	0.1
10000	3.2198	0.001	0.01	1	1	-2.1333	-3.3703	0.33333	0.33813	10.665	-3.3703	0.33333	0.33813	10.665	-3.3703	0.33333	0.33813	10.665	-3.3703	0.33333	0.33813	10.665	0	-2.1064	0.20833	0.21133	6.6655	-2.1064	0.20833	0.21133	6.6655	-2.1064	0.20833	0.21133	6.6655	-2.1064	0.20833	0.21133	6.6655	0	0.20219	0.20219	0.20219	0.20219	0.20219	0.20219	0.20219	0.20219	0.20219	0.20219	0.20219	0.20219	0.20219	0.20219	0.20219	0.20219	0.20219
10000	2.157	0.99999	0.040013	1	1	0.63355	0.99978	0.30014	4.9996	7.4136	0.99978	0.30014	4.9996	7.4136	0.99978	0.30014	4.9996	7.4136	0.99978	0.30014	4.9996	7.4136	0	0.52665	0.1581	2.6336	3.9053	0.52665	0.1581	2.6336	3.9053	0.52665	0.1581	2.6336	3.9053	0.52665	0.1581	2.6336	3.9053	0	0.28801	0.28801	0.28801	0.28801	0.28801	0.28801	0.28801	0.28801	0.28801	0.28801	0.28801	0.28801	0.28801	0.28801	0.28801	0.28801	0.28801
10000	9.0776	0.001	1	1	1	-0.14136	0.79715	0.66413	1.1157	15.925	0.79715	0.66413	1.1157	15.925	0.79715	0.66413	1.1157	15.925	0.79715	0.66413	1.1157	15.925	0	1.0764	0.89679	1.5065	21.504	1.0764	0.89679	1.5065	21.504	1.0764	0.89679	1.5065	21.504	1.0764	0.89679	1.5065	21.504	0	0	0	0	0	0	0	0	0	0	0	0	0	0	0	0	0	0
10000	8	0.001	0.01	1	1	0.21285	1.5	0	1.4538	15	1.5	0	1.4538	15	1.5	0	1.4538	15	1.5	0	1.4538	15	0	1.7307	0	1.6774	17.307	1.7307	0	1.6774	17.307	1.7307	0	1.6774	17.307	1.7307	0	1.6774	17.307	0	0.2	0.2	0.2	0.2	0.2	0.2	0.2	0.2	0.2	0.2	0.2	0.2	0.2	0.2	0.2	0.2	0.2
10000	3.9278	0.001	0.019908	1	1	0.82614	1.0046	0.54272	1.4941	-6.1919	1.0046	0.54272	1.4941	-6.1919	1.0046	0.54272	1.4941	-6.1919	1.0046	0.54272	1.4941	-6.1919	0	0.92084	0.49746	1.3695	-5.6756	0.92084	0.49746	1.3695	-5.6756	0.92084	0.49746	1.3695	-5.6756	0.92084	0.49746	1.3695	-5.6756	0	0.17384	0.17384	0.17384	0.17384	0.17384	0.17384	0.17384	0.17384	0.17384	0.17384	0.17384	0.17384	0.17384	0.17384	0.17384	0.17384	0.17384
10000	6.6667	0.0091425	0.019504	1	1	-49.678	1	0.07003	2.4639	20	1	0.07003	2.4639	20	1	0.07003	2.4639	20	1	0.07003	2.4639	20	0	0.80411	0.056312	1.9812	16.082	0.80411	0.056312	1.9812	16.082	0.80411	0.056312	1.9812	16.082	0.80411	0.056312	1.9812	16.082	0	0.1	0.1	0.1	0.1	0.1	0.1	0.1	0.1	0.1	0.1	0.1	0.1	0.1	0.1	0.1	0.1	0.1
10000	0.1	0.0041384	0.013374	1	1	-6.7354	1.4838	0.28627	2.4633	-52.52	1.4838	0.28627	2.4633	-52.52	1.4838	0.28627	2.4633	-52.52	1.4838	0.28627	2.4633	-52.52	0	0.50664	0.097748	0.84109	-17.933	0.50664	0.097748	0.84109	-17.933	0.50664	0.097748	0.84109	-17.933	0.50664	0.097748	0.84109	-17.933	0	0	0	0	0	0	0	0	0	0	0	0	0	0	0	0	0	0
10000	9.9999	0.015	1	1	1	0.8	1	0.3	2.5	10	1	0.3	2.5	10	1	0.3	2.5	10	1	0.3	2.5	10	0	1.1667	0.35	2.9167	11.667	1.1667	0.35	2.9167	11.667	1.1667	0.35	2.9167	11.667	1.1667	0.35	2.9167	11.667	0	0.2	0.2	0.2	0.2	0.2	0.2	0.2	0.2	0.2	0.2	0.2	0.2	0.2	0.2	0.2	0.2	0.2
10000	3.525	0.001	0.01	1	1	-0.28645	-1.5	-0.058031	3.2162	11	-1.5	-0.058031	3.2162	11	-1.5	-0.058031	3.2162	11	-1.5	-0.058031	3.2162	11	0	-1.0938	-0.042314	2.3451	8.0209	-1.0938	-0.042314	2.3451	8.0209	-1.0938	-0.042314	2.3451	8.0209	-1.0938	-0.042314	2.3451	8.0209	0	0.22955	0.22955	0.22955	0.22955	0.22955	0.22955	0.22955	0.22955	0.22955	0.22955	0.22955	0.22955	0.22955	0.22955	0.22955	0.22955	0.22955
10000	4.3752	0.0015469	0.01	1	1	0.17351	0.62663	0.40872	3.1534	12.013	0.62663	0.40872	3.1534	12.013	0.62663	0.40872	3.1534	12.013	0.62663	0.40872	3.1534	12.013	0	0.42191	0.27519	2.1232	8.0883	0.42191	0.27519	2.1232	8.0883	0.42191	0.27519	2.1232	8.0883	0.42191	0.27519	2.1232	8.0883	0	0.12561	0.12561	0.12561	0.12561	0.12561	0.12561	0.12561	0.12561	0.12561	0.12561	0.12561	0.12561	0.12561	0.12561	0.12561	0.12561	0.12561
10000	5.3116	0.076667	1	1	1	0.8	1	0.3	2.5	15	1	0.3	2.5	15	1	0.3	2.5	15	1	0.3	2.5	15	0	1.5	0.45	3.75	22.5	1.5	0.45	3.75	22.5	1.5	0.45	3.75	22.5	1.5	0.45	3.75	22.5	0	0.2	0.2	0.2	0.2	0.2	0.2	0.2	0.2	0.2	0.2	0.2	0.2	0.2	0.2	0.2	0.2	0.2
10000	2.7337	0.78363	0.02946	1	1	1.1896	1.7627	0.42959	1.9153	19.022	1.7627	0.42959	1.9153	19.022	1.7627	0.42959	1.9153	19.022	1.7627	0.42959	1.9153	19.022	0	0.99473	0.24243	1.0809	10.734	0.99473	0.24243	1.0809	10.734	0.99473	0.24243	1.0809	10.734	0.99473	0.24243	1.0809	10.734	0	0.47211	0.47211	0.47211	0.47211	0.47211	0.47211	0.47211	0.47211	0.47211	0.47211	0.47211	0.47211	0.47211	0.47211	0.47211	0.47211	0.47211
10000	3.9496	0.419	0.01	1	1	0.83333	0.84472	0.925	5.875	7.25	0.84472	0.925	5.875	7.25	0.84472	0.925	5.875	7.25	0.84472	0.925	5.875	7.25	0	0.21118	0.23125	1.4688	1.8125	0.21118	0.23125	1.4688	1.8125	0.21118	0.23125	1.4688	1.8125	0.21118	0.23125	1.4688	1.8125	0	0	0	0	0	0	0	0	0	0	0	0	0	0	0	0	0	0
10000	2.025	0.001	0.01	1	1	0.35	0.5	0.625	1.625	19	0.5	0.625	1.625	19	0.5	0.625	1.625	19	0.5	0.625	1.625	19	0	0.71875	0.89844	2.3359	27.312	0.71875	0.89844	2.3359	27.312	0.71875	0.89844	2.3359	27.312	0.71875	0.89844	2.3359	27.312	0	0.5	0.5	0.5	0.5	0.5	0.5	0.5	0.5	0.5	0.5	0.5	0.5	0.5	0.5	0.5	0.5	0.5
10000	10	0.0040057	0.011539	1	1	0.41927	2.0288	0.025029	3.2403	11.616	2.0288	0.025029	3.2403	11.616	2.0288	0.025029	3.2403	11.616	2.0288	0.025029	3.2403	11.616	0	2.7798	0.034294	4.4397	15.915	2.7798	0.034294	4.4397	15.915	2.7798	0.034294	4.4397	15.915	2.7798	0.034294	4.4397	15.915	0	0.0076968	0.0076968	0.0076968	0.0076968	0.0076968	0.0076968	0.0076968	0.0076968	0.0076968	0.0076968	0.0076968	0.0076968	0.0076968	0.0076968	0.0076968	0.0076968	0.0076968
10000	8.8616	0.0012054	0.010762	1	1	0.41381	0.53846	0.6	-21.692	18.692	0.53846	0.6	-21.692	18.692	0.53846	0.6	-21.692	18.692	0.53846	0.6	-21.692	18.692	0	0.13461	0.15	-5.4231	4.6731	0.13461	0.15	-5.4231	4.6731	0.13461	0.15	-5.4231	4.6731	0.13461	0.15	-5.4231	4.6731	0	0.24805	0.24805	0.24805	0.24805	0.24805	0.24805	0.24805	0.24805	0.24805	0.24805	0.24805	0.24805	0.24805	0.24805	0.24805	0.24805	0.24805
10000	6.475	0.39578	0.33056	1	1	0.32245	1.4444	0.625	3.375	19	1.4444	0.625	3.375	19	1.4444	0.625	3.375	19	1.4444	0.625	3.375	19	0	2.0061	0.86805	4.6875	26.389	2.0061	0.86805	4.6875	26.389	2.0061	0.86805	4.6875	26.389	2.0061	0.86805	4.6875	26.389	0	0	0	0	0	0	0	0	0	0	0	0	0	0	0	0	0	0
10000	1.55	0.419	0.029054	1	1	0.89359	1.5	-0.15373	4.8681	34	1.5	-0.15373	4.8681	34	1.5	-0.15373	4.8681	34	1.5	-0.15373	4.8681	34	0	0.375	-0.038432	1.217	8.5	0.375	-0.038432	1.217	8.5	0.375	-0.038432	1.217	8.5	0.375	-0.038432	1.217	8.5	0	0.4	0.4	0.4	0.4	0.4	0.4	0.4	0.4	0.4	0.4	0.4	0.4	0.4	0.4	0.4	0.4	0.4
10000	10	0.99902	0.029944	1	1	1.8511	0.41246	0.020608	6.845	28.273	0.41246	0.020608	6.845	28.273	0.41246	0.020608	6.845	28.273	0.41246	0.020608	6.845	28.273	0	0.13572	0.006781	2.2524	9.3033	0.13572	0.006781	2.2524	9.3033	0.13572	0.006781	2.2524	9.3033	0.13572	0.006781	2.2524	9.3033	0	0	0	0	0	0	0	0	0	0	0	0	0	0	0	0	0	0
10000	1.1475	0.91403	0.017392	1	1	0.58474	1.0153	0.91751	4.1625	7.3999	1.0153	0.91751	4.1625	7.3999	1.0153	0.91751	4.1625	7.3999	1.0153	0.91751	4.1625	7.3999	0	0.74419	0.67254	3.0512	5.4242	0.74419	0.67254	3.0512	5.4242	0.74419	0.67254	3.0512	5.4242	0.74419	0.67254	3.0512	5.4242	0	0.69414	0.69414	0.69414	0.69414	0.69414	0.69414	0.69414	0.69414	0.69414	0.69414	0.69414	0.69414	0.69414	0.69414	0.69414	0.69414	0.69414
10000	3.9	0.0017909	0.010769	1	1	-50.529	1.5385	0	1.6923	18.692	1.5385	0	1.6923	18.692	1.5385	0	1.6923	18.692	1.5385	0	1.6923	18.692	0	1.034	0	1.1374	12.563	1.034	0	1.1374	12.563	1.034	0	1.1374	12.563	1.034	0	1.1374	12.563	0	0.015383	0.015383	0.015383	0.015383	0.015383	0.015383	0.015383	0.015383	0.015383	0.015383	0.015383	0.015383	0.015383	0.015383	0.015383	0.015383	0.015383
10000	9.0004	0.018987	0.01	1	1	-6.7558	0.50639	-0.25319	-3.7225	11.051	0.50639	-0.25319	-3.7225	11.051	0.50639	-0.25319	-3.7225	11.051	0.50639	-0.25319	-3.7225	11.051	0	0.83789	-0.41894	-6.1593	18.286	0.83789	-0.41894	-6.1593	18.286	0.83789	-0.41894	-6.1593	18.286	0.83789	-0.41894	-6.1593	18.286	0	0.1451	0.1451	0.1451	0.1451	0.1451	0.1451	0.1451	0.1451	0.1451	0.1451	0.1451	0.1451	0.1451	0.1451	0.1451	0.1451	0.1451
10000	8.3534	0.59621	0.012384	1	1	1.6316	0.77329	0.59109	1.3036	19.517	0.77329	0.59109	1.3036	19.517	0.77329	0.59109	1.3036	19.517	0.77329	0.59109	1.3036	19.517	0	0.82382	0.62971	1.3887	20.792	0.82382	0.62971	1.3887	20.792	0.82382	0.62971	1.3887	20.792	0.82382	0.62971	1.3887	20.792	0	0.37542	0.37542	0.37542	0.37542	0.37542	0.37542	0.37542	0.37542	0.37542	0.37542	0.37542	0.37542	0.37542	0.37542	0.37542	0.37542	0.37542
10000	4.9919	0.001	0.019985	1	1	0.24129	1.4966	0.31273	2.4952	5.0499	1.4966	0.31273	2.4952	5.0499	1.4966	0.31273	2.4952	5.0499	1.4966	0.31273	2.4952	5.0499	0	1.493	0.31198	2.4893	5.0379	1.493	0.31198	2.4893	5.0379	1.493	0.31198	2.4893	5.0379	1.493	0.31198	2.4893	5.0379	0	0	0	0	0	0	0	0	0	0	0	0	0	0	0	0	0	0
10000	8.6319	0.001	0.018911	1	1	1.7495	-2.3648	0.98586	2.569	38.451	-2.3648	0.98586	2.569	38.451	-2.3648	0.98586	2.569	38.451	-2.3648	0.98586	2.569	38.451	0	-6.732	2.8065	7.3133	109.46	-6.732	2.8065	7.3133	109.46	-6.732	2.8065	7.3133	109.46	-6.732	2.8065	7.3133	109.46	0	0	0	0	0	0	0	0	0	0	0	0	0	0	0	0	0	0
10000	6.5343	0.010428	0.019666	1	1	-2.6566	-2.3543	0.21833	4.1783	13.015	-2.3543	0.21833	4.1783	13.015	-2.3543	0.21833	4.1783	13.015	-2.3543	0.21833	4.1783	13.015	0	-3.5344	0.32776	6.2726	19.538	-3.5344	0.32776	6.2726	19.538	-3.5344	0.32776	6.2726	19.538	-3.5344	0.32776	6.2726	19.538	0	0.24008	0.24008	0.24008	0.24008	0.24008	0.24008	0.24008	0.24008	0.24008	0.24008	0.24008	0.24008	0.24008	0.24008	0.24008	0.24008	0.24008
10000	10	0.0048473	0.020237	1	1	1.0481	-2.9241	0.31341	1.8041	14.835	-2.9241	0.31341	1.8041	14.835	-2.9241	0.31341	1.8041	14.835	-2.9241	0.31341	1.8041	14.835	0	-2.8714	0.30775	1.7716	14.567	-2.8714	0.30775	1.7716	14.567	-2.8714	0.30775	1.7716	14.567	-2.8714	0.30775	1.7716	14.567	0	0.16063	0.16063	0.16063	0.16063	0.16063	0.16063	0.16063	0.16063	0.16063	0.16063	0.16063	0.16063	0.16063	0.16063	0.16063	0.16063	0.16063
10000	1.3	0.001	0.01	1	1	-0.15814	1.2824	0.0080245	1.6258	19.006	1.2824	0.0080245	1.6258	19.006	1.2824	0.0080245	1.6258	19.006	1.2824	0.0080245	1.6258	19.006	0	1.684	0.010537	2.135	24.958	1.684	0.010537	2.135	24.958	1.684	0.010537	2.135	24.958	1.684	0.010537	2.135	24.958	0	0.18292	0.18292	0.18292	0.18292	0.18292	0.18292	0.18292	0.18292	0.18292	0.18292	0.18292	0.18292	0.18292	0.18292	0.18292	0.18292	0.18292
10000	10	0.005	0.02	1	1	0.8	1	0.098635	2.5	15	1	0.098635	2.5	15	1	0.098635	2.5	15	1	0.098635	2.5	15	0	1	0.098635	2.5	15	1	0.098635	2.5	15	1	0.098635	2.5	15	1	0.098635	2.5	15	0	0.2	0.2	0.2	0.2	0.2	0.2	0.2	0.2	0.2	0.2	0.2	0.2	0.2	0.2	0.2	0.2	0.2
10000	7.355	0.001	0.016667	1	1	0.8	0.3482	0.3	3.3333	15	0.3482	0.3	3.3333	15	0.3482	0.3	3.3333	15	0.3482	0.3	3.3333	15	0	0.49824	0.42927	4.7697	21.463	0.49824	0.42927	4.7697	21.463	0.49824	0.42927	4.7697	21.463	0.49824	0.42927	4.7697	21.463	0	0.45	0.45	0.45	0.45	0.45	0.45	0.45	0.45	0.45	0.45	0.45	0.45	0.45	0.45	0.45	0.45	0.45
10000	4.892	0.011193	0.018035	1	1	-3.1881	1	-1.1675	-9.9876	3.081	1	-1.1675	-9.9876	3.081	1	-1.1675	-9.9876	3.081	1	-1.1675	-9.9876	3.081	0	0.5	-0.58374	-4.9938	1.5405	0.5	-0.58374	-4.9938	1.5405	0.5	-0.58374	-4.9938	1.5405	0.5	-0.58374	-4.9938	1.5405	0	0.16667	0.16667	0.16667	0.16667	0.16667	0.16667	0.16667	0.16667	0.16667	0.16667	0.16667	0.16667	0.16667	0.16667	0.16667	0.16667	0.16667
10000	7	1	0.02	1	1	0.84343	0.73208	0.6	3.5415	30	0.73208	0.6	3.5415	30	0.73208	0.6	3.5415	30	0.73208	0.6	3.5415	30	0	0.41235	0.33795	1.9948	16.898	0.41235	0.33795	1.9948	16.898	0.41235	0.33795	1.9948	16.898	0.41235	0.33795	1.9948	16.898	0	0.2	0.2	0.2	0.2	0.2	0.2	0.2	0.2	0.2	0.2	0.2	0.2	0.2	0.2	0.2	0.2	0.2
10000	4.5499	1	0.01	1	1	0.021548	0.7983	1.0682	5.9561	18.155	0.7983	1.0682	5.9561	18.155	0.7983	1.0682	5.9561	18.155	0.7983	1.0682	5.9561	18.155	0	0.19957	0.26704	1.489	4.5389	0.19957	0.26704	1.489	4.5389	0.19957	0.26704	1.489	4.5389	0.19957	0.26704	1.489	4.5389	0	0.16603	0.16603	0.16603	0.16603	0.16603	0.16603	0.16603	0.16603	0.16603	0.16603	0.16603	0.16603	0.16603	0.16603	0.16603	0.16603	0.16603
10000	8.1711	1	0.018009	1	1	0.63607	0.81516	0.78913	3.8714	30.22	0.81516	0.78913	3.8714	30.22	0.81516	0.78913	3.8714	30.22	0.81516	0.78913	3.8714	30.22	0	0.42555	0.41196	2.021	15.776	0.42555	0.41196	2.021	15.776	0.42555	0.41196	2.021	15.776	0.42555	0.41196	2.021	15.776	0	0.17552	0.17552	0.17552	0.17552	0.17552	0.17552	0.17552	0.17552	0.17552	0.17552	0.17552	0.17552	0.17552	0.17552	0.17552	0.17552	0.17552
10000	5	0.0049111	1	1	1	0.8	1	0.1	2.5	15	1	0.1	2.5	15	1	0.1	2.5	15	1	0.1	2.5	15	0	1.3294	0.13294	3.3235	19.941	1.3294	0.13294	3.3235	19.941	1.3294	0.13294	3.3235	19.941	1.3294	0.13294	3.3235	19.941	0	0.31031	0.31031	0.31031	0.31031	0.31031	0.31031	0.31031	0.31031	0.31031	0.31031	0.31031	0.31031	0.31031	0.31031	0.31031	0.31031	0.31031
10000	6.2366	1	0.019961	1	1	1.0714	0.9763	0.59656	4.9907	15.042	0.9763	0.59656	4.9907	15.042	0.9763	0.59656	4.9907	15.042	0.9763	0.59656	4.9907	15.042	0	0.44513	0.272	2.2755	6.8584	0.44513	0.272	2.2755	6.8584	0.44513	0.272	2.2755	6.8584	0.44513	0.272	2.2755	6.8584	0	0.19945	0.19945	0.19945	0.19945	0.19945	0.19945	0.19945	0.19945	0.19945	0.19945	0.19945	0.19945	0.19945	0.19945	0.19945	0.19945	0.19945
10000	10	0.44659	0.01035	1	1	1.3094	0.29058	0.57549	3.4906	19.528	0.29058	0.57549	3.4906	19.528	0.29058	0.57549	3.4906	19.528	0.29058	0.57549	3.4906	19.528	0	0.3456	0.68445	4.1514	23.225	0.3456	0.68445	4.1514	23.225	0.3456	0.68445	4.1514	23.225	0.3456	0.68445	4.1514	23.225	0	0.1876	0.1876	0.1876	0.1876	0.1876	0.1876	0.1876	0.1876	0.1876	0.1876	0.1876	0.1876	0.1876	0.1876	0.1876	0.1876	0.1876
10000	7.8223	1	0.026896	1	1	1.1864	0.56576	0.45317	3.7287	14.209	0.56576	0.45317	3.7287	14.209	0.56576	0.45317	3.7287	14.209	0.56576	0.45317	3.7287	14.209	0	0.35406	0.2836	2.3335	8.8925	0.35406	0.2836	2.3335	8.8925	0.35406	0.2836	2.3335	8.8925	0.35406	0.2836	2.3335	8.8925	0	0.10964	0.10964	0.10964	0.10964	0.10964	0.10964	0.10964	0.10964	0.10964	0.10964	0.10964	0.10964	0.10964	0.10964	0.10964	0.10964	0.10964
10000	5.0006	0.01	0.019998	1	1	0.80018	0.9998	0.59974	1.4998	14.999	0.9998	0.59974	1.4998	14.999	0.9998	0.59974	1.4998	14.999	0.9998	0.59974	1.4998	14.999	0	0.99998	0.59985	1.5	15.001	0.99998	0.59985	1.5	15.001	0.99998	0.59985	1.5	15.001	0.99998	0.59985	1.5	15.001	0	0.29789	0.29789	0.29789	0.29789	0.29789	0.29789	0.29789	0.29789	0.29789	0.29789	0.29789	0.29789	0.29789	0.29789	0.29789	0.29789	0.29789
10000	1.2255	1	0.01	1	1	1.1487	0.67654	1.6675	8.7256	2.0728	0.67654	1.6675	8.7256	2.0728	0.67654	1.6675	8.7256	2.0728	0.67654	1.6675	8.7256	2.0728	0	0.16913	0.41687	2.1814	0.51821	0.16913	0.41687	2.1814	0.51821	0.16913	0.41687	2.1814	0.51821	0.16913	0.41687	2.1814	0.51821	0	0.58571	0.58571	0.58571	0.58571	0.58571	0.58571	0.58571	0.58571	0.58571	0.58571	0.58571	0.58571	0.58571	0.58571	0.58571	0.58571	0.58571
10000	1.6546	1	0.023016	1	1	0.80553	1.3241	0.2994	5.0208	29.905	1.3241	0.2994	5.0208	29.905	1.3241	0.2994	5.0208	29.905	1.3241	0.2994	5.0208	29.905	0	0.66304	0.14992	2.5141	14.974	0.66304	0.14992	2.5141	14.974	0.66304	0.14992	2.5141	14.974	0.66304	0.14992	2.5141	14.974	0	0.068253	0.068253	0.068253	0.068253	0.068253	0.068253	0.068253	0.068253	0.068253	0.068253	0.068253	0.068253	0.068253	0.068253	0.068253	0.068253	0.068253
10000	3.8917	0.0053419	0.010516	1	1	1.5617	-1.0633	0.28239	-22.425	11.341	-1.0633	0.28239	-22.425	11.341	-1.0633	0.28239	-22.425	11.341	-1.0633	0.28239	-22.425	11.341	0	-1.2717	0.33773	-26.819	13.563	-1.2717	0.33773	-26.819	13.563	-1.2717	0.33773	-26.819	13.563	-1.2717	0.33773	-26.819	13.563	0	0.3453	0.3453	0.3453	0.3453	0.3453	0.3453	0.3453	0.3453	0.3453	0.3453	0.3453	0.3453	0.3453	0.3453	0.3453	0.3453	0.3453
10000	7.5	0.0069476	0.02	1	1	0.8	2	0.058957	1.483	15	2	0.058957	1.483	15	2	0.058957	1.483	15	2	0.058957	1.483	15	0	2	0.058957	1.483	15	2	0.058957	1.483	15	2	0.058957	1.483	15	2	0.058957	1.483	15	0	0.2647	0.2647	0.2647	0.2647	0.2647	0.2647	0.2647	0.2647	0.2647	0.2647	0.2647	0.2647	0.2647	0.2647	0.2647	0.2647	0.2647
10000	8.5124	1	0.01	1	1	0.94849	1.3704	0.68316	4.2195	5.6627	1.3704	0.68316	4.2195	5.6627	1.3704	0.68316	4.2195	5.6627	1.3704	0.68316	4.2195	5.6627	0	0.38322	0.19103	1.1799	1.5835	0.38322	0.19103	1.1799	1.5835	0.38322	0.19103	1.1799	1.5835	0.38322	0.19103	1.1799	1.5835	0	0.061853	0.061853	0.061853	0.061853	0.061853	0.061853	0.061853	0.061853	0.061853	0.061853	0.061853	0.061853	0.061853	0.061853	0.061853	0.061853	0.061853
10000	7.5053	0.001	0.01	1	1	-0.95319	0.34971	0.62463	3.374	14.985	0.34971	0.62463	3.374	14.985	0.34971	0.62463	3.374	14.985	0.34971	0.62463	3.374	14.985	0	0.50289	0.89822	4.8518	21.549	0.50289	0.89822	4.8518	21.549	0.50289	0.89822	4.8518	21.549	0.50289	0.89822	4.8518	21.549	0	0.33411	0.33411	0.33411	0.33411	0.33411	0.33411	0.33411	0.33411	0.33411	0.33411	0.33411	0.33411	0.33411	0.33411	0.33411	0.33411	0.33411
10000	7.9637	1	0.023515	1	1	0.6178	1.2962	0.27352	4.5731	21.952	1.2962	0.27352	4.5731	21.952	1.2962	0.27352	4.5731	21.952	1.2962	0.27352	4.5731	21.952	0	0.46665	0.098469	1.6463	7.9027	0.46665	0.098469	1.6463	7.9027	0.46665	0.098469	1.6463	7.9027	0.46665	0.098469	1.6463	7.9027	0	0.10242	0.10242	0.10242	0.10242	0.10242	0.10242	0.10242	0.10242	0.10242	0.10242	0.10242	0.10242	0.10242	0.10242	0.10242	0.10242	0.10242
10000	10	0.99999	0.019691	1	1	0.67433	1	0.4	3.3333	15	1	0.4	3.3333	15	1	0.4	3.3333	15	1	0.4	3.3333	15	0	0.46645	0.18658	1.5548	6.9968	0.46645	0.18658	1.5548	6.9968	0.46645	0.18658	1.5548	6.9968	0.46645	0.18658	1.5548	6.9968	0	0.2	0.2	0.2	0.2	0.2	0.2	0.2	0.2	0.2	0.2	0.2	0.2	0.2	0.2	0.2	0.2	0.2
10000	8.0902	0.011303	0.01	1	1	0.26297	-9	0.083286	0.62873	15	-9	0.083286	0.62873	15	-9	0.083286	0.62873	15	-9	0.083286	0.62873	15	0	-18	0.16657	1.2575	30	-18	0.16657	1.2575	30	-18	0.16657	1.2575	30	-18	0.16657	1.2575	30	0	0.23217	0.23217	0.23217	0.23217	0.23217	0.23217	0.23217	0.23217	0.23217	0.23217	0.23217	0.23217	0.23217	0.23217	0.23217	0.23217	0.23217
10000	3.7522	0.001	0.02	1	1	0.8	1	0.3	3.5	15	1	0.3	3.5	15	1	0.3	3.5	15	1	0.3	3.5	15	0	0.5	0.15	1.75	7.5	0.5	0.15	1.75	7.5	0.5	0.15	1.75	7.5	0.5	0.15	1.75	7.5	0	0.2	0.2	0.2	0.2	0.2	0.2	0.2	0.2	0.2	0.2	0.2	0.2	0.2	0.2	0.2	0.2	0.2
10000	9.9999	0.0036667	0.02	1	1	-1.9647	1.3333	0.6	2.5	15	1.3333	0.6	2.5	15	1.3333	0.6	2.5	15	1.3333	0.6	2.5	15	0	1.3333	0.6	2.5	15	1.3333	0.6	2.5	15	1.3333	0.6	2.5	15	1.3333	0.6	2.5	15	0	0.26035	0.26035	0.26035	0.26035	0.26035	0.26035	0.26035	0.26035	0.26035	0.26035	0.26035	0.26035	0.26035	0.26035	0.26035	0.26035	0.26035
10000	0.1	1	0.023597	1	1	0.27268	1.1827	0.54123	3.6414	16.439	1.1827	0.54123	3.6414	16.439	1.1827	0.54123	3.6414	16.439	1.1827	0.54123	3.6414	16.439	0	0.64913	0.29705	1.9986	9.0223	0.64913	0.29705	1.9986	9.0223	0.64913	0.29705	1.9986	9.0223	0.64913	0.29705	1.9986	9.0223	0	0.30855	0.30855	0.30855	0.30855	0.30855	0.30855	0.30855	0.30855	0.30855	0.30855	0.30855	0.30855	0.30855	0.30855	0.30855	0.30855	0.30855
10000	6.1479	0.00175	0.013194	1	1	1.2125	0.057553	0.59792	1.6979	18.667	0.057553	0.59792	1.6979	18.667	0.057553	0.59792	1.6979	18.667	0.057553	0.59792	1.6979	18.667	0	0.056189	0.58374	1.6577	18.224	0.056189	0.58374	1.6577	18.224	0.056189	0.58374	1.6577	18.224	0.056189	0.58374	1.6577	18.224	0	0.21297	0.21297	0.21297	0.21297	0.21297	0.21297	0.21297	0.21297	0.21297	0.21297	0.21297	0.21297	0.21297	0.21297	0.21297	0.21297	0.21297
10000	2.8954	0.0038922	0.014815	1	1	-0.41614	1.2407	0.23795	3.2883	14.637	1.2407	0.23795	3.2883	14.637	1.2407	0.23795	3.2883	14.637	1.2407	0.23795	3.2883	14.637	0	1.1014	0.21123	2.919	12.993	1.1014	0.21123	2.919	12.993	1.1014	0.21123	2.919	12.993	1.1014	0.21123	2.919	12.993	0	0.30995	0.30995	0.30995	0.30995	0.30995	0.30995	0.30995	0.30995	0.30995	0.30995	0.30995	0.30995	0.30995	0.30995	0.30995	0.30995	0.30995
10000	3.3813	1	0.02013	1	1	0.38812	0.85029	0.60422	2.4887	19.948	0.85029	0.60422	2.4887	19.948	0.85029	0.60422	2.4887	19.948	0.85029	0.60422	2.4887	19.948	0	0.65369	0.46451	1.9132	15.336	0.65369	0.46451	1.9132	15.336	0.65369	0.46451	1.9132	15.336	0.65369	0.46451	1.9132	15.336	0	0.2026	0.2026	0.2026	0.2026	0.2026	0.2026	0.2026	0.2026	0.2026	0.2026	0.2026	0.2026	0.2026	0.2026	0.2026	0.2026	0.2026
10000	10	0.0078889	0.011481	1	1	-0.15219	-0.81448	0.30002	-9.2803	16.667	-0.81448	0.30002	-9.2803	16.667	-0.81448	0.30002	-9.2803	16.667	-0.81448	0.30002	-9.2803	16.667	0	-0.95021	0.35002	-10.827	19.444	-0.95021	0.35002	-10.827	19.444	-0.95021	0.35002	-10.827	19.444	-0.95021	0.35002	-10.827	19.444	0	0.25275	0.25275	0.25275	0.25275	0.25275	0.25275	0.25275	0.25275	0.25275	0.25275	0.25275	0.25275	0.25275	0.25275	0.25275	0.25275	0.25275
10000	5.7825	0.001	0.022872	1	1	0.67077	1.1436	0.39333	2.7513	13.851	1.1436	0.39333	2.7513	13.851	1.1436	0.39333	2.7513	13.851	1.1436	0.39333	2.7513	13.851	0	1.0924	0.37574	2.6282	13.232	1.0924	0.37574	2.6282	13.232	1.0924	0.37574	2.6282	13.232	1.0924	0.37574	2.6282	13.232	0	0.24851	0.24851	0.24851	0.24851	0.24851	0.24851	0.24851	0.24851	0.24851	0.24851	0.24851	0.24851	0.24851	0.24851	0.24851	0.24851	0.24851
10000	0.10278	0.21365	0.017795	1	1	0.84473	1.2531	0.038661	1.7963	7.6672	1.2531	0.038661	1.7963	7.6672	1.2531	0.038661	1.7963	7.6672	1.2531	0.038661	1.7963	7.6672	0	5.0125	0.15464	7.1852	30.669	5.0125	0.15464	7.1852	30.669	5.0125	0.15464	7.1852	30.669	5.0125	0.15464	7.1852	30.669	0	0.094444	0.094444	0.094444	0.094444	0.094444	0.094444	0.094444	0.094444	0.094444	0.094444	0.094444	0.094444	0.094444	0.094444	0.094444	0.094444	0.094444
10000	2.3722	0.99999	0.020061	1	1	0.61903	0.88807	0.70767	4.9831	19.948	0.88807	0.70767	4.9831	19.948	0.88807	0.70767	4.9831	19.948	0.88807	0.70767	4.9831	19.948	0	0.38961	0.31047	2.1862	8.7517	0.38961	0.31047	2.1862	8.7517	0.38961	0.31047	2.1862	8.7517	0.38961	0.31047	2.1862	8.7517	0	0.20193	0.20193	0.20193	0.20193	0.20193	0.20193	0.20193	0.20193	0.20193	0.20193	0.20193	0.20193	0.20193	0.20193	0.20193	0.20193	0.20193
10000	0.1	1	0.020586	1	1	-0.034709	2.1521	1.1902	5.6975	12.057	2.1521	1.1902	5.6975	12.057	2.1521	1.1902	5.6975	12.057	2.1521	1.1902	5.6975	12.057	0	1.0074	0.55711	2.667	5.6438	1.0074	0.55711	2.667	5.6438	1.0074	0.55711	2.667	5.6438	1.0074	0.55711	2.667	5.6438	0	0.36513	0.36513	0.36513	0.36513	0.36513	0.36513	0.36513	0.36513	0.36513	0.36513	0.36513	0.36513	0.36513	0.36513	0.36513	0.36513	0.36513
10000	6.0895	0.001	0.01	1	1	0	1.0243	0.33874	2.6043	13.468	1.0243	0.33874	2.6043	13.468	1.0243	0.33874	2.6043	13.468	1.0243	0.33874	2.6043	13.468	0	0.25608	0.084685	0.65108	3.3671	0.25608	0.084685	0.65108	3.3671	0.25608	0.084685	0.65108	3.3671	0.25608	0.084685	0.65108	3.3671	0	0.21415	0.21415	0.21415	0.21415	0.21415	0.21415	0.21415	0.21415	0.21415	0.21415	0.21415	0.21415	0.21415	0.21415	0.21415	0.21415	0.21415
10000	6.7562	0.0054309	0.017067	1	1	0.9309	-4.2725	0.084728	3.4212	16.164	-4.2725	0.084728	3.4212	16.164	-4.2725	0.084728	3.4212	16.164	-4.2725	0.084728	3.4212	16.164	0	-8.0899	0.16043	6.478	30.605	-8.0899	0.16043	6.478	30.605	-8.0899	0.16043	6.478	30.605	-8.0899	0.16043	6.478	30.605	0	0.070203	0.070203	0.070203	0.070203	0.070203	0.070203	0.070203	0.070203	0.070203	0.070203	0.070203	0.070203	0.070203	0.070203	0.070203	0.070203	0.070203
10000	6.8205	0.016881	0.018847	1	1	-13.52	0.7194	0.29787	0.26783	15.026	0.7194	0.29787	0.26783	15.026	0.7194	0.29787	0.26783	15.026	0.7194	0.29787	0.26783	15.026	0	0.76278	0.31583	0.28398	15.932	0.76278	0.31583	0.28398	15.932	0.76278	0.31583	0.28398	15.932	0.76278	0.31583	0.28398	15.932	0	0.20125	0.20125	0.20125	0.20125	0.20125	0.20125	0.20125	0.20125	0.20125	0.20125	0.20125	0.20125	0.20125	0.20125	0.20125	0.20125	0.20125
10000	3	0.001	0.02	1	1	0.8	1.206	0	2.5	15	1.206	0	2.5	15	1.206	0	2.5	15	1.206	0	2.5	15	0	1.4521	0	3.0102	18.061	1.4521	0	3.0102	18.061	1.4521	0	3.0102	18.061	1.4521	0	3.0102	18.061	0	0.2	0.2	0.2	0.2	0.2	0.2	0.2	0.2	0.2	0.2	0.2	0.2	0.2	0.2	0.2	0.2	0.2
10000	10	0.68475	0.010797	1	1	0.078154	1.6975	0.59485	5.6373	1834	1.6975	0.59485	5.6373	1834	1.6975	0.59485	5.6373	1834	1.6975	0.59485	5.6373	1834	0	0.99547	0.34884	3.3059	1075.5	0.99547	0.34884	3.3059	1075.5	0.99547	0.34884	3.3059	1075.5	0.99547	0.34884	3.3059	1075.5	0	0.018572	0.018572	0.018572	0.018572	0.018572	0.018572	0.018572	0.018572	0.018572	0.018572	0.018572	0.018572	0.018572	0.018572	0.018572	0.018572	0.018572
10000	3.975	0.0014355	0.01	1	1	0.35	-2.1151	-0.025	2.125	19	-2.1151	-0.025	2.125	19	-2.1151	-0.025	2.125	19	-2.1151	-0.025	2.125	19	0	-0.52878	-0.00625	0.53125	4.75	-0.52878	-0.00625	0.53125	4.75	-0.52878	-0.00625	0.53125	4.75	-0.52878	-0.00625	0.53125	4.75	0	0.55089	0.55089	0.55089	0.55089	0.55089	0.55089	0.55089	0.55089	0.55089	0.55089	0.55089	0.55089	0.55089	0.55089	0.55089	0.55089	0.55089
10000	6.3472	0.005349	0.026358	1	1	0.17973	-2.293	0.74797	-23.706	-32.313	-2.293	0.74797	-23.706	-32.313	-2.293	0.74797	-23.706	-32.313	-2.293	0.74797	-23.706	-32.313	0	-3.6758	1.199	-38.002	-51.799	-3.6758	1.199	-38.002	-51.799	-3.6758	1.199	-38.002	-51.799	-3.6758	1.199	-38.002	-51.799	0	0.16652	0.16652	0.16652	0.16652	0.16652	0.16652	0.16652	0.16652	0.16652	0.16652	0.16652	0.16652	0.16652	0.16652	0.16652	0.16652	0.16652
10000	3.8638	0.001	0.01	1	1	-7.1714	0.96826	0.015871	0.87132	14.746	0.96826	0.015871	0.87132	14.746	0.96826	0.015871	0.87132	14.746	0.96826	0.015871	0.87132	14.746	0	0.41368	0.006781	0.37227	6.3002	0.41368	0.006781	0.37227	6.3002	0.41368	0.006781	0.37227	6.3002	0.41368	0.006781	0.37227	6.3002	0	0.070555	0.070555	0.070555	0.070555	0.070555	0.070555	0.070555	0.070555	0.070555	0.070555	0.070555	0.070555	0.070555	0.070555	0.070555	0.070555	0.070555
10000	4.7552	0.0075381	0.014139	1	1	-5.1226	-13.604	-4.7423	2.73	14.336	-13.604	-4.7423	2.73	14.336	-13.604	-4.7423	2.73	14.336	-13.604	-4.7423	2.73	14.336	0	-7.3671	-2.5682	1.4784	7.7636	-7.3671	-2.5682	1.4784	7.7636	-7.3671	-2.5682	1.4784	7.7636	-7.3671	-2.5682	1.4784	7.7636	0	0.23323	0.23323	0.23323	0.23323	0.23323	0.23323	0.23323	0.23323	0.23323	0.23323	0.23323	0.23323	0.23323	0.23323	0.23323	0.23323	0.23323
10000	3	1	0.011259	1	1	0.8	1	0.4	5	1005	1	0.4	5	1005	1	0.4	5	1005	1	0.4	5	1005	0	0.52275	0.2091	2.6137	525.37	0.52275	0.2091	2.6137	525.37	0.52275	0.2091	2.6137	525.37	0.52275	0.2091	2.6137	525.37	0	0.2	0.2	0.2	0.2	0.2	0.2	0.2	0.2	0.2	0.2	0.2	0.2	0.2	0.2	0.2	0.2	0.2
10000	5.8604	0.010932	0.01	1	1	0.46342	-0.37274	0.76042	3.0104	19.417	-0.37274	0.76042	3.0104	19.417	-0.37274	0.76042	3.0104	19.417	-0.37274	0.76042	3.0104	19.417	0	-0.6541	1.3344	5.2829	34.073	-0.6541	1.3344	5.2829	34.073	-0.6541	1.3344	5.2829	34.073	-0.6541	1.3344	5.2829	34.073	0	0.068038	0.068038	0.068038	0.068038	0.068038	0.068038	0.068038	0.068038	0.068038	0.068038	0.068038	0.068038	0.068038	0.068038	0.068038	0.068038	0.068038
10000	3.55	0.01	0.01	1	1	1.3206	0.032708	0.3	-22.5	15	0.032708	0.3	-22.5	15	0.032708	0.3	-22.5	15	0.032708	0.3	-22.5	15	0	0.056701	0.52007	-39.005	26.003	0.056701	0.52007	-39.005	26.003	0.056701	0.52007	-39.005	26.003	0.056701	0.52007	-39.005	26.003	0	0.2	0.2	0.2	0.2	0.2	0.2	0.2	0.2	0.2	0.2	0.2	0.2	0.2	0.2	0.2	0.2	0.2
10000	10	0.014416	1	1	1	0.8	1	0.23076	2.5	15	1	0.23076	2.5	15	1	0.23076	2.5	15	1	0.23076	2.5	15	0	0.5	0.11538	1.25	7.5	0.5	0.11538	1.25	7.5	0.5	0.11538	1.25	7.5	0.5	0.11538	1.25	7.5	0	0.3	0.3	0.3	0.3	0.3	0.3	0.3	0.3	0.3	0.3	0.3	0.3	0.3	0.3	0.3	0.3	0.3
10000	3.7409	0.001	0.014962	1	1	0.34792	-0.09325	0.17796	1.621	10.981	-0.09325	0.17796	1.621	10.981	-0.09325	0.17796	1.621	10.981	-0.09325	0.17796	1.621	10.981	0	-0.08846	0.16881	1.5377	10.417	-0.08846	0.16881	1.5377	10.417	-0.08846	0.16881	1.5377	10.417	-0.08846	0.16881	1.5377	10.417	0	0	0	0	0	0	0	0	0	0	0	0	0	0	0	0	0	0
10000	0.1	0.01	0.02	1	1	0.8	-8.9999	0.3	2.5	15	-8.9999	0.3	2.5	15	-8.9999	0.3	2.5	15	-8.9999	0.3	2.5	15	0	-8.9999	0.3	2.5	15	-8.9999	0.3	2.5	15	-8.9999	0.3	2.5	15	-8.9999	0.3	2.5	15	0	0.2	0.2	0.2	0.2	0.2	0.2	0.2	0.2	0.2	0.2	0.2	0.2	0.2	0.2	0.2	0.2	0.2
10000	8.1999	0.21	1	1	1	0.8	1	0.3	2.5	15	1	0.3	2.5	15	1	0.3	2.5	15	1	0.3	2.5	15	0	2	0.6	5	30	2	0.6	5	30	2	0.6	5	30	2	0.6	5	30	0	0.3059	0.3059	0.3059	0.3059	0.3059	0.3059	0.3059	0.3059	0.3059	0.3059	0.3059	0.3059	0.3059	0.3059	0.3059	0.3059	0.3059
10000	4.0225	0.001	0.01	1	1	0.011869	0.21939	0.39429	1.7253	10.815	0.21939	0.39429	1.7253	10.815	0.21939	0.39429	1.7253	10.815	0.21939	0.39429	1.7253	10.815	0	0.39705	0.7136	3.1225	19.572	0.39705	0.7136	3.1225	19.572	0.39705	0.7136	3.1225	19.572	0.39705	0.7136	3.1225	19.572	0	0	0	0	0	0	0	0	0	0	0	0	0	0	0	0	0	0
10000	6.6314	0.001	0.016667	1	1	-1.8667	1	0.3	2.5	-34.27	1	0.3	2.5	-34.27	1	0.3	2.5	-34.27	1	0.3	2.5	-34.27	0	1	0.3	2.5	-34.27	1	0.3	2.5	-34.27	1	0.3	2.5	-34.27	1	0.3	2.5	-34.27	0	0.092206	0.092206	0.092206	0.092206	0.092206	0.092206	0.092206	0.092206	0.092206	0.092206	0.092206	0.092206	0.092206	0.092206	0.092206	0.092206	0.092206
10000	1.8677	1	0.01	1	1	0.41532	1.4193	0.77745	4.5601	25.354	1.4193	0.77745	4.5601	25.354	1.4193	0.77745	4.5601	25.354	1.4193	0.77745	4.5601	25.354	0	0.84592	0.46336	2.7178	15.111	0.84592	0.46336	2.7178	15.111	0.84592	0.46336	2.7178	15.111	0.84592	0.46336	2.7178	15.111	0	0.2802	0.2802	0.2802	0.2802	0.2802	0.2802	0.2802	0.2802	0.2802	0.2802	0.2802	0.2802	0.2802	0.2802	0.2802	0.2802	0.2802
10000	10	0.011176	0.01	1	1	0.58227	-5.5573	0.33447	-17.789	-139	-5.5573	0.33447	-17.789	-139	-5.5573	0.33447	-17.789	-139	-5.5573	0.33447	-17.789	-139	0	-3.2307	0.19444	-10.341	-80.806	-3.2307	0.19444	-10.341	-80.806	-3.2307	0.19444	-10.341	-80.806	-3.2307	0.19444	-10.341	-80.806	0	0	0	0	0	0	0	0	0	0	0	0	0	0	0	0	0	0
10000	1.7749	0.010042	0.020044	1	1	-95.202	-119	0.13417	-3.3394	15.021	-119	0.13417	-3.3394	15.021	-119	0.13417	-3.3394	15.021	-119	0.13417	-3.3394	15.021	0	-132.55	0.14945	-3.7197	16.732	-132.55	0.14945	-3.7197	16.732	-132.55	0.14945	-3.7197	16.732	-132.55	0.14945	-3.7197	16.732	0	0.16753	0.16753	0.16753	0.16753	0.16753	0.16753	0.16753	0.16753	0.16753	0.16753	0.16753	0.16753	0.16753	0.16753	0.16753	0.16753	0.16753
10000	4.2873	0.01	0.01653	1	1	-6	0.46398	0.43333	2.5	15.025	0.46398	0.43333	2.5	15.025	0.46398	0.43333	2.5	15.025	0.46398	0.43333	2.5	15.025	0	0.48975	0.45741	2.6389	15.859	0.48975	0.45741	2.6389	15.859	0.48975	0.45741	2.6389	15.859	0.48975	0.45741	2.6389	15.859	0	1	1	1	1	1	1	1	1	1	1	1	1	1	1	1	1	1
10000	2.577	1	0.02	1	1	0.58901	0.8	0.4	2.8963	53.889	0.8	0.4	2.8963	53.889	0.8	0.4	2.8963	53.889	0.8	0.4	2.8963	53.889	0	0.52568	0.26284	1.9031	35.41	0.52568	0.26284	1.9031	35.41	0.52568	0.26284	1.9031	35.41	0.52568	0.26284	1.9031	35.41	0	0.2	0.2	0.2	0.2	0.2	0.2	0.2	0.2	0.2	0.2	0.2	0.2	0.2	0.2	0.2	0.2	0.2
10000	2.2912	0.001	0.01	1	1	0.88889	1	-2.7	-1.5992	3.8769	1	-2.7	-1.5992	3.8769	1	-2.7	-1.5992	3.8769	1	-2.7	-1.5992	3.8769	0	0.92945	-2.5095	-1.4863	3.6034	0.92945	-2.5095	-1.4863	3.6034	0.92945	-2.5095	-1.4863	3.6034	0.92945	-2.5095	-1.4863	3.6034	0	0.2	0.2	0.2	0.2	0.2	0.2	0.2	0.2	0.2	0.2	0.2	0.2	0.2	0.2	0.2	0.2	0.2
10000	3.7559	0.001	0.01	1	1	0.17436	-58.367	0.32721	1.625	11	-58.367	0.32721	1.625	11	-58.367	0.32721	1.625	11	-58.367	0.32721	1.625	11	0	-170.05	0.95332	4.7344	32.049	-170.05	0.95332	4.7344	32.049	-170.05	0.95332	4.7344	32.049	-170.05	0.95332	4.7344	32.049	0	0.1	0.1	0.1	0.1	0.1	0.1	0.1	0.1	0.1	0.1	0.1	0.1	0.1	0.1	0.1	0.1	0.1
10000	2.4569	0.0062361	0.01	1	1	0.41222	-2.0712	0.57292	2.5729	2.637	-2.0712	0.57292	2.5729	2.637	-2.0712	0.57292	2.5729	2.637	-2.0712	0.57292	2.5729	2.637	0	-2.1084	0.58319	2.6191	2.6843	-2.1084	0.58319	2.6191	2.6843	-2.1084	0.58319	2.6191	2.6843	-2.1084	0.58319	2.6191	2.6843	0	0.20463	0.20463	0.20463	0.20463	0.20463	0.20463	0.20463	0.20463	0.20463	0.20463	0.20463	0.20463	0.20463	0.20463	0.20463	0.20463	0.20463
10000	4.7911	0.001	0.01	1	1	1.25	0.5	0.625	3.375	19	0.5	0.625	3.375	19	0.5	0.625	3.375	19	0.5	0.625	3.375	19	0	1.7448	2.181	11.777	66.301	1.7448	2.181	11.777	66.301	1.7448	2.181	11.777	66.301	1.7448	2.181	11.777	66.301	0	1	1	1	1	1	1	1	1	1	1	1	1	1	1	1	1	1
10000	6.3245	0.0079654	0.01658	1	1	1.4461	0.17716	0.18885	-22.799	13.632	0.17716	0.18885	-22.799	13.632	0.17716	0.18885	-22.799	13.632	0.17716	0.18885	-22.799	13.632	0	0.13345	0.14225	-17.174	10.268	0.13345	0.14225	-17.174	10.268	0.13345	0.14225	-17.174	10.268	0.13345	0.14225	-17.174	10.268	0	0.17377	0.17377	0.17377	0.17377	0.17377	0.17377	0.17377	0.17377	0.17377	0.17377	0.17377	0.17377	0.17377	0.17377	0.17377	0.17377	0.17377
10000	1.63	0.001	0.01	1	1	-2.5833	0.62007	0.625	1.6375	11	0.62007	0.625	1.6375	11	0.62007	0.625	1.6375	11	0.62007	0.625	1.6375	11	0	0.80802	0.81443	2.1338	14.334	0.80802	0.81443	2.1338	14.334	0.80802	0.81443	2.1338	14.334	0.80802	0.81443	2.1338	14.334	0	0.23991	0.23991	0.23991	0.23991	0.23991	0.23991	0.23991	0.23991	0.23991	0.23991	0.23991	0.23991	0.23991	0.23991	0.23991	0.23991	0.23991
10000	5.1374	0.001	0.01	1	1	0.55423	-15.086	0.75594	2.8963	13.202	-15.086	0.75594	2.8963	13.202	-15.086	0.75594	2.8963	13.202	-15.086	0.75594	2.8963	13.202	0	-17.436	0.87367	3.3474	15.258	-17.436	0.87367	3.3474	15.258	-17.436	0.87367	3.3474	15.258	-17.436	0.87367	3.3474	15.258	0	0	0	0	0	0	0	0	0	0	0	0	0	0	0	0	0	0
10000	10	0.005	0.01	1	1	0.15147	-119	0.6	2.5	30	-119	0.6	2.5	30	-119	0.6	2.5	30	-119	0.6	2.5	30	0	-119	0.6	2.5	30	-119	0.6	2.5	30	-119	0.6	2.5	30	-119	0.6	2.5	30	0	0.2	0.2	0.2	0.2	0.2	0.2	0.2	0.2	0.2	0.2	0.2	0.2	0.2	0.2	0.2	0.2	0.2
10000	0.50981	0.99999	0.027386	1	1	0.83039	1.0958	0.41639	5.6688	25.846	1.0958	0.41639	5.6688	25.846	1.0958	0.41639	5.6688	25.846	1.0958	0.41639	5.6688	25.846	0	0.56338	0.21408	2.9145	13.288	0.56338	0.21408	2.9145	13.288	0.56338	0.21408	2.9145	13.288	0.56338	0.21408	2.9145	13.288	0	0.18669	0.18669	0.18669	0.18669	0.18669	0.18669	0.18669	0.18669	0.18669	0.18669	0.18669	0.18669	0.18669	0.18669	0.18669	0.18669	0.18669
10000	9.8473	0.022333	0.01	1	1	-30.75	2.564	0.18333	1.4797	34	2.564	0.18333	1.4797	34	2.564	0.18333	1.4797	34	2.564	0.18333	1.4797	34	0	1.7753	0.12694	1.0245	23.541	1.7753	0.12694	1.0245	23.541	1.7753	0.12694	1.0245	23.541	1.7753	0.12694	1.0245	23.541	0	0.99999	0.99999	0.99999	0.99999	0.99999	0.99999	0.99999	0.99999	0.99999	0.99999	0.99999	0.99999	0.99999	0.99999	0.99999	0.99999	0.99999
10000	6.3162	0.50996	0.029778	1	1	0.73903	0.72116	0.50202	2.2253	9.1368	0.72116	0.50202	2.2253	9.1368	0.72116	0.50202	2.2253	9.1368	0.72116	0.50202	2.2253	9.1368	0	0.82256	0.57261	2.5382	10.421	0.82256	0.57261	2.5382	10.421	0.82256	0.57261	2.5382	10.421	0.82256	0.57261	2.5382	10.421	0	0.13587	0.13587	0.13587	0.13587	0.13587	0.13587	0.13587	0.13587	0.13587	0.13587	0.13587	0.13587	0.13587	0.13587	0.13587	0.13587	0.13587
10000	2.19	0.001	0.016147	1	1	0.34375	-4.2339	0.62951	2.9537	11.002	-4.2339	0.62951	2.9537	11.002	-4.2339	0.62951	2.9537	11.002	-4.2339	0.62951	2.9537	11.002	0	-6.3141	0.93879	4.4048	16.408	-6.3141	0.93879	4.4048	16.408	-6.3141	0.93879	4.4048	16.408	-6.3141	0.93879	4.4048	16.408	0	0.088272	0.088272	0.088272	0.088272	0.088272	0.088272	0.088272	0.088272	0.088272	0.088272	0.088272	0.088272	0.088272	0.088272	0.088272	0.088272	0.088272
10000	2.4578	0.001	0.01	1	1	1.6	1	0.43333	-9.094	15	1	0.43333	-9.094	15	1	0.43333	-9.094	15	1	0.43333	-9.094	15	0	1.3333	0.57778	-12.125	20	1.3333	0.57778	-12.125	20	1.3333	0.57778	-12.125	20	1.3333	0.57778	-12.125	20	0	0.71158	0.71158	0.71158	0.71158	0.71158	0.71158	0.71158	0.71158	0.71158	0.71158	0.71158	0.71158	0.71158	0.71158	0.71158	0.71158	0.71158
10000	0.1	0.79644	0.03701	1	1	1.5655	0.39094	-0.0065795	3.5879	29.834	0.39094	-0.0065795	3.5879	29.834	0.39094	-0.0065795	3.5879	29.834	0.39094	-0.0065795	3.5879	29.834	0	0.097736	-0.0016449	0.89698	7.4585	0.097736	-0.0016449	0.89698	7.4585	0.097736	-0.0016449	0.89698	7.4585	0.097736	-0.0016449	0.89698	7.4585	0	0.60452	0.60452	0.60452	0.60452	0.60452	0.60452	0.60452	0.60452	0.60452	0.60452	0.60452	0.60452	0.60452	0.60452	0.60452	0.60452	0.60452
10000	10	0.011902	1	1	1	-7.9764	1.8628	0.86078	0.9902	21.902	1.8628	0.86078	0.9902	21.902	1.8628	0.86078	0.9902	21.902	1.8628	0.86078	0.9902	21.902	0	2.8129	1.2998	1.4953	33.074	2.8129	1.2998	1.4953	33.074	2.8129	1.2998	1.4953	33.074	2.8129	1.2998	1.4953	33.074	0	0.5451	0.5451	0.5451	0.5451	0.5451	0.5451	0.5451	0.5451	0.5451	0.5451	0.5451	0.5451	0.5451	0.5451	0.5451	0.5451	0.5451
10000	5.6894	0.8883	0.043803	1	1	0.56921	1.1839	0.50015	3.2276	13.131	1.1839	0.50015	3.2276	13.131	1.1839	0.50015	3.2276	13.131	1.1839	0.50015	3.2276	13.131	0	0.29598	0.12504	0.80691	3.2827	0.29598	0.12504	0.80691	3.2827	0.29598	0.12504	0.80691	3.2827	0.29598	0.12504	0.80691	3.2827	0	0	0	0	0	0	0	0	0	0	0	0	0	0	0	0	0	0
10000	3	0.99999	0.02	1	1	0.8	0.75965	0.3	2.5	15	0.75965	0.3	2.5	15	0.75965	0.3	2.5	15	0.75965	0.3	2.5	15	0	0.75965	0.3	2.5	15	0.75965	0.3	2.5	15	0.75965	0.3	2.5	15	0.75965	0.3	2.5	15	0	0.2	0.2	0.2	0.2	0.2	0.2	0.2	0.2	0.2	0.2	0.2	0.2	0.2	0.2	0.2	0.2	0.2
10000	3.443	0.001	0.01	1	1	0.86158	-5.7419	-0.043667	4.3939	10.496	-5.7419	-0.043667	4.3939	10.496	-5.7419	-0.043667	4.3939	10.496	-5.7419	-0.043667	4.3939	10.496	0	-9.6799	-0.073616	7.4075	17.695	-9.6799	-0.073616	7.4075	17.695	-9.6799	-0.073616	7.4075	17.695	-9.6799	-0.073616	7.4075	17.695	0	0.13376	0.13376	0.13376	0.13376	0.13376	0.13376	0.13376	0.13376	0.13376	0.13376	0.13376	0.13376	0.13376	0.13376	0.13376	0.13376	0.13376
10000	5	0.01	0.02	1	1	0.30478	2	0.1908	1.1006	-60	2	0.1908	1.1006	-60	2	0.1908	1.1006	-60	2	0.1908	1.1006	-60	0	2	0.1908	1.1006	-60	2	0.1908	1.1006	-60	2	0.1908	1.1006	-60	2	0.1908	1.1006	-60	0	0	0	0	0	0	0	0	0	0	0	0	0	0	0	0	0	0
10000	5.6366	1	0.02	1	1	0.8	0.82048	0.3	2.5	20	0.82048	0.3	2.5	20	0.82048	0.3	2.5	20	0.82048	0.3	2.5	20	0	0.82048	0.3	2.5	20	0.82048	0.3	2.5	20	0.82048	0.3	2.5	20	0.82048	0.3	2.5	20	0	0.34505	0.34505	0.34505	0.34505	0.34505	0.34505	0.34505	0.34505	0.34505	0.34505	0.34505	0.34505	0.34505	0.34505	0.34505	0.34505	0.34505
10000	10	0.0010004	0.01	1	1	1.2499	0.80948	-0.024989	5.8753	18.999	0.80948	-0.024989	5.8753	18.999	0.80948	-0.024989	5.8753	18.999	0.80948	-0.024989	5.8753	18.999	0	0.38543	-0.011899	2.7975	9.0463	0.38543	-0.011899	2.7975	9.0463	0.38543	-0.011899	2.7975	9.0463	0.38543	-0.011899	2.7975	9.0463	0	1	1	1	1	1	1	1	1	1	1	1	1	1	1	1	1	1
10000	8.4699	0.005	0.01	1	1	1	-9.7642	-1	5	15	-9.7642	-1	5	15	-9.7642	-1	5	15	-9.7642	-1	5	15	0	-17.936	-1.8369	9.1845	27.554	-17.936	-1.8369	9.1845	27.554	-17.936	-1.8369	9.1845	27.554	-17.936	-1.8369	9.1845	27.554	0	0.21728	0.21728	0.21728	0.21728	0.21728	0.21728	0.21728	0.21728	0.21728	0.21728	0.21728	0.21728	0.21728	0.21728	0.21728	0.21728	0.21728
10000	4.3245	0.51472	0.022303	1	1	1.0061	1.229	0.44884	1.6815	20.832	1.229	0.44884	1.6815	20.832	1.229	0.44884	1.6815	20.832	1.229	0.44884	1.6815	20.832	0	0.30725	0.11221	0.42038	5.208	0.30725	0.11221	0.42038	5.208	0.30725	0.11221	0.42038	5.208	0.30725	0.11221	0.42038	5.208	0	0.49159	0.49159	0.49159	0.49159	0.49159	0.49159	0.49159	0.49159	0.49159	0.49159	0.49159	0.49159	0.49159	0.49159	0.49159	0.49159	0.49159
10000	0.1	0.001	0.019065	1	1	0.8	0.7795	-1.1557	-1.3679	15	0.7795	-1.1557	-1.3679	15	0.7795	-1.1557	-1.3679	15	0.7795	-1.1557	-1.3679	15	0	0.7795	-1.1557	-1.3679	15	0.7795	-1.1557	-1.3679	15	0.7795	-1.1557	-1.3679	15	0.7795	-1.1557	-1.3679	15	0	0.35285	0.35285	0.35285	0.35285	0.35285	0.35285	0.35285	0.35285	0.35285	0.35285	0.35285	0.35285	0.35285	0.35285	0.35285	0.35285	0.35285
10000	0.1	0.99999	0.01	1	1	0.8	1	0.3	3.5	15	1	0.3	3.5	15	1	0.3	3.5	15	1	0.3	3.5	15	0	0.5	0.15	1.75	7.5	0.5	0.15	1.75	7.5	0.5	0.15	1.75	7.5	0.5	0.15	1.75	7.5	0	0	0	0	0	0	0	0	0	0	0	0	0	0	0	0	0	0
10000	4.1189	0.001	0.01	1	1	1	1.5	0.6	2.5	3.0731	1.5	0.6	2.5	3.0731	1.5	0.6	2.5	3.0731	1.5	0.6	2.5	3.0731	0	1.5	0.6	2.5	3.0731	1.5	0.6	2.5	3.0731	1.5	0.6	2.5	3.0731	1.5	0.6	2.5	3.0731	0	0.28481	0.28481	0.28481	0.28481	0.28481	0.28481	0.28481	0.28481	0.28481	0.28481	0.28481	0.28481	0.28481	0.28481	0.28481	0.28481	0.28481
10000	9.9999	1	0.01572	1	1	0.63296	1.1858	0.24337	3.4353	16.486	1.1858	0.24337	3.4353	16.486	1.1858	0.24337	3.4353	16.486	1.1858	0.24337	3.4353	16.486	0	0.61789	0.12682	1.7901	8.5907	0.61789	0.12682	1.7901	8.5907	0.61789	0.12682	1.7901	8.5907	0.61789	0.12682	1.7901	8.5907	0	0.20153	0.20153	0.20153	0.20153	0.20153	0.20153	0.20153	0.20153	0.20153	0.20153	0.20153	0.20153	0.20153	0.20153	0.20153	0.20153	0.20153
10000	9.9999	1	0.012949	1	1	0.79149	0.96703	0.35055	4.342	40.817	0.96703	0.35055	4.342	40.817	0.96703	0.35055	4.342	40.817	0.96703	0.35055	4.342	40.817	0	0.47689	0.17287	2.1412	20.129	0.47689	0.17287	2.1412	20.129	0.47689	0.17287	2.1412	20.129	0.47689	0.17287	2.1412	20.129	0	0	0	0	0	0	0	0	0	0	0	0	0	0	0	0	0	0
10000	3	0.001	0.018832	1	1	0.8	1	0.3	2.5	10	1	0.3	2.5	10	1	0.3	2.5	10	1	0.3	2.5	10	0	0.25	0.075	0.625	2.5	0.25	0.075	0.625	2.5	0.25	0.075	0.625	2.5	0.25	0.075	0.625	2.5	0	0.15741	0.15741	0.15741	0.15741	0.15741	0.15741	0.15741	0.15741	0.15741	0.15741	0.15741	0.15741	0.15741	0.15741	0.15741	0.15741	0.15741
10000	10	1	0.01816	1	1	0.59277	1.9584	1.1666	6.5653	16.508	1.9584	1.1666	6.5653	16.508	1.9584	1.1666	6.5653	16.508	1.9584	1.1666	6.5653	16.508	0	0.48961	0.29165	1.6413	4.1269	0.48961	0.29165	1.6413	4.1269	0.48961	0.29165	1.6413	4.1269	0.48961	0.29165	1.6413	4.1269	0	0.060181	0.060181	0.060181	0.060181	0.060181	0.060181	0.060181	0.060181	0.060181	0.060181	0.060181	0.060181	0.060181	0.060181	0.060181	0.060181	0.060181
10000	7.5241	0.019326	0.017346	1	1	-50.974	0.72639	0.38625	-22.268	16.061	0.72639	0.38625	-22.268	16.061	0.72639	0.38625	-22.268	16.061	0.72639	0.38625	-22.268	16.061	0	0.81073	0.43109	-24.853	17.926	0.81073	0.43109	-24.853	17.926	0.81073	0.43109	-24.853	17.926	0.81073	0.43109	-24.853	17.926	0	0.14692	0.14692	0.14692	0.14692	0.14692	0.14692	0.14692	0.14692	0.14692	0.14692	0.14692	0.14692	0.14692	0.14692	0.14692	0.14692	0.14692
10000	10	0.0095837	0.014062	1	1	0.17609	-2.1666	0.40833	-1.0965	2.8839	-2.1666	0.40833	-1.0965	2.8839	-2.1666	0.40833	-1.0965	2.8839	-2.1666	0.40833	-1.0965	2.8839	0	-4.24	0.79909	-2.1458	5.6436	-4.24	0.79909	-2.1458	5.6436	-4.24	0.79909	-2.1458	5.6436	-4.24	0.79909	-2.1458	5.6436	0	0	0	0	0	0	0	0	0	0	0	0	0	0	0	0	0	0
10000	8.664	1	0.018567	1	1	1.322	1.3972	0.17356	4.6596	5.5182	1.3972	0.17356	4.6596	5.5182	1.3972	0.17356	4.6596	5.5182	1.3972	0.17356	4.6596	5.5182	0	0.56127	0.069719	1.8718	2.2167	0.56127	0.069719	1.8718	2.2167	0.56127	0.069719	1.8718	2.2167	0.56127	0.069719	1.8718	2.2167	0	0.063257	0.063257	0.063257	0.063257	0.063257	0.063257	0.063257	0.063257	0.063257	0.063257	0.063257	0.063257	0.063257	0.063257	0.063257	0.063257	0.063257
10000	0.1	1	0.39897	1	1	0.2781	1.4224	-0.40064	7.0316	40.62	1.4224	-0.40064	7.0316	40.62	1.4224	-0.40064	7.0316	40.62	1.4224	-0.40064	7.0316	40.62	0	0.67477	-0.19006	3.3357	19.27	0.67477	-0.19006	3.3357	19.27	0.67477	-0.19006	3.3357	19.27	0.67477	-0.19006	3.3357	19.27	0	0	0	0	0	0	0	0	0	0	0	0	0	0	0	0	0	0
10000	6.3163	0.0096203	0.018914	1	1	0.30805	-13.366	0.17491	2.4219	13.391	-13.366	0.17491	2.4219	13.391	-13.366	0.17491	2.4219	13.391	-13.366	0.17491	2.4219	13.391	0	-14.039	0.18372	2.5438	14.065	-14.039	0.18372	2.5438	14.065	-14.039	0.18372	2.5438	14.065	-14.039	0.18372	2.5438	14.065	0	0.20396	0.20396	0.20396	0.20396	0.20396	0.20396	0.20396	0.20396	0.20396	0.20396	0.20396	0.20396	0.20396	0.20396	0.20396	0.20396	0.20396
10000	8.0931	0.001	0.01	1	1	1.5167	0.5	-0.025	1.625	11	0.5	-0.025	1.625	11	0.5	-0.025	1.625	11	0.5	-0.025	1.625	11	0	1.0669	-0.053345	3.4674	23.472	1.0669	-0.053345	3.4674	23.472	1.0669	-0.053345	3.4674	23.472	1.0669	-0.053345	3.4674	23.472	0	0	0	0	0	0	0	0	0	0	0	0	0	0	0	0	0	0
10000	5.7115	0.026438	0.021891	1	1	0.082839	-3.1555	0.76042	-3.9269	11.479	-3.1555	0.76042	-3.9269	11.479	-3.1555	0.76042	-3.9269	11.479	-3.1555	0.76042	-3.9269	11.479	0	-12.622	3.0417	-15.708	45.916	-12.622	3.0417	-15.708	45.916	-12.622	3.0417	-15.708	45.916	-12.622	3.0417	-15.708	45.916	0	0	0	0	0	0	0	0	0	0	0	0	0	0	0	0	0	0
10000	10	1	0.020161	1	1	0.62933	0.81058	0.42345	5.3315	16.517	0.81058	0.42345	5.3315	16.517	0.81058	0.42345	5.3315	16.517	0.81058	0.42345	5.3315	16.517	0	0.20265	0.10586	1.3329	4.1294	0.20265	0.10586	1.3329	4.1294	0.20265	0.10586	1.3329	4.1294	0.20265	0.10586	1.3329	4.1294	0	0.13511	0.13511	0.13511	0.13511	0.13511	0.13511	0.13511	0.13511	0.13511	0.13511	0.13511	0.13511	0.13511	0.13511	0.13511	0.13511	0.13511
10000	4.453	1	0.017981	1	1	0.16716	1.7682	0.096135	4.6755	-0.41574	1.7682	0.096135	4.6755	-0.41574	1.7682	0.096135	4.6755	-0.41574	1.7682	0.096135	4.6755	-0.41574	0	0.44205	0.024034	1.1689	-0.10393	0.44205	0.024034	1.1689	-0.10393	0.44205	0.024034	1.1689	-0.10393	0.44205	0.024034	1.1689	-0.10393	0	0.56563	0.56563	0.56563	0.56563	0.56563	0.56563	0.56563	0.56563	0.56563	0.56563	0.56563	0.56563	0.56563	0.56563	0.56563	0.56563	0.56563
10000	3.4764	0.001	0.015589	1	1	0.8	0.39784	0.3	5	15	0.39784	0.3	5	15	0.39784	0.3	5	15	0.39784	0.3	5	15	0	0.49611	0.3741	6.235	18.705	0.49611	0.3741	6.235	18.705	0.49611	0.3741	6.235	18.705	0.49611	0.3741	6.235	18.705	0	0.05	0.05	0.05	0.05	0.05	0.05	0.05	0.05	0.05	0.05	0.05	0.05	0.05	0.05	0.05	0.05	0.05
10000	1.5772	0.001	0.017019	1	1	0.77089	1.0323	0.27898	2.4434	15.259	1.0323	0.27898	2.4434	15.259	1.0323	0.27898	2.4434	15.259	1.0323	0.27898	2.4434	15.259	0	1.0616	0.28687	2.5125	15.691	1.0616	0.28687	2.5125	15.691	1.0616	0.28687	2.5125	15.691	1.0616	0.28687	2.5125	15.691	0	0.41891	0.41891	0.41891	0.41891	0.41891	0.41891	0.41891	0.41891	0.41891	0.41891	0.41891	0.41891	0.41891	0.41891	0.41891	0.41891	0.41891
10000	8.2791	0.005	0.01	1	1	0.8	1	0.3	2.5	15	1	0.3	2.5	15	1	0.3	2.5	15	1	0.3	2.5	15	0	1	0.3	2.5	15	1	0.3	2.5	15	1	0.3	2.5	15	1	0.3	2.5	15	0	0.2	0.2	0.2	0.2	0.2	0.2	0.2	0.2	0.2	0.2	0.2	0.2	0.2	0.2	0.2	0.2	0.2
10000	5.6347	0.057357	1	1	1	0.51818	0.28741	0.060881	-6.572	11.623	0.28741	0.060881	-6.572	11.623	0.28741	0.060881	-6.572	11.623	0.28741	0.060881	-6.572	11.623	0	0.27634	0.058536	-6.3188	11.176	0.27634	0.058536	-6.3188	11.176	0.27634	0.058536	-6.3188	11.176	0.27634	0.058536	-6.3188	11.176	0	1	1	1	1	1	1	1	1	1	1	1	1	1	1	1	1	1
10000	2.943	0.0083333	0.01	1	1	8.8803	-4.7122	0.32163	1.4107	15.001	-4.7122	0.32163	1.4107	15.001	-4.7122	0.32163	1.4107	15.001	-4.7122	0.32163	1.4107	15.001	0	-12.343	0.84244	3.6951	39.291	-12.343	0.84244	3.6951	39.291	-12.343	0.84244	3.6951	39.291	-12.343	0.84244	3.6951	39.291	0	0.19504	0.19504	0.19504	0.19504	0.19504	0.19504	0.19504	0.19504	0.19504	0.19504	0.19504	0.19504	0.19504	0.19504	0.19504	0.19504	0.19504
10000	5	0.001	0.01	1	1	1.6	-1.379	0.088448	0.82122	15	-1.379	0.088448	0.82122	15	-1.379	0.088448	0.82122	15	-1.379	0.088448	0.82122	15	0	-0.96393	0.061826	0.57404	10.485	-0.96393	0.061826	0.57404	10.485	-0.96393	0.061826	0.57404	10.485	-0.96393	0.061826	0.57404	10.485	0	0.099999	0.099999	0.099999	0.099999	0.099999	0.099999	0.099999	0.099999	0.099999	0.099999	0.099999	0.099999	0.099999	0.099999	0.099999	0.099999	0.099999
10000	5	0.001	0.01	1	1	0.8	0.8	0.27812	2.6818	15	0.8	0.27812	2.6818	15	0.8	0.27812	2.6818	15	0.8	0.27812	2.6818	15	0	1.6	0.55625	5.3637	30	1.6	0.55625	5.3637	30	1.6	0.55625	5.3637	30	1.6	0.55625	5.3637	30	0	0.2	0.2	0.2	0.2	0.2	0.2	0.2	0.2	0.2	0.2	0.2	0.2	0.2	0.2	0.2	0.2	0.2
10000	4.5	1	0.02	1	1	0.8	1	0.33333	2.5	10	1	0.33333	2.5	10	1	0.33333	2.5	10	1	0.33333	2.5	10	0	0.50667	0.16889	1.2667	5.0667	0.50667	0.16889	1.2667	5.0667	0.50667	0.16889	1.2667	5.0667	0.50667	0.16889	1.2667	5.0667	0	0.2	0.2	0.2	0.2	0.2	0.2	0.2	0.2	0.2	0.2	0.2	0.2	0.2	0.2	0.2	0.2	0.2
10000	5.025	0.0096061	0.01	1	1	1.0602	-1.2083	-7.275	3.375	11	-1.2083	-7.275	3.375	11	-1.2083	-7.275	3.375	11	-1.2083	-7.275	3.375	11	0	-0.98177	-5.9109	2.7422	8.9375	-0.98177	-5.9109	2.7422	8.9375	-0.98177	-5.9109	2.7422	8.9375	-0.98177	-5.9109	2.7422	8.9375	0	0	0	0	0	0	0	0	0	0	0	0	0	0	0	0	0	0
10000	7	0.005	0.01	1	1	0.8	-9	-6.0555e-06	2.5	20	-9	-6.0555e-06	2.5	20	-9	-6.0555e-06	2.5	20	-9	-6.0555e-06	2.5	20	0	-8.9999	-6.0554e-06	2.5	20	-8.9999	-6.0554e-06	2.5	20	-8.9999	-6.0554e-06	2.5	20	-8.9999	-6.0554e-06	2.5	20	0	0.25345	0.25345	0.25345	0.25345	0.25345	0.25345	0.25345	0.25345	0.25345	0.25345	0.25345	0.25345	0.25345	0.25345	0.25345	0.25345	0.25345
10000	1.7806	0.001	0.02	1	1	-17.811	1	0.20894	2.5	15	1	0.20894	2.5	15	1	0.20894	2.5	15	1	0.20894	2.5	15	0	1	0.20894	2.5	15	1	0.20894	2.5	15	1	0.20894	2.5	15	1	0.20894	2.5	15	0	0.2	0.2	0.2	0.2	0.2	0.2	0.2	0.2	0.2	0.2	0.2	0.2	0.2	0.2	0.2	0.2	0.2
10000	0.1	0.015948	0.010645	1	1	0.5231	2.3359	0.22802	-1.9452	18.389	2.3359	0.22802	-1.9452	18.389	2.3359	0.22802	-1.9452	18.389	2.3359	0.22802	-1.9452	18.389	0	6.3782	0.62261	-5.3115	50.211	6.3782	0.62261	-5.3115	50.211	6.3782	0.62261	-5.3115	50.211	6.3782	0.62261	-5.3115	50.211	0	0	0	0	0	0	0	0	0	0	0	0	0	0	0	0	0	0
10000	3	1	0.019445	1	1	0.53977	1	0.6	5	15	1	0.6	5	15	1	0.6	5	15	1	0.6	5	15	0	0.25	0.15	1.25	3.75	0.25	0.15	1.25	3.75	0.25	0.15	1.25	3.75	0.25	0.15	1.25	3.75	0	0.2	0.2	0.2	0.2	0.2	0.2	0.2	0.2	0.2	0.2	0.2	0.2	0.2	0.2	0.2	0.2	0.2
10000	0.1	0.99999	0.02	1	1	0.69469	1	0.6	3.8144	15	1	0.6	3.8144	15	1	0.6	3.8144	15	1	0.6	3.8144	15	0	0.25	0.15	0.95361	3.75	0.25	0.15	0.95361	3.75	0.25	0.15	0.95361	3.75	0.25	0.15	0.95361	3.75	0	0.1	0.1	0.1	0.1	0.1	0.1	0.1	0.1	0.1	0.1	0.1	0.1	0.1	0.1	0.1	0.1	0.1
10000	7.3333	0.001	0.024565	1	1	0.8	2	0.3	2.5	15	2	0.3	2.5	15	2	0.3	2.5	15	2	0.3	2.5	15	0	3.0181	0.45271	3.7726	22.636	3.0181	0.45271	3.7726	22.636	3.0181	0.45271	3.7726	22.636	3.0181	0.45271	3.7726	22.636	0	0.1588	0.1588	0.1588	0.1588	0.1588	0.1588	0.1588	0.1588	0.1588	0.1588	0.1588	0.1588	0.1588	0.1588	0.1588	0.1588	0.1588
10000	6.3969	0.001	0.013333	1	1	0	0.99999	0.36986	1.8226	13.656	0.99999	0.36986	1.8226	13.656	0.99999	0.36986	1.8226	13.656	0.99999	0.36986	1.8226	13.656	0	1.5	0.5548	2.7339	20.484	1.5	0.5548	2.7339	20.484	1.5	0.5548	2.7339	20.484	1.5	0.5548	2.7339	20.484	0	0.19607	0.19607	0.19607	0.19607	0.19607	0.19607	0.19607	0.19607	0.19607	0.19607	0.19607	0.19607	0.19607	0.19607	0.19607	0.19607	0.19607
10000	2.4887	1	0.020273	1	1	0.64979	1.1237	0.55938	3.6916	10.317	1.1237	0.55938	3.6916	10.317	1.1237	0.55938	3.6916	10.317	1.1237	0.55938	3.6916	10.317	0	0.52674	0.26221	1.7305	4.8361	0.52674	0.26221	1.7305	4.8361	0.52674	0.26221	1.7305	4.8361	0.52674	0.26221	1.7305	4.8361	0	0.31799	0.31799	0.31799	0.31799	0.31799	0.31799	0.31799	0.31799	0.31799	0.31799	0.31799	0.31799	0.31799	0.31799	0.31799	0.31799	0.31799
10000	8.975	0.029833	0.01	1	1	1.15	1.5	0.625	0.23028	11	1.5	0.625	0.23028	11	1.5	0.625	0.23028	11	1.5	0.625	0.23028	11	0	4.0312	1.6797	0.61889	29.562	4.0312	1.6797	0.61889	29.562	4.0312	1.6797	0.61889	29.562	4.0312	1.6797	0.61889	29.562	0	0	0	0	0	0	0	0	0	0	0	0	0	0	0	0	0	0
10000	1.8251	0.0058629	0.012702	1	1	1.0069	-4.1339	0.4494	2.9022	13.161	-4.1339	0.4494	2.9022	13.161	-4.1339	0.4494	2.9022	13.161	-4.1339	0.4494	2.9022	13.161	0	-8.2554	0.89744	5.7957	26.283	-8.2554	0.89744	5.7957	26.283	-8.2554	0.89744	5.7957	26.283	-8.2554	0.89744	5.7957	26.283	0	0.08143	0.08143	0.08143	0.08143	0.08143	0.08143	0.08143	0.08143	0.08143	0.08143	0.08143	0.08143	0.08143	0.08143	0.08143	0.08143	0.08143
10000	10	0.001	0.01	1	1	0.79525	0.99551	0.29657	2.4908	14.958	0.99551	0.29657	2.4908	14.958	0.99551	0.29657	2.4908	14.958	0.99551	0.29657	2.4908	14.958	0	1.1272	0.33579	2.8202	16.936	1.1272	0.33579	2.8202	16.936	1.1272	0.33579	2.8202	16.936	1.1272	0.33579	2.8202	16.936	0	0.19789	0.19789	0.19789	0.19789	0.19789	0.19789	0.19789	0.19789	0.19789	0.19789	0.19789	0.19789	0.19789	0.19789	0.19789	0.19789	0.19789
10000	2.3679	0.001	0.01	1	1	0.31942	-0.67079	0.62555	3.3735	11.007	-0.67079	0.62555	3.3735	11.007	-0.67079	0.62555	3.3735	11.007	-0.67079	0.62555	3.3735	11.007	0	-1.8035	1.6819	9.0701	29.593	-1.8035	1.6819	9.0701	29.593	-1.8035	1.6819	9.0701	29.593	-1.8035	1.6819	9.0701	29.593	0	0.099495	0.099495	0.099495	0.099495	0.099495	0.099495	0.099495	0.099495	0.099495	0.099495	0.099495	0.099495	0.099495	0.099495	0.099495	0.099495	0.099495
10000	1.2828	0.74786	0.014966	1	1	0.25418	1.8807	0.5474	1.8482	22.045	1.8807	0.5474	1.8482	22.045	1.8807	0.5474	1.8482	22.045	1.8807	0.5474	1.8482	22.045	0	0.47018	0.13685	0.46206	5.5113	0.47018	0.13685	0.46206	5.5113	0.47018	0.13685	0.46206	5.5113	0.47018	0.13685	0.46206	5.5113	0	0	0	0	0	0	0	0	0	0	0	0	0	0	0	0	0	0
10000	2.9668	0.0047159	1	1	1	0.45157	0.92633	0.34789	2.6289	15.589	0.92633	0.34789	2.6289	15.589	0.92633	0.34789	2.6289	15.589	0.92633	0.34789	2.6289	15.589	0	1.021	0.38344	2.8976	17.183	1.021	0.38344	2.8976	17.183	1.021	0.38344	2.8976	17.183	1.021	0.38344	2.8976	17.183	0	0.14521	0.14521	0.14521	0.14521	0.14521	0.14521	0.14521	0.14521	0.14521	0.14521	0.14521	0.14521	0.14521	0.14521	0.14521	0.14521	0.14521
10000	2.8534	0.001	0.01	1	1	0.79167	-1.3166	-1.4928	2.5162	15.201	-1.3166	-1.4928	2.5162	15.201	-1.3166	-1.4928	2.5162	15.201	-1.3166	-1.4928	2.5162	15.201	0	-1.306	-1.4807	2.4958	15.078	-1.306	-1.4807	2.4958	15.078	-1.306	-1.4807	2.4958	15.078	-1.306	-1.4807	2.4958	15.078	0	0.19829	0.19829	0.19829	0.19829	0.19829	0.19829	0.19829	0.19829	0.19829	0.19829	0.19829	0.19829	0.19829	0.19829	0.19829	0.19829	0.19829
10000	7.2187	0.019832	0.01	1	1	0.76849	-9.4999	0.41815	9.4968	19	-9.4999	0.41815	9.4968	19	-9.4999	0.41815	9.4968	19	-9.4999	0.41815	9.4968	19	0	-26.091	1.1484	26.082	52.182	-26.091	1.1484	26.082	52.182	-26.091	1.1484	26.082	52.182	-26.091	1.1484	26.082	52.182	0	0.20667	0.20667	0.20667	0.20667	0.20667	0.20667	0.20667	0.20667	0.20667	0.20667	0.20667	0.20667	0.20667	0.20667	0.20667	0.20667	0.20667
10000	5.0161	0.004875	0.018321	1	1	0.74159	1.0507	0.56205	2.3552	-85.672	1.0507	0.56205	2.3552	-85.672	1.0507	0.56205	2.3552	-85.672	1.0507	0.56205	2.3552	-85.672	0	1.0087	0.53961	2.2611	-82.251	1.0087	0.53961	2.2611	-82.251	1.0087	0.53961	2.2611	-82.251	1.0087	0.53961	2.2611	-82.251	0	0.23316	0.23316	0.23316	0.23316	0.23316	0.23316	0.23316	0.23316	0.23316	0.23316	0.23316	0.23316	0.23316	0.23316	0.23316	0.23316	0.23316
10000	9.4428	0.0025	0.0175	1	1	0.9125	1.3718	0.31354	-22.281	14	1.3718	0.31354	-22.281	14	1.3718	0.31354	-22.281	14	1.3718	0.31354	-22.281	14	0	1.2913	0.29514	-20.974	13.178	1.2913	0.29514	-20.974	13.178	1.2913	0.29514	-20.974	13.178	1.2913	0.29514	-20.974	13.178	0	0.475	0.475	0.475	0.475	0.475	0.475	0.475	0.475	0.475	0.475	0.475	0.475	0.475	0.475	0.475	0.475	0.475
10000	5	0.01	0.02	1	1	0.8	2.4832	0.3	2.5	20	2.4832	0.3	2.5	20	2.4832	0.3	2.5	20	2.4832	0.3	2.5	20	0	4.9664	0.6	5	40	4.9664	0.6	5	40	4.9664	0.6	5	40	4.9664	0.6	5	40	0	0.2	0.2	0.2	0.2	0.2	0.2	0.2	0.2	0.2	0.2	0.2	0.2	0.2	0.2	0.2	0.2	0.2
10000	1.6236	0.0036667	0.017234	1	1	-5.2893	1.6667	0.22331	1.7237	-8.8431	1.6667	0.22331	1.7237	-8.8431	1.6667	0.22331	1.7237	-8.8431	1.6667	0.22331	1.7237	-8.8431	0	1.4236	0.19074	1.4723	-7.5534	1.4236	0.19074	1.4723	-7.5534	1.4236	0.19074	1.4723	-7.5534	1.4236	0.19074	1.4723	-7.5534	0	0.24196	0.24196	0.24196	0.24196	0.24196	0.24196	0.24196	0.24196	0.24196	0.24196	0.24196	0.24196	0.24196	0.24196	0.24196	0.24196	0.24196
10000	10	1	0.027524	1	1	1.0109	1.0798	0.28999	4.3895	9.9836	1.0798	0.28999	4.3895	9.9836	1.0798	0.28999	4.3895	9.9836	1.0798	0.28999	4.3895	9.9836	0	0.30643	0.082294	1.2456	2.8331	0.30643	0.082294	1.2456	2.8331	0.30643	0.082294	1.2456	2.8331	0.30643	0.082294	1.2456	2.8331	0	0.09342	0.09342	0.09342	0.09342	0.09342	0.09342	0.09342	0.09342	0.09342	0.09342	0.09342	0.09342	0.09342	0.09342	0.09342	0.09342	0.09342
10000	3	0.005	0.02	1	1	0.8	1	0.3	2.5	15	1	0.3	2.5	15	1	0.3	2.5	15	1	0.3	2.5	15	0	1	0.3	2.5	15	1	0.3	2.5	15	1	0.3	2.5	15	1	0.3	2.5	15	0	0.2	0.2	0.2	0.2	0.2	0.2	0.2	0.2	0.2	0.2	0.2	0.2	0.2	0.2	0.2	0.2	0.2
10000	4.7089	0.0038727	0.015	1	1	-20.036	0.99999	0.3	2.5	15	0.99999	0.3	2.5	15	0.99999	0.3	2.5	15	0.99999	0.3	2.5	15	0	2	0.6	5	30	2	0.6	5	30	2	0.6	5	30	2	0.6	5	30	0	0.51193	0.51193	0.51193	0.51193	0.51193	0.51193	0.51193	0.51193	0.51193	0.51193	0.51193	0.51193	0.51193	0.51193	0.51193	0.51193	0.51193
10000	4.1833	0.01	0.01865	1	1	0.8	1	0.3	-22.5	15	1	0.3	-22.5	15	1	0.3	-22.5	15	1	0.3	-22.5	15	0	1	0.3	-22.5	15	1	0.3	-22.5	15	1	0.3	-22.5	15	1	0.3	-22.5	15	0	0.159	0.159	0.159	0.159	0.159	0.159	0.159	0.159	0.159	0.159	0.159	0.159	0.159	0.159	0.159	0.159	0.159
10000	10	0.99998	0.022728	1	1	1.25	0.94065	0.67792	5.875	24	0.94065	0.67792	5.875	24	0.94065	0.67792	5.875	24	0.94065	0.67792	5.875	24	0	0.23516	0.16948	1.4687	6	0.23516	0.16948	1.4687	6	0.23516	0.16948	1.4687	6	0.23516	0.16948	1.4687	6	0	0.16822	0.16822	0.16822	0.16822	0.16822	0.16822	0.16822	0.16822	0.16822	0.16822	0.16822	0.16822	0.16822	0.16822	0.16822	0.16822	0.16822
10000	10	0.01	0.01	1	1	0.8	-9	0.5	2.5	15	-9	0.5	2.5	15	-9	0.5	2.5	15	-9	0.5	2.5	15	0	-6.9704	0.38725	1.9362	11.617	-6.9704	0.38725	1.9362	11.617	-6.9704	0.38725	1.9362	11.617	-6.9704	0.38725	1.9362	11.617	0	0.2	0.2	0.2	0.2	0.2	0.2	0.2	0.2	0.2	0.2	0.2	0.2	0.2	0.2	0.2	0.2	0.2
10000	9.3231	1	0.021362	1	1	1.1024	0.92968	0.44571	4.8769	-42.96	0.92968	0.44571	4.8769	-42.96	0.92968	0.44571	4.8769	-42.96	0.92968	0.44571	4.8769	-42.96	0	0.46532	0.22308	2.441	-21.502	0.46532	0.22308	2.441	-21.502	0.46532	0.22308	2.441	-21.502	0.46532	0.22308	2.441	-21.502	0	0.31163	0.31163	0.31163	0.31163	0.31163	0.31163	0.31163	0.31163	0.31163	0.31163	0.31163	0.31163	0.31163	0.31163	0.31163	0.31163	0.31163
10000	6	1	0.021135	1	1	1.1268	1	0.4	2.8146	20	1	0.4	2.8146	20	1	0.4	2.8146	20	1	0.4	2.8146	20	0	0.5	0.2	1.4073	10	0.5	0.2	1.4073	10	0.5	0.2	1.4073	10	0.5	0.2	1.4073	10	0	0.22441	0.22441	0.22441	0.22441	0.22441	0.22441	0.22441	0.22441	0.22441	0.22441	0.22441	0.22441	0.22441	0.22441	0.22441	0.22441	0.22441
10000	2.469	0.61664	0.01	1	1	1.4177	1.6863	0.66352	6.4827	35.491	1.6863	0.66352	6.4827	35.491	1.6863	0.66352	6.4827	35.491	1.6863	0.66352	6.4827	35.491	0	0.42158	0.16588	1.6207	8.8727	0.42158	0.16588	1.6207	8.8727	0.42158	0.16588	1.6207	8.8727	0.42158	0.16588	1.6207	8.8727	0	0.11005	0.11005	0.11005	0.11005	0.11005	0.11005	0.11005	0.11005	0.11005	0.11005	0.11005	0.11005	0.11005	0.11005	0.11005	0.11005	0.11005
10000	7.5557	1	0.04	1	1	1.2224	1	0.6	5	9.0058	1	0.6	5	9.0058	1	0.6	5	9.0058	1	0.6	5	9.0058	0	0.25	0.15	1.25	2.2515	0.25	0.15	1.25	2.2515	0.25	0.15	1.25	2.2515	0.25	0.15	1.25	2.2515	0	0.2	0.2	0.2	0.2	0.2	0.2	0.2	0.2	0.2	0.2	0.2	0.2	0.2	0.2	0.2	0.2	0.2
10000	0.1	0.88117	0.082728	1	1	2.5118	2.2451	-0.63963	6.1661	30.965	2.2451	-0.63963	6.1661	30.965	2.2451	-0.63963	6.1661	30.965	2.2451	-0.63963	6.1661	30.965	0	1.6726	-0.47651	4.5936	23.069	1.6726	-0.47651	4.5936	23.069	1.6726	-0.47651	4.5936	23.069	1.6726	-0.47651	4.5936	23.069	0	0.80798	0.80798	0.80798	0.80798	0.80798	0.80798	0.80798	0.80798	0.80798	0.80798	0.80798	0.80798	0.80798	0.80798	0.80798	0.80798	0.80798
10000	5.723	0.001	0.018783	1	1	0.92103	-0.079366	0.24081	2.5288	5.7575	-0.079366	0.24081	2.5288	5.7575	-0.079366	0.24081	2.5288	5.7575	-0.079366	0.24081	2.5288	5.7575	0	-0.17073	0.51803	5.4399	12.385	-0.17073	0.51803	5.4399	12.385	-0.17073	0.51803	5.4399	12.385	-0.17073	0.51803	5.4399	12.385	0	0.25679	0.25679	0.25679	0.25679	0.25679	0.25679	0.25679	0.25679	0.25679	0.25679	0.25679	0.25679	0.25679	0.25679	0.25679	0.25679	0.25679
10000	4.6231	0.009	0.01	1	1	-18.372	-0.66667	0.6	2.5	11.762	-0.66667	0.6	2.5	11.762	-0.66667	0.6	2.5	11.762	-0.66667	0.6	2.5	11.762	0	-0.16667	0.15	0.625	2.9404	-0.16667	0.15	0.625	2.9404	-0.16667	0.15	0.625	2.9404	-0.16667	0.15	0.625	2.9404	0	0	0	0	0	0	0	0	0	0	0	0	0	0	0	0	0	0
10000	5.0823	0.0099981	0.017876	1	1	1.4224	1.3334	0.37079	-48.853	19.493	1.3334	0.37079	-48.853	19.493	1.3334	0.37079	-48.853	19.493	1.3334	0.37079	-48.853	19.493	0	3.0041	0.83535	-110.06	43.915	3.0041	0.83535	-110.06	43.915	3.0041	0.83535	-110.06	43.915	3.0041	0.83535	-110.06	43.915	0	0.30001	0.30001	0.30001	0.30001	0.30001	0.30001	0.30001	0.30001	0.30001	0.30001	0.30001	0.30001	0.30001	0.30001	0.30001	0.30001	0.30001
10000	10	0.001	0.01	1	1	0.8	2	0.3	-6.2217	15	2	0.3	-6.2217	15	2	0.3	-6.2217	15	2	0.3	-6.2217	15	0	1.8077	0.27115	-5.6235	13.558	1.8077	0.27115	-5.6235	13.558	1.8077	0.27115	-5.6235	13.558	1.8077	0.27115	-5.6235	13.558	0	0.2	0.2	0.2	0.2	0.2	0.2	0.2	0.2	0.2	0.2	0.2	0.2	0.2	0.2	0.2	0.2	0.2
10000	8.9998	0.001	0.01	1	1	-20.909	0.50009	0.62497	3.3747	7.2569	0.50009	0.62497	3.3747	7.2569	0.50009	0.62497	3.3747	7.2569	0.50009	0.62497	3.3747	7.2569	0	0.18763	0.23449	1.2662	2.7228	0.18763	0.23449	1.2662	2.7228	0.18763	0.23449	1.2662	2.7228	0.18763	0.23449	1.2662	2.7228	0	0.12491	0.12491	0.12491	0.12491	0.12491	0.12491	0.12491	0.12491	0.12491	0.12491	0.12491	0.12491	0.12491	0.12491	0.12491	0.12491	0.12491
10000	10	1	0.02	1	1	1.1073	1.2017	0.3	5	15	1.2017	0.3	5	15	1.2017	0.3	5	15	1.2017	0.3	5	15	0	0.47754	0.11922	1.9869	5.9609	0.47754	0.11922	1.9869	5.9609	0.47754	0.11922	1.9869	5.9609	0.47754	0.11922	1.9869	5.9609	0	0.12724	0.12724	0.12724	0.12724	0.12724	0.12724	0.12724	0.12724	0.12724	0.12724	0.12724	0.12724	0.12724	0.12724	0.12724	0.12724	0.12724
10000	10	0.001	0.02	1	1	0.8	1	0.21439	2.5	15	1	0.21439	2.5	15	1	0.21439	2.5	15	1	0.21439	2.5	15	0	0.5	0.1072	1.25	7.5	0.5	0.1072	1.25	7.5	0.5	0.1072	1.25	7.5	0.5	0.1072	1.25	7.5	0	0.2	0.2	0.2	0.2	0.2	0.2	0.2	0.2	0.2	0.2	0.2	0.2	0.2	0.2	0.2	0.2	0.2
10000	7.4033	0.0028853	1	1	1	0.8	1	0.3	19.977	15	1	0.3	19.977	15	1	0.3	19.977	15	1	0.3	19.977	15	0	1	0.3	19.977	15	1	0.3	19.977	15	1	0.3	19.977	15	1	0.3	19.977	15	0	0.4	0.4	0.4	0.4	0.4	0.4	0.4	0.4	0.4	0.4	0.4	0.4	0.4	0.4	0.4	0.4	0.4
10000	0.1	0.010001	0.020027	1	1	-6.5819	1.9969	0.30201	-17.354	14.975	1.9969	0.30201	-17.354	14.975	1.9969	0.30201	-17.354	14.975	1.9969	0.30201	-17.354	14.975	0	1.9985	0.30224	-17.367	14.987	1.9985	0.30224	-17.367	14.987	1.9985	0.30224	-17.367	14.987	1.9985	0.30224	-17.367	14.987	0	0.20123	0.20123	0.20123	0.20123	0.20123	0.20123	0.20123	0.20123	0.20123	0.20123	0.20123	0.20123	0.20123	0.20123	0.20123	0.20123	0.20123
10000	0.1	0.0050183	0.010498	1	1	-66.682	1.3959	0.062531	2.5364	3.5222	1.3959	0.062531	2.5364	3.5222	1.3959	0.062531	2.5364	3.5222	1.3959	0.062531	2.5364	3.5222	0	1.3871	0.06214	2.5205	3.5001	1.3871	0.06214	2.5205	3.5001	1.3871	0.06214	2.5205	3.5001	1.3871	0.06214	2.5205	3.5001	0	0.395	0.395	0.395	0.395	0.395	0.395	0.395	0.395	0.395	0.395	0.395	0.395	0.395	0.395	0.395	0.395	0.395
10000	0.1	1	0.017107	1	1	0.88182	1.0394	1.0267	5.1586	21.122	1.0394	1.0267	5.1586	21.122	1.0394	1.0267	5.1586	21.122	1.0394	1.0267	5.1586	21.122	0	0.49931	0.49321	2.4781	10.147	0.49931	0.49321	2.4781	10.147	0.49931	0.49321	2.4781	10.147	0.49931	0.49321	2.4781	10.147	0	0.24641	0.24641	0.24641	0.24641	0.24641	0.24641	0.24641	0.24641	0.24641	0.24641	0.24641	0.24641	0.24641	0.24641	0.24641	0.24641	0.24641
10000	5.8813	0.001	0.01	1	1	0.22245	0.27736	-0.16249	3.992	12.86	0.27736	-0.16249	3.992	12.86	0.27736	-0.16249	3.992	12.86	0.27736	-0.16249	3.992	12.86	0	0.18197	-0.1066	2.6191	8.4371	0.18197	-0.1066	2.6191	8.4371	0.18197	-0.1066	2.6191	8.4371	0.18197	-0.1066	2.6191	8.4371	0	0.68208	0.68208	0.68208	0.68208	0.68208	0.68208	0.68208	0.68208	0.68208	0.68208	0.68208	0.68208	0.68208	0.68208	0.68208	0.68208	0.68208
10000	4.8123	0.001	0.01	1	1	0.67997	-9.071	0.00021106	2.6107	-21.461	-9.071	0.00021106	2.6107	-21.461	-9.071	0.00021106	2.6107	-21.461	-9.071	0.00021106	2.6107	-21.461	0	-31.952	0.00074343	9.1959	-75.594	-31.952	0.00074343	9.1959	-75.594	-31.952	0.00074343	9.1959	-75.594	-31.952	0.00074343	9.1959	-75.594	0	0.43845	0.43845	0.43845	0.43845	0.43845	0.43845	0.43845	0.43845	0.43845	0.43845	0.43845	0.43845	0.43845	0.43845	0.43845	0.43845	0.43845
10000	7	0.005	0.02	1	1	0.58488	1	0.3	3.5	15	1	0.3	3.5	15	1	0.3	3.5	15	1	0.3	3.5	15	0	0.5	0.15	1.75	7.5	0.5	0.15	1.75	7.5	0.5	0.15	1.75	7.5	0.5	0.15	1.75	7.5	0	0.2	0.2	0.2	0.2	0.2	0.2	0.2	0.2	0.2	0.2	0.2	0.2	0.2	0.2	0.2	0.2	0.2
10000	9.9999	1	0.017734	1	1	0.77946	0.98269	0.072081	4.3864	7.8205	0.98269	0.072081	4.3864	7.8205	0.98269	0.072081	4.3864	7.8205	0.98269	0.072081	4.3864	7.8205	0	0.46047	0.033776	2.0554	3.6646	0.46047	0.033776	2.0554	3.6646	0.46047	0.033776	2.0554	3.6646	0.46047	0.033776	2.0554	3.6646	0	0.18209	0.18209	0.18209	0.18209	0.18209	0.18209	0.18209	0.18209	0.18209	0.18209	0.18209	0.18209	0.18209	0.18209	0.18209	0.18209	0.18209
10000	5.281	0.45096	0.01	1	1	0.42354	1.4276	0.13458	4.8333	19.552	1.4276	0.13458	4.8333	19.552	1.4276	0.13458	4.8333	19.552	1.4276	0.13458	4.8333	19.552	0	1.9692	0.18564	6.6669	26.969	1.9692	0.18564	6.6669	26.969	1.9692	0.18564	6.6669	26.969	1.9692	0.18564	6.6669	26.969	0	0.24837	0.24837	0.24837	0.24837	0.24837	0.24837	0.24837	0.24837	0.24837	0.24837	0.24837	0.24837	0.24837	0.24837	0.24837	0.24837	0.24837
10000	2.807	1	0.015	1	1	0.8	1	0.21667	5	15	1	0.21667	5	15	1	0.21667	5	15	1	0.21667	5	15	0	0.42721	0.092561	2.136	6.4081	0.42721	0.092561	2.136	6.4081	0.42721	0.092561	2.136	6.4081	0.42721	0.092561	2.136	6.4081	0	0.2	0.2	0.2	0.2	0.2	0.2	0.2	0.2	0.2	0.2	0.2	0.2	0.2	0.2	0.2	0.2	0.2
10000	0.1	0.01	0.01	1	1	-51.198	0.48536	0.3	2.5	15	0.48536	0.3	2.5	15	0.48536	0.3	2.5	15	0.48536	0.3	2.5	15	0	0.48536	0.3	2.5	15	0.48536	0.3	2.5	15	0.48536	0.3	2.5	15	0.48536	0.3	2.5	15	0	0.3	0.3	0.3	0.3	0.3	0.3	0.3	0.3	0.3	0.3	0.3	0.3	0.3	0.3	0.3	0.3	0.3
10000	3.7366	1	0.01	1	1	0.36179	0.94802	0.53227	3.305	14.87	0.94802	0.53227	3.305	14.87	0.94802	0.53227	3.305	14.87	0.94802	0.53227	3.305	14.87	0	0.81766	0.45908	2.8505	12.826	0.81766	0.45908	2.8505	12.826	0.81766	0.45908	2.8505	12.826	0.81766	0.45908	2.8505	12.826	0	0.21456	0.21456	0.21456	0.21456	0.21456	0.21456	0.21456	0.21456	0.21456	0.21456	0.21456	0.21456	0.21456	0.21456	0.21456	0.21456	0.21456
10000	6.3277	0.011291	0.016667	1	1	0.79444	2.0754	0.30401	2.7253	19.951	2.0754	0.30401	2.7253	19.951	2.0754	0.30401	2.7253	19.951	2.0754	0.30401	2.7253	19.951	0	2.6529	0.3886	3.4836	25.502	2.6529	0.3886	3.4836	25.502	2.6529	0.3886	3.4836	25.502	2.6529	0.3886	3.4836	25.502	0	0.13717	0.13717	0.13717	0.13717	0.13717	0.13717	0.13717	0.13717	0.13717	0.13717	0.13717	0.13717	0.13717	0.13717	0.13717	0.13717	0.13717
10000	5.755	1	0.01928	1	1	0.8	1	0.20106	5	20	1	0.20106	5	20	1	0.20106	5	20	1	0.20106	5	20	0	0.57665	0.11594	2.8832	11.533	0.57665	0.11594	2.8832	11.533	0.57665	0.11594	2.8832	11.533	0.57665	0.11594	2.8832	11.533	0	0.25949	0.25949	0.25949	0.25949	0.25949	0.25949	0.25949	0.25949	0.25949	0.25949	0.25949	0.25949	0.25949	0.25949	0.25949	0.25949	0.25949
10000	0.2	0.0018391	0.015	1	1	0.8	-6.814	0.19224	2.5	15	-6.814	0.19224	2.5	15	-6.814	0.19224	2.5	15	-6.814	0.19224	2.5	15	0	-6.814	0.19224	2.5	15	-6.814	0.19224	2.5	15	-6.814	0.19224	2.5	15	-6.814	0.19224	2.5	15	0	0.2	0.2	0.2	0.2	0.2	0.2	0.2	0.2	0.2	0.2	0.2	0.2	0.2	0.2	0.2	0.2	0.2
10000	3.5406	0.63841	0.01	1	1	0.3044	-0.025616	0.72033	1.6443	14.464	-0.025616	0.72033	1.6443	14.464	-0.025616	0.72033	1.6443	14.464	-0.025616	0.72033	1.6443	14.464	0	-0.0064039	0.18008	0.41108	3.6159	-0.0064039	0.18008	0.41108	3.6159	-0.0064039	0.18008	0.41108	3.6159	-0.0064039	0.18008	0.41108	3.6159	0	0.45866	0.45866	0.45866	0.45866	0.45866	0.45866	0.45866	0.45866	0.45866	0.45866	0.45866	0.45866	0.45866	0.45866	0.45866	0.45866	0.45866
10000	5	1	0.02	1	1	0.54146	1	0.4545	4.9999	15.216	1	0.4545	4.9999	15.216	1	0.4545	4.9999	15.216	1	0.4545	4.9999	15.216	0	0.53473	0.24303	2.6736	8.1362	0.53473	0.24303	2.6736	8.1362	0.53473	0.24303	2.6736	8.1362	0.53473	0.24303	2.6736	8.1362	0	0	0	0	0	0	0	0	0	0	0	0	0	0	0	0	0	0
10000	5.1804	0.001	0.01	1	1	0.62464	0.76769	0.30373	-0.68999	12.522	0.76769	0.30373	-0.68999	12.522	0.76769	0.30373	-0.68999	12.522	0.76769	0.30373	-0.68999	12.522	0	0.73196	0.28959	-0.65787	11.939	0.73196	0.28959	-0.65787	11.939	0.73196	0.28959	-0.65787	11.939	0.73196	0.28959	-0.65787	11.939	0	0	0	0	0	0	0	0	0	0	0	0	0	0	0	0	0	0
10000	0.1	0.001	0.011446	1	1	0.8	2	0.3	2.5	15	2	0.3	2.5	15	2	0.3	2.5	15	2	0.3	2.5	15	0	4	0.6	5	30	4	0.6	5	30	4	0.6	5	30	4	0.6	5	30	0	0.27145	0.27145	0.27145	0.27145	0.27145	0.27145	0.27145	0.27145	0.27145	0.27145	0.27145	0.27145	0.27145	0.27145	0.27145	0.27145	0.27145
10000	8.7408	0.0074008	0.015945	1	1	-0.079132	-0.96971	0.094639	-5.8398	15.029	-0.96971	0.094639	-5.8398	15.029	-0.96971	0.094639	-5.8398	15.029	-0.96971	0.094639	-5.8398	15.029	0	-0.95925	0.093618	-5.7768	14.867	-0.95925	0.093618	-5.7768	14.867	-0.95925	0.093618	-5.7768	14.867	-0.95925	0.093618	-5.7768	14.867	0	0.13855	0.13855	0.13855	0.13855	0.13855	0.13855	0.13855	0.13855	0.13855	0.13855	0.13855	0.13855	0.13855	0.13855	0.13855	0.13855	0.13855
10000	1.778	0.0016091	0.013568	1	1	1.3116	0.75537	0.32822	-0.79101	15.006	0.75537	0.32822	-0.79101	15.006	0.75537	0.32822	-0.79101	15.006	0.75537	0.32822	-0.79101	15.006	0	0.95065	0.41307	-0.99551	18.886	0.95065	0.41307	-0.99551	18.886	0.95065	0.41307	-0.99551	18.886	0.95065	0.41307	-0.99551	18.886	0	0.51889	0.51889	0.51889	0.51889	0.51889	0.51889	0.51889	0.51889	0.51889	0.51889	0.51889	0.51889	0.51889	0.51889	0.51889	0.51889	0.51889
10000	5	0.01	1	1	1	0.8	-3.8551	0.3	2.5	15	-3.8551	0.3	2.5	15	-3.8551	0.3	2.5	15	-3.8551	0.3	2.5	15	0	-3.8551	0.3	2.5	15	-3.8551	0.3	2.5	15	-3.8551	0.3	2.5	15	-3.8551	0.3	2.5	15	0	0.24723	0.24723	0.24723	0.24723	0.24723	0.24723	0.24723	0.24723	0.24723	0.24723	0.24723	0.24723	0.24723	0.24723	0.24723	0.24723	0.24723
10000	4.567	0.94555	0.048196	1	1	0.10728	0.94721	-0.023197	4.76	4.6663	0.94721	-0.023197	4.76	4.6663	0.94721	-0.023197	4.76	4.6663	0.94721	-0.023197	4.76	4.6663	0	0.47608	-0.011659	2.3924	2.3453	0.47608	-0.011659	2.3924	2.3453	0.47608	-0.011659	2.3924	2.3453	0.47608	-0.011659	2.3924	2.3453	0	0.14888	0.14888	0.14888	0.14888	0.14888	0.14888	0.14888	0.14888	0.14888	0.14888	0.14888	0.14888	0.14888	0.14888	0.14888	0.14888	0.14888
10000	0.1	0.001	0.01	1	1	0.91543	1.0763	0.25283	-2.253	18.807	1.0763	0.25283	-2.253	18.807	1.0763	0.25283	-2.253	18.807	1.0763	0.25283	-2.253	18.807	0	0.36857	0.08658	-0.77152	6.4404	0.36857	0.08658	-0.77152	6.4404	0.36857	0.08658	-0.77152	6.4404	0.36857	0.08658	-0.77152	6.4404	0	0.39038	0.39038	0.39038	0.39038	0.39038	0.39038	0.39038	0.39038	0.39038	0.39038	0.39038	0.39038	0.39038	0.39038	0.39038	0.39038	0.39038
10000	1.7121	0.009722	1	1	1	1.375	0.75972	0.1375	2.0625	13	0.75972	0.1375	2.0625	13	0.75972	0.1375	2.0625	13	0.75972	0.1375	2.0625	13	0	0.77015	0.13939	2.0908	13.178	0.77015	0.13939	2.0908	13.178	0.77015	0.13939	2.0908	13.178	0.77015	0.13939	2.0908	13.178	0	0.098183	0.098183	0.098183	0.098183	0.098183	0.098183	0.098183	0.098183	0.098183	0.098183	0.098183	0.098183	0.098183	0.098183	0.098183	0.098183	0.098183
10000	7.4924	1	0.020015	1	1	0.57691	1.0026	0.41628	3.3378	14.979	1.0026	0.41628	3.3378	14.979	1.0026	0.41628	3.3378	14.979	1.0026	0.41628	3.3378	14.979	0	1.002	0.41605	3.336	14.971	1.002	0.41605	3.336	14.971	1.002	0.41605	3.336	14.971	1.002	0.41605	3.336	14.971	0	0.20103	0.20103	0.20103	0.20103	0.20103	0.20103	0.20103	0.20103	0.20103	0.20103	0.20103	0.20103	0.20103	0.20103	0.20103	0.20103	0.20103
