9.0845	0.0026236	0.45979	0.014093	1.6044	1.2485	0.51723	0.94755	0.64301	4.8706	10.499
5.0454	0.0062453	0.37871	0.016539	1.6868	1.3073	0.95575	0.62521	0.63191	5.2233	13.616
3	0.0090538	0.28333	0.02	4	1	0.32746	1	0.3	5.5035	20
0.60993	0.001	0.24183	0.01	1.6615	0.50612	0.42646	1.1217	0.6178	4.9893	30.381
3.7011	0.017857	0.16046	0.01	1.5254	1.0372	0.35806	0.56352	0.68372	4.3195	12.542
6.4728	0.01	0.1	0.02	1	0.80402	0.53556	0.84501	0.20746	3.7923	15
7	0.005	0.2	0.023015	1	0.94444	0.61651	1	0.4	4.8429	20.07
9.9999	0.0039884	0.25853	0.04	1	1.0556	0.64538	1	0.3	7	15
2.9396	0.001	0.21111	0.02	1	1	0.4	1	0.3	3.4421	15
5.1507	0.001	0.18614	0.024077	1.1487	0.98901	0.7952	0.80677	0.67101	3.9485	16.696
2.912	0.0047635	0.19748	0.033775	0.93369	1.0442	0.7778	1.4769	0.48563	4.6544	25.498
5.9995	0.001	0.20361	0.016699	0.8752	1.0002	0.40016	1.3331	0.29985	3.8809	8.6754
2.5167	0.01	0.092116	0.02	1	1.2071	0.8	1	0.5	3.5	10
3	0.005	0.1	0.023333	0.97445	1.0555	0.8	1	0.3	3.8676	6.7915
3.8147	0.0030111	0.19889	0.01	1.0024	1.3598	0.59574	1.0028	0.39819	3.3285	52.036
4.6499	0.001	0.23289	0.023333	1	1	0.67362	0.82963	0.54905	3.8889	11.667
3	0.005	0.20186	0.01	1.0091	0.98826	0.77745	1.0226	0.3	4.2438	16.667
5	0.0025	0.2	0.02	0.95833	1	0.65582	0.82152	0.3	3.5	105.68
3	0.001	0.088798	0.02477	1.0627	1	0.4	0.83324	0.3	2.8333	15
7.4903	0.005	0.1	0.017772	1	0.97795	0.6917	0.8	0.66667	3.6903	40
3.7727	0.001	0.25761	0.031459	1.0129	1.0804	0.67665	0.83036	0.74074	3.5	13.011
6.285	0.001	0.2	0.06	1	1.6958	0.82963	0.55748	0.32176	2.5	13.156
7.0072	0.0039552	0.20073	0.012491	1.0016	1.0016	0.79837	0.99818	0.59882	4.3952	15.015
3.4515	0.001	0.22255	0.02	1	1	0.8	0.8	0.34308	3.5	15
6.6064	0.001	0.4	0.02	1.1225	1.0354	0.8	1	0.3	3.5	15
2.0333	0.001	0.2	0.02	1	0.5	0.62723	0.85719	0.5	7	30
7.3333	0.001	0.2	0.02	1.0795	0.25	0.80552	1.1111	0.6	4.0902	15
4.016	0.0062529	0.096743	0.020134	1.0002	0.36815	0.73898	1.1116	0.28879	4.0796	15.138
4.9195	0.0050196	0.20096	0.019454	0.99993	0.65436	0.82457	0.77543	0.61774	3.4801	10.15
3	0.005	0.0936	0.021546	1	0.375	0.53333	1	0.4	4.0768	20
10	0.0044167	0.16667	0.01	1.0729	1.0827	0.43938	0.725	0.60975	5.2849	15.667
7.4789	0.001	0.3	0.013333	1.0837	0.875	0.55327	0.8	0.4	3.5	10
3.6086	0.005	0.093593	0.02	1	1	0.50305	0.75277	0.41358	3.4183	20.313
7	0.005	0.1	0.023333	1	1.0186	0.55551	0.51727	0.3	4.1884	7.4699
6.1172	0.0023632	0.2	0.01	1	1.0109	0.53333	0.8	0.3	4.6667	13.945
8.8083	0.005	0.1	0.02	1	0.5	0.4	1	0.3	5.895	15
3.0941	0.0044154	0.087442	0.031655	1.1767	0.5977	0.56043	0.83181	0.32297	4.5871	15.283
4.2161	0.001	0.087217	0.023333	1.044	1.0069	0.4	0.8	0.3	3.1237	13.333
4.4212	0.001	0.17761	0.020484	1	1	0.4	0.87921	0.3	3.5	15
9.9999	0.001	0.22817	0.030449	1.0252	0.93317	0.73661	0.93574	0.3813	4.9497	15.564
3	0.003	0.1	0.01	1.2048	0.99102	0.30985	0.78158	0.54406	2.771	30
7.1863	0.001	0.20776	0.012655	1.2523	0.74716	0.70774	0.99784	0.21667	3.7302	104.72
3	0.003	0.2	0.022121	1	0.5	0.4	1.2544	0.5	7	20
4.8194	0.001	0.19993	0.019997	1.0001	1.0181	0.53889	0.92036	0.50012	3.4996	19.998
5	0.001	0.1	0.03	1.0225	1	0.61148	0.76127	0.3	3.5	15
7.4639	0.001	0.2	0.026204	1	0.99999	0.8	0.85377	0.3	3.5	10
3.963	0.001	0.13464	0.01	1.0911	0.94474	0.77487	0.98457	0.61111	3.6222	17.102
4.1833	0.001	0.2	0.02	1	0.5	0.8668	1	0.17542	4.1946	15
3	0.001	0.2	0.01	1	1	0.8	1	0.5	3.5	15
3	0.001	0.10275	0.02	1	1.003	0.8	1	0.4	2.8262	15
2.7206	0.001	0.11734	0.020545	1.0915	0.4477	0.47321	0.89541	0.36798	3.2647	10.575
3.525	0.001	0.4	0.01	1.4375	1.1026	0.75	0.49999	0.62499	3.375	19
8.0421	0.0021365	0.26181	0.019295	1.0365	0.38226	0.57929	1.2023	1.0024	3.8613	35.762
3	0.0036667	0.22852	0.018333	1.05	0.47528	0.82963	0.84883	1.2568	5	15
4.1833	0.001	0.29697	0.02	1.1788	0.99999	0.8	1	0.3	2.5	30
3	0.001	0.1	0.03	1.0457	0.94261	0.4	1	0.3	2.5	15
4.9089	0.001	0.1866	0.01	1.0125	0.99912	0.79909	0.99899	0.33308	3.4977	14.992
3	0.001	0.1	0.019789	1	0.87018	0.54931	1	0.3	2.6513	15
5	0.001	0.2	0.02	1	0.99999	0.8	1	0.1981	2.5	30
3.1949	0.001	0.1	0.02	1.1486	0.5	0.8	1.5	0	3.5	10
4.9851	0.0014957	0.19848	0.020101	1.0044	0.99558	0.79856	0.82939	0.30329	2.7951	14.96
5.0949	0.0014296	0.20151	0.016888	0.99959	0.99957	0.78378	0.98398	0.29982	3.9514	15.63
3.4103	0.001	0.16667	0.01	0.99704	0.99078	0.7867	1	0.28026	3.0556	15.556
9.251	0.004504	0.14149	0.018321	1.0337	0.63104	0.89829	1.0339	0.27903	2.4407	12.364
5.0643	0.0051755	0.28769	0.01	1.0191	0.64145	0.68294	0.97807	0.29182	4.9779	402.19
3.0176	0.001	0.19639	0.020181	1.2113	0.72293	0.79187	1.009	0.29852	2.7724	14.928
3	0.005563	0.18258	0.01	1.2991	1	0.58073	1.0431	0.66667	3.3333	15
2.4662	0.0027778	0.11344	0.030031	1.4608	0.95898	0.8007	0.97219	0.37898	2.6516	15.006
6.665	0.0039821	0.1047	0.02	1.0417	1.0367	0.6749	1.0367	0.3	3.5	66.296
4.1833	0.0088458	0.15211	0.02	1.1583	1	0.8	1.1417	0.66667	3.7983	46.06
3.2253	0.007	0.047222	0.01	1.0485	0.69205	0.38875	0.86667	0.3	3.7037	20.926
5.9315	0.001536	0.16667	0.03	0.97096	1.0507	0.12837	1	0.33333	3.3333	6.2598
3	0.001	0	0.03	1.1164	1	-0.075566	1	0.3	2.5	15
7	0.005	0.1	0.02	1	0.95833	0.8	1	0.6	3.415	5.9404
3.4006	0.0032883	0.058068	0.01	0.77112	0.88996	0.44443	1.214	0.32485	2.8669	13.288
1.4877	0.001	0.20373	0.019361	1.471	1.0279	0.77125	0.77126	0.27924	3.4635	20.256
2.9553	0.010413	0.18535	0.020016	1.0201	1.0201	0.79326	0.97947	0.2851	3.4975	14.817
0.1	0.016884	0.2	0.030675	2	0.99999	1.0112	0.8	0.3	3.5	15
7.2529	0.0019088	0.2	0.03	1	0.68404	0.8	1	0.3	3.6841	15
10	0.0032623	0.2	0.01	1	0.40902	0.8	1.0929	0	3.7494	10.038
5	0.001	0.3	0.01	1.1524	1	0.67277	1	0.3	2.5	15
5.9355	0.0055	0.21111	0.025535	1	1	0.8	1	0.6	2.741	15
3.5588	0.001	0.2	0.02	1.1552	1	0.4	1	0.3	2.5	15
6.4797	0.001	0.3	0.02	1	1	0.53333	1	0.19186	3.5	15
3.5274	0.001	0.19984	0.03354	1.0176	0.5632	0.2438	1.3791	0.03949	3.375	11.223
8.2239	0.001	0.22528	0.02	0.99999	1	0.8	1	0.3	2.5	15
2.9812	0.001	0.2	0.02	1.1712	1	0.68701	0.99999	0.5	2.5	15
2.5167	0.005	0.16667	0.02	1.4943	1.0175	0.8	1	0.5	2.5	20
3.1132	0.001	0.24714	0.01	1.158	0.90093	0.75495	0.80102	0.37057	2.767	12.467
6.8119	0.001	0.2	0.02	1.259	1	0.8	1	0.3	2.5	15
10	0.01	0.2624	0.02	1	0.87623	0.72571	1	0.8375	2.5	20
5.7579	0.0015364	0.19306	0.02	0.99999	1	0.8	1	0.3	1.5	15
8	0.0041953	0.29165	0.02	1	1	1.0667	0.99999	0.22153	2.0721	15
6.8571	0.002977	0.31667	0.02	1	0.89663	0.99999	1	0.5	2.5	15
7	0.001	0.37292	0.021947	1	1	0.8	1	0.3	2.5	15
2.0333	0.005	0.1	0.01	0.95833	0.25	1	2	0.3	2.7617	30
0.1	0.098665	0.12533	0.01	1.7288	0.5	1.1145	1.2196	0.4	5	30
5.4551	0.001	0.15476	0.018419	1.0189	0.75	1	1.0415	0.3	2.292	20
7.4281	0.001	0.1	0.01	1	0.99999	1.2048	0.8	0.32544	2.5	15
3.2437	0.001	0.12697	0.02875	1.1486	0.46377	1.1867	1.0268	0.34932	2.2812	16
3.2405	0.008923	0.16692	0.01	0.99497	1	0.24119	0.99954	0.50034	3.501	13779
6	0.001	0.2	0.01	1	1	0.4	0.8	0.4	3.5	20
6.3095	0.001	0.20046	0.020015	1.001	0.99962	0.26956	0.80104	0.32916	4.6693	15.009
3.0804	0.002	0.1	0.017757	0.99999	1	-0.071185	1	1.35	2.9641	15
4.0012	0.0064572	0.18362	0.012314	1.0866	0.30765	0.13072	1.1462	0.55005	5.6732	18.078
5.0462	0.0051258	0.3094	0.020313	0.98628	1.0137	0.57886	0.49438	0.41018	4.981	14.871
5.8333	0.0045345	0.2	0.01	1.0575	0.5	0.4	0.8	1.7697	3.5	30
1.8474	0.001	0.20009	0.029991	0.97513	0.49989	0.42672	0.68077	1.4406	4.7997	22.87
2.8724	0.010271	0.11308	0.020869	1.0572	0.53271	0.3542	0.74112	0.95093	8.9465	40.687
3	0.004345	0.3	0.02	1.2263	1	0.8	0.6531	0.77169	5	7.1534
7.4355	0.001	0.3	0.02	1	0.95833	0.64404	0.8	0.5	7	20
2.91	0.001	0.2	0.0125	1.3333	0.9781	0.50442	0.8	0.32904	3.5	10
3	0.008737	0.1	0.01	1.434	1	0.64149	0.8	0.5	3.5	20
8.4461	0.0015026	0.083333	0.01	1.4336	0.64332	0.8	0.27109	0.3	5.3144	9.6609
2.5167	0.001	0.097189	0.01	1.4703	1	0.8	0.88889	0.66667	3.5	20
6.2492	0.001	0.12017	0.03	1	0.5	0.53333	0.59141	0.5	4.6667	107.96
3.7487	0.001	0.17778	0.018889	0.66895	0.58059	0.53571	0.50517	0.37044	3.8085	35.527
1.7649	0.0036667	0.075404	0.020579	0.97561	0.45833	0.4373	0.8	0.3	3.5	13.65
4.5487	0.0021524	0.12736	0.021203	0.81666	0.48064	0.55809	0.79047	0.43619	3.9714	10.34
6.4857	0.0017185	0.31109	0.01	1.046	0.59067	0.60298	0.76945	0.44986	5.6802	28.155
3.7706	0.001	0.094039	0.020247	0.97392	0.5149	0.55419	0.97021	0.31937	3.7343	14.762
5.0204	0.001	0.20257	0.020136	1.1109	0.59423	0.51454	1.0069	0.3045	4.6823	20.035
3.3599	0.001	0.15	0.02	1.1854	1	0.4	0.31642	0.3	3.2582	15
3.399	0.001	0.097805	0.01	1.0481	0.9904	0.39274	0.79067	0.29287	2.8357	15.088
3	0.0055975	0.099999	0.02	1	0.5	0.66812	1	0.3	7	40
1.6623	0.001	0.2	0.016667	1.0437	0.60411	1.1111	0.88889	0	7	183.81
0.1	0.0041	0.11072	0.01711	1.2406	0.57099	1.0475	1.0475	0.12124	4.8146	17.2
2.0344	0.001	0.19916	0.029978	1.0005	0.92261	1.1638	0.84028	0.30035	3.4988	14.348
2.5571	0.0023269	0.19904	0.019966	0.99789	0.7515	1.1282	1.0018	-0.0012034	3.3291	19.981
3	0.005	0.23911	0.03	1	1	1.1701	1.0667	0.4	5	30
1.5611	0.0050245	0.26745	0.01	1.2056	1.0027	1.5973	0.99695	0.30199	3.5015	13.29
3	0.0025	0.2	0.01	1	0.97544	1.2147	0.91	0.4	2.9041	15
2.3795	0.001	0.25664	0.02	1	1	1.2604	1.0552	0.10481	3.3333	7.0747
2.7591	0.0039111	0.17018	0.020247	1.1191	0.43194	1.1658	1.1361	0.60209	4.7618	18.911
0.81421	0.0099999	0.24954	0.03	1.4938	1	1.5447	0.8	0.3	3.3564	20
0.1	0.003039	0.25422	0.021075	1.0819	0.53879	1.2092	1.0999	0.14203	4.417	26.825
5	0.001	0.25309	0.02	1	0.98709	1.112	1	0.3	3.3333	15
2.8138	0.001	0.15	0.01	1	0.7785	1	0.8	0.15455	2.5	15
2.78	0.0071959	0.2	0.02	0.875	1	1.203	1.0766	0.4	3.5458	15
2.9995	0.004998	0.29985	0.020004	1.0001	0.79668	1.6002	0.54997	0.30016	5.0004	14.998
4.3546	0.001	0.20133	0.019815	0.99189	0.49835	1.4989	0.99074	0.30602	4.6875	30.074
3.3407	0.001	0.10266	0.0208	1.2344	0.49967	1.4453	1.1892	0.0021168	2.9014	19.956
1.225	0.0036292	0.17042	0.023333	1.2977	0.41667	1.45	0.7205	0.2847	6.2924	31.333
3.4594	0.0051216	0.10115	0.030833	1.004	1.0182	1.5976	0.8562	0.68229	4.7135	15.167
2.6825	0.0032892	0.24688	0.027775	1.0574	0.92093	1.6068	0.7704	0.29021	4.4871	17.465
3	0.001	0.19394	0.016667	1.1438	1	1.4433	0.80582	-0.053452	3.3333	15
2.8389	0.001	0.21585	0.02	1.1295	1.0377	1.6	0.83793	0.20511	2.5	15
2.9919	0.001	0.191	0.031374	1.0301	1.0301	1.8236	1.008	0.0048958	3.7839	13.522
2.9687	0.0014587	0.18247	0.019098	0.96054	0.98594	1.5709	1.0451	0.46837	3.3615	15.361
3	0.0012963	0.1929	0.01	1.1978	0.93585	1.4952	1	-6.0555e-06	2.5	78.6
7.4819	0.001	0.21162	0.03932	1.681	1.4237	1.1846	1.5753	0.67224	3.3535	17.801
3	0.01	0.2	0.01	2	1.0556	0.8	1	0.6	2.5	15
4.7278	0.005	0.18349	0.01	1.4609	0.99999	0.9126	1	0.38473	2.5	15
7	0.005	0.2	0.02	2	1.2658	1.0667	1	0.216	2.5	15
10	0.001	0	0.015637	1.7733	0.89826	0.10044	1.8837	0.41565	3.1383	17.918
10	0.0014349	0.1	0.02	1	1.3816	0.86562	1.4089	0.24358	2.5	15
9.1806	0.001	0.032978	0.01	1.2485	1.0661	0.87287	1.5324	0.73189	2.7123	16.325
10	0.0016094	0.09496	0.019993	1.3471	1.0753	1.0668	1.4933	0.60022	3.3586	6.7021
8.4795	0.0014444	0.2	0.02	1	1.9028	1.0667	1.2756	0.24935	3.3333	30
4.2982	0.001	0	0.01	1.9659	0.99241	0.66332	1.425	0.39369	2.2161	29.689
3.327	0.0098711	0.21172	0.019891	1.1738	1.1355	0.82638	1.304	0.43567	3.3846	8.623
5.4259	0.001	0.027778	0.022131	1.9228	1.8255	0.8	1	0.050444	2.5	30
7.517	0.0053187	0.083333	0.01	1.049	2	0.8	1.0969	0.4	2.5	15
4.3337	0.0069065	0.032019	0.01	1.9932	1.491	0.80636	1.6304	0.31067	2.246	29.938
6.1412	0.001	0.2058	0.019028	1.1179	1.4933	0.84376	0.95138	0.26839	2.4149	15.389
10	0.001	0.17592	0.02	0.95833	1.1399	0.53333	1.5	0.5	2.5	15
7	0.001	0.3	0.02	1	1.4169	0.8	1.3832	0.22437	2.5	30
8.2082	0.001	0.09409	0.019261	0.96405	1.5105	0.67367	1.018	0.15396	2.3942	21.092
5.4646	0.001	0.096471	0.01995	0.9978	1.0022	0.79773	1.3985	0.29837	2.4956	14.98
7	0.001	0.1	0.038939	1	1.2137	0.67232	1.0891	0.10617	2.5	15
8.5669	0.0044869	0.1015	0.02	1	1.2907	0.8	1	0.3	2.5	15
5.9828	0.001	0.20332	0.020758	0.95387	1.2933	0.78347	1.0379	0.28517	2.2738	30.607
6.6533	0.001	0.10718	0.019999	1.3126	1.037	0.99996	1.5511	0.10559	2.4999	12.15
3.7766	0.001589	0.054857	0.02	1.6707	1.5	0.82734	1.068	0.38889	2.1667	15
5.2367	0.0035915	0	0.019583	2.3755	0.98177	1.1485	1.0208	0.31354	2.4635	14.833
3	0.005	0.2	0.02	2	0.95833	1.6	0.8866	0.66667	3.3333	15
4.7432	0.001	0.10104	0.01	0.96289	0.99744	0.8047	1.1848	0.30339	3.4883	7.8724
3.5819	0.001	0.1	0.045	1	0.5	1.0667	1.487	1.1681	2.5	15
6.9623	0.001	0.19734	0.019068	1.1879	1.0243	0.69703	1.2152	0.013889	3.2871	14.778
7	0.001	0.10336	0.024701	1	1.232	0.8	0.8	0.3	2.5	15
2.025	0.001	0	0.011014	1.4375	0.5625	1.25	1.5	0.50461	2.375	19
9.9542	0.001	0	0.017716	1.1146	0.97945	1.0858	1.25	0.27577	3.1698	10.083
5.2174	0.001	0.16269	0.01	0.91536	1.3648	1.1047	0.88981	0.3	2.5	15
6.1283	0.0014445	0.083328	0.01	1.007	0.99997	1	1	0.29998	3.4999	6.0002
4.1051	0.001	0.10012	0.01	1.0099	0.98831	0.86012	1.0134	0.30027	2.6926	13.332
7.0155	0.001	0.22764	0.01	1.0004	1.0029	0.80204	0.60596	0.30256	3.5293	8.1933
10	0.001	0.13333	0.02	1	1	0.8	0.8	0.5	3.5	20
7.6201	0.0012454	0.19754	0.01679	0.92826	1.0081	0.79167	0.99074	0.30602	2.5162	15.074
7.5295	0.001	0.12906	0.018543	0.74938	0.95303	0.79876	1.0014	0.2991	3.1016	6.554
10	0.001	0.22222	0.040305	1.0041	0.97739	0.85	0.94444	0.27879	3.5509	1365.3
6.477	0.001	0.18409	0.011898	1.1342	0.91979	0.81184	0.90523	0.3421	3.5304	14.513
5	0.001	0.12311	0.01	0.96463	0.6878	0.4	1	0.3	2.7932	15
5.2238	0.001	0.096516	0.023333	1.1117	1	0.8	1	0.3	2.5	15
7	0.001	0.2	0.01875	1	0.99999	0.71201	0.62636	0.5	2.5	30
6.1824	0.001	0.24553	0.03	1	1	0.87985	0.89944	0.3	3.5	8.9461
5.2468	0.001	0.21111	0.017331	1.1358	1.0243	0.38056	0.74152	0.28194	3.5625	14.778
6.2135	0.0015557	0.1	0.01	1.2611	1.0158	0.28889	1	0.5	3.5	15
7.5255	0.001	0.05	0.02	1.1497	1	0.8	1	0.3	3.5	15
7	0.001	0.3	0.01	2	1	0.64096	1	0.3	2.5	20
8.6215	0.001	0.19994	0.019997	1.0001	1.2785	0.80013	1.0001	0.29993	3.5003	20.001
2.6477	0.0078538	0.24811	0.030705	0.93503	0.50246	0.39655	0.80443	0.29908	2.9399	15.039
2.7644	0.020007	0.25009	0.016192	1.0002	0.49991	0.39987	0.79983	1.0001	4.9997	15.001
1.0667	0.014703	0.16667	0.02	0.95833	0.54672	0.59958	1	0.3	2.5	15
3	0.0092455	0.3	0.02	1	0.5	0.43954	1	0.33334	2.5	15
3.6185	0.011667	0.26764	0.02273	0.96521	0.99273	0.67922	0.77632	0.45873	2.5	5.9623
3	0.001	0.4	0.01	0.99999	0.95304	0.4	0.99999	0.3	3.3333	15
4.5266	0.019482	0.20545	0.019727	1.0119	1.0119	0.78772	0.98635	0.30939	5.0239	6.3486
3.1111	0.001	0.19693	0.020782	0.99328	0.99328	0.47374	0.99232	0.23345	2.5134	10.042
2.1065	0.0043172	0.42595	0.049021	0.82677	0.63472	0.67876	1.1503	0.50227	6.0295	16.203
2.8389	0.0066667	0.20213	0.02	1.0437	0.5	0.46131	1.172	0.3	3.3333	6.9944
3.3286	0.0023333	0.3	0.01	0.98381	1	0.8	1	0.24653	2.5	15
0.85541	0.009669	0.25057	0.01	1.1876	0.4951	0.82374	1.1955	0.28938	3.5679	11.667
0.1	0.0099493	0.21111	0.019444	0.9757	0.48869	0.825	1.0278	0.28194	4.9514	15.222
5	0.010984	0.15123	0.01	1	0.25	0.68244	1.4671	0.4	3.3333	20
1.2256	0.001	0.18363	0.021804	2.0281	0.68058	0.81424	0.98334	-0.6446	2.4708	15.133
3.2105	0.001	0.18737	0.02	1	1	1	0.8	0.3	2.5	13.333
3.2799	0.001	0.22195	0.01	1	0.25	0.86824	1.6213	0	3.5	15
5	0.0019877	0.30556	0.028212	1.3965	0.69091	1.225	1.0931	0.3	3.9239	13.137
3	0.01	0.2	0.020456	1.0467	0.3743	1.2084	1.4972	0.4	4.6667	10
1.1094	0.001	0.051774	0.03	1.2494	0.65228	1.1008	0.95988	0.3	2.8333	15
3.1667	0.0042744	0.2	0.02	0.95426	0.53179	0.53333	1.5	0.6	2.5	13.189
2.789	0.0046296	0.20175	0.019912	1.0039	0.73955	0.75783	1.0044	0.33042	3.3256	17.229
3.8892	0.01	0.2	0.02	1	1	0.8	0.84619	0.4	3.3333	15
2.3509	0.001	0.14977	0.017939	1.2736	0.25	0.95	1.3167	0.40833	4.6111	13.191
3.2605	0.001	0.20068	0.019966	1.0572	1.0015	0.72835	1.0017	0.2989	2.503	14.986
2.4863	0.0051495	0.19566	0.020708	0.98366	0.49112	1.648	1.852	0.37881	3.0882	15.149
2.7438	0.001	0.19062	0.023333	0.91667	0.81099	1.3305	1	0.22477	2.5	15
3	0.0032359	0.19211	0.01	1.1895	0.97881	1.3412	1.4049	0.33333	2.5	30
3.9134	0.001	0.19904	0.01	0.97151	0.91613	1.1928	1.559	0.39122	2.9959	14.788
3.4364	0.0032097	0.12938	0.024476	1.1958	0.46037	1.6811	1.7099	0.8345	2.9417	13.21
3.001	0.001	0.10007	0.019989	1.1939	0.97602	1.1504	0.79988	0.2998	2.5009	9.9971
5.0803	0.0027906	0.18493	0.01	1.1955	0.94407	1.3753	1	0.3	3.5	15
3	0.001	0.10063	0.020837	1	0.99464	1	0.82963	0.43333	2.5958	15
2.7132	0.001	0.21012	0.011111	1.2092	0.90132	1.1417	0.89269	0.3	3.5	15
5.8553	0.001	0.15047	0.01	1.179	1.0138	1.4105	1.1946	0.95747	3.934	10.009
3.2176	0.001	0.21229	0.01799	1	0.97622	0.97672	1	0.16667	2.5	15
3	0.0079898	0.099999	0.02	1	0.51259	0.8	1.4419	0.6	3.3333	15
2.9998	0.001	0.11261	0.037643	1.0061	0.70434	0.78821	0.94643	0.40006	2.4998	14.999
4.3473	0.001	0.1	0.02	1.0471	0.875	0.8	1	0.3	3.3333	15
3.1621	0.005	0.083333	0.02	1	0.96035	1.1817	1	0.3	2.9098	15
3	0.001	0.19342	0.021803	1.212	1	1.0667	1	0.4	2.5	15
2.258	0.0016667	0.086318	0.015	1.4702	0.5	1	1.3629	0.3	2.5	15
7	0.001	0.2	0.019339	1	1	1	1.5	0.17656	3.5	15
2.5961	0.001	0.11936	0.025037	1.4956	0.7769	1.1998	0.99997	0.22458	2.2181	15
3.841	0.0015497	0.13006	0.047251	1.3774	0.89818	1.1882	1.4313	0.58033	3.2547	18.45
3	0.005	0.2	0.03	1	1	1.0667	0.99999	0.3	2.5	15
8	0.001	0.31667	0.01	1	1.0073	1.1151	1.3827	0.3	3.5	7.2105
4.9803	0.0032871	0.20267	0.015343	0.63	0.88084	0.9924	0.99333	0.22013	3.6865	29.947
6.0655	0.001	0.18889	0.021111	0.80566	0.83712	0.8	1.0902	0.4	3.7289	6.6199
3.4898	0.0027039	0.13662	0.024544	0.88065	0.83252	1.0109	1.1364	0.38866	3.0946	28.909
