10000	10000	1	0.015578	1	1	0.53387	1.1108	0.39935	4.6701	15.543	1.1108	0.39935	4.6701	15.543	1.1108	0.39935	4.6701	15.543	1.1108	0.39935	4.6701	15.543	0	0.44247	0.15907	1.8602	6.1912	0.44247	0.15907	1.8602	6.1912	0.44247	0.15907	1.8602	6.1912	0.44247	0.15907	1.8602	6.1912	0	0.31519	0.31519	0.31519	0.31519	0.31519	0.31519	0.31519	0.31519	0.31519	0.31519	0.31519	0.31519	0.31519	0.31519	0.31519	0.31519	0.31519
10000	10000	1	0.03	1	1	0.4	1	0.5	2.5	15	1	0.5	2.5	15	1	0.5	2.5	15	1	0.5	2.5	15	0	0.5	0.25	1.25	7.5	0.5	0.25	1.25	7.5	0.5	0.25	1.25	7.5	0.5	0.25	1.25	7.5	0	0.3	0.3	0.3	0.3	0.3	0.3	0.3	0.3	0.3	0.3	0.3	0.3	0.3	0.3	0.3	0.3	0.3
10000	10000	1	0.01	1	1	0.12035	1.463	1.0661	4.5144	18.704	1.463	1.0661	4.5144	18.704	1.463	1.0661	4.5144	18.704	1.463	1.0661	4.5144	18.704	0	0.64351	0.46892	1.9857	8.2271	0.64351	0.46892	1.9857	8.2271	0.64351	0.46892	1.9857	8.2271	0.64351	0.46892	1.9857	8.2271	0	0.23656	0.23656	0.23656	0.23656	0.23656	0.23656	0.23656	0.23656	0.23656	0.23656	0.23656	0.23656	0.23656	0.23656	0.23656	0.23656	0.23656
10000	10000	1	0.01	1	1	0.40007	1.0001	0.52196	4.2474	2.953	1.0001	0.52196	4.2474	2.953	1.0001	0.52196	4.2474	2.953	1.0001	0.52196	4.2474	2.953	0	0.25003	0.13049	1.0619	0.73827	0.25003	0.13049	1.0619	0.73827	0.25003	0.13049	1.0619	0.73827	0.25003	0.13049	1.0619	0.73827	0	0.10002	0.10002	0.10002	0.10002	0.10002	0.10002	0.10002	0.10002	0.10002	0.10002	0.10002	0.10002	0.10002	0.10002	0.10002	0.10002	0.10002
10000	10000	1	0.013159	1	1	0.47421	1.3541	0.49472	5.0055	-11.144	1.3541	0.49472	5.0055	-11.144	1.3541	0.49472	5.0055	-11.144	1.3541	0.49472	5.0055	-11.144	0	0.72978	0.26663	2.6977	-6.0059	0.72978	0.26663	2.6977	-6.0059	0.72978	0.26663	2.6977	-6.0059	0.72978	0.26663	2.6977	-6.0059	0	0.2902	0.2902	0.2902	0.2902	0.2902	0.2902	0.2902	0.2902	0.2902	0.2902	0.2902	0.2902	0.2902	0.2902	0.2902	0.2902	0.2902
10000	10000	1	0.055708	1	1	0.70425	1.0203	0.6	4.6449	-28.263	1.0203	0.6	4.6449	-28.263	1.0203	0.6	4.6449	-28.263	1.0203	0.6	4.6449	-28.263	0	0.51017	0.3	2.3225	-14.131	0.51017	0.3	2.3225	-14.131	0.51017	0.3	2.3225	-14.131	0.51017	0.3	2.3225	-14.131	0	0.102	0.102	0.102	0.102	0.102	0.102	0.102	0.102	0.102	0.102	0.102	0.102	0.102	0.102	0.102	0.102	0.102
10000	10000	1	0.029669	1	1	0.40579	1.0592	0.36371	3.7619	-385.15	1.0592	0.36371	3.7619	-385.15	1.0592	0.36371	3.7619	-385.15	1.0592	0.36371	3.7619	-385.15	0	0.528	0.1813	1.8752	-191.99	0.528	0.1813	1.8752	-191.99	0.528	0.1813	1.8752	-191.99	0.528	0.1813	1.8752	-191.99	0	0.20081	0.20081	0.20081	0.20081	0.20081	0.20081	0.20081	0.20081	0.20081	0.20081	0.20081	0.20081	0.20081	0.20081	0.20081	0.20081	0.20081
10000	10000	1	0.030366	1	1	0.39843	0.79799	0.40026	2.4961	15.018	0.79799	0.40026	2.4961	15.018	0.79799	0.40026	2.4961	15.018	0.79799	0.40026	2.4961	15.018	0	0.67753	0.33984	2.1193	12.751	0.67753	0.33984	2.1193	12.751	0.67753	0.33984	2.1193	12.751	0.67753	0.33984	2.1193	12.751	0	0.23301	0.23301	0.23301	0.23301	0.23301	0.23301	0.23301	0.23301	0.23301	0.23301	0.23301	0.23301	0.23301	0.23301	0.23301	0.23301	0.23301
10000	10000	1	0.032591	1	1	0.52616	1.0643	0.90808	4.9522	10.356	1.0643	0.90808	4.9522	10.356	1.0643	0.90808	4.9522	10.356	1.0643	0.90808	4.9522	10.356	0	0.50369	0.42977	2.3438	4.9014	0.50369	0.42977	2.3438	4.9014	0.50369	0.42977	2.3438	4.9014	0.50369	0.42977	2.3438	4.9014	0	0.10038	0.10038	0.10038	0.10038	0.10038	0.10038	0.10038	0.10038	0.10038	0.10038	0.10038	0.10038	0.10038	0.10038	0.10038	0.10038	0.10038
10000	10000	1	0.018351	1	1	0.74594	1.3323	0.46325	5.2301	26.78	1.3323	0.46325	5.2301	26.78	1.3323	0.46325	5.2301	26.78	1.3323	0.46325	5.2301	26.78	0	0.66546	0.23138	2.6123	13.376	0.66546	0.23138	2.6123	13.376	0.66546	0.23138	2.6123	13.376	0.66546	0.23138	2.6123	13.376	0	0.25949	0.25949	0.25949	0.25949	0.25949	0.25949	0.25949	0.25949	0.25949	0.25949	0.25949	0.25949	0.25949	0.25949	0.25949	0.25949	0.25949
10000	10000	1	0.040561	1	1	0.79793	1.5684	0.46977	6.1519	-941.73	1.5684	0.46977	6.1519	-941.73	1.5684	0.46977	6.1519	-941.73	1.5684	0.46977	6.1519	-941.73	0	0.69736	0.20888	2.7354	-418.73	0.69736	0.20888	2.7354	-418.73	0.69736	0.20888	2.7354	-418.73	0.69736	0.20888	2.7354	-418.73	0	0.077018	0.077018	0.077018	0.077018	0.077018	0.077018	0.077018	0.077018	0.077018	0.077018	0.077018	0.077018	0.077018	0.077018	0.077018	0.077018	0.077018
10000	10000	1	0.031552	1	1	0.70482	0.98913	0.27016	3.78	28.323	0.98913	0.27016	3.78	28.323	0.98913	0.27016	3.78	28.323	0.98913	0.27016	3.78	28.323	0	0.79467	0.21705	3.0369	22.754	0.79467	0.21705	3.0369	22.754	0.79467	0.21705	3.0369	22.754	0.79467	0.21705	3.0369	22.754	0	0.18465	0.18465	0.18465	0.18465	0.18465	0.18465	0.18465	0.18465	0.18465	0.18465	0.18465	0.18465	0.18465	0.18465	0.18465	0.18465	0.18465
10000	10000	1	0.01	1	1	0.72549	0.86744	0.53605	2.8543	-133.91	0.86744	0.53605	2.8543	-133.91	0.86744	0.53605	2.8543	-133.91	0.86744	0.53605	2.8543	-133.91	0	0.74548	0.46069	2.453	-115.09	0.74548	0.46069	2.453	-115.09	0.74548	0.46069	2.453	-115.09	0.74548	0.46069	2.453	-115.09	0	0.2027	0.2027	0.2027	0.2027	0.2027	0.2027	0.2027	0.2027	0.2027	0.2027	0.2027	0.2027	0.2027	0.2027	0.2027	0.2027	0.2027
10000	10000	1	0.01	1	1	0.66553	0.93447	0.38794	3.1638	9.1782	0.93447	0.38794	3.1638	9.1782	0.93447	0.38794	3.1638	9.1782	0.93447	0.38794	3.1638	9.1782	0	0.84253	0.34977	2.8525	8.2752	0.84253	0.34977	2.8525	8.2752	0.84253	0.34977	2.8525	8.2752	0.84253	0.34977	2.8525	8.2752	0	0.17563	0.17563	0.17563	0.17563	0.17563	0.17563	0.17563	0.17563	0.17563	0.17563	0.17563	0.17563	0.17563	0.17563	0.17563	0.17563	0.17563
10000	10000	1	0.01	1	1	0.59232	1.2366	0.44545	3.9875	132.8	1.2366	0.44545	3.9875	132.8	1.2366	0.44545	3.9875	132.8	1.2366	0.44545	3.9875	132.8	0	0.62482	0.22507	2.0148	67.103	0.62482	0.22507	2.0148	67.103	0.62482	0.22507	2.0148	67.103	0.62482	0.22507	2.0148	67.103	0	0.070335	0.070335	0.070335	0.070335	0.070335	0.070335	0.070335	0.070335	0.070335	0.070335	0.070335	0.070335	0.070335	0.070335	0.070335	0.070335	0.070335
10000	10000	1	0.01	1	1	0.4	1.3333	1.303	4.8264	15	1.3333	1.303	4.8264	15	1.3333	1.303	4.8264	15	1.3333	1.303	4.8264	15	0	0.66666	0.65148	2.4132	7.5	0.66666	0.65148	2.4132	7.5	0.66666	0.65148	2.4132	7.5	0.66666	0.65148	2.4132	7.5	0	0.3	0.3	0.3	0.3	0.3	0.3	0.3	0.3	0.3	0.3	0.3	0.3	0.3	0.3	0.3	0.3	0.3
10000	10000	1	0.019276	1	1	0.58137	1.2814	1.211	4.1331	22.954	1.2814	1.211	4.1331	22.954	1.2814	1.211	4.1331	22.954	1.2814	1.211	4.1331	22.954	0	0.61343	0.57975	1.9786	10.989	0.61343	0.57975	1.9786	10.989	0.61343	0.57975	1.9786	10.989	0.61343	0.57975	1.9786	10.989	0	0.19451	0.19451	0.19451	0.19451	0.19451	0.19451	0.19451	0.19451	0.19451	0.19451	0.19451	0.19451	0.19451	0.19451	0.19451	0.19451	0.19451
10000	10000	1	0.01	1	1	0.49413	1.6355	1.2041	5.1033	9.2759	1.6355	1.2041	5.1033	9.2759	1.6355	1.2041	5.1033	9.2759	1.6355	1.2041	5.1033	9.2759	0	1.0435	0.76829	3.2561	5.9184	1.0435	0.76829	3.2561	5.9184	1.0435	0.76829	3.2561	5.9184	1.0435	0.76829	3.2561	5.9184	0	0.28981	0.28981	0.28981	0.28981	0.28981	0.28981	0.28981	0.28981	0.28981	0.28981	0.28981	0.28981	0.28981	0.28981	0.28981	0.28981	0.28981
10000	10000	1	0.01	1	1	0.47893	0.84433	0.54285	3.6108	10.271	0.84433	0.54285	3.6108	10.271	0.84433	0.54285	3.6108	10.271	0.84433	0.54285	3.6108	10.271	0	0.43194	0.27771	1.8472	5.2543	0.43194	0.27771	1.8472	5.2543	0.43194	0.27771	1.8472	5.2543	0.43194	0.27771	1.8472	5.2543	0	0.041269	0.041269	0.041269	0.041269	0.041269	0.041269	0.041269	0.041269	0.041269	0.041269	0.041269	0.041269	0.041269	0.041269	0.041269	0.041269	0.041269
10000	10000	1	0.0121	1	1	0.41661	0.83041	0.72367	3.2757	15.265	0.83041	0.72367	3.2757	15.265	0.83041	0.72367	3.2757	15.265	0.83041	0.72367	3.2757	15.265	0	0.63823	0.55619	2.5176	11.733	0.63823	0.55619	2.5176	11.733	0.63823	0.55619	2.5176	11.733	0.63823	0.55619	2.5176	11.733	0	0.24201	0.24201	0.24201	0.24201	0.24201	0.24201	0.24201	0.24201	0.24201	0.24201	0.24201	0.24201	0.24201	0.24201	0.24201	0.24201	0.24201
10000	10000	1	0.028306	1	1	0.77254	1.108	0.34521	5.1939	-11.564	1.108	0.34521	5.1939	-11.564	1.108	0.34521	5.1939	-11.564	1.108	0.34521	5.1939	-11.564	0	0.64164	0.19991	3.0078	-6.6964	0.64164	0.19991	3.0078	-6.6964	0.64164	0.19991	3.0078	-6.6964	0.64164	0.19991	3.0078	-6.6964	0	0.34705	0.34705	0.34705	0.34705	0.34705	0.34705	0.34705	0.34705	0.34705	0.34705	0.34705	0.34705	0.34705	0.34705	0.34705	0.34705	0.34705
10000	10000	1	0.019687	1	1	0.65344	0.98434	0.29812	4.7019	-39.293	0.98434	0.29812	4.7019	-39.293	0.98434	0.29812	4.7019	-39.293	0.98434	0.29812	4.7019	-39.293	0	0.48578	0.14712	2.3204	-19.391	0.48578	0.14712	2.3204	-19.391	0.48578	0.14712	2.3204	-19.391	0.48578	0.14712	2.3204	-19.391	0	0.26995	0.26995	0.26995	0.26995	0.26995	0.26995	0.26995	0.26995	0.26995	0.26995	0.26995	0.26995	0.26995	0.26995	0.26995	0.26995	0.26995
10000	10000	1	0.073172	1	1	1	1	0.3	6.3229	-105	1	0.3	6.3229	-105	1	0.3	6.3229	-105	1	0.3	6.3229	-105	0	0.5	0.15	3.1615	-52.5	0.5	0.15	3.1615	-52.5	0.5	0.15	3.1615	-52.5	0.5	0.15	3.1615	-52.5	0	0.33785	0.33785	0.33785	0.33785	0.33785	0.33785	0.33785	0.33785	0.33785	0.33785	0.33785	0.33785	0.33785	0.33785	0.33785	0.33785	0.33785
10000	10000	1	0.028678	1	1	0.69932	1.5769	0.37953	6.5454	13.176	1.5769	0.37953	6.5454	13.176	1.5769	0.37953	6.5454	13.176	1.5769	0.37953	6.5454	13.176	0	0.81389	0.19589	3.3783	6.8005	0.81389	0.19589	3.3783	6.8005	0.81389	0.19589	3.3783	6.8005	0.81389	0.19589	3.3783	6.8005	0	0.19395	0.19395	0.19395	0.19395	0.19395	0.19395	0.19395	0.19395	0.19395	0.19395	0.19395	0.19395	0.19395	0.19395	0.19395	0.19395	0.19395
10000	10000	1	0.01	1	1	0.8	1	0.4	4.8092	15	1	0.4	4.8092	15	1	0.4	4.8092	15	1	0.4	4.8092	15	0	0.50942	0.20377	2.4499	7.6413	0.50942	0.20377	2.4499	7.6413	0.50942	0.20377	2.4499	7.6413	0.50942	0.20377	2.4499	7.6413	0	0.32316	0.32316	0.32316	0.32316	0.32316	0.32316	0.32316	0.32316	0.32316	0.32316	0.32316	0.32316	0.32316	0.32316	0.32316	0.32316	0.32316
10000	10000	1	0.01	1	1	0.4	0.8	0.6	5.2214	10	0.8	0.6	5.2214	10	0.8	0.6	5.2214	10	0.8	0.6	5.2214	10	0	0.42222	0.31667	2.7557	5.2778	0.42222	0.31667	2.7557	5.2778	0.42222	0.31667	2.7557	5.2778	0.42222	0.31667	2.7557	5.2778	0	0	0	0	0	0	0	0	0	0	0	0	0	0	0	0	0	0
10000	10000	1	0.019878	1	1	0.63167	1.0939	0.30395	6.9863	-42.087	1.0939	0.30395	6.9863	-42.087	1.0939	0.30395	6.9863	-42.087	1.0939	0.30395	6.9863	-42.087	0	0.54361	0.15105	3.4719	-20.915	0.54361	0.15105	3.4719	-20.915	0.54361	0.15105	3.4719	-20.915	0.54361	0.15105	3.4719	-20.915	0	0.19858	0.19858	0.19858	0.19858	0.19858	0.19858	0.19858	0.19858	0.19858	0.19858	0.19858	0.19858	0.19858	0.19858	0.19858	0.19858	0.19858
10000	10000	1	0.030698	1	1	0.47035	0.9586	0.69367	6.6758	-181.51	0.9586	0.69367	6.6758	-181.51	0.9586	0.69367	6.6758	-181.51	0.9586	0.69367	6.6758	-181.51	0	0.47738	0.34544	3.3245	-90.392	0.47738	0.34544	3.3245	-90.392	0.47738	0.34544	3.3245	-90.392	0.47738	0.34544	3.3245	-90.392	0	0.056136	0.056136	0.056136	0.056136	0.056136	0.056136	0.056136	0.056136	0.056136	0.056136	0.056136	0.056136	0.056136	0.056136	0.056136	0.056136	0.056136
10000	10000	1	0.01	1	1	0.28889	0.99999	0.41945	7	40	0.99999	0.41945	7	40	0.99999	0.41945	7	40	0.99999	0.41945	7	40	0	0.5	0.20973	3.5	20	0.5	0.20973	3.5	20	0.5	0.20973	3.5	20	0.5	0.20973	3.5	20	0	0.095583	0.095583	0.095583	0.095583	0.095583	0.095583	0.095583	0.095583	0.095583	0.095583	0.095583	0.095583	0.095583	0.095583	0.095583	0.095583	0.095583
10000	10000	1	0.020469	1	1	0.47694	0.99335	0.2982	7.2402	9.5283	0.99335	0.2982	7.2402	9.5283	0.99335	0.2982	7.2402	9.5283	0.99335	0.2982	7.2402	9.5283	0	0.55726	0.16729	4.0617	5.3453	0.55726	0.16729	4.0617	5.3453	0.55726	0.16729	4.0617	5.3453	0.55726	0.16729	4.0617	5.3453	0	0.15853	0.15853	0.15853	0.15853	0.15853	0.15853	0.15853	0.15853	0.15853	0.15853	0.15853	0.15853	0.15853	0.15853	0.15853	0.15853	0.15853
10000	10000	1	0.012568	1	1	0.57908	1.1752	1.1861	6.1109	-125.81	1.1752	1.1861	6.1109	-125.81	1.1752	1.1861	6.1109	-125.81	1.1752	1.1861	6.1109	-125.81	0	0.36406	0.36745	1.893	-38.972	0.36406	0.36745	1.893	-38.972	0.36406	0.36745	1.893	-38.972	0.36406	0.36745	1.893	-38.972	0	0	0	0	0	0	0	0	0	0	0	0	0	0	0	0	0	0
10000	10000	1	0.01	1	1	0.42298	1.0813	1.061	3.683	-34.158	1.0813	1.061	3.683	-34.158	1.0813	1.061	3.683	-34.158	1.0813	1.061	3.683	-34.158	0	0.49669	0.48735	1.6917	-15.69	0.49669	0.48735	1.6917	-15.69	0.49669	0.48735	1.6917	-15.69	0.49669	0.48735	1.6917	-15.69	0	0	0	0	0	0	0	0	0	0	0	0	0	0	0	0	0	0
10000	10000	1	0.019769	1	1	0.43625	0.98434	1.0331	4.7529	-89.879	0.98434	1.0331	4.7529	-89.879	0.98434	1.0331	4.7529	-89.879	0.98434	1.0331	4.7529	-89.879	0	0.37524	0.39382	1.8118	-34.263	0.37524	0.39382	1.8118	-34.263	0.37524	0.39382	1.8118	-34.263	0.37524	0.39382	1.8118	-34.263	0	0	0	0	0	0	0	0	0	0	0	0	0	0	0	0	0	0
10000	10000	1	0.01	1	1	0.49255	0.9988	1.0452	4.2279	19.367	0.9988	1.0452	4.2279	19.367	0.9988	1.0452	4.2279	19.367	0.9988	1.0452	4.2279	19.367	0	0.50019	0.52342	2.1173	9.6989	0.50019	0.52342	2.1173	9.6989	0.50019	0.52342	2.1173	9.6989	0.50019	0.52342	2.1173	9.6989	0	0.099357	0.099357	0.099357	0.099357	0.099357	0.099357	0.099357	0.099357	0.099357	0.099357	0.099357	0.099357	0.099357	0.099357	0.099357	0.099357	0.099357
10000	10000	1	0.01	1	1	0.42143	1	1.042	3.5	-90	1	1.042	3.5	-90	1	1.042	3.5	-90	1	1.042	3.5	-90	0	0.4903	0.5109	1.716	-44.127	0.4903	0.5109	1.716	-44.127	0.4903	0.5109	1.716	-44.127	0.4903	0.5109	1.716	-44.127	0	0	0	0	0	0	0	0	0	0	0	0	0	0	0	0	0	0
10000	10000	1	0.01	1	1	0.79942	0.83722	0.21918	3.758	42.408	0.83722	0.21918	3.758	42.408	0.83722	0.21918	3.758	42.408	0.83722	0.21918	3.758	42.408	0	0.56391	0.14763	2.5312	28.564	0.56391	0.14763	2.5312	28.564	0.56391	0.14763	2.5312	28.564	0.56391	0.14763	2.5312	28.564	0	0.13725	0.13725	0.13725	0.13725	0.13725	0.13725	0.13725	0.13725	0.13725	0.13725	0.13725	0.13725	0.13725	0.13725	0.13725	0.13725	0.13725
10000	10000	1	0.04	1	1	0.4	1	0.3	5.9443	12.957	1	0.3	5.9443	12.957	1	0.3	5.9443	12.957	1	0.3	5.9443	12.957	0	0.5	0.15	2.9722	6.4784	0.5	0.15	2.9722	6.4784	0.5	0.15	2.9722	6.4784	0.5	0.15	2.9722	6.4784	0	0	0	0	0	0	0	0	0	0	0	0	0	0	0	0	0	0
10000	10000	1	0.01	1	1	0.78038	0.9782	0.30309	7.0216	6.175	0.9782	0.30309	7.0216	6.175	0.9782	0.30309	7.0216	6.175	0.9782	0.30309	7.0216	6.175	0	0.49703	0.154	3.5677	3.1376	0.49703	0.154	3.5677	3.1376	0.49703	0.154	3.5677	3.1376	0.49703	0.154	3.5677	3.1376	0	0.032905	0.032905	0.032905	0.032905	0.032905	0.032905	0.032905	0.032905	0.032905	0.032905	0.032905	0.032905	0.032905	0.032905	0.032905	0.032905	0.032905
10000	10000	1	0.02	1	1	0.086077	1	0.3	5.0041	15	1	0.3	5.0041	15	1	0.3	5.0041	15	1	0.3	5.0041	15	0	0.5	0.15	2.502	7.5	0.5	0.15	2.502	7.5	0.5	0.15	2.502	7.5	0.5	0.15	2.502	7.5	0	0	0	0	0	0	0	0	0	0	0	0	0	0	0	0	0	0
10000	10000	1	0.01	1	1	0.11184	1.2649	0.42321	6.6721	26.195	1.2649	0.42321	6.6721	26.195	1.2649	0.42321	6.6721	26.195	1.2649	0.42321	6.6721	26.195	0	0.53406	0.17868	2.817	11.06	0.53406	0.17868	2.817	11.06	0.53406	0.17868	2.817	11.06	0.53406	0.17868	2.817	11.06	0	0	0	0	0	0	0	0	0	0	0	0	0	0	0	0	0	0
10000	10000	1	0.016853	1	1	0.41325	1.4907	1.4109	5.0657	31.259	1.4907	1.4109	5.0657	31.259	1.4907	1.4109	5.0657	31.259	1.4907	1.4109	5.0657	31.259	0	0.76457	0.72366	2.5982	16.032	0.76457	0.72366	2.5982	16.032	0.76457	0.72366	2.5982	16.032	0.76457	0.72366	2.5982	16.032	0	0.22484	0.22484	0.22484	0.22484	0.22484	0.22484	0.22484	0.22484	0.22484	0.22484	0.22484	0.22484	0.22484	0.22484	0.22484	0.22484	0.22484
10000	10000	1	0.031667	1	1	0.60983	1.4815	1.3333	5.2188	26.667	1.4815	1.3333	5.2188	26.667	1.4815	1.3333	5.2188	26.667	1.4815	1.3333	5.2188	26.667	0	0.6981	0.6283	2.4592	12.566	0.6981	0.6283	2.4592	12.566	0.6981	0.6283	2.4592	12.566	0.6981	0.6283	2.4592	12.566	0	0.245	0.245	0.245	0.245	0.245	0.245	0.245	0.245	0.245	0.245	0.245	0.245	0.245	0.245	0.245	0.245	0.245
10000	10000	1	0.01	1	1	0.64706	1	0.82989	3.5	13.333	1	0.82989	3.5	13.333	1	0.82989	3.5	13.333	1	0.82989	3.5	13.333	0	0.5	0.41494	1.75	6.6667	0.5	0.41494	1.75	6.6667	0.5	0.41494	1.75	6.6667	0.5	0.41494	1.75	6.6667	0	0.14309	0.14309	0.14309	0.14309	0.14309	0.14309	0.14309	0.14309	0.14309	0.14309	0.14309	0.14309	0.14309	0.14309	0.14309	0.14309	0.14309
10000	10000	1	0.01	1	1	0.72997	1.5571	1.4748	6.4965	28.21	1.5571	1.4748	6.4965	28.21	1.5571	1.4748	6.4965	28.21	1.5571	1.4748	6.4965	28.21	0	0.60433	0.57237	2.5213	10.948	0.60433	0.57237	2.5213	10.948	0.60433	0.57237	2.5213	10.948	0.60433	0.57237	2.5213	10.948	0	0.20138	0.20138	0.20138	0.20138	0.20138	0.20138	0.20138	0.20138	0.20138	0.20138	0.20138	0.20138	0.20138	0.20138	0.20138	0.20138	0.20138
10000	10000	1	0.018374	1	1	0.61229	1	1.1441	3.5	-39.781	1	1.1441	3.5	-39.781	1	1.1441	3.5	-39.781	1	1.1441	3.5	-39.781	0	0.5	0.57203	1.75	-19.891	0.5	0.57203	1.75	-19.891	0.5	0.57203	1.75	-19.891	0.5	0.57203	1.75	-19.891	0	0.19639	0.19639	0.19639	0.19639	0.19639	0.19639	0.19639	0.19639	0.19639	0.19639	0.19639	0.19639	0.19639	0.19639	0.19639	0.19639	0.19639
10000	10000	1	0.01	1	1	0.8	1.0667	1	3.5	-66.667	1.0667	1	3.5	-66.667	1.0667	1	3.5	-66.667	1.0667	1	3.5	-66.667	0	0.53333	0.5	1.75	-33.333	0.53333	0.5	1.75	-33.333	0.53333	0.5	1.75	-33.333	0.53333	0.5	1.75	-33.333	0	0	0	0	0	0	0	0	0	0	0	0	0	0	0	0	0	0
10000	10000	1	0.029261	1	1	0.40286	1.0727	0.68896	3.76	10.636	1.0727	0.68896	3.76	10.636	1.0727	0.68896	3.76	10.636	1.0727	0.68896	3.76	10.636	0	0.53641	0.34453	1.8803	5.3186	0.53641	0.34453	1.8803	5.3186	0.53641	0.34453	1.8803	5.3186	0.53641	0.34453	1.8803	5.3186	0	0	0	0	0	0	0	0	0	0	0	0	0	0	0	0	0	0
10000	10000	1	0.01	1	1	0.88889	0.9485	0.5	3.5	15	0.9485	0.5	3.5	15	0.9485	0.5	3.5	15	0.9485	0.5	3.5	15	0	0.47425	0.25	1.75	7.5	0.47425	0.25	1.75	7.5	0.47425	0.25	1.75	7.5	0.47425	0.25	1.75	7.5	0	0	0	0	0	0	0	0	0	0	0	0	0	0	0	0	0	0
10000	10000	1	0.043264	1	1	0.67304	1.4759	0.51252	5.5964	-799.09	1.4759	0.51252	5.5964	-799.09	1.4759	0.51252	5.5964	-799.09	1.4759	0.51252	5.5964	-799.09	0	0.47635	0.16541	1.8062	-257.9	0.47635	0.16541	1.8062	-257.9	0.47635	0.16541	1.8062	-257.9	0.47635	0.16541	1.8062	-257.9	0	0.050505	0.050505	0.050505	0.050505	0.050505	0.050505	0.050505	0.050505	0.050505	0.050505	0.050505	0.050505	0.050505	0.050505	0.050505	0.050505	0.050505
10000	10000	1	0.01	1	1	0.8	1.079	1.1676	4.9469	-10.942	1.079	1.1676	4.9469	-10.942	1.079	1.1676	4.9469	-10.942	1.079	1.1676	4.9469	-10.942	0	0.49455	0.53517	2.2673	-5.0153	0.49455	0.53517	2.2673	-5.0153	0.49455	0.53517	2.2673	-5.0153	0.49455	0.53517	2.2673	-5.0153	0	0.069642	0.069642	0.069642	0.069642	0.069642	0.069642	0.069642	0.069642	0.069642	0.069642	0.069642	0.069642	0.069642	0.069642	0.069642	0.069642	0.069642
10000	10000	1	0.024312	1	1	0.4	1	1.0633	4.9138	158.33	1	1.0633	4.9138	158.33	1	1.0633	4.9138	158.33	1	1.0633	4.9138	158.33	0	0.51033	0.54263	2.5077	80.799	0.51033	0.54263	2.5077	80.799	0.51033	0.54263	2.5077	80.799	0.51033	0.54263	2.5077	80.799	0	0.075838	0.075838	0.075838	0.075838	0.075838	0.075838	0.075838	0.075838	0.075838	0.075838	0.075838	0.075838	0.075838	0.075838	0.075838	0.075838	0.075838
10000	10000	1	0.01	1	1	0.6968	0.99708	1.2613	4.749	17.35	0.99708	1.2613	4.749	17.35	0.99708	1.2613	4.749	17.35	0.99708	1.2613	4.749	17.35	0	0.4567	0.5777	2.1752	7.9471	0.4567	0.5777	2.1752	7.9471	0.4567	0.5777	2.1752	7.9471	0.4567	0.5777	2.1752	7.9471	0	0.050586	0.050586	0.050586	0.050586	0.050586	0.050586	0.050586	0.050586	0.050586	0.050586	0.050586	0.050586	0.050586	0.050586	0.050586	0.050586	0.050586
10000	10000	1	0.04	1	1	0.4	0.99242	1.35	4.6666	30	0.99242	1.35	4.6666	30	0.99242	1.35	4.6666	30	0.99242	1.35	4.6666	30	0	0.49621	0.675	2.3333	15	0.49621	0.675	2.3333	15	0.49621	0.675	2.3333	15	0.49621	0.675	2.3333	15	0	0	0	0	0	0	0	0	0	0	0	0	0	0	0	0	0	0
10000	10000	1	0.01	1	1	0.58593	0.8	1.0354	3.5	20	0.8	1.0354	3.5	20	0.8	1.0354	3.5	20	0.8	1.0354	3.5	20	0	0.4	0.51769	1.75	10	0.4	0.51769	1.75	10	0.4	0.51769	1.75	10	0.4	0.51769	1.75	10	0	0.1	0.1	0.1	0.1	0.1	0.1	0.1	0.1	0.1	0.1	0.1	0.1	0.1	0.1	0.1	0.1	0.1
10000	10000	1	0.029866	1	1	0.34401	1.2434	0.76578	3.3639	18.949	1.2434	0.76578	3.3639	18.949	1.2434	0.76578	3.3639	18.949	1.2434	0.76578	3.3639	18.949	0	0.31086	0.19145	0.84097	4.7373	0.31086	0.19145	0.84097	4.7373	0.31086	0.19145	0.84097	4.7373	0.31086	0.19145	0.84097	4.7373	0	1.7171e-06	1.7171e-06	1.7171e-06	1.7171e-06	1.7171e-06	1.7171e-06	1.7171e-06	1.7171e-06	1.7171e-06	1.7171e-06	1.7171e-06	1.7171e-06	1.7171e-06	1.7171e-06	1.7171e-06	1.7171e-06	1.7171e-06
10000	10000	1	0.034104	1	1	0.40211	1.2117	0.3778	3.7906	21.257	1.2117	0.3778	3.7906	21.257	1.2117	0.3778	3.7906	21.257	1.2117	0.3778	3.7906	21.257	0	0.53331	0.16629	1.6685	9.3563	0.53331	0.16629	1.6685	9.3563	0.53331	0.16629	1.6685	9.3563	0.53331	0.16629	1.6685	9.3563	0	0.021635	0.021635	0.021635	0.021635	0.021635	0.021635	0.021635	0.021635	0.021635	0.021635	0.021635	0.021635	0.021635	0.021635	0.021635	0.021635	0.021635
10000	10000	1	0.01	1	1	0.71851	1.1706	0.6	3.5	10.87	1.1706	0.6	3.5	10.87	1.1706	0.6	3.5	10.87	1.1706	0.6	3.5	10.87	0	0.55772	0.28586	1.6675	5.1787	0.55772	0.28586	1.6675	5.1787	0.55772	0.28586	1.6675	5.1787	0.55772	0.28586	1.6675	5.1787	0	0	0	0	0	0	0	0	0	0	0	0	0	0	0	0	0	0
10000	10000	1	0.035857	1	1	0.8	1	0.5	3.5	15	1	0.5	3.5	15	1	0.5	3.5	15	1	0.5	3.5	15	0	0.5	0.25	1.75	7.5	0.5	0.25	1.75	7.5	0.5	0.25	1.75	7.5	0.5	0.25	1.75	7.5	0	0	0	0	0	0	0	0	0	0	0	0	0	0	0	0	0	0
10000	10000	1	0.025052	1	1	0.84412	1.1559	0.49868	4.6036	-34.419	1.1559	0.49868	4.6036	-34.419	1.1559	0.49868	4.6036	-34.419	1.1559	0.49868	4.6036	-34.419	0	0.47203	0.20364	1.88	-14.056	0.47203	0.20364	1.88	-14.056	0.47203	0.20364	1.88	-14.056	0.47203	0.20364	1.88	-14.056	0	0	0	0	0	0	0	0	0	0	0	0	0	0	0	0	0	0
10000	10000	1	0.012222	1	1	0.79992	0.84188	0.46899	3.4998	11.667	0.84188	0.46899	3.4998	11.667	0.84188	0.46899	3.4998	11.667	0.84188	0.46899	3.4998	11.667	0	0.34865	0.19423	1.4494	4.8318	0.34865	0.19423	1.4494	4.8318	0.34865	0.19423	1.4494	4.8318	0.34865	0.19423	1.4494	4.8318	0	0	0	0	0	0	0	0	0	0	0	0	0	0	0	0	0	0
10000	10000	1	0.017543	1	1	0.97766	1.6292	1.0736	4.9156	-436.75	1.6292	1.0736	4.9156	-436.75	1.6292	1.0736	4.9156	-436.75	1.6292	1.0736	4.9156	-436.75	0	0.83923	0.55306	2.5322	-224.98	0.83923	0.55306	2.5322	-224.98	0.83923	0.55306	2.5322	-224.98	0.83923	0.55306	2.5322	-224.98	0	0.16184	0.16184	0.16184	0.16184	0.16184	0.16184	0.16184	0.16184	0.16184	0.16184	0.16184	0.16184	0.16184	0.16184	0.16184	0.16184	0.16184
10000	10000	1	0.027175	1	1	0.82546	1.4227	0.33343	3.8993	10.025	1.4227	0.33343	3.8993	10.025	1.4227	0.33343	3.8993	10.025	1.4227	0.33343	3.8993	10.025	0	0.75405	0.17672	2.0666	5.3135	0.75405	0.17672	2.0666	5.3135	0.75405	0.17672	2.0666	5.3135	0.75405	0.17672	2.0666	5.3135	0	0.16133	0.16133	0.16133	0.16133	0.16133	0.16133	0.16133	0.16133	0.16133	0.16133	0.16133	0.16133	0.16133	0.16133	0.16133	0.16133	0.16133
10000	10000	1	0.036667	1	1	0.5174	1.6042	1.8375	3.875	13.667	1.6042	1.8375	3.875	13.667	1.6042	1.8375	3.875	13.667	1.6042	1.8375	3.875	13.667	0	0.88924	1.0185	2.1479	7.5756	0.88924	1.0185	2.1479	7.5756	0.88924	1.0185	2.1479	7.5756	0.88924	1.0185	2.1479	7.5756	0	0.27251	0.27251	0.27251	0.27251	0.27251	0.27251	0.27251	0.27251	0.27251	0.27251	0.27251	0.27251	0.27251	0.27251	0.27251	0.27251	0.27251
10000	10000	1	0.01294	1	1	0.99476	1.0248	0.98967	4.3306	17.009	1.0248	0.98967	4.3306	17.009	1.0248	0.98967	4.3306	17.009	1.0248	0.98967	4.3306	17.009	0	0.5244	0.50641	2.2159	8.7035	0.5244	0.50641	2.2159	8.7035	0.5244	0.50641	2.2159	8.7035	0.5244	0.50641	2.2159	8.7035	0	0.19889	0.19889	0.19889	0.19889	0.19889	0.19889	0.19889	0.19889	0.19889	0.19889	0.19889	0.19889	0.19889	0.19889	0.19889	0.19889	0.19889
10000	10000	1	0.01	1	1	0.67124	1.1465	0.89991	4.4045	11.183	1.1465	0.89991	4.4045	11.183	1.1465	0.89991	4.4045	11.183	1.1465	0.89991	4.4045	11.183	0	0.49019	0.38475	1.8831	4.7813	0.49019	0.38475	1.8831	4.7813	0.49019	0.38475	1.8831	4.7813	0.49019	0.38475	1.8831	4.7813	0	0.14243	0.14243	0.14243	0.14243	0.14243	0.14243	0.14243	0.14243	0.14243	0.14243	0.14243	0.14243	0.14243	0.14243	0.14243	0.14243	0.14243
10000	10000	1	0.01	1	1	0.81832	1.4798	0.31474	4.5197	40.479	1.4798	0.31474	4.5197	40.479	1.4798	0.31474	4.5197	40.479	1.4798	0.31474	4.5197	40.479	0	0.59664	0.1269	1.8223	16.32	0.59664	0.1269	1.8223	16.32	0.59664	0.1269	1.8223	16.32	0.59664	0.1269	1.8223	16.32	0	0.13714	0.13714	0.13714	0.13714	0.13714	0.13714	0.13714	0.13714	0.13714	0.13714	0.13714	0.13714	0.13714	0.13714	0.13714	0.13714	0.13714
10000	10000	1	0.01	1	1	0.57963	1.2264	0.59981	3.0671	15.002	1.2264	0.59981	3.0671	15.002	1.2264	0.59981	3.0671	15.002	1.2264	0.59981	3.0671	15.002	0	0.5159	0.25232	1.2902	6.3106	0.5159	0.25232	1.2902	6.3106	0.5159	0.25232	1.2902	6.3106	0.5159	0.25232	1.2902	6.3106	0	0.044005	0.044005	0.044005	0.044005	0.044005	0.044005	0.044005	0.044005	0.044005	0.044005	0.044005	0.044005	0.044005	0.044005	0.044005	0.044005	0.044005
10000	10000	1	0.012304	1	1	0.58695	1.4131	0.56848	3.8377	18.304	1.4131	0.56848	3.8377	18.304	1.4131	0.56848	3.8377	18.304	1.4131	0.56848	3.8377	18.304	0	0.58223	0.23424	1.5813	7.5421	0.58223	0.23424	1.5813	7.5421	0.58223	0.23424	1.5813	7.5421	0.58223	0.23424	1.5813	7.5421	0	0.15146	0.15146	0.15146	0.15146	0.15146	0.15146	0.15146	0.15146	0.15146	0.15146	0.15146	0.15146	0.15146	0.15146	0.15146	0.15146	0.15146
10000	10000	1	0.031591	1	1	0.65937	1.0015	0.43745	2.8656	30.016	1.0015	0.43745	2.8656	30.016	1.0015	0.43745	2.8656	30.016	1.0015	0.43745	2.8656	30.016	0	0.4818	0.21046	1.3787	14.441	0.4818	0.21046	1.3787	14.441	0.4818	0.21046	1.3787	14.441	0.4818	0.21046	1.3787	14.441	0	0	0	0	0	0	0	0	0	0	0	0	0	0	0	0	0	0
10000	10000	1	0.045463	1	1	0.825	1.4653	1.3758	4.6979	-23.496	1.4653	1.3758	4.6979	-23.496	1.4653	1.3758	4.6979	-23.496	1.4653	1.3758	4.6979	-23.496	0	0.72967	0.68513	2.3394	-11.7	0.72967	0.68513	2.3394	-11.7	0.72967	0.68513	2.3394	-11.7	0.72967	0.68513	2.3394	-11.7	0	0.072427	0.072427	0.072427	0.072427	0.072427	0.072427	0.072427	0.072427	0.072427	0.072427	0.072427	0.072427	0.072427	0.072427	0.072427	0.072427	0.072427
10000	10000	1	0.0275	1	1	0.27409	1.5781	0.3275	5.1237	-179.34	1.5781	0.3275	5.1237	-179.34	1.5781	0.3275	5.1237	-179.34	1.5781	0.3275	5.1237	-179.34	0	0.68221	0.14158	2.2149	-77.529	0.68221	0.14158	2.2149	-77.529	0.68221	0.14158	2.2149	-77.529	0.68221	0.14158	2.2149	-77.529	0	0.067147	0.067147	0.067147	0.067147	0.067147	0.067147	0.067147	0.067147	0.067147	0.067147	0.067147	0.067147	0.067147	0.067147	0.067147	0.067147	0.067147
10000	10000	1	0.020069	1	1	0.39303	1.63	0.39657	5.8899	6.3994	1.63	0.39657	5.8899	6.3994	1.63	0.39657	5.8899	6.3994	1.63	0.39657	5.8899	6.3994	0	0.8122	0.1976	2.9348	3.1887	0.8122	0.1976	2.9348	3.1887	0.8122	0.1976	2.9348	3.1887	0.8122	0.1976	2.9348	3.1887	0	0.20398	0.20398	0.20398	0.20398	0.20398	0.20398	0.20398	0.20398	0.20398	0.20398	0.20398	0.20398	0.20398	0.20398	0.20398	0.20398	0.20398
10000	10000	1	0.01	1	1	0.68268	2.5	1.0515	5.875	6.769	2.5	1.0515	5.875	6.769	2.5	1.0515	5.875	6.769	2.5	1.0515	5.875	6.769	0	1.2238	0.51473	2.8759	3.3134	1.2238	0.51473	2.8759	3.3134	1.2238	0.51473	2.8759	3.3134	1.2238	0.51473	2.8759	3.3134	0	0.20671	0.20671	0.20671	0.20671	0.20671	0.20671	0.20671	0.20671	0.20671	0.20671	0.20671	0.20671	0.20671	0.20671	0.20671	0.20671	0.20671
10000	10000	1	0.027683	1	1	0.62104	1.3817	0.16951	4.2719	28.395	1.3817	0.16951	4.2719	28.395	1.3817	0.16951	4.2719	28.395	1.3817	0.16951	4.2719	28.395	0	0.61406	0.075336	1.8986	12.62	0.61406	0.075336	1.8986	12.62	0.61406	0.075336	1.8986	12.62	0.61406	0.075336	1.8986	12.62	0	0.12215	0.12215	0.12215	0.12215	0.12215	0.12215	0.12215	0.12215	0.12215	0.12215	0.12215	0.12215	0.12215	0.12215	0.12215	0.12215	0.12215
10000	10000	1	0.044624	1	1	0.38342	1.1065	0.47454	3.1626	-33.46	1.1065	0.47454	3.1626	-33.46	1.1065	0.47454	3.1626	-33.46	1.1065	0.47454	3.1626	-33.46	0	0.56952	0.24424	1.6278	-17.221	0.56952	0.24424	1.6278	-17.221	0.56952	0.24424	1.6278	-17.221	0.56952	0.24424	1.6278	-17.221	0	0	0	0	0	0	0	0	0	0	0	0	0	0	0	0	0	0
10000	10000	1	0.015647	1	1	0.5579	1.6874	-0.4425	5.9991	22.945	1.6874	-0.4425	5.9991	22.945	1.6874	-0.4425	5.9991	22.945	1.6874	-0.4425	5.9991	22.945	0	0.96562	-0.25322	3.433	13.131	0.96562	-0.25322	3.433	13.131	0.96562	-0.25322	3.433	13.131	0.96562	-0.25322	3.433	13.131	0	0.31323	0.31323	0.31323	0.31323	0.31323	0.31323	0.31323	0.31323	0.31323	0.31323	0.31323	0.31323	0.31323	0.31323	0.31323	0.31323	0.31323
10000	10000	1	0.02	1	1	1	1.4946	0.3	7	10	1.4946	0.3	7	10	1.4946	0.3	7	10	1.4946	0.3	7	10	0	0.74731	0.15	3.5	5	0.74731	0.15	3.5	5	0.74731	0.15	3.5	5	0.74731	0.15	3.5	5	0	0.3	0.3	0.3	0.3	0.3	0.3	0.3	0.3	0.3	0.3	0.3	0.3	0.3	0.3	0.3	0.3	0.3
10000	10000	1	0.020993	1	1	0.85594	1.316	0.24555	4.447	18.151	1.316	0.24555	4.447	18.151	1.316	0.24555	4.447	18.151	1.316	0.24555	4.447	18.151	0	0.89115	0.16628	3.0113	12.291	0.89115	0.16628	3.0113	12.291	0.89115	0.16628	3.0113	12.291	0.89115	0.16628	3.0113	12.291	0	0.37357	0.37357	0.37357	0.37357	0.37357	0.37357	0.37357	0.37357	0.37357	0.37357	0.37357	0.37357	0.37357	0.37357	0.37357	0.37357	0.37357
10000	10000	1	0.014367	1	1	0.84481	1.492	1.1419	5.3756	24.585	1.492	1.1419	5.3756	24.585	1.492	1.1419	5.3756	24.585	1.492	1.1419	5.3756	24.585	0	0.62906	0.48143	2.2665	10.366	0.62906	0.48143	2.2665	10.366	0.62906	0.48143	2.2665	10.366	0.62906	0.48143	2.2665	10.366	0	0.13111	0.13111	0.13111	0.13111	0.13111	0.13111	0.13111	0.13111	0.13111	0.13111	0.13111	0.13111	0.13111	0.13111	0.13111	0.13111	0.13111
10000	10000	1	0.017422	1	1	0.8	1	0.43466	4.6667	15	1	0.43466	4.6667	15	1	0.43466	4.6667	15	1	0.43466	4.6667	15	0	0.75957	0.33015	3.5446	11.394	0.75957	0.33015	3.5446	11.394	0.75957	0.33015	3.5446	11.394	0.75957	0.33015	3.5446	11.394	0	0.1108	0.1108	0.1108	0.1108	0.1108	0.1108	0.1108	0.1108	0.1108	0.1108	0.1108	0.1108	0.1108	0.1108	0.1108	0.1108	0.1108
10000	10000	1	0.039534	1	1	0.5279	0.99223	0.30505	3.2026	30.062	0.99223	0.30505	3.2026	30.062	0.99223	0.30505	3.2026	30.062	0.99223	0.30505	3.2026	30.062	0	0.37973	0.11674	1.2257	11.505	0.37973	0.11674	1.2257	11.505	0.37973	0.11674	1.2257	11.505	0.37973	0.11674	1.2257	11.505	0	0	0	0	0	0	0	0	0	0	0	0	0	0	0	0	0	0
10000	10000	1	0.01	1	1	0.87952	1.1596	1.2876	3.8591	16.277	1.1596	1.2876	3.8591	16.277	1.1596	1.2876	3.8591	16.277	1.1596	1.2876	3.8591	16.277	0	0.28989	0.32191	0.96476	4.0692	0.28989	0.32191	0.96476	4.0692	0.28989	0.32191	0.96476	4.0692	0.28989	0.32191	0.96476	4.0692	0	0	0	0	0	0	0	0	0	0	0	0	0	0	0	0	0	0
10000	10000	1	0.02	1	1	0.6881	1	0.70668	3.5	10	1	0.70668	3.5	10	1	0.70668	3.5	10	1	0.70668	3.5	10	0	0.5	0.35334	1.75	5	0.5	0.35334	1.75	5	0.5	0.35334	1.75	5	0.5	0.35334	1.75	5	0	0.080379	0.080379	0.080379	0.080379	0.080379	0.080379	0.080379	0.080379	0.080379	0.080379	0.080379	0.080379	0.080379	0.080379	0.080379	0.080379	0.080379
10000	10000	1	0.011036	1	1	0.56895	1.0471	1.1618	3.7947	-89.352	1.0471	1.1618	3.7947	-89.352	1.0471	1.1618	3.7947	-89.352	1.0471	1.1618	3.7947	-89.352	0	0.34228	0.37977	1.2404	-29.206	0.34228	0.37977	1.2404	-29.206	0.34228	0.37977	1.2404	-29.206	0.34228	0.37977	1.2404	-29.206	0	0.075538	0.075538	0.075538	0.075538	0.075538	0.075538	0.075538	0.075538	0.075538	0.075538	0.075538	0.075538	0.075538	0.075538	0.075538	0.075538	0.075538
10000	10000	1	0.01	1	1	0.42172	1.3213	0.42766	3.5891	17.457	1.3213	0.42766	3.5891	17.457	1.3213	0.42766	3.5891	17.457	1.3213	0.42766	3.5891	17.457	0	0.55433	0.17942	1.5057	7.3239	0.55433	0.17942	1.5057	7.3239	0.55433	0.17942	1.5057	7.3239	0.55433	0.17942	1.5057	7.3239	0	0.16192	0.16192	0.16192	0.16192	0.16192	0.16192	0.16192	0.16192	0.16192	0.16192	0.16192	0.16192	0.16192	0.16192	0.16192	0.16192	0.16192
10000	10000	1	0.01	1	1	0.79394	1	0.99434	3.3333	15	1	0.99434	3.3333	15	1	0.99434	3.3333	15	1	0.99434	3.3333	15	0	0.33333	0.33145	1.1111	5	0.33333	0.33145	1.1111	5	0.33333	0.33145	1.1111	5	0.33333	0.33145	1.1111	5	0	0	0	0	0	0	0	0	0	0	0	0	0	0	0	0	0	0
10000	10000	1	0.01	1	1	0.95952	0.88616	0.83833	3.6425	5.9307	0.88616	0.83833	3.6425	5.9307	0.88616	0.83833	3.6425	5.9307	0.88616	0.83833	3.6425	5.9307	0	0.3175	0.30037	1.3051	2.1249	0.3175	0.30037	1.3051	2.1249	0.3175	0.30037	1.3051	2.1249	0.3175	0.30037	1.3051	2.1249	0	0.22759	0.22759	0.22759	0.22759	0.22759	0.22759	0.22759	0.22759	0.22759	0.22759	0.22759	0.22759	0.22759	0.22759	0.22759	0.22759	0.22759
10000	10000	1	0.020092	1	1	0.53553	1.2013	0.17011	4.6477	3.9944	1.2013	0.17011	4.6477	3.9944	1.2013	0.17011	4.6477	3.9944	1.2013	0.17011	4.6477	3.9944	0	0.39235	0.055556	1.5179	1.3046	0.39235	0.055556	1.5179	1.3046	0.39235	0.055556	1.5179	1.3046	0.39235	0.055556	1.5179	1.3046	0	0.12337	0.12337	0.12337	0.12337	0.12337	0.12337	0.12337	0.12337	0.12337	0.12337	0.12337	0.12337	0.12337	0.12337	0.12337	0.12337	0.12337
10000	10000	1	0.025663	1	1	0.38821	1.0593	0.48221	3.5103	-115.55	1.0593	0.48221	3.5103	-115.55	1.0593	0.48221	3.5103	-115.55	1.0593	0.48221	3.5103	-115.55	0	0.38945	0.17729	1.2906	-42.482	0.38945	0.17729	1.2906	-42.482	0.38945	0.17729	1.2906	-42.482	0.38945	0.17729	1.2906	-42.482	0	0.10735	0.10735	0.10735	0.10735	0.10735	0.10735	0.10735	0.10735	0.10735	0.10735	0.10735	0.10735	0.10735	0.10735	0.10735	0.10735	0.10735
10000	10000	1	0.016613	1	1	0.56276	1.0779	0.27619	3.9891	1219.8	1.0779	0.27619	3.9891	1219.8	1.0779	0.27619	3.9891	1219.8	1.0779	0.27619	3.9891	1219.8	0	0.26948	0.069048	0.99727	304.94	0.26948	0.069048	0.99727	304.94	0.26948	0.069048	0.99727	304.94	0.26948	0.069048	0.99727	304.94	0	0	0	0	0	0	0	0	0	0	0	0	0	0	0	0	0	0
10000	10000	1	0.021719	1	1	0.83207	1.1038	0.74843	4.7475	-8.1255	1.1038	0.74843	4.7475	-8.1255	1.1038	0.74843	4.7475	-8.1255	1.1038	0.74843	4.7475	-8.1255	0	0.36838	0.24977	1.5844	-2.7117	0.36838	0.24977	1.5844	-2.7117	0.36838	0.24977	1.5844	-2.7117	0.36838	0.24977	1.5844	-2.7117	0	0.23333	0.23333	0.23333	0.23333	0.23333	0.23333	0.23333	0.23333	0.23333	0.23333	0.23333	0.23333	0.23333	0.23333	0.23333	0.23333	0.23333
10000	10000	1	0.02	1	1	0.86341	1	0.5	3.973	-95.19	1	0.5	3.973	-95.19	1	0.5	3.973	-95.19	1	0.5	3.973	-95.19	0	0.25	0.125	0.99326	-23.797	0.25	0.125	0.99326	-23.797	0.25	0.125	0.99326	-23.797	0.25	0.125	0.99326	-23.797	0	0.11404	0.11404	0.11404	0.11404	0.11404	0.11404	0.11404	0.11404	0.11404	0.11404	0.11404	0.11404	0.11404	0.11404	0.11404	0.11404	0.11404
10000	10000	1	0.01	1	1	0.63736	1.7259	0.18254	4.6838	13.554	1.7259	0.18254	4.6838	13.554	1.7259	0.18254	4.6838	13.554	1.7259	0.18254	4.6838	13.554	0	0.707	0.074776	1.9187	5.5523	0.707	0.074776	1.9187	5.5523	0.707	0.074776	1.9187	5.5523	0.707	0.074776	1.9187	5.5523	0	0.27611	0.27611	0.27611	0.27611	0.27611	0.27611	0.27611	0.27611	0.27611	0.27611	0.27611	0.27611	0.27611	0.27611	0.27611	0.27611	0.27611
10000	10000	1	0.016667	1	1	0.8	1	0.3	4.6312	15	1	0.3	4.6312	15	1	0.3	4.6312	15	1	0.3	4.6312	15	0	0.25	0.075	1.1578	3.75	0.25	0.075	1.1578	3.75	0.25	0.075	1.1578	3.75	0.25	0.075	1.1578	3.75	0	0.054109	0.054109	0.054109	0.054109	0.054109	0.054109	0.054109	0.054109	0.054109	0.054109	0.054109	0.054109	0.054109	0.054109	0.054109	0.054109	0.054109
10000	10000	1	0.018333	1	1	0.8	1	0.40749	3.5	15	1	0.40749	3.5	15	1	0.40749	3.5	15	1	0.40749	3.5	15	0	0.25	0.10187	0.87501	3.75	0.25	0.10187	0.87501	3.75	0.25	0.10187	0.87501	3.75	0.25	0.10187	0.87501	3.75	0	0.12272	0.12272	0.12272	0.12272	0.12272	0.12272	0.12272	0.12272	0.12272	0.12272	0.12272	0.12272	0.12272	0.12272	0.12272	0.12272	0.12272
10000	10000	1	0.033447	1	1	1.1699	1.1161	0.3	2.943	-13.006	1.1161	0.3	2.943	-13.006	1.1161	0.3	2.943	-13.006	1.1161	0.3	2.943	-13.006	0	0.55804	0.15	1.4715	-6.5031	0.55804	0.15	1.4715	-6.5031	0.55804	0.15	1.4715	-6.5031	0.55804	0.15	1.4715	-6.5031	0	0.066667	0.066667	0.066667	0.066667	0.066667	0.066667	0.066667	0.066667	0.066667	0.066667	0.066667	0.066667	0.066667	0.066667	0.066667	0.066667	0.066667
10000	10000	1	0.01	1	1	1.287	1.3832	0.21368	6.4811	22.032	1.3832	0.21368	6.4811	22.032	1.3832	0.21368	6.4811	22.032	1.3832	0.21368	6.4811	22.032	0	0.3458	0.053421	1.6203	5.5081	0.3458	0.053421	1.6203	5.5081	0.3458	0.053421	1.6203	5.5081	0.3458	0.053421	1.6203	5.5081	0	0.056902	0.056902	0.056902	0.056902	0.056902	0.056902	0.056902	0.056902	0.056902	0.056902	0.056902	0.056902	0.056902	0.056902	0.056902	0.056902	0.056902
10000	10000	1	0.016667	1	1	1.4985	1.2829	0.19127	4.2605	13.656	1.2829	0.19127	4.2605	13.656	1.2829	0.19127	4.2605	13.656	1.2829	0.19127	4.2605	13.656	0	0.56091	0.08363	1.8628	5.9707	0.56091	0.08363	1.8628	5.9707	0.56091	0.08363	1.8628	5.9707	0.56091	0.08363	1.8628	5.9707	0	0.18362	0.18362	0.18362	0.18362	0.18362	0.18362	0.18362	0.18362	0.18362	0.18362	0.18362	0.18362	0.18362	0.18362	0.18362	0.18362	0.18362
10000	10000	1	0.014444	1	1	1.3109	1.1111	0.23424	7	20	1.1111	0.23424	7	20	1.1111	0.23424	7	20	1.1111	0.23424	7	20	0	0.27778	0.058561	1.75	5	0.27778	0.058561	1.75	5	0.27778	0.058561	1.75	5	0.27778	0.058561	1.75	5	0	0.050613	0.050613	0.050613	0.050613	0.050613	0.050613	0.050613	0.050613	0.050613	0.050613	0.050613	0.050613	0.050613	0.050613	0.050613	0.050613	0.050613
10000	10000	1	0.02	1	1	1.3085	0.99999	0.66667	4.583	-18.352	0.99999	0.66667	4.583	-18.352	0.99999	0.66667	4.583	-18.352	0.99999	0.66667	4.583	-18.352	0	0.39807	0.26538	1.8244	-7.3053	0.39807	0.26538	1.8244	-7.3053	0.39807	0.26538	1.8244	-7.3053	0.39807	0.26538	1.8244	-7.3053	0	0.1	0.1	0.1	0.1	0.1	0.1	0.1	0.1	0.1	0.1	0.1	0.1	0.1	0.1	0.1	0.1	0.1
10000	10000	1	0.01	1	1	-0.082707	1.4994	0.62461	4.6237	45.244	1.4994	0.62461	4.6237	45.244	1.4994	0.62461	4.6237	45.244	1.4994	0.62461	4.6237	45.244	0	0.67642	0.28178	2.0858	20.411	0.67642	0.28178	2.0858	20.411	0.67642	0.28178	2.0858	20.411	0.67642	0.28178	2.0858	20.411	0	0	0	0	0	0	0	0	0	0	0	0	0	0	0	0	0	0
10000	10000	1	0.036582	1	1	0.31793	1.0667	0.4	3.5	-38.296	1.0667	0.4	3.5	-38.296	1.0667	0.4	3.5	-38.296	1.0667	0.4	3.5	-38.296	0	0.53334	0.2	1.75	-19.148	0.53334	0.2	1.75	-19.148	0.53334	0.2	1.75	-19.148	0.53334	0.2	1.75	-19.148	0	0.11411	0.11411	0.11411	0.11411	0.11411	0.11411	0.11411	0.11411	0.11411	0.11411	0.11411	0.11411	0.11411	0.11411	0.11411	0.11411	0.11411
10000	10000	1	0.021463	1	1	0.31644	1	0.40495	3.5	-135	1	0.40495	3.5	-135	1	0.40495	3.5	-135	1	0.40495	3.5	-135	0	0.52778	0.21372	1.8472	-71.25	0.52778	0.21372	1.8472	-71.25	0.52778	0.21372	1.8472	-71.25	0.52778	0.21372	1.8472	-71.25	0	0	0	0	0	0	0	0	0	0	0	0	0	0	0	0	0	0
10000	10000	1	0.01	1	1	0.4	0.8	0.6	3.5	40	0.8	0.6	3.5	40	0.8	0.6	3.5	40	0.8	0.6	3.5	40	0	0.4	0.3	1.75	20	0.4	0.3	1.75	20	0.4	0.3	1.75	20	0.4	0.3	1.75	20	0	0.1	0.1	0.1	0.1	0.1	0.1	0.1	0.1	0.1	0.1	0.1	0.1	0.1	0.1	0.1	0.1	0.1
10000	10000	1	0.024822	1	1	0.30312	1.2828	0.48383	4.5802	-7.8828	1.2828	0.48383	4.5802	-7.8828	1.2828	0.48383	4.5802	-7.8828	1.2828	0.48383	4.5802	-7.8828	0	0.71648	0.27023	2.5581	-4.4027	0.71648	0.27023	2.5581	-4.4027	0.71648	0.27023	2.5581	-4.4027	0.71648	0.27023	2.5581	-4.4027	0	0.23824	0.23824	0.23824	0.23824	0.23824	0.23824	0.23824	0.23824	0.23824	0.23824	0.23824	0.23824	0.23824	0.23824	0.23824	0.23824	0.23824
10000	10000	1	0.02	1	1	0.42105	1.4357	1.8423	6.65	15	1.4357	1.8423	6.65	15	1.4357	1.8423	6.65	15	1.4357	1.8423	6.65	15	0	0.73663	0.9453	3.4121	7.6964	0.73663	0.9453	3.4121	7.6964	0.73663	0.9453	3.4121	7.6964	0.73663	0.9453	3.4121	7.6964	0	0.21353	0.21353	0.21353	0.21353	0.21353	0.21353	0.21353	0.21353	0.21353	0.21353	0.21353	0.21353	0.21353	0.21353	0.21353	0.21353	0.21353
10000	10000	1	0.024156	1	1	0.44487	1.0253	1.5733	6.9502	10.088	1.0253	1.5733	6.9502	10.088	1.0253	1.5733	6.9502	10.088	1.0253	1.5733	6.9502	10.088	0	0.36908	0.56634	2.5018	3.6315	0.36908	0.56634	2.5018	3.6315	0.36908	0.56634	2.5018	3.6315	0.36908	0.56634	2.5018	3.6315	0	0.077306	0.077306	0.077306	0.077306	0.077306	0.077306	0.077306	0.077306	0.077306	0.077306	0.077306	0.077306	0.077306	0.077306	0.077306	0.077306	0.077306
10000	10000	1	0.034078	1	1	0.47136	1.1019	2.1735	7.2294	13.894	1.1019	2.1735	7.2294	13.894	1.1019	2.1735	7.2294	13.894	1.1019	2.1735	7.2294	13.894	0	0.58872	1.1612	3.8623	7.423	0.58872	1.1612	3.8623	7.423	0.58872	1.1612	3.8623	7.423	0.58872	1.1612	3.8623	7.423	0	0.23883	0.23883	0.23883	0.23883	0.23883	0.23883	0.23883	0.23883	0.23883	0.23883	0.23883	0.23883	0.23883	0.23883	0.23883	0.23883	0.23883
10000	10000	1	0.045	1	1	0.4	1.3333	2.2182	124.89	7.7826	1.3333	2.2182	124.89	7.7826	1.3333	2.2182	124.89	7.7826	1.3333	2.2182	124.89	7.7826	0	0.62463	1.0392	58.508	3.6459	0.62463	1.0392	58.508	3.6459	0.62463	1.0392	58.508	3.6459	0.62463	1.0392	58.508	3.6459	0	0.3	0.3	0.3	0.3	0.3	0.3	0.3	0.3	0.3	0.3	0.3	0.3	0.3	0.3	0.3	0.3	0.3
10000	10000	1	0.03	1	1	0.40219	0.86914	1.0216	4.1529	20	0.86914	1.0216	4.1529	20	0.86914	1.0216	4.1529	20	0.86914	1.0216	4.1529	20	0	0.39835	0.46821	1.9034	9.1667	0.39835	0.46821	1.9034	9.1667	0.39835	0.46821	1.9034	9.1667	0.39835	0.46821	1.9034	9.1667	0	0	0	0	0	0	0	0	0	0	0	0	0	0	0	0	0	0
10000	10000	1	0.02	1	1	0.53333	1.1111	1	7	266.67	1.1111	1	7	266.67	1.1111	1	7	266.67	1.1111	1	7	266.67	0	0.50926	0.45833	3.2083	122.22	0.50926	0.45833	3.2083	122.22	0.50926	0.45833	3.2083	122.22	0.50926	0.45833	3.2083	122.22	0	0.15	0.15	0.15	0.15	0.15	0.15	0.15	0.15	0.15	0.15	0.15	0.15	0.15	0.15	0.15	0.15	0.15
10000	10000	1	0.01	1	1	0.65325	0.86367	0.982	6.998	10.005	0.86367	0.982	6.998	10.005	0.86367	0.982	6.998	10.005	0.86367	0.982	6.998	10.005	0	0.43185	0.49102	3.4992	5.0027	0.43185	0.49102	3.4992	5.0027	0.43185	0.49102	3.4992	5.0027	0.43185	0.49102	3.4992	5.0027	0	0.18117	0.18117	0.18117	0.18117	0.18117	0.18117	0.18117	0.18117	0.18117	0.18117	0.18117	0.18117	0.18117	0.18117	0.18117	0.18117	0.18117
10000	10000	1	0.02811	1	1	0.61253	1.0045	0.82375	7.7981	47.873	1.0045	0.82375	7.7981	47.873	1.0045	0.82375	7.7981	47.873	1.0045	0.82375	7.7981	47.873	0	0.49852	0.40881	3.87	23.758	0.49852	0.40881	3.87	23.758	0.49852	0.40881	3.87	23.758	0.49852	0.40881	3.87	23.758	0	0.27019	0.27019	0.27019	0.27019	0.27019	0.27019	0.27019	0.27019	0.27019	0.27019	0.27019	0.27019	0.27019	0.27019	0.27019	0.27019	0.27019
10000	10000	1	0.010219	1	1	0.29596	0.96936	0.89717	5.1618	2.1149	0.96936	0.89717	5.1618	2.1149	0.96936	0.89717	5.1618	2.1149	0.96936	0.89717	5.1618	2.1149	0	0.49461	0.45777	2.6338	1.0791	0.49461	0.45777	2.6338	1.0791	0.49461	0.45777	2.6338	1.0791	0.49461	0.45777	2.6338	1.0791	0	0.10179	0.10179	0.10179	0.10179	0.10179	0.10179	0.10179	0.10179	0.10179	0.10179	0.10179	0.10179	0.10179	0.10179	0.10179	0.10179	0.10179
10000	10000	1	0.014844	1	1	0.58744	1.5911	0.96172	145.25	21.418	1.5911	0.96172	145.25	21.418	1.5911	0.96172	145.25	21.418	1.5911	0.96172	145.25	21.418	0	0.67912	0.41048	61.994	9.1415	0.67912	0.41048	61.994	9.1415	0.67912	0.41048	61.994	9.1415	0.67912	0.41048	61.994	9.1415	0	0.22783	0.22783	0.22783	0.22783	0.22783	0.22783	0.22783	0.22783	0.22783	0.22783	0.22783	0.22783	0.22783	0.22783	0.22783	0.22783	0.22783
10000	10000	1	0.01	1	1	0.60549	0.73787	0.41111	6.7483	7.9593	0.73787	0.41111	6.7483	7.9593	0.73787	0.41111	6.7483	7.9593	0.73787	0.41111	6.7483	7.9593	0	0.3038	0.16927	2.7784	3.277	0.3038	0.16927	2.7784	3.277	0.3038	0.16927	2.7784	3.277	0.3038	0.16927	2.7784	3.277	0	0.12873	0.12873	0.12873	0.12873	0.12873	0.12873	0.12873	0.12873	0.12873	0.12873	0.12873	0.12873	0.12873	0.12873	0.12873	0.12873	0.12873
10000	10000	1	0.01	1	1	0.59057	0.8	0.5	3.5	15	0.8	0.5	3.5	15	0.8	0.5	3.5	15	0.8	0.5	3.5	15	0	0.46743	0.29214	2.045	8.7643	0.46743	0.29214	2.045	8.7643	0.46743	0.29214	2.045	8.7643	0.46743	0.29214	2.045	8.7643	0	0	0	0	0	0	0	0	0	0	0	0	0	0	0	0	0	0
10000	10000	1	0.01	1	1	0.72339	0.74486	0.56156	3.6847	4.3808	0.74486	0.56156	3.6847	4.3808	0.74486	0.56156	3.6847	4.3808	0.74486	0.56156	3.6847	4.3808	0	0.35916	0.27078	1.7767	2.1124	0.35916	0.27078	1.7767	2.1124	0.35916	0.27078	1.7767	2.1124	0.35916	0.27078	1.7767	2.1124	0	0	0	0	0	0	0	0	0	0	0	0	0	0	0	0	0	0
10000	10000	1	0.016543	1	1	0.57097	0.83425	1.1235	6.6304	15.074	0.83425	1.1235	6.6304	15.074	0.83425	1.1235	6.6304	15.074	0.83425	1.1235	6.6304	15.074	0	0.38349	0.51644	3.0479	6.9294	0.38349	0.51644	3.0479	6.9294	0.38349	0.51644	3.0479	6.9294	0.38349	0.51644	3.0479	6.9294	0	0.30224	0.30224	0.30224	0.30224	0.30224	0.30224	0.30224	0.30224	0.30224	0.30224	0.30224	0.30224	0.30224	0.30224	0.30224	0.30224	0.30224
10000	10000	1	0.021626	1	1	0.35796	0.80419	0.96605	4.7306	-57.636	0.80419	0.96605	4.7306	-57.636	0.80419	0.96605	4.7306	-57.636	0.80419	0.96605	4.7306	-57.636	0	0.39966	0.4801	2.351	-28.643	0.39966	0.4801	2.351	-28.643	0.39966	0.4801	2.351	-28.643	0.39966	0.4801	2.351	-28.643	0	0	0	0	0	0	0	0	0	0	0	0	0	0	0	0	0	0
10000	10000	1	0.012486	1	1	0.58161	0.91679	1.3	5.2946	20.022	0.91679	1.3	5.2946	20.022	0.91679	1.3	5.2946	20.022	0.91679	1.3	5.2946	20.022	0	0.49066	0.69577	2.8336	10.716	0.49066	0.69577	2.8336	10.716	0.49066	0.69577	2.8336	10.716	0.49066	0.69577	2.8336	10.716	0	0.1243	0.1243	0.1243	0.1243	0.1243	0.1243	0.1243	0.1243	0.1243	0.1243	0.1243	0.1243	0.1243	0.1243	0.1243	0.1243	0.1243
10000	10000	1	0.03	1	1	0.8	0.8	0.6	5	30	0.8	0.6	5	30	0.8	0.6	5	30	0.8	0.6	5	30	0	0.55937	0.41953	3.496	20.976	0.55937	0.41953	3.496	20.976	0.55937	0.41953	3.496	20.976	0.55937	0.41953	3.496	20.976	0	0.2635	0.2635	0.2635	0.2635	0.2635	0.2635	0.2635	0.2635	0.2635	0.2635	0.2635	0.2635	0.2635	0.2635	0.2635	0.2635	0.2635
10000	10000	1	0.01	1	1	0.54889	0.91522	1.2583	7.2505	13.852	0.91522	1.2583	7.2505	13.852	0.91522	1.2583	7.2505	13.852	0.91522	1.2583	7.2505	13.852	0	0.37419	0.51445	2.9644	5.6634	0.37419	0.51445	2.9644	5.6634	0.37419	0.51445	2.9644	5.6634	0.37419	0.51445	2.9644	5.6634	0	0.084639	0.084639	0.084639	0.084639	0.084639	0.084639	0.084639	0.084639	0.084639	0.084639	0.084639	0.084639	0.084639	0.084639	0.084639	0.084639	0.084639
10000	10000	1	0.030099	1	1	0.76856	0.92304	0.79863	5.7105	-179.97	0.92304	0.79863	5.7105	-179.97	0.92304	0.79863	5.7105	-179.97	0.92304	0.79863	5.7105	-179.97	0	0.47793	0.41352	2.9568	-93.188	0.47793	0.41352	2.9568	-93.188	0.47793	0.41352	2.9568	-93.188	0.47793	0.41352	2.9568	-93.188	0	0.27094	0.27094	0.27094	0.27094	0.27094	0.27094	0.27094	0.27094	0.27094	0.27094	0.27094	0.27094	0.27094	0.27094	0.27094	0.27094	0.27094
10000	10000	1	0.01	1	1	0.79823	0.88703	0.88571	4.6902	1.5282	0.88703	0.88571	4.6902	1.5282	0.88703	0.88571	4.6902	1.5282	0.88703	0.88571	4.6902	1.5282	0	0.4486	0.44793	2.372	0.77289	0.4486	0.44793	2.372	0.77289	0.4486	0.44793	2.372	0.77289	0.4486	0.44793	2.372	0.77289	0	0.1567	0.1567	0.1567	0.1567	0.1567	0.1567	0.1567	0.1567	0.1567	0.1567	0.1567	0.1567	0.1567	0.1567	0.1567	0.1567	0.1567
10000	10000	1	0.01	1	1	1.1081	1.0823	0.50573	5.3814	-54.788	1.0823	0.50573	5.3814	-54.788	1.0823	0.50573	5.3814	-54.788	1.0823	0.50573	5.3814	-54.788	0	0.5234	0.24457	2.6024	-26.495	0.5234	0.24457	2.6024	-26.495	0.5234	0.24457	2.6024	-26.495	0.5234	0.24457	2.6024	-26.495	0	0.24415	0.24415	0.24415	0.24415	0.24415	0.24415	0.24415	0.24415	0.24415	0.24415	0.24415	0.24415	0.24415	0.24415	0.24415	0.24415	0.24415
10000	10000	1	0.01	1	1	1.006	0.85168	0.30365	4.5488	-7.7748	0.85168	0.30365	4.5488	-7.7748	0.85168	0.30365	4.5488	-7.7748	0.85168	0.30365	4.5488	-7.7748	0	0.60266	0.21487	3.2188	-5.5016	0.60266	0.21487	3.2188	-5.5016	0.60266	0.21487	3.2188	-5.5016	0.60266	0.21487	3.2188	-5.5016	0	0.20712	0.20712	0.20712	0.20712	0.20712	0.20712	0.20712	0.20712	0.20712	0.20712	0.20712	0.20712	0.20712	0.20712	0.20712	0.20712	0.20712
10000	10000	1	0.019992	1	1	0.99975	0.99957	0.33312	4.6657	2.5467	0.99957	0.33312	4.6657	2.5467	0.99957	0.33312	4.6657	2.5467	0.99957	0.33312	4.6657	2.5467	0	0.49958	0.16649	2.3319	1.2728	0.49958	0.16649	2.3319	1.2728	0.49958	0.16649	2.3319	1.2728	0.49958	0.16649	2.3319	1.2728	0	0	0	0	0	0	0	0	0	0	0	0	0	0	0	0	0	0
10000	10000	1	0.015972	1	1	1.684	1.1032	0.61967	6.6746	9.1137	1.1032	0.61967	6.6746	9.1137	1.1032	0.61967	6.6746	9.1137	1.1032	0.61967	6.6746	9.1137	0	0.5793	0.32539	3.5049	4.7856	0.5793	0.32539	3.5049	4.7856	0.5793	0.32539	3.5049	4.7856	0.5793	0.32539	3.5049	4.7856	0	0.30085	0.30085	0.30085	0.30085	0.30085	0.30085	0.30085	0.30085	0.30085	0.30085	0.30085	0.30085	0.30085	0.30085	0.30085	0.30085	0.30085
10000	10000	1	0.025026	1	1	1.2404	1.0262	0.38086	5.2317	39.844	1.0262	0.38086	5.2317	39.844	1.0262	0.38086	5.2317	39.844	1.0262	0.38086	5.2317	39.844	0	0.69539	0.25809	3.5453	27	0.69539	0.25809	3.5453	27	0.69539	0.25809	3.5453	27	0.69539	0.25809	3.5453	27	0	0.19426	0.19426	0.19426	0.19426	0.19426	0.19426	0.19426	0.19426	0.19426	0.19426	0.19426	0.19426	0.19426	0.19426	0.19426	0.19426	0.19426
10000	10000	1	0.01	1	1	1.4066	1.5955	-0.23187	5.3014	28.402	1.5955	-0.23187	5.3014	28.402	1.5955	-0.23187	5.3014	28.402	1.5955	-0.23187	5.3014	28.402	0	0.82926	-0.12051	2.7554	14.762	0.82926	-0.12051	2.7554	14.762	0.82926	-0.12051	2.7554	14.762	0.82926	-0.12051	2.7554	14.762	0	0.35462	0.35462	0.35462	0.35462	0.35462	0.35462	0.35462	0.35462	0.35462	0.35462	0.35462	0.35462	0.35462	0.35462	0.35462	0.35462	0.35462
10000	10000	1	0.035317	1	1	1.8176	1.5751	0.24284	7.4739	-5.0452	1.5751	0.24284	7.4739	-5.0452	1.5751	0.24284	7.4739	-5.0452	1.5751	0.24284	7.4739	-5.0452	0	1.2235	0.18863	5.8056	-3.919	1.2235	0.18863	5.8056	-3.919	1.2235	0.18863	5.8056	-3.919	1.2235	0.18863	5.8056	-3.919	0	0.42358	0.42358	0.42358	0.42358	0.42358	0.42358	0.42358	0.42358	0.42358	0.42358	0.42358	0.42358	0.42358	0.42358	0.42358	0.42358	0.42358
10000	10000	1	0.0297	1	1	1.2049	0.85997	0.36807	3.5456	11.224	0.85997	0.36807	3.5456	11.224	0.85997	0.36807	3.5456	11.224	0.85997	0.36807	3.5456	11.224	0	0.5287	0.22629	2.1798	6.9004	0.5287	0.22629	2.1798	6.9004	0.5287	0.22629	2.1798	6.9004	0.5287	0.22629	2.1798	6.9004	0	0.19831	0.19831	0.19831	0.19831	0.19831	0.19831	0.19831	0.19831	0.19831	0.19831	0.19831	0.19831	0.19831	0.19831	0.19831	0.19831	0.19831
10000	10000	1	0.01767	1	1	1.1082	1.3485	0.51015	6.9691	7.0902	1.3485	0.51015	6.9691	7.0902	1.3485	0.51015	6.9691	7.0902	1.3485	0.51015	6.9691	7.0902	0	0.73428	0.27778	3.7947	3.8606	0.73428	0.27778	3.7947	3.8606	0.73428	0.27778	3.7947	3.8606	0.73428	0.27778	3.7947	3.8606	0	0.24641	0.24641	0.24641	0.24641	0.24641	0.24641	0.24641	0.24641	0.24641	0.24641	0.24641	0.24641	0.24641	0.24641	0.24641	0.24641	0.24641
10000	10000	1	0.01	1	1	1.7527	1.0747	0.25209	5.4647	-25.461	1.0747	0.25209	5.4647	-25.461	1.0747	0.25209	5.4647	-25.461	1.0747	0.25209	5.4647	-25.461	0	0.57379	0.1346	2.9177	-13.595	0.57379	0.1346	2.9177	-13.595	0.57379	0.1346	2.9177	-13.595	0.57379	0.1346	2.9177	-13.595	0	0.26496	0.26496	0.26496	0.26496	0.26496	0.26496	0.26496	0.26496	0.26496	0.26496	0.26496	0.26496	0.26496	0.26496	0.26496	0.26496	0.26496
10000	10000	1	0.020858	1	1	1.2461	1	0.4	4.774	15	1	0.4	4.774	15	1	0.4	4.774	15	1	0.4	4.774	15	0	0.71693	0.28677	3.4226	10.754	0.71693	0.28677	3.4226	10.754	0.71693	0.28677	3.4226	10.754	0.71693	0.28677	3.4226	10.754	0	0.30626	0.30626	0.30626	0.30626	0.30626	0.30626	0.30626	0.30626	0.30626	0.30626	0.30626	0.30626	0.30626	0.30626	0.30626	0.30626	0.30626
10000	10000	1	0.01	1	1	1	0.8	0.6	4.6666	-135	0.8	0.6	4.6666	-135	0.8	0.6	4.6666	-135	0.8	0.6	4.6666	-135	0	0.4	0.3	2.3333	-67.5	0.4	0.3	2.3333	-67.5	0.4	0.3	2.3333	-67.5	0.4	0.3	2.3333	-67.5	0	0.17726	0.17726	0.17726	0.17726	0.17726	0.17726	0.17726	0.17726	0.17726	0.17726	0.17726	0.17726	0.17726	0.17726	0.17726	0.17726	0.17726
10000	10000	1	0.03	1	1	1.2697	1	0.3	3.5	20	1	0.3	3.5	20	1	0.3	3.5	20	1	0.3	3.5	20	0	0.8564	0.25692	2.9974	17.128	0.8564	0.25692	2.9974	17.128	0.8564	0.25692	2.9974	17.128	0.8564	0.25692	2.9974	17.128	0	0.28333	0.28333	0.28333	0.28333	0.28333	0.28333	0.28333	0.28333	0.28333	0.28333	0.28333	0.28333	0.28333	0.28333	0.28333	0.28333	0.28333
10000	10000	1	0.018602	1	1	1.199	1.1813	0.23621	4.2379	23.444	1.1813	0.23621	4.2379	23.444	1.1813	0.23621	4.2379	23.444	1.1813	0.23621	4.2379	23.444	0	0.84417	0.1688	3.0284	16.753	0.84417	0.1688	3.0284	16.753	0.84417	0.1688	3.0284	16.753	0.84417	0.1688	3.0284	16.753	0	0.28558	0.28558	0.28558	0.28558	0.28558	0.28558	0.28558	0.28558	0.28558	0.28558	0.28558	0.28558	0.28558	0.28558	0.28558	0.28558	0.28558
10000	10000	1	0.016842	1	1	1.3643	1	0.6	4.7028	20	1	0.6	4.7028	20	1	0.6	4.7028	20	1	0.6	4.7028	20	0	0.54257	0.32554	2.5516	10.851	0.54257	0.32554	2.5516	10.851	0.54257	0.32554	2.5516	10.851	0.54257	0.32554	2.5516	10.851	0	0.26871	0.26871	0.26871	0.26871	0.26871	0.26871	0.26871	0.26871	0.26871	0.26871	0.26871	0.26871	0.26871	0.26871	0.26871	0.26871	0.26871
10000	10000	1	0.013929	1	1	1.1165	0.9052	0.37597	3.7628	9.3574	0.9052	0.37597	3.7628	9.3574	0.9052	0.37597	3.7628	9.3574	0.9052	0.37597	3.7628	9.3574	0	0.48991	0.20349	2.0365	5.0644	0.48991	0.20349	2.0365	5.0644	0.48991	0.20349	2.0365	5.0644	0.48991	0.20349	2.0365	5.0644	0	0	0	0	0	0	0	0	0	0	0	0	0	0	0	0	0	0
10000	10000	1	0.039459	1	1	1.6	1.1258	0.3	7	93.216	1.1258	0.3	7	93.216	1.1258	0.3	7	93.216	1.1258	0.3	7	93.216	0	0.56292	0.15	3.5	46.608	0.56292	0.15	3.5	46.608	0.56292	0.15	3.5	46.608	0.56292	0.15	3.5	46.608	0	0.14304	0.14304	0.14304	0.14304	0.14304	0.14304	0.14304	0.14304	0.14304	0.14304	0.14304	0.14304	0.14304	0.14304	0.14304	0.14304	0.14304
10000	10000	1	0.01	1	1	1.5264	0.99999	0.30001	3.7325	75.556	0.99999	0.30001	3.7325	75.556	0.99999	0.30001	3.7325	75.556	0.99999	0.30001	3.7325	75.556	0	0.5	0.15001	1.8663	37.778	0.5	0.15001	1.8663	37.778	0.5	0.15001	1.8663	37.778	0.5	0.15001	1.8663	37.778	0	0.16873	0.16873	0.16873	0.16873	0.16873	0.16873	0.16873	0.16873	0.16873	0.16873	0.16873	0.16873	0.16873	0.16873	0.16873	0.16873	0.16873
10000	10000	1	0.015133	1	1	1.5881	1.0133	0.49004	4.3439	9.4918	1.0133	0.49004	4.3439	9.4918	1.0133	0.49004	4.3439	9.4918	1.0133	0.49004	4.3439	9.4918	0	0.71308	0.34486	3.057	6.6797	0.71308	0.34486	3.057	6.6797	0.71308	0.34486	3.057	6.6797	0.71308	0.34486	3.057	6.6797	0	0.27999	0.27999	0.27999	0.27999	0.27999	0.27999	0.27999	0.27999	0.27999	0.27999	0.27999	0.27999	0.27999	0.27999	0.27999	0.27999	0.27999
10000	10000	1	0.043996	1	1	1.5999	0.97252	0.64687	4.3546	-2376	0.97252	0.64687	4.3546	-2376	0.97252	0.64687	4.3546	-2376	0.97252	0.64687	4.3546	-2376	0	0.4749	0.31588	2.1264	-1160.3	0.4749	0.31588	2.1264	-1160.3	0.4749	0.31588	2.1264	-1160.3	0.4749	0.31588	2.1264	-1160.3	0	0.06928	0.06928	0.06928	0.06928	0.06928	0.06928	0.06928	0.06928	0.06928	0.06928	0.06928	0.06928	0.06928	0.06928	0.06928	0.06928	0.06928
10000	10000	1	0.027027	1	1	1.311	1.418	0.45236	4.1112	12.172	1.418	0.45236	4.1112	12.172	1.418	0.45236	4.1112	12.172	1.418	0.45236	4.1112	12.172	0	0.64035	0.20428	1.8565	5.4968	0.64035	0.20428	1.8565	5.4968	0.64035	0.20428	1.8565	5.4968	0.64035	0.20428	1.8565	5.4968	0	0.17459	0.17459	0.17459	0.17459	0.17459	0.17459	0.17459	0.17459	0.17459	0.17459	0.17459	0.17459	0.17459	0.17459	0.17459	0.17459	0.17459
10000	10000	1	0.05536	1	1	1.3505	1.1703	0.47084	3.4345	7.845	1.1703	0.47084	3.4345	7.845	1.1703	0.47084	3.4345	7.845	1.1703	0.47084	3.4345	7.845	0	0.55058	0.22151	1.6158	3.6908	0.55058	0.22151	1.6158	3.6908	0.55058	0.22151	1.6158	3.6908	0.55058	0.22151	1.6158	3.6908	0	0.19813	0.19813	0.19813	0.19813	0.19813	0.19813	0.19813	0.19813	0.19813	0.19813	0.19813	0.19813	0.19813	0.19813	0.19813	0.19813	0.19813
10000	10000	1	0.01	1	1	1.2545	1.4656	0.03765	6.6698	16.058	1.4656	0.03765	6.6698	16.058	1.4656	0.03765	6.6698	16.058	1.4656	0.03765	6.6698	16.058	0	0.63589	0.016336	2.8939	6.9673	0.63589	0.016336	2.8939	6.9673	0.63589	0.016336	2.8939	6.9673	0.63589	0.016336	2.8939	6.9673	0	0.31225	0.31225	0.31225	0.31225	0.31225	0.31225	0.31225	0.31225	0.31225	0.31225	0.31225	0.31225	0.31225	0.31225	0.31225	0.31225	0.31225
10000	10000	1	0.015681	1	1	1.1679	1.1714	0.86737	3.4698	-20.287	1.1714	0.86737	3.4698	-20.287	1.1714	0.86737	3.4698	-20.287	1.1714	0.86737	3.4698	-20.287	0	0.52562	0.38919	1.5569	-9.103	0.52562	0.38919	1.5569	-9.103	0.52562	0.38919	1.5569	-9.103	0.52562	0.38919	1.5569	-9.103	0	0.25197	0.25197	0.25197	0.25197	0.25197	0.25197	0.25197	0.25197	0.25197	0.25197	0.25197	0.25197	0.25197	0.25197	0.25197	0.25197	0.25197
10000	10000	1	0.010833	1	1	1.1109	0.97845	0.39996	3.333	14.998	0.97845	0.39996	3.333	14.998	0.97845	0.39996	3.333	14.998	0.97845	0.39996	3.333	14.998	0	0.50128	0.20491	1.7075	7.6839	0.50128	0.20491	1.7075	7.6839	0.50128	0.20491	1.7075	7.6839	0.50128	0.20491	1.7075	7.6839	0	0	0	0	0	0	0	0	0	0	0	0	0	0	0	0	0	0
10000	10000	1	0.021677	1	1	1.0162	1.6061	0.65317	3.9701	-71.445	1.6061	0.65317	3.9701	-71.445	1.6061	0.65317	3.9701	-71.445	1.6061	0.65317	3.9701	-71.445	0	0.5	0.20334	1.236	-22.242	0.5	0.20334	1.236	-22.242	0.5	0.20334	1.236	-22.242	0.5	0.20334	1.236	-22.242	0	0	0	0	0	0	0	0	0	0	0	0	0	0	0	0	0	0
10000	10000	1	0.03	1	1	0.8	1.374	0.4	2.7782	20	1.374	0.4	2.7782	20	1.374	0.4	2.7782	20	1.374	0.4	2.7782	20	0	0.34349	0.1	0.69455	5	0.34349	0.1	0.69455	5	0.34349	0.1	0.69455	5	0.34349	0.1	0.69455	5	0	0.022853	0.022853	0.022853	0.022853	0.022853	0.022853	0.022853	0.022853	0.022853	0.022853	0.022853	0.022853	0.022853	0.022853	0.022853	0.022853	0.022853
10000	10000	1	0.032796	1	1	0.8	1.4176	0.63596	4.3354	8.1602	1.4176	0.63596	4.3354	8.1602	1.4176	0.63596	4.3354	8.1602	1.4176	0.63596	4.3354	8.1602	0	0.3544	0.15899	1.0839	2.0401	0.3544	0.15899	1.0839	2.0401	0.3544	0.15899	1.0839	2.0401	0.3544	0.15899	1.0839	2.0401	0	0.095552	0.095552	0.095552	0.095552	0.095552	0.095552	0.095552	0.095552	0.095552	0.095552	0.095552	0.095552	0.095552	0.095552	0.095552	0.095552	0.095552
10000	10000	1	0.049465	1	1	1.2312	1.8467	0.53779	5.8984	10.893	1.8467	0.53779	5.8984	10.893	1.8467	0.53779	5.8984	10.893	1.8467	0.53779	5.8984	10.893	0	0.46167	0.13445	1.4746	2.7233	0.46167	0.13445	1.4746	2.7233	0.46167	0.13445	1.4746	2.7233	0.46167	0.13445	1.4746	2.7233	0	0.071395	0.071395	0.071395	0.071395	0.071395	0.071395	0.071395	0.071395	0.071395	0.071395	0.071395	0.071395	0.071395	0.071395	0.071395	0.071395	0.071395
10000	10000	1	0.05	1	1	1.2106	1.8333	1.4088	4.7848	19	1.8333	1.4088	4.7848	19	1.8333	1.4088	4.7848	19	1.8333	1.4088	4.7848	19	0	0.45833	0.3522	1.1962	4.75	0.45833	0.3522	1.1962	4.75	0.45833	0.3522	1.1962	4.75	0.45833	0.3522	1.1962	4.75	0	0	0	0	0	0	0	0	0	0	0	0	0	0	0	0	0	0
10000	10000	1	0.035096	1	1	1.1708	1.4932	0.85456	4.0909	-113.63	1.4932	0.85456	4.0909	-113.63	1.4932	0.85456	4.0909	-113.63	1.4932	0.85456	4.0909	-113.63	0	0.49839	0.28522	1.3654	-37.925	0.49839	0.28522	1.3654	-37.925	0.49839	0.28522	1.3654	-37.925	0.49839	0.28522	1.3654	-37.925	0	0	0	0	0	0	0	0	0	0	0	0	0	0	0	0	0	0
10000	10000	1	0.022382	1	1	1.1906	1.5167	0.37151	4.6367	-151.26	1.5167	0.37151	4.6367	-151.26	1.5167	0.37151	4.6367	-151.26	1.5167	0.37151	4.6367	-151.26	0	0.63195	0.1548	1.9319	-63.025	0.63195	0.1548	1.9319	-63.025	0.63195	0.1548	1.9319	-63.025	0.63195	0.1548	1.9319	-63.025	0	0.087086	0.087086	0.087086	0.087086	0.087086	0.087086	0.087086	0.087086	0.087086	0.087086	0.087086	0.087086	0.087086	0.087086	0.087086	0.087086	0.087086
10000	10000	1	0.038738	1	1	1.2729	1.2729	0.52047	3.8109	17.183	1.2729	0.52047	3.8109	17.183	1.2729	0.52047	3.8109	17.183	1.2729	0.52047	3.8109	17.183	0	0.46276	0.18922	1.3855	6.247	0.46276	0.18922	1.3855	6.247	0.46276	0.18922	1.3855	6.247	0.46276	0.18922	1.3855	6.247	0	0	0	0	0	0	0	0	0	0	0	0	0	0	0	0	0	0
10000	10000	1	0.018747	1	1	0.91298	1.2116	0.60971	3.4662	15.608	1.2116	0.60971	3.4662	15.608	1.2116	0.60971	3.4662	15.608	1.2116	0.60971	3.4662	15.608	0	0.47466	0.23887	1.358	6.1146	0.47466	0.23887	1.358	6.1146	0.47466	0.23887	1.358	6.1146	0.47466	0.23887	1.358	6.1146	0	0.038396	0.038396	0.038396	0.038396	0.038396	0.038396	0.038396	0.038396	0.038396	0.038396	0.038396	0.038396	0.038396	0.038396	0.038396	0.038396	0.038396
10000	10000	1	0.03	1	1	1	0.94063	0.5	3.5	15	0.94063	0.5	3.5	15	0.94063	0.5	3.5	15	0.94063	0.5	3.5	15	0	0.38446	0.20436	1.4305	6.1308	0.38446	0.20436	1.4305	6.1308	0.38446	0.20436	1.4305	6.1308	0.38446	0.20436	1.4305	6.1308	0	0.3	0.3	0.3	0.3	0.3	0.3	0.3	0.3	0.3	0.3	0.3	0.3	0.3	0.3	0.3	0.3	0.3
10000	10000	1	0.03	1	1	0.8	1.5	0.3	3.5	9.9999	1.5	0.3	3.5	9.9999	1.5	0.3	3.5	9.9999	1.5	0.3	3.5	9.9999	0	0.60812	0.12162	1.4189	4.0541	0.60812	0.12162	1.4189	4.0541	0.60812	0.12162	1.4189	4.0541	0.60812	0.12162	1.4189	4.0541	0	0	0	0	0	0	0	0	0	0	0	0	0	0	0	0	0	0
10000	10000	1	0.01	1	1	0.97028	1.5	1.35	5	3.8932	1.5	1.35	5	3.8932	1.5	1.35	5	3.8932	1.5	1.35	5	3.8932	0	0.6136	0.55226	2.0454	1.5926	0.6136	0.55226	2.0454	1.5926	0.6136	0.55226	2.0454	1.5926	0.6136	0.55226	2.0454	1.5926	0	0.12789	0.12789	0.12789	0.12789	0.12789	0.12789	0.12789	0.12789	0.12789	0.12789	0.12789	0.12789	0.12789	0.12789	0.12789	0.12789	0.12789
10000	10000	1	0.018234	1	1	0.70496	1.7512	0.30016	3.5085	23.27	1.7512	0.30016	3.5085	23.27	1.7512	0.30016	3.5085	23.27	1.7512	0.30016	3.5085	23.27	0	0.4378	0.075039	0.87712	5.8175	0.4378	0.075039	0.87712	5.8175	0.4378	0.075039	0.87712	5.8175	0.4378	0.075039	0.87712	5.8175	0	0.13235	0.13235	0.13235	0.13235	0.13235	0.13235	0.13235	0.13235	0.13235	0.13235	0.13235	0.13235	0.13235	0.13235	0.13235	0.13235	0.13235
10000	10000	1	0.01904	1	1	1.0022	1.56	0.6371	3.7587	10.264	1.56	0.6371	3.7587	10.264	1.56	0.6371	3.7587	10.264	1.56	0.6371	3.7587	10.264	0	0.72224	0.29496	1.7401	4.752	0.72224	0.29496	1.7401	4.752	0.72224	0.29496	1.7401	4.752	0.72224	0.29496	1.7401	4.752	0	0	0	0	0	0	0	0	0	0	0	0	0	0	0	0	0	0
10000	10000	1	0.01	1	1	0.8	2	1	5	70	2	1	5	70	2	1	5	70	2	1	5	70	0	0.71836	0.35918	1.7959	25.143	0.71836	0.35918	1.7959	25.143	0.71836	0.35918	1.7959	25.143	0.71836	0.35918	1.7959	25.143	0	0.1	0.1	0.1	0.1	0.1	0.1	0.1	0.1	0.1	0.1	0.1	0.1	0.1	0.1	0.1	0.1	0.1
10000	10000	1	0.01	1	1	0.95077	1.3958	0.72917	5.1834	-555.85	1.3958	0.72917	5.1834	-555.85	1.3958	0.72917	5.1834	-555.85	1.3958	0.72917	5.1834	-555.85	0	0.34896	0.18229	1.2959	-138.96	0.34896	0.18229	1.2959	-138.96	0.34896	0.18229	1.2959	-138.96	0.34896	0.18229	1.2959	-138.96	0	0.037271	0.037271	0.037271	0.037271	0.037271	0.037271	0.037271	0.037271	0.037271	0.037271	0.037271	0.037271	0.037271	0.037271	0.037271	0.037271	0.037271
10000	10000	1	0.03	1	1	0.8	1	0.33244	3.5	20	1	0.33244	3.5	20	1	0.33244	3.5	20	1	0.33244	3.5	20	0	0.375	0.12467	1.3125	7.5	0.375	0.12467	1.3125	7.5	0.375	0.12467	1.3125	7.5	0.375	0.12467	1.3125	7.5	0	0	0	0	0	0	0	0	0	0	0	0	0	0	0	0	0	0
10000	10000	1	0.015166	1	1	0.81115	1.2986	8.4516e-05	4.6672	-65.7	1.2986	8.4516e-05	4.6672	-65.7	1.2986	8.4516e-05	4.6672	-65.7	1.2986	8.4516e-05	4.6672	-65.7	0	0.45694	2.974e-05	1.6423	-23.119	0.45694	2.974e-05	1.6423	-23.119	0.45694	2.974e-05	1.6423	-23.119	0.45694	2.974e-05	1.6423	-23.119	0	0	0	0	0	0	0	0	0	0	0	0	0	0	0	0	0	0
10000	10000	1	0.029543	1	1	0.80028	0.99968	0.5002	3.5007	20.003	0.99968	0.5002	3.5007	20.003	0.99968	0.5002	3.5007	20.003	0.99968	0.5002	3.5007	20.003	0	0.49968	0.25002	1.7498	9.9985	0.49968	0.25002	1.7498	9.9985	0.49968	0.25002	1.7498	9.9985	0.49968	0.25002	1.7498	9.9985	0	0	0	0	0	0	0	0	0	0	0	0	0	0	0	0	0	0
10000	10000	1	0.03	1	1	0.8	1	0.5	3.5	30	1	0.5	3.5	30	1	0.5	3.5	30	1	0.5	3.5	30	0	0.5	0.25	1.75	15	0.5	0.25	1.75	15	0.5	0.25	1.75	15	0.5	0.25	1.75	15	0	0	0	0	0	0	0	0	0	0	0	0	0	0	0	0	0	0
10000	10000	1	0.01	1	1	0.7906	1.0104	0.29321	4.9817	14.916	1.0104	0.29321	4.9817	14.916	1.0104	0.29321	4.9817	14.916	1.0104	0.29321	4.9817	14.916	0	0.25261	0.073303	1.2454	3.7291	0.25261	0.073303	1.2454	3.7291	0.25261	0.073303	1.2454	3.7291	0.25261	0.073303	1.2454	3.7291	0	0.10788	0.10788	0.10788	0.10788	0.10788	0.10788	0.10788	0.10788	0.10788	0.10788	0.10788	0.10788	0.10788	0.10788	0.10788	0.10788	0.10788
10000	10000	1	0.015	1	1	0.8	1.3333	0.39501	2.8033	15	1.3333	0.39501	2.8033	15	1.3333	0.39501	2.8033	15	1.3333	0.39501	2.8033	15	0	0.54725	0.16213	1.1506	6.1566	0.54725	0.16213	1.1506	6.1566	0.54725	0.16213	1.1506	6.1566	0.54725	0.16213	1.1506	6.1566	0	0	0	0	0	0	0	0	0	0	0	0	0	0	0	0	0	0
10000	10000	1	0.013891	1	1	0.87115	1.3131	0.73775	4.1167	11.492	1.3131	0.73775	4.1167	11.492	1.3131	0.73775	4.1167	11.492	1.3131	0.73775	4.1167	11.492	0	0.32828	0.18444	1.0292	2.873	0.32828	0.18444	1.0292	2.873	0.32828	0.18444	1.0292	2.873	0.32828	0.18444	1.0292	2.873	0	0.026464	0.026464	0.026464	0.026464	0.026464	0.026464	0.026464	0.026464	0.026464	0.026464	0.026464	0.026464	0.026464	0.026464	0.026464	0.026464	0.026464
10000	10000	1	0.013331	1	1	0.83833	1.054	0.34391	5.3137	-93.193	1.054	0.34391	5.3137	-93.193	1.054	0.34391	5.3137	-93.193	1.054	0.34391	5.3137	-93.193	0	0.2635	0.085977	1.3284	-23.298	0.2635	0.085977	1.3284	-23.298	0.2635	0.085977	1.3284	-23.298	0.2635	0.085977	1.3284	-23.298	0	0.06567	0.06567	0.06567	0.06567	0.06567	0.06567	0.06567	0.06567	0.06567	0.06567	0.06567	0.06567	0.06567	0.06567	0.06567	0.06567	0.06567
10000	10000	1	0.01	1	1	1.0599	1.008	0.21583	5.0133	-16.388	1.008	0.21583	5.0133	-16.388	1.008	0.21583	5.0133	-16.388	1.008	0.21583	5.0133	-16.388	0	0.25199	0.053957	1.2533	-4.0969	0.25199	0.053957	1.2533	-4.0969	0.25199	0.053957	1.2533	-4.0969	0.25199	0.053957	1.2533	-4.0969	0	0	0	0	0	0	0	0	0	0	0	0	0	0	0	0	0	0
10000	10000	1	0.017115	1	1	0.9993	1.4449	0.98233	4.663	-134.78	1.4449	0.98233	4.663	-134.78	1.4449	0.98233	4.663	-134.78	1.4449	0.98233	4.663	-134.78	0	0.36122	0.24558	1.1657	-33.695	0.36122	0.24558	1.1657	-33.695	0.36122	0.24558	1.1657	-33.695	0.36122	0.24558	1.1657	-33.695	0	0.19994	0.19994	0.19994	0.19994	0.19994	0.19994	0.19994	0.19994	0.19994	0.19994	0.19994	0.19994	0.19994	0.19994	0.19994	0.19994	0.19994
10000	10000	1	0.03	1	1	0.87627	1.3333	0.6	3.1968	-53.602	1.3333	0.6	3.1968	-53.602	1.3333	0.6	3.1968	-53.602	1.3333	0.6	3.1968	-53.602	0	0.66667	0.3	1.5984	-26.801	0.66667	0.3	1.5984	-26.801	0.66667	0.3	1.5984	-26.801	0.66667	0.3	1.5984	-26.801	0	0.15658	0.15658	0.15658	0.15658	0.15658	0.15658	0.15658	0.15658	0.15658	0.15658	0.15658	0.15658	0.15658	0.15658	0.15658	0.15658	0.15658
10000	10000	1	0.04	1	1	1.1537	1.6	1.2681	7	15	1.6	1.2681	7	15	1.6	1.2681	7	15	1.6	1.2681	7	15	0	0.77318	0.61278	3.3827	7.2485	0.77318	0.61278	3.3827	7.2485	0.77318	0.61278	3.3827	7.2485	0.77318	0.61278	3.3827	7.2485	0	0.1	0.1	0.1	0.1	0.1	0.1	0.1	0.1	0.1	0.1	0.1	0.1	0.1	0.1	0.1	0.1	0.1
10000	10000	1	0.026584	1	1	0.87685	1.3029	1.064	3.8753	6.8031	1.3029	1.064	3.8753	6.8031	1.3029	1.064	3.8753	6.8031	1.3029	1.064	3.8753	6.8031	0	0.61782	0.50456	1.8376	3.2259	0.61782	0.50456	1.8376	3.2259	0.61782	0.50456	1.8376	3.2259	0.61782	0.50456	1.8376	3.2259	0	0.10544	0.10544	0.10544	0.10544	0.10544	0.10544	0.10544	0.10544	0.10544	0.10544	0.10544	0.10544	0.10544	0.10544	0.10544	0.10544	0.10544
10000	10000	1	0.017152	1	1	1	1.42	1.2912	4.6667	20	1.42	1.2912	4.6667	20	1.42	1.2912	4.6667	20	1.42	1.2912	4.6667	20	0	0.53302	0.48467	1.7517	7.5075	0.53302	0.48467	1.7517	7.5075	0.53302	0.48467	1.7517	7.5075	0.53302	0.48467	1.7517	7.5075	0	0.15	0.15	0.15	0.15	0.15	0.15	0.15	0.15	0.15	0.15	0.15	0.15	0.15	0.15	0.15	0.15	0.15
10000	10000	1	0.01	1	1	1	1.6	0.21667	7	30	1.6	0.21667	7	30	1.6	0.21667	7	30	1.6	0.21667	7	30	0	0.6	0.08125	2.625	11.25	0.6	0.08125	2.625	11.25	0.6	0.08125	2.625	11.25	0.6	0.08125	2.625	11.25	0	0.03253	0.03253	0.03253	0.03253	0.03253	0.03253	0.03253	0.03253	0.03253	0.03253	0.03253	0.03253	0.03253	0.03253	0.03253	0.03253	0.03253
10000	10000	1	0.020009	1	1	1.1315	1.1822	0.29971	3.501	7.5292	1.1822	0.29971	3.501	7.5292	1.1822	0.29971	3.501	7.5292	1.1822	0.29971	3.501	7.5292	0	0.59136	0.14992	1.7513	3.7663	0.59136	0.14992	1.7513	3.7663	0.59136	0.14992	1.7513	3.7663	0.59136	0.14992	1.7513	3.7663	0	0	0	0	0	0	0	0	0	0	0	0	0	0	0	0	0	0
10000	10000	1	0.01959	1	1	1.0124	1.4525	0.45887	4.8459	-70.853	1.4525	0.45887	4.8459	-70.853	1.4525	0.45887	4.8459	-70.853	1.4525	0.45887	4.8459	-70.853	0	0.65223	0.20606	2.1761	-31.816	0.65223	0.20606	2.1761	-31.816	0.65223	0.20606	2.1761	-31.816	0.65223	0.20606	2.1761	-31.816	0	0.063628	0.063628	0.063628	0.063628	0.063628	0.063628	0.063628	0.063628	0.063628	0.063628	0.063628	0.063628	0.063628	0.063628	0.063628	0.063628	0.063628
10000	10000	1	0.019332	1	1	1.0403	1.2873	0.77968	3.5941	-63.097	1.2873	0.77968	3.5941	-63.097	1.2873	0.77968	3.5941	-63.097	1.2873	0.77968	3.5941	-63.097	0	0.6517	0.39473	1.8196	-31.944	0.6517	0.39473	1.8196	-31.944	0.6517	0.39473	1.8196	-31.944	0.6517	0.39473	1.8196	-31.944	0	0	0	0	0	0	0	0	0	0	0	0	0	0	0	0	0	0
10000	10000	1	0.01	1	1	0.8	1.1553	1.0026	3.5	40	1.1553	1.0026	3.5	40	1.1553	1.0026	3.5	40	1.1553	1.0026	3.5	40	0	0.56068	0.48658	1.6985	19.412	0.56068	0.48658	1.6985	19.412	0.56068	0.48658	1.6985	19.412	0.56068	0.48658	1.6985	19.412	0	0	0	0	0	0	0	0	0	0	0	0	0	0	0	0	0	0
10000	10000	1	0.021217	1	1	0.8	1.0246	0.95	4.6667	6.9165	1.0246	0.95	4.6667	6.9165	1.0246	0.95	4.6667	6.9165	1.0246	0.95	4.6667	6.9165	0	0.51231	0.475	2.3333	3.4582	0.51231	0.475	2.3333	3.4582	0.51231	0.475	2.3333	3.4582	0.51231	0.475	2.3333	3.4582	0	0	0	0	0	0	0	0	0	0	0	0	0	0	0	0	0	0
10000	10000	1	0.016279	1	1	0.9151	0.98748	0.80685	4.279	-2.7505	0.98748	0.80685	4.279	-2.7505	0.98748	0.80685	4.279	-2.7505	0.98748	0.80685	4.279	-2.7505	0	0.50894	0.41585	2.2054	-1.4176	0.50894	0.41585	2.2054	-1.4176	0.50894	0.41585	2.2054	-1.4176	0.50894	0.41585	2.2054	-1.4176	0	0	0	0	0	0	0	0	0	0	0	0	0	0	0	0	0	0
10000	10000	1	0.01	1	1	0.9142	1.6461	0.41295	6.5998	41.868	1.6461	0.41295	6.5998	41.868	1.6461	0.41295	6.5998	41.868	1.6461	0.41295	6.5998	41.868	0	0.66193	0.16606	2.654	16.836	0.66193	0.16606	2.654	16.836	0.66193	0.16606	2.654	16.836	0.66193	0.16606	2.654	16.836	0	0	0	0	0	0	0	0	0	0	0	0	0	0	0	0	0	0
10000	10000	1	0.035092	1	1	0.77431	1.0277	0.49569	5.0496	-166.85	1.0277	0.49569	5.0496	-166.85	1.0277	0.49569	5.0496	-166.85	1.0277	0.49569	5.0496	-166.85	0	0.44841	0.21629	2.2034	-72.803	0.44841	0.21629	2.2034	-72.803	0.44841	0.21629	2.2034	-72.803	0.44841	0.21629	2.2034	-72.803	0	0.086105	0.086105	0.086105	0.086105	0.086105	0.086105	0.086105	0.086105	0.086105	0.086105	0.086105	0.086105	0.086105	0.086105	0.086105	0.086105	0.086105
10000	10000	1	0.025065	1	1	0.9914	1.3419	0.50645	5.032	9.9527	1.3419	0.50645	5.032	9.9527	1.3419	0.50645	5.032	9.9527	1.3419	0.50645	5.032	9.9527	0	0.67673	0.2554	2.5376	5.0191	0.67673	0.2554	2.5376	5.0191	0.67673	0.2554	2.5376	5.0191	0.67673	0.2554	2.5376	5.0191	0	0.15589	0.15589	0.15589	0.15589	0.15589	0.15589	0.15589	0.15589	0.15589	0.15589	0.15589	0.15589	0.15589	0.15589	0.15589	0.15589	0.15589
10000	10000	1	0.02	1	1	0.8	1.3333	1	4.8497	15	1.3333	1	4.8497	15	1.3333	1	4.8497	15	1.3333	1	4.8497	15	0	0.51437	0.38578	1.8709	5.7867	0.51437	0.38578	1.8709	5.7867	0.51437	0.38578	1.8709	5.7867	0.51437	0.38578	1.8709	5.7867	0	0.10086	0.10086	0.10086	0.10086	0.10086	0.10086	0.10086	0.10086	0.10086	0.10086	0.10086	0.10086	0.10086	0.10086	0.10086	0.10086	0.10086
10000	10000	1	0.02	1	1	0.89547	1	0.6	4.6666	-54.157	1	0.6	4.6666	-54.157	1	0.6	4.6666	-54.157	1	0.6	4.6666	-54.157	0	0.39721	0.23833	1.8536	-21.512	0.39721	0.23833	1.8536	-21.512	0.39721	0.23833	1.8536	-21.512	0.39721	0.23833	1.8536	-21.512	0	0.047958	0.047958	0.047958	0.047958	0.047958	0.047958	0.047958	0.047958	0.047958	0.047958	0.047958	0.047958	0.047958	0.047958	0.047958	0.047958	0.047958
10000	10000	1	0.035327	1	1	0.8	0.8	0.3	3.5	15	0.8	0.3	3.5	15	0.8	0.3	3.5	15	0.8	0.3	3.5	15	0	0.4	0.15	1.75	7.5	0.4	0.15	1.75	7.5	0.4	0.15	1.75	7.5	0.4	0.15	1.75	7.5	0	0	0	0	0	0	0	0	0	0	0	0	0	0	0	0	0	0
10000	10000	1	0.044235	1	1	1.0693	1.6203	2.1276	6.1457	-80.827	1.6203	2.1276	6.1457	-80.827	1.6203	2.1276	6.1457	-80.827	1.6203	2.1276	6.1457	-80.827	0	0.50256	0.65989	1.9062	-25.069	0.50256	0.65989	1.9062	-25.069	0.50256	0.65989	1.9062	-25.069	0.50256	0.65989	1.9062	-25.069	0	0.072194	0.072194	0.072194	0.072194	0.072194	0.072194	0.072194	0.072194	0.072194	0.072194	0.072194	0.072194	0.072194	0.072194	0.072194	0.072194	0.072194
10000	10000	1	0.019952	1	1	0.79782	1.0024	1.0012	3.5054	29.981	1.0024	1.0012	3.5054	29.981	1.0024	1.0012	3.5054	29.981	1.0024	1.0012	3.5054	29.981	0	0.5023	0.50169	1.7565	15.023	0.5023	0.50169	1.7565	15.023	0.5023	0.50169	1.7565	15.023	0.5023	0.50169	1.7565	15.023	0	0.19873	0.19873	0.19873	0.19873	0.19873	0.19873	0.19873	0.19873	0.19873	0.19873	0.19873	0.19873	0.19873	0.19873	0.19873	0.19873	0.19873
10000	10000	1	0.018703	1	1	0.78692	1.4537	0.73466	6.2039	2.6699	1.4537	0.73466	6.2039	2.6699	1.4537	0.73466	6.2039	2.6699	1.4537	0.73466	6.2039	2.6699	0	0.50294	0.25417	2.1463	0.92371	0.50294	0.25417	2.1463	0.92371	0.50294	0.25417	2.1463	0.92371	0.50294	0.25417	2.1463	0.92371	0	0.11342	0.11342	0.11342	0.11342	0.11342	0.11342	0.11342	0.11342	0.11342	0.11342	0.11342	0.11342	0.11342	0.11342	0.11342	0.11342	0.11342
10000	10000	1	0.02	1	1	0.4	1.0829	0.6	4.8972	73.983	1.0829	0.6	4.8972	73.983	1.0829	0.6	4.8972	73.983	1.0829	0.6	4.8972	73.983	0	0.54635	0.30272	2.4708	37.327	0.54635	0.30272	2.4708	37.327	0.54635	0.30272	2.4708	37.327	0.54635	0.30272	2.4708	37.327	0	0	0	0	0	0	0	0	0	0	0	0	0	0	0	0	0	0
10000	10000	1	0.01	1	1	0.76641	1.5267	0.64236	4.6851	15.03	1.5267	0.64236	4.6851	15.03	1.5267	0.64236	4.6851	15.03	1.5267	0.64236	4.6851	15.03	0	0.61135	0.25722	1.8761	6.0187	0.61135	0.25722	1.8761	6.0187	0.61135	0.25722	1.8761	6.0187	0.61135	0.25722	1.8761	6.0187	0	0	0	0	0	0	0	0	0	0	0	0	0	0	0	0	0	0
10000	10000	1	0.01	1	1	0.67594	1.1087	0.6	4.6667	43.392	1.1087	0.6	4.6667	43.392	1.1087	0.6	4.6667	43.392	1.1087	0.6	4.6667	43.392	0	0.46	0.24895	1.9363	18.004	0.46	0.24895	1.9363	18.004	0.46	0.24895	1.9363	18.004	0.46	0.24895	1.9363	18.004	0	0	0	0	0	0	0	0	0	0	0	0	0	0	0	0	0	0
10000	10000	1	0.01	1	1	0.65426	1.6754	0.072294	7.8069	-13.432	1.6754	0.072294	7.8069	-13.432	1.6754	0.072294	7.8069	-13.432	1.6754	0.072294	7.8069	-13.432	0	0.55339	0.023879	2.5787	-4.4368	0.55339	0.023879	2.5787	-4.4368	0.55339	0.023879	2.5787	-4.4368	0.55339	0.023879	2.5787	-4.4368	0	0.18521	0.18521	0.18521	0.18521	0.18521	0.18521	0.18521	0.18521	0.18521	0.18521	0.18521	0.18521	0.18521	0.18521	0.18521	0.18521	0.18521
10000	10000	1	0.021229	1	1	0.46751	1.0614	0.36312	5.1076	14.508	1.0614	0.36312	5.1076	14.508	1.0614	0.36312	5.1076	14.508	1.0614	0.36312	5.1076	14.508	0	0.49811	0.1704	2.3969	6.8085	0.49811	0.1704	2.3969	6.8085	0.49811	0.1704	2.3969	6.8085	0.49811	0.1704	2.3969	6.8085	0	0.28072	0.28072	0.28072	0.28072	0.28072	0.28072	0.28072	0.28072	0.28072	0.28072	0.28072	0.28072	0.28072	0.28072	0.28072	0.28072	0.28072
10000	10000	1	0.16215	1	1	0.4	0.8	0.3	3.5	15	0.8	0.3	3.5	15	0.8	0.3	3.5	15	0.8	0.3	3.5	15	0	0.36667	0.1375	1.6042	6.875	0.36667	0.1375	1.6042	6.875	0.36667	0.1375	1.6042	6.875	0.36667	0.1375	1.6042	6.875	0	0.05	0.05	0.05	0.05	0.05	0.05	0.05	0.05	0.05	0.05	0.05	0.05	0.05	0.05	0.05	0.05	0.05
10000	10000	1	0.038931	1	1	0.37922	0.79682	1.1922	4.5311	15.713	0.79682	1.1922	4.5311	15.713	0.79682	1.1922	4.5311	15.713	0.79682	1.1922	4.5311	15.713	0	0.37413	0.55977	2.1275	7.3774	0.37413	0.55977	2.1275	7.3774	0.37413	0.55977	2.1275	7.3774	0.37413	0.55977	2.1275	7.3774	0	0.086957	0.086957	0.086957	0.086957	0.086957	0.086957	0.086957	0.086957	0.086957	0.086957	0.086957	0.086957	0.086957	0.086957	0.086957	0.086957	0.086957
10000	10000	1	0.03	1	1	0.4	0.54598	1	4.0689	-9.6087	0.54598	1	4.0689	-9.6087	0.54598	1	4.0689	-9.6087	0.54598	1	4.0689	-9.6087	0	0.27299	0.5	2.0344	-4.8044	0.27299	0.5	2.0344	-4.8044	0.27299	0.5	2.0344	-4.8044	0.27299	0.5	2.0344	-4.8044	0	0.3	0.3	0.3	0.3	0.3	0.3	0.3	0.3	0.3	0.3	0.3	0.3	0.3	0.3	0.3	0.3	0.3
10000	10000	1	0.03	1	1	0.37004	0.5362	0.6	2.5	15	0.5362	0.6	2.5	15	0.5362	0.6	2.5	15	0.5362	0.6	2.5	15	0	0.2681	0.3	1.25	7.5	0.2681	0.3	1.25	7.5	0.2681	0.3	1.25	7.5	0.2681	0.3	1.25	7.5	0	0.3	0.3	0.3	0.3	0.3	0.3	0.3	0.3	0.3	0.3	0.3	0.3	0.3	0.3	0.3	0.3	0.3
10000	10000	1	0.11318	1	1	0.55624	1.1959	0.081884	4.1767	-640.64	1.1959	0.081884	4.1767	-640.64	1.1959	0.081884	4.1767	-640.64	1.1959	0.081884	4.1767	-640.64	0	0.64667	0.044279	2.2585	-346.43	0.64667	0.044279	2.2585	-346.43	0.64667	0.044279	2.2585	-346.43	0.64667	0.044279	2.2585	-346.43	0	0.31733	0.31733	0.31733	0.31733	0.31733	0.31733	0.31733	0.31733	0.31733	0.31733	0.31733	0.31733	0.31733	0.31733	0.31733	0.31733	0.31733
10000	10000	1	0.041511	1	1	0.73781	1	0.3	3.5	15	1	0.3	3.5	15	1	0.3	3.5	15	1	0.3	3.5	15	0	0.63153	0.18946	2.2103	9.4729	0.63153	0.18946	2.2103	9.4729	0.63153	0.18946	2.2103	9.4729	0.63153	0.18946	2.2103	9.4729	0	0.29558	0.29558	0.29558	0.29558	0.29558	0.29558	0.29558	0.29558	0.29558	0.29558	0.29558	0.29558	0.29558	0.29558	0.29558	0.29558	0.29558
10000	10000	1	0.2124	1	1	0.35541	0.8	0.33333	2.5	10.291	0.8	0.33333	2.5	10.291	0.8	0.33333	2.5	10.291	0.8	0.33333	2.5	10.291	0	0.7541	0.31421	2.3566	9.7002	0.7541	0.31421	2.3566	9.7002	0.7541	0.31421	2.3566	9.7002	0.7541	0.31421	2.3566	9.7002	0	0.25	0.25	0.25	0.25	0.25	0.25	0.25	0.25	0.25	0.25	0.25	0.25	0.25	0.25	0.25	0.25	0.25
10000	10000	1	0.021503	1	1	0.43024	0.83887	0.46376	2.4244	20.454	0.83887	0.46376	2.4244	20.454	0.83887	0.46376	2.4244	20.454	0.83887	0.46376	2.4244	20.454	0	0.67954	0.37567	1.9639	16.569	0.67954	0.37567	1.9639	16.569	0.67954	0.37567	1.9639	16.569	0.67954	0.37567	1.9639	16.569	0	0.3547	0.3547	0.3547	0.3547	0.3547	0.3547	0.3547	0.3547	0.3547	0.3547	0.3547	0.3547	0.3547	0.3547	0.3547	0.3547	0.3547
10000	10000	1	0.027044	1	1	0.41159	0.92543	0.4854	2.8193	11.87	0.92543	0.4854	2.8193	11.87	0.92543	0.4854	2.8193	11.87	0.92543	0.4854	2.8193	11.87	0	0.87409	0.45847	2.6629	11.211	0.87409	0.45847	2.6629	11.211	0.87409	0.45847	2.6629	11.211	0.87409	0.45847	2.6629	11.211	0	0.32706	0.32706	0.32706	0.32706	0.32706	0.32706	0.32706	0.32706	0.32706	0.32706	0.32706	0.32706	0.32706	0.32706	0.32706	0.32706	0.32706
10000	10000	1	0.02012	1	1	0.79654	1.4479	0.49259	3.9826	13.562	1.4479	0.49259	3.9826	13.562	1.4479	0.49259	3.9826	13.562	1.4479	0.49259	3.9826	13.562	0	0.66834	0.22737	1.8383	6.2603	0.66834	0.22737	1.8383	6.2603	0.66834	0.22737	1.8383	6.2603	0.66834	0.22737	1.8383	6.2603	0	0.32128	0.32128	0.32128	0.32128	0.32128	0.32128	0.32128	0.32128	0.32128	0.32128	0.32128	0.32128	0.32128	0.32128	0.32128	0.32128	0.32128
10000	10000	1	0.019866	1	1	0.80602	1.1724	0.29566	3.515	9.9632	1.1724	0.29566	3.515	9.9632	1.1724	0.29566	3.515	9.9632	1.1724	0.29566	3.515	9.9632	0	0.58517	0.14757	1.7545	4.973	0.58517	0.14757	1.7545	4.973	0.58517	0.14757	1.7545	4.973	0.58517	0.14757	1.7545	4.973	0	0.19938	0.19938	0.19938	0.19938	0.19938	0.19938	0.19938	0.19938	0.19938	0.19938	0.19938	0.19938	0.19938	0.19938	0.19938	0.19938	0.19938
10000	10000	1	0.019458	1	1	0.77246	1.2298	0.29032	4.5317	14.147	1.2298	0.29032	4.5317	14.147	1.2298	0.29032	4.5317	14.147	1.2298	0.29032	4.5317	14.147	0	0.57799	0.13645	2.1299	6.649	0.57799	0.13645	2.1299	6.649	0.57799	0.13645	2.1299	6.649	0.57799	0.13645	2.1299	6.649	0	0.27918	0.27918	0.27918	0.27918	0.27918	0.27918	0.27918	0.27918	0.27918	0.27918	0.27918	0.27918	0.27918	0.27918	0.27918	0.27918	0.27918
10000	10000	1	0.01	1	1	1.0036	1.3298	0.29769	5.0062	4.2387	1.3298	0.29769	5.0062	4.2387	1.3298	0.29769	5.0062	4.2387	1.3298	0.29769	5.0062	4.2387	0	0.61258	0.13713	2.3062	1.9526	0.61258	0.13713	2.3062	1.9526	0.61258	0.13713	2.3062	1.9526	0.61258	0.13713	2.3062	1.9526	0	0.30213	0.30213	0.30213	0.30213	0.30213	0.30213	0.30213	0.30213	0.30213	0.30213	0.30213	0.30213	0.30213	0.30213	0.30213	0.30213	0.30213
10000	10000	1	0.025961	1	1	0.68504	1.5171	0.44568	3.892	14.87	1.5171	0.44568	3.892	14.87	1.5171	0.44568	3.892	14.87	1.5171	0.44568	3.892	14.87	0	0.73065	0.21465	1.8745	7.1617	0.73065	0.21465	1.8745	7.1617	0.73065	0.21465	1.8745	7.1617	0.73065	0.21465	1.8745	7.1617	0	0.18737	0.18737	0.18737	0.18737	0.18737	0.18737	0.18737	0.18737	0.18737	0.18737	0.18737	0.18737	0.18737	0.18737	0.18737	0.18737	0.18737
10000	10000	1	0.02817	1	1	0.8	1.0501	0.12211	3.5	-79.268	1.0501	0.12211	3.5	-79.268	1.0501	0.12211	3.5	-79.268	1.0501	0.12211	3.5	-79.268	0	0.48735	0.05667	1.6243	-36.788	0.48735	0.05667	1.6243	-36.788	0.48735	0.05667	1.6243	-36.788	0.48735	0.05667	1.6243	-36.788	0	0	0	0	0	0	0	0	0	0	0	0	0	0	0	0	0	0
10000	10000	1	0.018179	1	1	1.1486	1.8862	0.46012	6.7951	3.8898	1.8862	0.46012	6.7951	3.8898	1.8862	0.46012	6.7951	3.8898	1.8862	0.46012	6.7951	3.8898	0	0.86938	0.21208	3.132	1.7929	0.86938	0.21208	3.132	1.7929	0.86938	0.21208	3.132	1.7929	0.86938	0.21208	3.132	1.7929	0	0.20054	0.20054	0.20054	0.20054	0.20054	0.20054	0.20054	0.20054	0.20054	0.20054	0.20054	0.20054	0.20054	0.20054	0.20054	0.20054	0.20054
10000	10000	1	0.025678	1	1	1.0687	1.2951	0.67023	5.3515	7.0327	1.2951	0.67023	5.3515	7.0327	1.2951	0.67023	5.3515	7.0327	1.2951	0.67023	5.3515	7.0327	0	0.62043	0.32109	2.5637	3.3692	0.62043	0.32109	2.5637	3.3692	0.62043	0.32109	2.5637	3.3692	0.62043	0.32109	2.5637	3.3692	0	0.089577	0.089577	0.089577	0.089577	0.089577	0.089577	0.089577	0.089577	0.089577	0.089577	0.089577	0.089577	0.089577	0.089577	0.089577	0.089577	0.089577
10000	10000	1	0.016679	1	1	0.99969	1.5004	0.3002	4.7668	19.997	1.5004	0.3002	4.7668	19.997	1.5004	0.3002	4.7668	19.997	1.5004	0.3002	4.7668	19.997	0	0.79162	0.15839	2.515	10.551	0.79162	0.15839	2.515	10.551	0.79162	0.15839	2.515	10.551	0.79162	0.15839	2.515	10.551	0	0.2113	0.2113	0.2113	0.2113	0.2113	0.2113	0.2113	0.2113	0.2113	0.2113	0.2113	0.2113	0.2113	0.2113	0.2113	0.2113	0.2113
10000	10000	1	0.02	1	1	1	1.2786	0.3	3.5	67.038	1.2786	0.3	3.5	67.038	1.2786	0.3	3.5	67.038	1.2786	0.3	3.5	67.038	0	0.62152	0.14583	1.7014	32.588	0.62152	0.14583	1.7014	32.588	0.62152	0.14583	1.7014	32.588	0.62152	0.14583	1.7014	32.588	0	0.088492	0.088492	0.088492	0.088492	0.088492	0.088492	0.088492	0.088492	0.088492	0.088492	0.088492	0.088492	0.088492	0.088492	0.088492	0.088492	0.088492
10000	10000	1	0.020565	1	1	0.66755	0.8	0.4	4.0104	20	0.8	0.4	4.0104	20	0.8	0.4	4.0104	20	0.8	0.4	4.0104	20	0	0.4	0.2	2.0052	10	0.4	0.2	2.0052	10	0.4	0.2	2.0052	10	0.4	0.2	2.0052	10	0	0	0	0	0	0	0	0	0	0	0	0	0	0	0	0	0	0
10000	10000	1	0.03	1	1	0.8	1	0.3	3.2166	15	1	0.3	3.2166	15	1	0.3	3.2166	15	1	0.3	3.2166	15	0	0.41667	0.125	1.3403	6.25	0.41667	0.125	1.3403	6.25	0.41667	0.125	1.3403	6.25	0.41667	0.125	1.3403	6.25	0	0.2	0.2	0.2	0.2	0.2	0.2	0.2	0.2	0.2	0.2	0.2	0.2	0.2	0.2	0.2	0.2	0.2
10000	10000	1	0.01667	1	1	0.99999	0.86688	0.30015	3.3337	-3.5881	0.86688	0.30015	3.3337	-3.5881	0.86688	0.30015	3.3337	-3.5881	0.86688	0.30015	3.3337	-3.5881	0	0.41542	0.14383	1.5976	-1.7194	0.41542	0.14383	1.5976	-1.7194	0.41542	0.14383	1.5976	-1.7194	0.41542	0.14383	1.5976	-1.7194	0	0.091207	0.091207	0.091207	0.091207	0.091207	0.091207	0.091207	0.091207	0.091207	0.091207	0.091207	0.091207	0.091207	0.091207	0.091207	0.091207	0.091207
10000	10000	1	0.01	1	1	0.67454	1	0.96767	3.5	-10.265	1	0.96767	3.5	-10.265	1	0.96767	3.5	-10.265	1	0.96767	3.5	-10.265	0	0.48178	0.4662	1.6862	-4.9453	0.48178	0.4662	1.6862	-4.9453	0.48178	0.4662	1.6862	-4.9453	0.48178	0.4662	1.6862	-4.9453	0	0	0	0	0	0	0	0	0	0	0	0	0	0	0	0	0	0
10000	10000	1	0.019694	1	1	0.80003	1.0732	0.46756	4.1688	-30.98	1.0732	0.46756	4.1688	-30.98	1.0732	0.46756	4.1688	-30.98	1.0732	0.46756	4.1688	-30.98	0	0.50306	0.21916	1.954	-14.521	0.50306	0.21916	1.954	-14.521	0.50306	0.21916	1.954	-14.521	0.50306	0.21916	1.954	-14.521	0	0.18825	0.18825	0.18825	0.18825	0.18825	0.18825	0.18825	0.18825	0.18825	0.18825	0.18825	0.18825	0.18825	0.18825	0.18825	0.18825	0.18825
10000	10000	1	0.034238	1	1	1.3793	1.0284	0.26982	3.5622	12.17	1.0284	0.26982	3.5622	12.17	1.0284	0.26982	3.5622	12.17	1.0284	0.26982	3.5622	12.17	0	0.49325	0.12941	1.7085	5.8372	0.49325	0.12941	1.7085	5.8372	0.49325	0.12941	1.7085	5.8372	0.49325	0.12941	1.7085	5.8372	0	0.062294	0.062294	0.062294	0.062294	0.062294	0.062294	0.062294	0.062294	0.062294	0.062294	0.062294	0.062294	0.062294	0.062294	0.062294	0.062294	0.062294
10000	10000	1	0.01	1	1	1.1704	1.1704	0.62777	3.6315	31.363	1.1704	0.62777	3.6315	31.363	1.1704	0.62777	3.6315	31.363	1.1704	0.62777	3.6315	31.363	0	0.53595	0.28748	1.663	14.362	0.53595	0.28748	1.663	14.362	0.53595	0.28748	1.663	14.362	0.53595	0.28748	1.663	14.362	0	0.028963	0.028963	0.028963	0.028963	0.028963	0.028963	0.028963	0.028963	0.028963	0.028963	0.028963	0.028963	0.028963	0.028963	0.028963	0.028963	0.028963
10000	10000	1	0.02165	1	1	1.4411	1.5082	0.2985	4.6615	20.024	1.5082	0.2985	4.6615	20.024	1.5082	0.2985	4.6615	20.024	1.5082	0.2985	4.6615	20.024	0	0.75583	0.14959	2.3361	10.035	0.75583	0.14959	2.3361	10.035	0.75583	0.14959	2.3361	10.035	0.75583	0.14959	2.3361	10.035	0	0.20093	0.20093	0.20093	0.20093	0.20093	0.20093	0.20093	0.20093	0.20093	0.20093	0.20093	0.20093	0.20093	0.20093	0.20093	0.20093	0.20093
10000	10000	1	0.01	1	1	1.4361	1.168	0.4	3.5	10	1.168	0.4	3.5	10	1.168	0.4	3.5	10	1.168	0.4	3.5	10	0	0.47921	0.16411	1.436	4.1028	0.47921	0.16411	1.436	4.1028	0.47921	0.16411	1.436	4.1028	0.47921	0.16411	1.436	4.1028	0	0.073493	0.073493	0.073493	0.073493	0.073493	0.073493	0.073493	0.073493	0.073493	0.073493	0.073493	0.073493	0.073493	0.073493	0.073493	0.073493	0.073493
10000	10000	1	0.018519	1	1	1.3559	1.5002	0.38534	3.9462	32.72	1.5002	0.38534	3.9462	32.72	1.5002	0.38534	3.9462	32.72	1.5002	0.38534	3.9462	32.72	0	0.6815	0.17506	1.7927	14.864	0.6815	0.17506	1.7927	14.864	0.6815	0.17506	1.7927	14.864	0.6815	0.17506	1.7927	14.864	0	0.19421	0.19421	0.19421	0.19421	0.19421	0.19421	0.19421	0.19421	0.19421	0.19421	0.19421	0.19421	0.19421	0.19421	0.19421	0.19421	0.19421
10000	10000	1	0.010657	1	1	1.4209	1.2705	0.88553	4.8794	7.8349	1.2705	0.88553	4.8794	7.8349	1.2705	0.88553	4.8794	7.8349	1.2705	0.88553	4.8794	7.8349	0	0.49142	0.34252	1.8874	3.0305	0.49142	0.34252	1.8874	3.0305	0.49142	0.34252	1.8874	3.0305	0.49142	0.34252	1.8874	3.0305	0	0.15436	0.15436	0.15436	0.15436	0.15436	0.15436	0.15436	0.15436	0.15436	0.15436	0.15436	0.15436	0.15436	0.15436	0.15436	0.15436	0.15436
10000	10000	1	0.017463	1	1	1.0524	1	0.3	4.0737	15	1	0.3	4.0737	15	1	0.3	4.0737	15	1	0.3	4.0737	15	0	0.42236	0.12671	1.7206	6.3354	0.42236	0.12671	1.7206	6.3354	0.42236	0.12671	1.7206	6.3354	0.42236	0.12671	1.7206	6.3354	0	0.080827	0.080827	0.080827	0.080827	0.080827	0.080827	0.080827	0.080827	0.080827	0.080827	0.080827	0.080827	0.080827	0.080827	0.080827	0.080827	0.080827
10000	10000	1	0.01	1	1	1.1665	0.98292	0.97494	4.845	14.839	0.98292	0.97494	4.845	14.839	0.98292	0.97494	4.845	14.839	0.98292	0.97494	4.845	14.839	0	0.32869	0.32602	1.6202	4.9621	0.32869	0.32602	1.6202	4.9621	0.32869	0.32602	1.6202	4.9621	0.32869	0.32602	1.6202	4.9621	0	0	0	0	0	0	0	0	0	0	0	0	0	0	0	0	0	0
10000	10000	1	0.012181	1	1	1.1281	0.99074	0.67265	4.607	19.903	0.99074	0.67265	4.607	19.903	0.99074	0.67265	4.607	19.903	0.99074	0.67265	4.607	19.903	0	0.50799	0.34489	2.3621	10.205	0.50799	0.34489	2.3621	10.205	0.50799	0.34489	2.3621	10.205	0.50799	0.34489	2.3621	10.205	0	0.11259	0.11259	0.11259	0.11259	0.11259	0.11259	0.11259	0.11259	0.11259	0.11259	0.11259	0.11259	0.11259	0.11259	0.11259	0.11259	0.11259
10000	10000	1	0.028401	1	1	1.0338	1.201	1.0216	6.91	5.8749	1.201	1.0216	6.91	5.8749	1.201	1.0216	6.91	5.8749	1.201	1.0216	6.91	5.8749	0	0.30024	0.2554	1.7275	1.4687	0.30024	0.2554	1.7275	1.4687	0.30024	0.2554	1.7275	1.4687	0.30024	0.2554	1.7275	1.4687	0	0.12268	0.12268	0.12268	0.12268	0.12268	0.12268	0.12268	0.12268	0.12268	0.12268	0.12268	0.12268	0.12268	0.12268	0.12268	0.12268	0.12268
10000	10000	1	0.01	1	1	0.88516	1.1801	0.4	3.5	-1190	1.1801	0.4	3.5	-1190	1.1801	0.4	3.5	-1190	1.1801	0.4	3.5	-1190	0	0.52669	0.17853	1.5621	-531.12	0.52669	0.17853	1.5621	-531.12	0.52669	0.17853	1.5621	-531.12	0.52669	0.17853	1.5621	-531.12	0	0.12472	0.12472	0.12472	0.12472	0.12472	0.12472	0.12472	0.12472	0.12472	0.12472	0.12472	0.12472	0.12472	0.12472	0.12472	0.12472	0.12472
10000	10000	1	0.020146	1	1	0.7956	1.1894	0.66608	3.7788	-131.29	1.1894	0.66608	3.7788	-131.29	1.1894	0.66608	3.7788	-131.29	1.1894	0.66608	3.7788	-131.29	0	0.59412	0.33271	1.8876	-65.579	0.59412	0.33271	1.8876	-65.579	0.59412	0.33271	1.8876	-65.579	0.59412	0.33271	1.8876	-65.579	0	0.15094	0.15094	0.15094	0.15094	0.15094	0.15094	0.15094	0.15094	0.15094	0.15094	0.15094	0.15094	0.15094	0.15094	0.15094	0.15094	0.15094
10000	10000	1	0.02	1	1	1	1.3333	0.5	5	30	1.3333	0.5	5	30	1.3333	0.5	5	30	1.3333	0.5	5	30	0	0.66667	0.25	2.5	15	0.66667	0.25	2.5	15	0.66667	0.25	2.5	15	0.66667	0.25	2.5	15	0	0.11671	0.11671	0.11671	0.11671	0.11671	0.11671	0.11671	0.11671	0.11671	0.11671	0.11671	0.11671	0.11671	0.11671	0.11671	0.11671	0.11671
10000	10000	1	0.01	1	1	0.8015	1.0005	0.50124	3.4963	15.013	1.0005	0.50124	3.4963	15.013	1.0005	0.50124	3.4963	15.013	1.0005	0.50124	3.4963	15.013	0	0.50045	0.25071	1.7488	7.5095	0.50045	0.25071	1.7488	7.5095	0.50045	0.25071	1.7488	7.5095	0.50045	0.25071	1.7488	7.5095	0	0	0	0	0	0	0	0	0	0	0	0	0	0	0	0	0	0
10000	10000	1	0.02	1	1	0.8	1	0.5	3.5	-100	1	0.5	3.5	-100	1	0.5	3.5	-100	1	0.5	3.5	-100	0	0.50001	0.25	1.75	-50.001	0.50001	0.25	1.75	-50.001	0.50001	0.25	1.75	-50.001	0.50001	0.25	1.75	-50.001	0	0.022222	0.022222	0.022222	0.022222	0.022222	0.022222	0.022222	0.022222	0.022222	0.022222	0.022222	0.022222	0.022222	0.022222	0.022222	0.022222	0.022222
10000	10000	1	0.01	1	1	1.1335	1.6863	1.0726	4.1162	-164.17	1.6863	1.0726	4.1162	-164.17	1.6863	1.0726	4.1162	-164.17	1.6863	1.0726	4.1162	-164.17	0	0.63324	0.40279	1.5457	-61.649	0.63324	0.40279	1.5457	-61.649	0.63324	0.40279	1.5457	-61.649	0.63324	0.40279	1.5457	-61.649	0	0.15356	0.15356	0.15356	0.15356	0.15356	0.15356	0.15356	0.15356	0.15356	0.15356	0.15356	0.15356	0.15356	0.15356	0.15356	0.15356	0.15356
10000	10000	1	0.035	1	1	1.1613	1.2804	1.35	4.6667	-740.45	1.2804	1.35	4.6667	-740.45	1.2804	1.35	4.6667	-740.45	1.2804	1.35	4.6667	-740.45	0	0.53772	0.56695	1.9598	-310.96	0.53772	0.56695	1.9598	-310.96	0.53772	0.56695	1.9598	-310.96	0.53772	0.56695	1.9598	-310.96	0	0.12727	0.12727	0.12727	0.12727	0.12727	0.12727	0.12727	0.12727	0.12727	0.12727	0.12727	0.12727	0.12727	0.12727	0.12727	0.12727	0.12727
10000	10000	1	0.022219	1	1	1	1.3578	0.91899	4.4685	20	1.3578	0.91899	4.4685	20	1.3578	0.91899	4.4685	20	1.3578	0.91899	4.4685	20	0	0.61186	0.41412	2.0136	9.0124	0.61186	0.41412	2.0136	9.0124	0.61186	0.41412	2.0136	9.0124	0.61186	0.41412	2.0136	9.0124	0	0.23333	0.23333	0.23333	0.23333	0.23333	0.23333	0.23333	0.23333	0.23333	0.23333	0.23333	0.23333	0.23333	0.23333	0.23333	0.23333	0.23333
10000	10000	1	0.023692	1	1	1.1727	1.7159	0.87048	5.0297	9.0518	1.7159	0.87048	5.0297	9.0518	1.7159	0.87048	5.0297	9.0518	1.7159	0.87048	5.0297	9.0518	0	0.72768	0.36916	2.133	3.8388	0.72768	0.36916	2.133	3.8388	0.72768	0.36916	2.133	3.8388	0.72768	0.36916	2.133	3.8388	0	0.30376	0.30376	0.30376	0.30376	0.30376	0.30376	0.30376	0.30376	0.30376	0.30376	0.30376	0.30376	0.30376	0.30376	0.30376	0.30376	0.30376
10000	10000	1	0.037185	1	1	1.097	1.2041	0.84693	3.1905	6.5173	1.2041	0.84693	3.1905	6.5173	1.2041	0.84693	3.1905	6.5173	1.2041	0.84693	3.1905	6.5173	0	0.40137	0.28231	1.0635	2.1724	0.40137	0.28231	1.0635	2.1724	0.40137	0.28231	1.0635	2.1724	0.40137	0.28231	1.0635	2.1724	0	0.050169	0.050169	0.050169	0.050169	0.050169	0.050169	0.050169	0.050169	0.050169	0.050169	0.050169	0.050169	0.050169	0.050169	0.050169	0.050169	0.050169
10000	10000	1	0.01153	1	1	1	1.5	0.33333	3.8978	-63.333	1.5	0.33333	3.8978	-63.333	1.5	0.33333	3.8978	-63.333	1.5	0.33333	3.8978	-63.333	0	0.88612	0.19691	2.3026	-37.414	0.88612	0.19691	2.3026	-37.414	0.88612	0.19691	2.3026	-37.414	0.88612	0.19691	2.3026	-37.414	0	0.2124	0.2124	0.2124	0.2124	0.2124	0.2124	0.2124	0.2124	0.2124	0.2124	0.2124	0.2124	0.2124	0.2124	0.2124	0.2124	0.2124
10000	10000	1	0.02	1	1	1	1.4655	1.4554	4.8457	40	1.4655	1.4554	4.8457	40	1.4655	1.4554	4.8457	40	1.4655	1.4554	4.8457	40	0	0.73275	0.7277	2.4229	20	0.73275	0.7277	2.4229	20	0.73275	0.7277	2.4229	20	0.73275	0.7277	2.4229	20	0	0.1806	0.1806	0.1806	0.1806	0.1806	0.1806	0.1806	0.1806	0.1806	0.1806	0.1806	0.1806	0.1806	0.1806	0.1806	0.1806	0.1806
10000	10000	1	0.026423	1	1	0.77766	1.3211	0.6342	3.3532	27.431	1.3211	0.6342	3.3532	27.431	1.3211	0.6342	3.3532	27.431	1.3211	0.6342	3.3532	27.431	0	0.89411	0.42921	2.2693	18.565	0.89411	0.42921	2.2693	18.565	0.89411	0.42921	2.2693	18.565	0.89411	0.42921	2.2693	18.565	0	0.10093	0.10093	0.10093	0.10093	0.10093	0.10093	0.10093	0.10093	0.10093	0.10093	0.10093	0.10093	0.10093	0.10093	0.10093	0.10093	0.10093
10000	10000	1	0.02	1	1	1	1.0331	0.5	3.5	15	1.0331	0.5	3.5	15	1.0331	0.5	3.5	15	1.0331	0.5	3.5	15	0	0.52071	0.25202	1.7642	7.5607	0.52071	0.25202	1.7642	7.5607	0.52071	0.25202	1.7642	7.5607	0.52071	0.25202	1.7642	7.5607	0	0.07016	0.07016	0.07016	0.07016	0.07016	0.07016	0.07016	0.07016	0.07016	0.07016	0.07016	0.07016	0.07016	0.07016	0.07016	0.07016	0.07016
10000	10000	1	0.030034	1	1	1.0639	1.0015	0.36341	3.4942	-59.321	1.0015	0.36341	3.4942	-59.321	1.0015	0.36341	3.4942	-59.321	1.0015	0.36341	3.4942	-59.321	0	0.68383	0.24814	2.3859	-40.505	0.68383	0.24814	2.3859	-40.505	0.68383	0.24814	2.3859	-40.505	0.68383	0.24814	2.3859	-40.505	0	0.064724	0.064724	0.064724	0.064724	0.064724	0.064724	0.064724	0.064724	0.064724	0.064724	0.064724	0.064724	0.064724	0.064724	0.064724	0.064724	0.064724
