10000	5.7104	0.001	0.02	1	1	0.40008	0.86626	0.30003	2.4999	14.412	0.86626	0.30003	2.4999	14.412	0.86626	0.30003	2.4999	14.412	0.86626	0.30003	2.4999	14.412	0	0.8663	0.30004	2.5	14.412	0.8663	0.30004	2.5	14.412	0.8663	0.30004	2.5	14.412	0.8663	0.30004	2.5	14.412	0	0.26669	0.26669	0.26669	0.26669	0.26669	0.26669	0.26669	0.26669	0.26669	0.26669	0.26669	0.26669	0.26669	0.26669	0.26669	0.26669	0.26669
10000	5	0.002	0.02	1	1	0.62432	1	0.3	2.5	15	1	0.3	2.5	15	1	0.3	2.5	15	1	0.3	2.5	15	0	1	0.3	2.5	15	1	0.3	2.5	15	1	0.3	2.5	15	1	0.3	2.5	15	0	0.2	0.2	0.2	0.2	0.2	0.2	0.2	0.2	0.2	0.2	0.2	0.2	0.2	0.2	0.2	0.2	0.2
10000	5.4861	0.001	0.02	1	1	0.60359	1	1.3351	2.5	15	1	1.3351	2.5	15	1	1.3351	2.5	15	1	1.3351	2.5	15	0	1	1.3351	2.5	15	1	1.3351	2.5	15	1	1.3351	2.5	15	1	1.3351	2.5	15	0	0.3	0.3	0.3	0.3	0.3	0.3	0.3	0.3	0.3	0.3	0.3	0.3	0.3	0.3	0.3	0.3	0.3
10000	4.4555	0.018971	0.053333	1	1	0.57778	0.94258	0.3	2.5	16.667	0.94258	0.3	2.5	16.667	0.94258	0.3	2.5	16.667	0.94258	0.3	2.5	16.667	0	0.94258	0.3	2.5	16.667	0.94258	0.3	2.5	16.667	0.94258	0.3	2.5	16.667	0.94258	0.3	2.5	16.667	0	0.3	0.3	0.3	0.3	0.3	0.3	0.3	0.3	0.3	0.3	0.3	0.3	0.3	0.3	0.3	0.3	0.3
10000	5	0.010147	0.02	1	1	0.8	1.0602	0.76451	2.5	8.661	1.0602	0.76451	2.5	8.661	1.0602	0.76451	2.5	8.661	1.0602	0.76451	2.5	8.661	0	1.2507	0.9019	2.9493	10.217	1.2507	0.9019	2.9493	10.217	1.2507	0.9019	2.9493	10.217	1.2507	0.9019	2.9493	10.217	0	0.33333	0.33333	0.33333	0.33333	0.33333	0.33333	0.33333	0.33333	0.33333	0.33333	0.33333	0.33333	0.33333	0.33333	0.33333	0.33333	0.33333
10000	5.7357	0.0145	0.024988	1	1	0.89048	1.0256	0.13762	3.8198	28.005	1.0256	0.13762	3.8198	28.005	1.0256	0.13762	3.8198	28.005	1.0256	0.13762	3.8198	28.005	0	4.1022	0.55049	15.279	112.02	4.1022	0.55049	15.279	112.02	4.1022	0.55049	15.279	112.02	4.1022	0.55049	15.279	112.02	0	0.36489	0.36489	0.36489	0.36489	0.36489	0.36489	0.36489	0.36489	0.36489	0.36489	0.36489	0.36489	0.36489	0.36489	0.36489	0.36489	0.36489
10000	0.40609	0.001	0.024813	1	1	0.62244	0.62244	0.22114	2.8453	14.703	0.62244	0.22114	2.8453	14.703	0.62244	0.22114	2.8453	14.703	0.62244	0.22114	2.8453	14.703	0	2.4898	0.88455	11.381	58.812	2.4898	0.88455	11.381	58.812	2.4898	0.88455	11.381	58.812	2.4898	0.88455	11.381	58.812	0	0.55616	0.55616	0.55616	0.55616	0.55616	0.55616	0.55616	0.55616	0.55616	0.55616	0.55616	0.55616	0.55616	0.55616	0.55616	0.55616	0.55616
10000	0.77443	0.016769	0.02	1	1	0.75569	0.60958	0.3	2.5	8.6285	0.60958	0.3	2.5	8.6285	0.60958	0.3	2.5	8.6285	0.60958	0.3	2.5	8.6285	0	1.0807	0.53184	4.432	15.296	1.0807	0.53184	4.432	15.296	1.0807	0.53184	4.432	15.296	1.0807	0.53184	4.432	15.296	0	0.4	0.4	0.4	0.4	0.4	0.4	0.4	0.4	0.4	0.4	0.4	0.4	0.4	0.4	0.4	0.4	0.4
10000	0.1	0.034325	0.02	1	1	0.64159	0.53712	0	3.3333	30	0.53712	0	3.3333	30	0.53712	0	3.3333	30	0.53712	0	3.3333	30	0	0.51474	0	3.1945	28.751	0.51474	0	3.1945	28.751	0.51474	0	3.1945	28.751	0.51474	0	3.1945	28.751	0	0.2	0.2	0.2	0.2	0.2	0.2	0.2	0.2	0.2	0.2	0.2	0.2	0.2	0.2	0.2	0.2	0.2
10000	1.3397	0.010005	0.021852	1	1	0.63144	0.65432	0.21826	2.5023	13.667	0.65432	0.21826	2.5023	13.667	0.65432	0.21826	2.5023	13.667	0.65432	0.21826	2.5023	13.667	0	1.4586	0.48654	5.578	30.465	1.4586	0.48654	5.578	30.465	1.4586	0.48654	5.578	30.465	1.4586	0.48654	5.578	30.465	0	0.34215	0.34215	0.34215	0.34215	0.34215	0.34215	0.34215	0.34215	0.34215	0.34215	0.34215	0.34215	0.34215	0.34215	0.34215	0.34215	0.34215
10000	2.9993	0.029928	0.01	1	1	0.39942	0.80323	0.22733	2.5579	16.635	0.80323	0.22733	2.5579	16.635	0.80323	0.22733	2.5579	16.635	0.80323	0.22733	2.5579	16.635	0	1.6025	0.45353	5.1031	33.188	1.6025	0.45353	5.1031	33.188	1.6025	0.45353	5.1031	33.188	1.6025	0.45353	5.1031	33.188	0	0.23121	0.23121	0.23121	0.23121	0.23121	0.23121	0.23121	0.23121	0.23121	0.23121	0.23121	0.23121	0.23121	0.23121	0.23121	0.23121	0.23121
10000	2.8388	0.040478	0.01	1	1	0.40008	0.81393	0.25472	2.4998	17.779	0.81393	0.25472	2.4998	17.779	0.81393	0.25472	2.4998	17.779	0.81393	0.25472	2.4998	17.779	0	1.6547	0.51786	5.0821	36.145	1.6547	0.51786	5.0821	36.145	1.6547	0.51786	5.0821	36.145	1.6547	0.51786	5.0821	36.145	0	0.20391	0.20391	0.20391	0.20391	0.20391	0.20391	0.20391	0.20391	0.20391	0.20391	0.20391	0.20391	0.20391	0.20391	0.20391	0.20391	0.20391
10000	10	0.512	0.02	1	1	0.53333	0.8	-0.14973	3.3333	15	0.8	-0.14973	3.3333	15	0.8	-0.14973	3.3333	15	0.8	-0.14973	3.3333	15	0	1.6	-0.29945	6.6667	30	1.6	-0.29945	6.6667	30	1.6	-0.29945	6.6667	30	1.6	-0.29945	6.6667	30	0	0.1963	0.1963	0.1963	0.1963	0.1963	0.1963	0.1963	0.1963	0.1963	0.1963	0.1963	0.1963	0.1963	0.1963	0.1963	0.1963	0.1963
10000	5.2986	0.39059	0.016806	1	1	0.43979	0.98673	0.19886	4.5427	14.746	0.98673	0.19886	4.5427	14.746	0.98673	0.19886	4.5427	14.746	0.98673	0.19886	4.5427	14.746	0	1.8398	0.37077	8.47	27.493	1.8398	0.37077	8.47	27.493	1.8398	0.37077	8.47	27.493	1.8398	0.37077	8.47	27.493	0	0.22287	0.22287	0.22287	0.22287	0.22287	0.22287	0.22287	0.22287	0.22287	0.22287	0.22287	0.22287	0.22287	0.22287	0.22287	0.22287	0.22287
10000	2.8256	0.0050504	0.020352	1	1	0.64131	0.9706	0.28089	2.4849	14.765	0.9706	0.28089	2.4849	14.765	0.9706	0.28089	2.4849	14.765	0.9706	0.28089	2.4849	14.765	0	2.6894	0.77831	6.8854	40.911	2.6894	0.77831	6.8854	40.911	2.6894	0.77831	6.8854	40.911	2.6894	0.77831	6.8854	40.911	0	0.49091	0.49091	0.49091	0.49091	0.49091	0.49091	0.49091	0.49091	0.49091	0.49091	0.49091	0.49091	0.49091	0.49091	0.49091	0.49091	0.49091
10000	4.8264	0.01055	0.019995	1	1	0.79976	1.0003	0.22478	2.4995	15.002	1.0003	0.22478	2.4995	15.002	1.0003	0.22478	2.4995	15.002	1.0003	0.22478	2.4995	15.002	0	0.41677	0.093657	1.0415	6.2509	0.41677	0.093657	1.0415	6.2509	0.41677	0.093657	1.0415	6.2509	0.41677	0.093657	1.0415	6.2509	0	0.099973	0.099973	0.099973	0.099973	0.099973	0.099973	0.099973	0.099973	0.099973	0.099973	0.099973	0.099973	0.099973	0.099973	0.099973	0.099973	0.099973
10000	5	0.01	0.01	1	1	0.8	1	0.3	3.3333	15	1	0.3	3.3333	15	1	0.3	3.3333	15	1	0.3	3.3333	15	0	1	0.3	3.3334	15	1	0.3	3.3334	15	1	0.3	3.3334	15	1	0.3	3.3334	15	0	0.29487	0.29487	0.29487	0.29487	0.29487	0.29487	0.29487	0.29487	0.29487	0.29487	0.29487	0.29487	0.29487	0.29487	0.29487	0.29487	0.29487
10000	3.2271	0.53351	0.02	1	1	0.83609	1	0.3	6	15	1	0.3	6	15	1	0.3	6	15	1	0.3	6	15	0	1.2339	0.37016	7.4031	18.508	1.2339	0.37016	7.4031	18.508	1.2339	0.37016	7.4031	18.508	1.2339	0.37016	7.4031	18.508	0	0.22974	0.22974	0.22974	0.22974	0.22974	0.22974	0.22974	0.22974	0.22974	0.22974	0.22974	0.22974	0.22974	0.22974	0.22974	0.22974	0.22974
10000	0.1	0.015	0.029257	1	1	0.73441	0.58231	0.3	2.5	15	0.58231	0.3	2.5	15	0.58231	0.3	2.5	15	0.58231	0.3	2.5	15	0	0.58231	0.3	2.5	15	0.58231	0.3	2.5	15	0.58231	0.3	2.5	15	0.58231	0.3	2.5	15	0	0.4	0.4	0.4	0.4	0.4	0.4	0.4	0.4	0.4	0.4	0.4	0.4	0.4	0.4	0.4	0.4	0.4
10000	6.4213	0.69788	0.017104	1	1	0.8854	1.015	0.24416	7.0838	18.259	1.015	0.24416	7.0838	18.259	1.015	0.24416	7.0838	18.259	1.015	0.24416	7.0838	18.259	0	1.1945	0.28736	8.3371	21.49	1.1945	0.28736	8.3371	21.49	1.1945	0.28736	8.3371	21.49	1.1945	0.28736	8.3371	21.49	0	0.25014	0.25014	0.25014	0.25014	0.25014	0.25014	0.25014	0.25014	0.25014	0.25014	0.25014	0.25014	0.25014	0.25014	0.25014	0.25014	0.25014
10000	6.9305	0.0044842	0.01	1	1	0.44644	0.42498	0.16895	4.4444	12.504	0.42498	0.16895	4.4444	12.504	0.42498	0.16895	4.4444	12.504	0.42498	0.16895	4.4444	12.504	0	0.42498	0.16895	4.4444	12.504	0.42498	0.16895	4.4444	12.504	0.42498	0.16895	4.4444	12.504	0.42498	0.16895	4.4444	12.504	0	0.19496	0.19496	0.19496	0.19496	0.19496	0.19496	0.19496	0.19496	0.19496	0.19496	0.19496	0.19496	0.19496	0.19496	0.19496	0.19496	0.19496
10000	6.3986	0.001	0.03	1	1	0.4	0.8	-0.051499	3.5	20	0.8	-0.051499	3.5	20	0.8	-0.051499	3.5	20	0.8	-0.051499	3.5	20	0	0.8	-0.051499	3.5	20	0.8	-0.051499	3.5	20	0.8	-0.051499	3.5	20	0.8	-0.051499	3.5	20	0	0.4	0.4	0.4	0.4	0.4	0.4	0.4	0.4	0.4	0.4	0.4	0.4	0.4	0.4	0.4	0.4	0.4
10000	5.2778	0.007737	0.022073	1	1	0.44308	0.83817	0.3	3.3333	15	0.83817	0.3	3.3333	15	0.83817	0.3	3.3333	15	0.83817	0.3	3.3333	15	0	0.91063	0.32593	3.6215	16.297	0.91063	0.32593	3.6215	16.297	0.91063	0.32593	3.6215	16.297	0.91063	0.32593	3.6215	16.297	0	0.25295	0.25295	0.25295	0.25295	0.25295	0.25295	0.25295	0.25295	0.25295	0.25295	0.25295	0.25295	0.25295	0.25295	0.25295	0.25295	0.25295
10000	1.9782	0.0055	0.010625	1	1	0.24178	1.125	0.29261	3.0625	15.33	1.125	0.29261	3.0625	15.33	1.125	0.29261	3.0625	15.33	1.125	0.29261	3.0625	15.33	0	0.49743	0.12938	1.3541	6.7784	0.49743	0.12938	1.3541	6.7784	0.49743	0.12938	1.3541	6.7784	0.49743	0.12938	1.3541	6.7784	0	0.225	0.225	0.225	0.225	0.225	0.225	0.225	0.225	0.225	0.225	0.225	0.225	0.225	0.225	0.225	0.225	0.225
10000	2.5167	0.02	0.015	1	1	-0.017952	1	0.5	2.5	30	1	0.5	2.5	30	1	0.5	2.5	30	1	0.5	2.5	30	0	1	0.5	2.5	30	1	0.5	2.5	30	1	0.5	2.5	30	1	0.5	2.5	30	0	0.2	0.2	0.2	0.2	0.2	0.2	0.2	0.2	0.2	0.2	0.2	0.2	0.2	0.2	0.2	0.2	0.2
10000	6.5635	0.01	0.01	1	1	0.28029	0.95526	0	2.5	13.532	0.95526	0	2.5	13.532	0.95526	0	2.5	13.532	0.95526	0	2.5	13.532	0	0.95526	0	2.5	13.532	0.95526	0	2.5	13.532	0.95526	0	2.5	13.532	0.95526	0	2.5	13.532	0	0.16667	0.16667	0.16667	0.16667	0.16667	0.16667	0.16667	0.16667	0.16667	0.16667	0.16667	0.16667	0.16667	0.16667	0.16667	0.16667	0.16667
10000	4.0627	0.0052165	0.02265	1	1	0.29308	1.251	0.39836	2.7319	13.94	1.251	0.39836	2.7319	13.94	1.251	0.39836	2.7319	13.94	1.251	0.39836	2.7319	13.94	0	0.96	0.3057	2.0964	10.698	0.96	0.3057	2.0964	10.698	0.96	0.3057	2.0964	10.698	0.96	0.3057	2.0964	10.698	0	0.15762	0.15762	0.15762	0.15762	0.15762	0.15762	0.15762	0.15762	0.15762	0.15762	0.15762	0.15762	0.15762	0.15762	0.15762	0.15762	0.15762
10000	7.3505	0.0028657	0.019453	1	1	0.62744	0.84507	0.34427	3.6371	11.91	0.84507	0.34427	3.6371	11.91	0.84507	0.34427	3.6371	11.91	0.84507	0.34427	3.6371	11.91	0	0.80892	0.32955	3.4815	11.4	0.80892	0.32955	3.4815	11.4	0.80892	0.32955	3.4815	11.4	0.80892	0.32955	3.4815	11.4	0	0.18226	0.18226	0.18226	0.18226	0.18226	0.18226	0.18226	0.18226	0.18226	0.18226	0.18226	0.18226	0.18226	0.18226	0.18226	0.18226	0.18226
10000	2.8537	0.01135	0.01	1	1	0.3475	1.075	0.55625	3.6688	14.4	1.075	0.55625	3.6688	14.4	1.075	0.55625	3.6688	14.4	1.075	0.55625	3.6688	14.4	0	1.0045	0.51974	3.428	13.455	1.0045	0.51974	3.428	13.455	1.0045	0.51974	3.428	13.455	1.0045	0.51974	3.428	13.455	0	0.18641	0.18641	0.18641	0.18641	0.18641	0.18641	0.18641	0.18641	0.18641	0.18641	0.18641	0.18641	0.18641	0.18641	0.18641	0.18641	0.18641
10000	7.0798	0.0044316	0.02	1	1	0.52444	0.8	0.3	2.5	15	0.8	0.3	2.5	15	0.8	0.3	2.5	15	0.8	0.3	2.5	15	0	0.8	0.3	2.5	15	0.8	0.3	2.5	15	0.8	0.3	2.5	15	0.8	0.3	2.5	15	0	0.2	0.2	0.2	0.2	0.2	0.2	0.2	0.2	0.2	0.2	0.2	0.2	0.2	0.2	0.2	0.2	0.2
10000	4.1802	0.001	0.03918	1	1	0.4	1	0.38889	2.5	15	1	0.38889	2.5	15	1	0.38889	2.5	15	1	0.38889	2.5	15	0	0.5	0.19444	1.25	7.5	0.5	0.19444	1.25	7.5	0.5	0.19444	1.25	7.5	0.5	0.19444	1.25	7.5	0	0.074074	0.074074	0.074074	0.074074	0.074074	0.074074	0.074074	0.074074	0.074074	0.074074	0.074074	0.074074	0.074074	0.074074	0.074074	0.074074	0.074074
10000	7.6534	0.0092492	0.014281	1	1	0.26842	0.95308	0.2695	3.9945	14.625	0.95308	0.2695	3.9945	14.625	0.95308	0.2695	3.9945	14.625	0.95308	0.2695	3.9945	14.625	0	0.23827	0.067375	0.99862	3.6562	0.23827	0.067375	0.99862	3.6562	0.23827	0.067375	0.99862	3.6562	0.23827	0.067375	0.99862	3.6562	0	0	0	0	0	0	0	0	0	0	0	0	0	0	0	0	0	0
10000	3.4102	0.0045785	0.017956	1	1	0.56254	0.83337	0.2562	2.4507	13.003	0.83337	0.2562	2.4507	13.003	0.83337	0.2562	2.4507	13.003	0.83337	0.2562	2.4507	13.003	0	0.4685	0.14403	1.3777	7.3099	0.4685	0.14403	1.3777	7.3099	0.4685	0.14403	1.3777	7.3099	0.4685	0.14403	1.3777	7.3099	0	0.04766	0.04766	0.04766	0.04766	0.04766	0.04766	0.04766	0.04766	0.04766	0.04766	0.04766	0.04766	0.04766	0.04766	0.04766	0.04766	0.04766
10000	4.2188	0.0065414	0.01	1	1	0.39128	1.3625	0.012626	3.5938	18	1.3625	0.012626	3.5938	18	1.3625	0.012626	3.5938	18	1.3625	0.012626	3.5938	18	0	0.61739	0.0057211	1.6284	8.1563	0.61739	0.0057211	1.6284	8.1563	0.61739	0.0057211	1.6284	8.1563	0.61739	0.0057211	1.6284	8.1563	0	0.175	0.175	0.175	0.175	0.175	0.175	0.175	0.175	0.175	0.175	0.175	0.175	0.175	0.175	0.175	0.175	0.175
10000	2.6393	0.0083055	0.017026	1	1	0.32837	1.6279	0.32622	3.7302	15.819	1.6279	0.32622	3.7302	15.819	1.6279	0.32622	3.7302	15.819	1.6279	0.32622	3.7302	15.819	0	0.85711	0.17176	1.964	8.3287	0.85711	0.17176	1.964	8.3287	0.85711	0.17176	1.964	8.3287	0.85711	0.17176	1.964	8.3287	0	0.16791	0.16791	0.16791	0.16791	0.16791	0.16791	0.16791	0.16791	0.16791	0.16791	0.16791	0.16791	0.16791	0.16791	0.16791	0.16791	0.16791
10000	4.9166	0.0042657	0.021897	1	1	0.79532	1.3106	0.31335	2.5487	14.563	1.3106	0.31335	2.5487	14.563	1.3106	0.31335	2.5487	14.563	1.3106	0.31335	2.5487	14.563	0	1.2597	0.30118	2.4498	13.998	1.2597	0.30118	2.4498	13.998	1.2597	0.30118	2.4498	13.998	1.2597	0.30118	2.4498	13.998	0	0.46737	0.46737	0.46737	0.46737	0.46737	0.46737	0.46737	0.46737	0.46737	0.46737	0.46737	0.46737	0.46737	0.46737	0.46737	0.46737	0.46737
10000	2.55	0.01	0.02	1	1	0.8	1	0.3	5	15	1	0.3	5	15	1	0.3	5	15	1	0.3	5	15	0	1	0.3	4.9999	15	1	0.3	4.9999	15	1	0.3	4.9999	15	1	0.3	4.9999	15	0	0.56216	0.56216	0.56216	0.56216	0.56216	0.56216	0.56216	0.56216	0.56216	0.56216	0.56216	0.56216	0.56216	0.56216	0.56216	0.56216	0.56216
10000	3.0408	0.010883	0.019375	1	1	0.8	1	0.3	2.4628	5.3646	1	0.3	2.4628	5.3646	1	0.3	2.4628	5.3646	1	0.3	2.4628	5.3646	0	1.1344	0.34032	2.7938	6.0856	1.1344	0.34032	2.7938	6.0856	1.1344	0.34032	2.7938	6.0856	1.1344	0.34032	2.7938	6.0856	0	0.53333	0.53333	0.53333	0.53333	0.53333	0.53333	0.53333	0.53333	0.53333	0.53333	0.53333	0.53333	0.53333	0.53333	0.53333	0.53333	0.53333
10000	5.4653	0.12151	0.039619	1	1	1.0609	0.55375	0.59587	2.5111	14.949	0.55375	0.59587	2.5111	14.949	0.55375	0.59587	2.5111	14.949	0.55375	0.59587	2.5111	14.949	0	0.6568	0.70676	2.9784	17.731	0.6568	0.70676	2.9784	17.731	0.6568	0.70676	2.9784	17.731	0.6568	0.70676	2.9784	17.731	0	0.10127	0.10127	0.10127	0.10127	0.10127	0.10127	0.10127	0.10127	0.10127	0.10127	0.10127	0.10127	0.10127	0.10127	0.10127	0.10127	0.10127
10000	4.9782	0.035685	0.020134	1	1	0.35844	0.95003	-0.008724	2.5997	15.456	0.95003	-0.008724	2.5997	15.456	0.95003	-0.008724	2.5997	15.456	0.95003	-0.008724	2.5997	15.456	0	0.70495	-0.0064734	1.9291	11.469	0.70495	-0.0064734	1.9291	11.469	0.70495	-0.0064734	1.9291	11.469	0.70495	-0.0064734	1.9291	11.469	0	0.39858	0.39858	0.39858	0.39858	0.39858	0.39858	0.39858	0.39858	0.39858	0.39858	0.39858	0.39858	0.39858	0.39858	0.39858	0.39858	0.39858
10000	4.2869	0.089841	0.018882	1	1	0.83871	0.87027	0.33986	2.6073	14.51	0.87027	0.33986	2.6073	14.51	0.87027	0.33986	2.6073	14.51	0.87027	0.33986	2.6073	14.51	0	0.89466	0.34939	2.6804	14.917	0.89466	0.34939	2.6804	14.917	0.89466	0.34939	2.6804	14.917	0.89466	0.34939	2.6804	14.917	0	0.25069	0.25069	0.25069	0.25069	0.25069	0.25069	0.25069	0.25069	0.25069	0.25069	0.25069	0.25069	0.25069	0.25069	0.25069	0.25069	0.25069
10000	6.0257	0.01	0.035	1	1	0.4	0.53704	0.3	2.5	30	0.53704	0.3	2.5	30	0.53704	0.3	2.5	30	0.53704	0.3	2.5	30	0	0.53704	0.3	2.5	30	0.53704	0.3	2.5	30	0.53704	0.3	2.5	30	0.53704	0.3	2.5	30	0	0.50641	0.50641	0.50641	0.50641	0.50641	0.50641	0.50641	0.50641	0.50641	0.50641	0.50641	0.50641	0.50641	0.50641	0.50641	0.50641	0.50641
10000	4.7524	0.019596	0.019806	1	1	0.18333	0.35	0.87501	2.125	17.083	0.35	0.87501	2.125	17.083	0.35	0.87501	2.125	17.083	0.35	0.87501	2.125	17.083	0	0.43282	1.0821	2.6278	21.126	0.43282	1.0821	2.6278	21.126	0.43282	1.0821	2.6278	21.126	0.43282	1.0821	2.6278	21.126	0	0.2638	0.2638	0.2638	0.2638	0.2638	0.2638	0.2638	0.2638	0.2638	0.2638	0.2638	0.2638	0.2638	0.2638	0.2638	0.2638	0.2638
10000	3.0561	0.011667	0.02	1	1	0.66301	0.87019	0.3	1.2273	15	0.87019	0.3	1.2273	15	0.87019	0.3	1.2273	15	0.87019	0.3	1.2273	15	0	1.062	0.36612	1.4978	18.306	1.062	0.36612	1.4978	18.306	1.062	0.36612	1.4978	18.306	1.062	0.36612	1.4978	18.306	0	0.80941	0.80941	0.80941	0.80941	0.80941	0.80941	0.80941	0.80941	0.80941	0.80941	0.80941	0.80941	0.80941	0.80941	0.80941	0.80941	0.80941
10000	5	0.01	0.02	1	1	0.8	0.41642	0.5	1.5	15	0.41642	0.5	1.5	15	0.41642	0.5	1.5	15	0.41642	0.5	1.5	15	0	0.41642	0.5	1.5	15	0.41642	0.5	1.5	15	0.41642	0.5	1.5	15	0.41642	0.5	1.5	15	0	0.2	0.2	0.2	0.2	0.2	0.2	0.2	0.2	0.2	0.2	0.2	0.2	0.2	0.2	0.2	0.2	0.2
10000	7	0.02	0.02	1	1	0.8	0.56266	0.3	2	15	0.56266	0.3	2	15	0.56266	0.3	2	15	0.56266	0.3	2	15	0	0.4531	0.24159	1.6106	12.079	0.4531	0.24159	1.6106	12.079	0.4531	0.24159	1.6106	12.079	0.4531	0.24159	1.6106	12.079	0	0.2	0.2	0.2	0.2	0.2	0.2	0.2	0.2	0.2	0.2	0.2	0.2	0.2	0.2	0.2	0.2	0.2
10000	6.2683	0.030979	0.020915	1	1	0.76654	0.43364	0.31561	2.6419	11.88	0.43364	0.31561	2.6419	11.88	0.43364	0.31561	2.6419	11.88	0.43364	0.31561	2.6419	11.88	0	0.4497	0.3273	2.7397	12.32	0.4497	0.3273	2.7397	12.32	0.4497	0.3273	2.7397	12.32	0.4497	0.3273	2.7397	12.32	0	0.25426	0.25426	0.25426	0.25426	0.25426	0.25426	0.25426	0.25426	0.25426	0.25426	0.25426	0.25426	0.25426	0.25426	0.25426	0.25426	0.25426
10000	4.9977	0.2504	0.029968	1	1	0.80072	0.80072	0.23577	2.4986	14.994	0.80072	0.23577	2.4986	14.994	0.80072	0.23577	2.4986	14.994	0.80072	0.23577	2.4986	14.994	0	0.80129	0.23594	2.5004	15.004	0.80129	0.23594	2.5004	15.004	0.80129	0.23594	2.5004	15.004	0.80129	0.23594	2.5004	15.004	0	0.3188	0.3188	0.3188	0.3188	0.3188	0.3188	0.3188	0.3188	0.3188	0.3188	0.3188	0.3188	0.3188	0.3188	0.3188	0.3188	0.3188
10000	4.9093	0.02	0.10262	1	1	0.93418	0.73721	0.3	1.9128	15	0.73721	0.3	1.9128	15	0.73721	0.3	1.9128	15	0.73721	0.3	1.9128	15	0	0.36861	0.15	0.95642	7.5	0.36861	0.15	0.95642	7.5	0.36861	0.15	0.95642	7.5	0.36861	0.15	0.95642	7.5	0	0.4	0.4	0.4	0.4	0.4	0.4	0.4	0.4	0.4	0.4	0.4	0.4	0.4	0.4	0.4	0.4	0.4
10000	3	0.017056	0.01	1	1	0.74228	1	0.5	2.5	18.394	1	0.5	2.5	18.394	1	0.5	2.5	18.394	1	0.5	2.5	18.394	0	0.375	0.1875	0.9375	6.8977	0.375	0.1875	0.9375	6.8977	0.375	0.1875	0.9375	6.8977	0.375	0.1875	0.9375	6.8977	0	0.49057	0.49057	0.49057	0.49057	0.49057	0.49057	0.49057	0.49057	0.49057	0.49057	0.49057	0.49057	0.49057	0.49057	0.49057	0.49057	0.49057
10000	6.1234	0.0070414	0.01	1	1	0.88383	1.0312	0.38801	2.6714	11.203	1.0312	0.38801	2.6714	11.203	1.0312	0.38801	2.6714	11.203	1.0312	0.38801	2.6714	11.203	0	1.0031	0.3774	2.5984	10.897	1.0031	0.3774	2.5984	10.897	1.0031	0.3774	2.5984	10.897	1.0031	0.3774	2.5984	10.897	0	0.20093	0.20093	0.20093	0.20093	0.20093	0.20093	0.20093	0.20093	0.20093	0.20093	0.20093	0.20093	0.20093	0.20093	0.20093	0.20093	0.20093
10000	2.9816	0.0077671	0.018449	1	1	0.4066	0.80848	0.61225	3.475	14.925	0.80848	0.61225	3.475	14.925	0.80848	0.61225	3.475	14.925	0.80848	0.61225	3.475	14.925	0	0.40043	0.30324	1.7211	7.392	0.40043	0.30324	1.7211	7.392	0.40043	0.30324	1.7211	7.392	0.40043	0.30324	1.7211	7.392	0	0.16478	0.16478	0.16478	0.16478	0.16478	0.16478	0.16478	0.16478	0.16478	0.16478	0.16478	0.16478	0.16478	0.16478	0.16478	0.16478	0.16478
10000	7	0.001	0.02374	1	1	0.8	0.86688	0.3	2.5	15	0.86688	0.3	2.5	15	0.86688	0.3	2.5	15	0.86688	0.3	2.5	15	0	1.7338	0.6	5	30	1.7338	0.6	5	30	1.7338	0.6	5	30	1.7338	0.6	5	30	0	0.29295	0.29295	0.29295	0.29295	0.29295	0.29295	0.29295	0.29295	0.29295	0.29295	0.29295	0.29295	0.29295	0.29295	0.29295	0.29295	0.29295
10000	3.4141	0.017554	0.017638	1	1	0.8	0.8	0.26879	2.5	15	0.8	0.26879	2.5	15	0.8	0.26879	2.5	15	0.8	0.26879	2.5	15	0	0.81586	0.27412	2.5496	15.297	0.81586	0.27412	2.5496	15.297	0.81586	0.27412	2.5496	15.297	0.81586	0.27412	2.5496	15.297	0	0.11606	0.11606	0.11606	0.11606	0.11606	0.11606	0.11606	0.11606	0.11606	0.11606	0.11606	0.11606	0.11606	0.11606	0.11606	0.11606	0.11606
10000	7	0.0068109	0.023333	1	1	0.8	1	0.3	5	20	1	0.3	5	20	1	0.3	5	20	1	0.3	5	20	0	1.0446	0.31339	5.2231	20.893	1.0446	0.31339	5.2231	20.893	1.0446	0.31339	5.2231	20.893	1.0446	0.31339	5.2231	20.893	0	0.2	0.2	0.2	0.2	0.2	0.2	0.2	0.2	0.2	0.2	0.2	0.2	0.2	0.2	0.2	0.2	0.2
10000	5.0352	0.001	0.022861	1	1	0.88889	1	0.15493	2.5	20	1	0.15493	2.5	20	1	0.15493	2.5	20	1	0.15493	2.5	20	0	0.82737	0.12819	2.0684	16.547	0.82737	0.12819	2.0684	16.547	0.82737	0.12819	2.0684	16.547	0.82737	0.12819	2.0684	16.547	0	0.2	0.2	0.2	0.2	0.2	0.2	0.2	0.2	0.2	0.2	0.2	0.2	0.2	0.2	0.2	0.2	0.2
10000	5	0.003	0.035	1	1	0.8	1	0.3	3.5	6.9528	1	0.3	3.5	6.9528	1	0.3	3.5	6.9528	1	0.3	3.5	6.9528	0	0.5	0.15	1.75	3.4764	0.5	0.15	1.75	3.4764	0.5	0.15	1.75	3.4764	0.5	0.15	1.75	3.4764	0	0.2	0.2	0.2	0.2	0.2	0.2	0.2	0.2	0.2	0.2	0.2	0.2	0.2	0.2	0.2	0.2	0.2
10000	7	0.0038973	0.01	1	1	0.8	1.0513	0.3	2.5	15	1.0513	0.3	2.5	15	1.0513	0.3	2.5	15	1.0513	0.3	2.5	15	0	1.1822	0.33736	2.8113	16.868	1.1822	0.33736	2.8113	16.868	1.1822	0.33736	2.8113	16.868	1.1822	0.33736	2.8113	16.868	0	0.2	0.2	0.2	0.2	0.2	0.2	0.2	0.2	0.2	0.2	0.2	0.2	0.2	0.2	0.2	0.2	0.2
10000	7	0.005	0.02	1	1	0.8	1	0.5	2.5	15	1	0.5	2.5	15	1	0.5	2.5	15	1	0.5	2.5	15	0	0.94443	0.47221	2.3611	14.166	0.94443	0.47221	2.3611	14.166	0.94443	0.47221	2.3611	14.166	0.94443	0.47221	2.3611	14.166	0	0.10998	0.10998	0.10998	0.10998	0.10998	0.10998	0.10998	0.10998	0.10998	0.10998	0.10998	0.10998	0.10998	0.10998	0.10998	0.10998	0.10998
10000	4.613	0.01146	0.018333	1	1	0.8	0.8553	0.6	2.4025	30	0.8553	0.6	2.4025	30	0.8553	0.6	2.4025	30	0.8553	0.6	2.4025	30	0	0.739	0.51841	2.0758	25.92	0.739	0.51841	2.0758	25.92	0.739	0.51841	2.0758	25.92	0.739	0.51841	2.0758	25.92	0	0	0	0	0	0	0	0	0	0	0	0	0	0	0	0	0	0
10000	4.1613	0.001	0.01	1	1	0.5602	1.5	0.3352	3.375	24	1.5	0.3352	3.375	24	1.5	0.3352	3.375	24	1.5	0.3352	3.375	24	0	1.2701	0.28382	2.8576	20.321	1.2701	0.28382	2.8576	20.321	1.2701	0.28382	2.8576	20.321	1.2701	0.28382	2.8576	20.321	0	0.19982	0.19982	0.19982	0.19982	0.19982	0.19982	0.19982	0.19982	0.19982	0.19982	0.19982	0.19982	0.19982	0.19982	0.19982	0.19982	0.19982
10000	5.0586	0.001	0.020397	1	1	0.78212	0.55622	0.28836	2.5348	14.841	0.55622	0.28836	2.5348	14.841	0.55622	0.28836	2.5348	14.841	0.55622	0.28836	2.5348	14.841	0	0.56589	0.29338	2.5788	15.099	0.56589	0.29338	2.5788	15.099	0.56589	0.29338	2.5788	15.099	0.56589	0.29338	2.5788	15.099	0	0.20795	0.20795	0.20795	0.20795	0.20795	0.20795	0.20795	0.20795	0.20795	0.20795	0.20795	0.20795	0.20795	0.20795	0.20795	0.20795	0.20795
10000	5.7597	0.0029286	0.019365	1	1	0.76438	1.0667	0.3	3.5	24.444	1.0667	0.3	3.5	24.444	1.0667	0.3	3.5	24.444	1.0667	0.3	3.5	24.444	0	0.84521	0.23772	2.7734	19.369	0.84521	0.23772	2.7734	19.369	0.84521	0.23772	2.7734	19.369	0.84521	0.23772	2.7734	19.369	0	0.1	0.1	0.1	0.1	0.1	0.1	0.1	0.1	0.1	0.1	0.1	0.1	0.1	0.1	0.1	0.1	0.1
10000	4.05	0.001	0.02	1	1	0.89335	1	0.3	2.5	15	1	0.3	2.5	15	1	0.3	2.5	15	1	0.3	2.5	15	0	1	0.3	2.5	15	1	0.3	2.5	15	1	0.3	2.5	15	1	0.3	2.5	15	0	0.21483	0.21483	0.21483	0.21483	0.21483	0.21483	0.21483	0.21483	0.21483	0.21483	0.21483	0.21483	0.21483	0.21483	0.21483	0.21483	0.21483
10000	7	0.0064674	0.02	1	1	0.8	1	0.5	2.6916	9.1613	1	0.5	2.6916	9.1613	1	0.5	2.6916	9.1613	1	0.5	2.6916	9.1613	0	0.5	0.25	1.3458	4.5806	0.5	0.25	1.3458	4.5806	0.5	0.25	1.3458	4.5806	0.5	0.25	1.3458	4.5806	0	0.2	0.2	0.2	0.2	0.2	0.2	0.2	0.2	0.2	0.2	0.2	0.2	0.2	0.2	0.2	0.2	0.2
10000	1.4247	0.005	0.023333	1	1	1.0667	1	0.33333	2.5	15	1	0.33333	2.5	15	1	0.33333	2.5	15	1	0.33333	2.5	15	0	1	0.33333	2.5	15	1	0.33333	2.5	15	1	0.33333	2.5	15	1	0.33333	2.5	15	0	0	0	0	0	0	0	0	0	0	0	0	0	0	0	0	0	0
10000	3	0.99999	0.015	1	1	1.0667	1	0.3	3.3333	15	1	0.3	3.3333	15	1	0.3	3.3333	15	1	0.3	3.3333	15	0	1	0.3	3.3333	15	1	0.3	3.3333	15	1	0.3	3.3333	15	1	0.3	3.3333	15	0	0.15871	0.15871	0.15871	0.15871	0.15871	0.15871	0.15871	0.15871	0.15871	0.15871	0.15871	0.15871	0.15871	0.15871	0.15871	0.15871	0.15871
10000	3	0.001	0.020138	1	1	1.5075	1.3333	0.11986	2.5	10	1.3333	0.11986	2.5	10	1.3333	0.11986	2.5	10	1.3333	0.11986	2.5	10	0	1.3333	0.11986	2.5	10	1.3333	0.11986	2.5	10	1.3333	0.11986	2.5	10	1.3333	0.11986	2.5	10	0	0.27711	0.27711	0.27711	0.27711	0.27711	0.27711	0.27711	0.27711	0.27711	0.27711	0.27711	0.27711	0.27711	0.27711	0.27711	0.27711	0.27711
10000	0.53127	0.0069067	0.01	1	1	1.2003	1.074	0.3333	3.5804	21.111	1.074	0.3333	3.5804	21.111	1.074	0.3333	3.5804	21.111	1.074	0.3333	3.5804	21.111	0	1.0741	0.33332	3.5805	21.112	1.0741	0.33332	3.5805	21.112	1.0741	0.33332	3.5805	21.112	1.0741	0.33332	3.5805	21.112	0	0.077766	0.077766	0.077766	0.077766	0.077766	0.077766	0.077766	0.077766	0.077766	0.077766	0.077766	0.077766	0.077766	0.077766	0.077766	0.077766	0.077766
10000	0.1	0.001	0.026665	1	1	0.98731	0.99995	0.30004	2.5001	15	0.99995	0.30004	2.5001	15	0.99995	0.30004	2.5001	15	0.99995	0.30004	2.5001	15	0	0.62493	0.18751	1.5625	9.3741	0.62493	0.18751	1.5625	9.3741	0.62493	0.18751	1.5625	9.3741	0.62493	0.18751	1.5625	9.3741	0	0.028686	0.028686	0.028686	0.028686	0.028686	0.028686	0.028686	0.028686	0.028686	0.028686	0.028686	0.028686	0.028686	0.028686	0.028686	0.028686	0.028686
10000	3.0015	0.001	0.020031	1	1	0.87656	1.1124	0.30035	3.4083	15.012	1.1124	0.30035	3.4083	15.012	1.1124	0.30035	3.4083	15.012	1.1124	0.30035	3.4083	15.012	0	0.55534	0.14994	1.7015	7.4945	0.55534	0.14994	1.7015	7.4945	0.55534	0.14994	1.7015	7.4945	0.55534	0.14994	1.7015	7.4945	0	0.19938	0.19938	0.19938	0.19938	0.19938	0.19938	0.19938	0.19938	0.19938	0.19938	0.19938	0.19938	0.19938	0.19938	0.19938	0.19938	0.19938
10000	3	0.005	0.017911	1	1	1.0421	1	0.3	3.3977	15	1	0.3	3.3977	15	1	0.3	3.3977	15	1	0.3	3.3977	15	0	1	0.3	3.3977	15	1	0.3	3.3977	15	1	0.3	3.3977	15	1	0.3	3.3977	15	0	0.34517	0.34517	0.34517	0.34517	0.34517	0.34517	0.34517	0.34517	0.34517	0.34517	0.34517	0.34517	0.34517	0.34517	0.34517	0.34517	0.34517
10000	2.9222	0.01	0.02	1	1	1.142	1.0429	0.3	3.3333	20	1.0429	0.3	3.3333	20	1.0429	0.3	3.3333	20	1.0429	0.3	3.3333	20	0	0.26072	0.075	0.83333	5	0.26072	0.075	0.83333	5	0.26072	0.075	0.83333	5	0.26072	0.075	0.83333	5	0	0.18889	0.18889	0.18889	0.18889	0.18889	0.18889	0.18889	0.18889	0.18889	0.18889	0.18889	0.18889	0.18889	0.18889	0.18889	0.18889	0.18889
10000	1.7518	0.001	0.011607	1	1	0.87613	0.78784	3.873e-06	2.9303	15.108	0.78784	3.873e-06	2.9303	15.108	0.78784	3.873e-06	2.9303	15.108	0.78784	3.873e-06	2.9303	15.108	0	0.388	1.9074e-06	1.4431	7.4406	0.388	1.9074e-06	1.4431	7.4406	0.388	1.9074e-06	1.4431	7.4406	0.388	1.9074e-06	1.4431	7.4406	0	0.20528	0.20528	0.20528	0.20528	0.20528	0.20528	0.20528	0.20528	0.20528	0.20528	0.20528	0.20528	0.20528	0.20528	0.20528	0.20528	0.20528
10000	1.9716	0.01	0.015	1	1	1.0667	0.8	0.4	2.7455	20	0.8	0.4	2.7455	20	0.8	0.4	2.7455	20	0.8	0.4	2.7455	20	0	0.8	0.4	2.7455	20	0.8	0.4	2.7455	20	0.8	0.4	2.7455	20	0.8	0.4	2.7455	20	0	0.33789	0.33789	0.33789	0.33789	0.33789	0.33789	0.33789	0.33789	0.33789	0.33789	0.33789	0.33789	0.33789	0.33789	0.33789	0.33789	0.33789
10000	2.9387	0.001	0.031229	1	1	1.303	1.0324	0.27937	2.4469	19.66	1.0324	0.27937	2.4469	19.66	1.0324	0.27937	2.4469	19.66	1.0324	0.27937	2.4469	19.66	0	0.96385	0.26083	2.2845	18.355	0.96385	0.26083	2.2845	18.355	0.96385	0.26083	2.2845	18.355	0.96385	0.26083	2.2845	18.355	0	0.10102	0.10102	0.10102	0.10102	0.10102	0.10102	0.10102	0.10102	0.10102	0.10102	0.10102	0.10102	0.10102	0.10102	0.10102	0.10102	0.10102
10000	2.3566	0.0054525	0.014172	1	1	1.0922	0.94921	0.30044	2.9458	14.684	0.94921	0.30044	2.9458	14.684	0.94921	0.30044	2.9458	14.684	0.94921	0.30044	2.9458	14.684	0	0.72888	0.2307	2.262	11.276	0.72888	0.2307	2.262	11.276	0.72888	0.2307	2.262	11.276	0.72888	0.2307	2.262	11.276	0	0.19977	0.19977	0.19977	0.19977	0.19977	0.19977	0.19977	0.19977	0.19977	0.19977	0.19977	0.19977	0.19977	0.19977	0.19977	0.19977	0.19977
10000	2.742	0.001	0.02	1	1	1.0252	1	0.3	2.5	15	1	0.3	2.5	15	1	0.3	2.5	15	1	0.3	2.5	15	0	1	0.3	2.5	15	1	0.3	2.5	15	1	0.3	2.5	15	1	0.3	2.5	15	0	0.3	0.3	0.3	0.3	0.3	0.3	0.3	0.3	0.3	0.3	0.3	0.3	0.3	0.3	0.3	0.3	0.3
10000	4.1649	0.001	0.020051	1	1	0.80231	1.4306	0.26326	2.7823	10.014	1.4306	0.26326	2.7823	10.014	1.4306	0.26326	2.7823	10.014	1.4306	0.26326	2.7823	10.014	0	0.80741	0.14858	1.5703	5.6519	0.80741	0.14858	1.5703	5.6519	0.80741	0.14858	1.5703	5.6519	0.80741	0.14858	1.5703	5.6519	0	0.20103	0.20103	0.20103	0.20103	0.20103	0.20103	0.20103	0.20103	0.20103	0.20103	0.20103	0.20103	0.20103	0.20103	0.20103	0.20103	0.20103
10000	3	0.0042834	0.02	1	1	1.1734	1	0.1454	2.5	15	1	0.1454	2.5	15	1	0.1454	2.5	15	1	0.1454	2.5	15	0	0.44906	0.065295	1.1226	6.7359	0.44906	0.065295	1.1226	6.7359	0.44906	0.065295	1.1226	6.7359	0.44906	0.065295	1.1226	6.7359	0	0.3	0.3	0.3	0.3	0.3	0.3	0.3	0.3	0.3	0.3	0.3	0.3	0.3	0.3	0.3	0.3	0.3
10000	7.026	0.001	0.020319	1	1	0.85353	0.81075	0.38512	3.7947	11.881	0.81075	0.38512	3.7947	11.881	0.81075	0.38512	3.7947	11.881	0.81075	0.38512	3.7947	11.881	0	1.1564	0.54933	5.4126	16.946	1.1564	0.54933	5.4126	16.946	1.1564	0.54933	5.4126	16.946	1.1564	0.54933	5.4126	16.946	0	0.093791	0.093791	0.093791	0.093791	0.093791	0.093791	0.093791	0.093791	0.093791	0.093791	0.093791	0.093791	0.093791	0.093791	0.093791	0.093791	0.093791
10000	6.7314	0.0059375	0.033173	1	1	0.6921	1	0.3	7	20	1	0.3	7	20	1	0.3	7	20	1	0.3	7	20	0	1	0.3	7	20	1	0.3	7	20	1	0.3	7	20	1	0.3	7	20	0	0.25929	0.25929	0.25929	0.25929	0.25929	0.25929	0.25929	0.25929	0.25929	0.25929	0.25929	0.25929	0.25929	0.25929	0.25929	0.25929	0.25929
10000	4.4405	0.005	0.0174	1	1	0.8	1	0.3	4.6667	10	1	0.3	4.6667	10	1	0.3	4.6667	10	1	0.3	4.6667	10	0	1	0.3	4.6667	10	1	0.3	4.6667	10	1	0.3	4.6667	10	1	0.3	4.6667	10	0	0.2	0.2	0.2	0.2	0.2	0.2	0.2	0.2	0.2	0.2	0.2	0.2	0.2	0.2	0.2	0.2	0.2
10000	7	0.001	0.02	1	1	0.8	0.80284	0.3	7	15	0.80284	0.3	7	15	0.80284	0.3	7	15	0.80284	0.3	7	15	0	0.80284	0.3	7	15	0.80284	0.3	7	15	0.80284	0.3	7	15	0.80284	0.3	7	15	0	0.19555	0.19555	0.19555	0.19555	0.19555	0.19555	0.19555	0.19555	0.19555	0.19555	0.19555	0.19555	0.19555	0.19555	0.19555	0.19555	0.19555
10000	2.9366	0.001	0.01935	1	1	1.0062	0.92838	0.42112	3.2765	9.209	0.92838	0.42112	3.2765	9.209	0.92838	0.42112	3.2765	9.209	0.92838	0.42112	3.2765	9.209	0	0.90198	0.40915	3.1833	8.9471	0.90198	0.40915	3.1833	8.9471	0.90198	0.40915	3.1833	8.9471	0.90198	0.40915	3.1833	8.9471	0	0.2084	0.2084	0.2084	0.2084	0.2084	0.2084	0.2084	0.2084	0.2084	0.2084	0.2084	0.2084	0.2084	0.2084	0.2084	0.2084	0.2084
10000	6.9189	0.0016718	0.017912	1	1	0.7049	0.70605	0.46785	3.8522	14.165	0.70605	0.46785	3.8522	14.165	0.70605	0.46785	3.8522	14.165	0.70605	0.46785	3.8522	14.165	0	0.68095	0.45122	3.7153	13.661	0.68095	0.45122	3.7153	13.661	0.68095	0.45122	3.7153	13.661	0.68095	0.45122	3.7153	13.661	0	0.2283	0.2283	0.2283	0.2283	0.2283	0.2283	0.2283	0.2283	0.2283	0.2283	0.2283	0.2283	0.2283	0.2283	0.2283	0.2283	0.2283
10000	5.9337	0.0020931	0.03	1	1	0.35	1.1658	0.625	3.375	11	1.1658	0.625	3.375	11	1.1658	0.625	3.375	11	1.1658	0.625	3.375	11	0	0.87434	0.46875	2.5312	8.25	0.87434	0.46875	2.5312	8.25	0.87434	0.46875	2.5312	8.25	0.87434	0.46875	2.5312	8.25	0	0	0	0	0	0	0	0	0	0	0	0	0	0	0	0	0	0
10000	3	0.01	0.023333	1	1	0.8	1	0.6	2.5	15	1	0.6	2.5	15	1	0.6	2.5	15	1	0.6	2.5	15	0	1	0.6	2.5	15	1	0.6	2.5	15	1	0.6	2.5	15	1	0.6	2.5	15	0	0.2	0.2	0.2	0.2	0.2	0.2	0.2	0.2	0.2	0.2	0.2	0.2	0.2	0.2	0.2	0.2	0.2
10000	6.356	0.0013228	0.01	1	1	0.38632	1.4596	0.59877	4.1956	11.323	1.4596	0.59877	4.1956	11.323	1.4596	0.59877	4.1956	11.323	1.4596	0.59877	4.1956	11.323	0	0.87259	0.35795	2.5082	6.769	0.87259	0.35795	2.5082	6.769	0.87259	0.35795	2.5082	6.769	0.87259	0.35795	2.5082	6.769	0	0.38385	0.38385	0.38385	0.38385	0.38385	0.38385	0.38385	0.38385	0.38385	0.38385	0.38385	0.38385	0.38385	0.38385	0.38385	0.38385	0.38385
10000	8	0.001	0.019725	1	1	0.53333	1	0.4	2.5	15	1	0.4	2.5	15	1	0.4	2.5	15	1	0.4	2.5	15	0	1	0.4	2.5	15	1	0.4	2.5	15	1	0.4	2.5	15	1	0.4	2.5	15	0	0.22512	0.22512	0.22512	0.22512	0.22512	0.22512	0.22512	0.22512	0.22512	0.22512	0.22512	0.22512	0.22512	0.22512	0.22512	0.22512	0.22512
10000	5.0007	0.0050603	0.021968	1	1	0.69285	0.75552	0.40017	3.4994	20.003	0.75552	0.40017	3.4994	20.003	0.75552	0.40017	3.4994	20.003	0.75552	0.40017	3.4994	20.003	0	0.76087	0.40301	3.5242	20.145	0.76087	0.40301	3.5242	20.145	0.76087	0.40301	3.5242	20.145	0.76087	0.40301	3.5242	20.145	0	0.26681	0.26681	0.26681	0.26681	0.26681	0.26681	0.26681	0.26681	0.26681	0.26681	0.26681	0.26681	0.26681	0.26681	0.26681	0.26681	0.26681
10000	3.2693	0.010004	0.022419	1	1	0.79948	0.99942	0.30025	3.3343	21.011	0.99942	0.30025	3.3343	21.011	0.99942	0.30025	3.3343	21.011	0.99942	0.30025	3.3343	21.011	0	1.1655	0.35014	3.8884	24.502	1.1655	0.35014	3.8884	24.502	1.1655	0.35014	3.8884	24.502	1.1655	0.35014	3.8884	24.502	0	0.24408	0.24408	0.24408	0.24408	0.24408	0.24408	0.24408	0.24408	0.24408	0.24408	0.24408	0.24408	0.24408	0.24408	0.24408	0.24408	0.24408
10000	2.5583	1	0.02	1	1	0.28655	1	0.3	3.3334	7.6434	1	0.3	3.3334	7.6434	1	0.3	3.3334	7.6434	1	0.3	3.3334	7.6434	0	0.5	0.15	1.6667	3.8217	0.5	0.15	1.6667	3.8217	0.5	0.15	1.6667	3.8217	0.5	0.15	1.6667	3.8217	0	0.16667	0.16667	0.16667	0.16667	0.16667	0.16667	0.16667	0.16667	0.16667	0.16667	0.16667	0.16667	0.16667	0.16667	0.16667	0.16667	0.16667
10000	5.279	0.0090831	0.019984	1	1	0.6325	0.95584	0.39746	4.6579	27.767	0.95584	0.39746	4.6579	27.767	0.95584	0.39746	4.6579	27.767	0.95584	0.39746	4.6579	27.767	0	0.96621	0.40177	4.7084	28.068	0.96621	0.40177	4.7084	28.068	0.96621	0.40177	4.7084	28.068	0.96621	0.40177	4.7084	28.068	0	0.19314	0.19314	0.19314	0.19314	0.19314	0.19314	0.19314	0.19314	0.19314	0.19314	0.19314	0.19314	0.19314	0.19314	0.19314	0.19314	0.19314
10000	3	0.01	0.02	1	1	0.8	0.88224	0.66667	3.3333	15	0.88224	0.66667	3.3333	15	0.88224	0.66667	3.3333	15	0.88224	0.66667	3.3333	15	0	0.88224	0.66667	3.3333	15	0.88224	0.66667	3.3333	15	0.88224	0.66667	3.3333	15	0.88224	0.66667	3.3333	15	0	0.2	0.2	0.2	0.2	0.2	0.2	0.2	0.2	0.2	0.2	0.2	0.2	0.2	0.2	0.2	0.2	0.2
10000	4.1833	0.005	0.02	1	1	0.17523	1	0.3	3.3333	15	1	0.3	3.3333	15	1	0.3	3.3333	15	1	0.3	3.3333	15	0	0.25	0.075	0.83333	3.75	0.25	0.075	0.83333	3.75	0.25	0.075	0.83333	3.75	0.25	0.075	0.83333	3.75	0	0.28531	0.28531	0.28531	0.28531	0.28531	0.28531	0.28531	0.28531	0.28531	0.28531	0.28531	0.28531	0.28531	0.28531	0.28531	0.28531	0.28531
10000	4.6233	0.022477	0.017778	1	1	0.25301	2	0.3	3.5185	22.222	2	0.3	3.5185	22.222	2	0.3	3.5185	22.222	2	0.3	3.5185	22.222	0	0.5	0.075	0.87963	5.5556	0.5	0.075	0.87963	5.5556	0.5	0.075	0.87963	5.5556	0.5	0.075	0.87963	5.5556	0	0.32227	0.32227	0.32227	0.32227	0.32227	0.32227	0.32227	0.32227	0.32227	0.32227	0.32227	0.32227	0.32227	0.32227	0.32227	0.32227	0.32227
10000	9.8056	0.014303	0.0133	1	1	-0.01153	0.88921	0.22798	5.5342	15.912	0.88921	0.22798	5.5342	15.912	0.88921	0.22798	5.5342	15.912	0.88921	0.22798	5.5342	15.912	0	0.86811	0.22258	5.4029	15.534	0.86811	0.22258	5.4029	15.534	0.86811	0.22258	5.4029	15.534	0.86811	0.22258	5.4029	15.534	0	0.52926	0.52926	0.52926	0.52926	0.52926	0.52926	0.52926	0.52926	0.52926	0.52926	0.52926	0.52926	0.52926	0.52926	0.52926	0.52926	0.52926
10000	7.6074	0.012885	0.01	1	1	0.25385	0.82985	1.3837	3.8572	27.605	0.82985	1.3837	3.8572	27.605	0.82985	1.3837	3.8572	27.605	0.82985	1.3837	3.8572	27.605	0	0.20746	0.34591	0.96429	6.9013	0.20746	0.34591	0.96429	6.9013	0.20746	0.34591	0.96429	6.9013	0.20746	0.34591	0.96429	6.9013	0	0.16241	0.16241	0.16241	0.16241	0.16241	0.16241	0.16241	0.16241	0.16241	0.16241	0.16241	0.16241	0.16241	0.16241	0.16241	0.16241	0.16241
10000	10	0.011667	0.022167	1	1	0.10341	0.86667	0.3	2.5	20	0.86667	0.3	2.5	20	0.86667	0.3	2.5	20	0.86667	0.3	2.5	20	0	0.84259	0.29167	2.4306	19.444	0.84259	0.29167	2.4306	19.444	0.84259	0.29167	2.4306	19.444	0.84259	0.29167	2.4306	19.444	0	0.26667	0.26667	0.26667	0.26667	0.26667	0.26667	0.26667	0.26667	0.26667	0.26667	0.26667	0.26667	0.26667	0.26667	0.26667	0.26667	0.26667
10000	9.0394	0.005	0.01	1	1	0.28213	0.090481	0.49809	4.6667	15	0.090481	0.49809	4.6667	15	0.090481	0.49809	4.6667	15	0.090481	0.49809	4.6667	15	0	0.04524	0.24904	2.3333	7.5	0.04524	0.24904	2.3333	7.5	0.04524	0.24904	2.3333	7.5	0.04524	0.24904	2.3333	7.5	0	0.1	0.1	0.1	0.1	0.1	0.1	0.1	0.1	0.1	0.1	0.1	0.1	0.1	0.1	0.1	0.1	0.1
10000	9.9999	0.0050011	0.02333	1	1	0.48607	1.3332	0.30009	4.9998	30.001	1.3332	0.30009	4.9998	30.001	1.3332	0.30009	4.9998	30.001	1.3332	0.30009	4.9998	30.001	0	1.1304	0.25444	4.2393	25.438	1.1304	0.25444	4.2393	25.438	1.1304	0.25444	4.2393	25.438	1.1304	0.25444	4.2393	25.438	0	0.2	0.2	0.2	0.2	0.2	0.2	0.2	0.2	0.2	0.2	0.2	0.2	0.2	0.2	0.2	0.2	0.2
10000	7.5	0.005	0.045	1	1	0.34907	0.50182	0.3	3.5	15	0.50182	0.3	3.5	15	0.50182	0.3	3.5	15	0.50182	0.3	3.5	15	0	0.401	0.23973	2.7968	11.986	0.401	0.23973	2.7968	11.986	0.401	0.23973	2.7968	11.986	0.401	0.23973	2.7968	11.986	0	0.3	0.3	0.3	0.3	0.3	0.3	0.3	0.3	0.3	0.3	0.3	0.3	0.3	0.3	0.3	0.3	0.3
10000	6.1887	0.020001	0.019999	1	1	0.37743	0.51551	0.60002	4.6667	20	0.51551	0.60002	4.6667	20	0.51551	0.60002	4.6667	20	0.51551	0.60002	4.6667	20	0	0.51552	0.60004	4.6669	20	0.51552	0.60004	4.6669	20	0.51552	0.60004	4.6669	20	0.51552	0.60004	4.6669	20	0	0.20001	0.20001	0.20001	0.20001	0.20001	0.20001	0.20001	0.20001	0.20001	0.20001	0.20001	0.20001	0.20001	0.20001	0.20001	0.20001	0.20001
10000	7	0.0055	0.019559	1	1	0.69719	0.58553	0.3	3.5	15	0.58553	0.3	3.5	15	0.58553	0.3	3.5	15	0.58553	0.3	3.5	15	0	0.5833	0.29886	3.4867	14.943	0.5833	0.29886	3.4867	14.943	0.5833	0.29886	3.4867	14.943	0.5833	0.29886	3.4867	14.943	0	0.21513	0.21513	0.21513	0.21513	0.21513	0.21513	0.21513	0.21513	0.21513	0.21513	0.21513	0.21513	0.21513	0.21513	0.21513	0.21513	0.21513
10000	7.3333	0.0098333	0.022389	1	1	0.24646	0.95755	0.4	4.4001	20	0.95755	0.4	4.4001	20	0.95755	0.4	4.4001	20	0.95755	0.4	4.4001	20	0	0.95755	0.4	4.4001	20	0.95755	0.4	4.4001	20	0.95755	0.4	4.4001	20	0.95755	0.4	4.4001	20	0	0.50829	0.50829	0.50829	0.50829	0.50829	0.50829	0.50829	0.50829	0.50829	0.50829	0.50829	0.50829	0.50829	0.50829	0.50829	0.50829	0.50829
10000	2.9142	0.0096534	0.03139	1	1	0.20473	0.9652	0.28748	2.5337	15.385	0.9652	0.28748	2.5337	15.385	0.9652	0.28748	2.5337	15.385	0.9652	0.28748	2.5337	15.385	0	0.94894	0.28264	2.491	15.126	0.94894	0.28264	2.491	15.126	0.94894	0.28264	2.491	15.126	0.94894	0.28264	2.491	15.126	0	0.3492	0.3492	0.3492	0.3492	0.3492	0.3492	0.3492	0.3492	0.3492	0.3492	0.3492	0.3492	0.3492	0.3492	0.3492	0.3492	0.3492
10000	0.46679	0.001	0.020063	1	1	0.40798	0.85597	0.40105	3.3362	14.975	0.85597	0.40105	3.3362	14.975	0.85597	0.40105	3.3362	14.975	0.85597	0.40105	3.3362	14.975	0	0.53066	0.24863	2.0683	9.2836	0.53066	0.24863	2.0683	9.2836	0.53066	0.24863	2.0683	9.2836	0.53066	0.24863	2.0683	9.2836	0	0.21671	0.21671	0.21671	0.21671	0.21671	0.21671	0.21671	0.21671	0.21671	0.21671	0.21671	0.21671	0.21671	0.21671	0.21671	0.21671	0.21671
10000	5.1126	0.02	0.02	1	1	0.20269	0.8	0	3.5	15	0.8	0	3.5	15	0.8	0	3.5	15	0.8	0	3.5	15	0	0.8	0	3.5	15	0.8	0	3.5	15	0.8	0	3.5	15	0.8	0	3.5	15	0	0.4	0.4	0.4	0.4	0.4	0.4	0.4	0.4	0.4	0.4	0.4	0.4	0.4	0.4	0.4	0.4	0.4
10000	5	0.011287	0.021749	1	1	0.18494	1	-0.084461	5.6022	15	1	-0.084461	5.6022	15	1	-0.084461	5.6022	15	1	-0.084461	5.6022	15	0	0.82376	-0.069575	4.6149	12.356	0.82376	-0.069575	4.6149	12.356	0.82376	-0.069575	4.6149	12.356	0.82376	-0.069575	4.6149	12.356	0	0.44241	0.44241	0.44241	0.44241	0.44241	0.44241	0.44241	0.44241	0.44241	0.44241	0.44241	0.44241	0.44241	0.44241	0.44241	0.44241	0.44241
10000	4.2145	0.001	0.01	1	1	0.27034	1.1667	0.34151	3.3334	15	1.1667	0.34151	3.3334	15	1.1667	0.34151	3.3334	15	1.1667	0.34151	3.3334	15	0	1.2674	0.37101	3.6213	16.296	1.2674	0.37101	3.6213	16.296	1.2674	0.37101	3.6213	16.296	1.2674	0.37101	3.6213	16.296	0	0.22912	0.22912	0.22912	0.22912	0.22912	0.22912	0.22912	0.22912	0.22912	0.22912	0.22912	0.22912	0.22912	0.22912	0.22912	0.22912	0.22912
10000	3.1096	0.01	0.03	1	1	0.56401	0.80153	0.3	2.7717	15	0.80153	0.3	2.7717	15	0.80153	0.3	2.7717	15	0.80153	0.3	2.7717	15	0	0.93405	0.3496	3.23	17.48	0.93405	0.3496	3.23	17.48	0.93405	0.3496	3.23	17.48	0.93405	0.3496	3.23	17.48	0	0.3347	0.3347	0.3347	0.3347	0.3347	0.3347	0.3347	0.3347	0.3347	0.3347	0.3347	0.3347	0.3347	0.3347	0.3347	0.3347	0.3347
10000	3.0044	0.0074667	0.022378	1	1	0.79795	0.63427	0.30148	2.504	15.018	0.63427	0.30148	2.504	15.018	0.63427	0.30148	2.504	15.018	0.63427	0.30148	2.504	15.018	0	0.63553	0.30208	2.509	15.048	0.63553	0.30208	2.509	15.048	0.63553	0.30208	2.509	15.048	0.63553	0.30208	2.509	15.048	0	0.2477	0.2477	0.2477	0.2477	0.2477	0.2477	0.2477	0.2477	0.2477	0.2477	0.2477	0.2477	0.2477	0.2477	0.2477	0.2477	0.2477
10000	8.8115	0.001	0.013333	1	1	-0.21605	1.3333	-0.22867	2.5	7.9503	1.3333	-0.22867	2.5	7.9503	1.3333	-0.22867	2.5	7.9503	1.3333	-0.22867	2.5	7.9503	0	2.0281	-0.34781	3.8026	12.093	2.0281	-0.34781	3.8026	12.093	2.0281	-0.34781	3.8026	12.093	2.0281	-0.34781	3.8026	12.093	0	0.43153	0.43153	0.43153	0.43153	0.43153	0.43153	0.43153	0.43153	0.43153	0.43153	0.43153	0.43153	0.43153	0.43153	0.43153	0.43153	0.43153
10000	4.1833	0.011397	0.021111	1	1	0.22224	1	0.33333	2.5	15	1	0.33333	2.5	15	1	0.33333	2.5	15	1	0.33333	2.5	15	0	1.2874	0.42914	3.2185	19.311	1.2874	0.42914	3.2185	19.311	1.2874	0.42914	3.2185	19.311	1.2874	0.42914	3.2185	19.311	0	0.19258	0.19258	0.19258	0.19258	0.19258	0.19258	0.19258	0.19258	0.19258	0.19258	0.19258	0.19258	0.19258	0.19258	0.19258	0.19258	0.19258
10000	2.603	0.001	0.014986	1	1	0.4	0.72222	0.4	3.5	40	0.72222	0.4	3.5	40	0.72222	0.4	3.5	40	0.72222	0.4	3.5	40	0	0.40855	0.22628	1.9799	22.628	0.40855	0.22628	1.9799	22.628	0.40855	0.22628	1.9799	22.628	0.40855	0.22628	1.9799	22.628	0	0.29947	0.29947	0.29947	0.29947	0.29947	0.29947	0.29947	0.29947	0.29947	0.29947	0.29947	0.29947	0.29947	0.29947	0.29947	0.29947	0.29947
10000	2.8417	0.001	0.01	1	1	0.64404	0.99854	0.16731	2.4975	14.988	0.99854	0.16731	2.4975	14.988	0.99854	0.16731	2.4975	14.988	0.99854	0.16731	2.4975	14.988	0	0.49934	0.083668	1.2489	7.4952	0.49934	0.083668	1.2489	7.4952	0.49934	0.083668	1.2489	7.4952	0.49934	0.083668	1.2489	7.4952	0	0.20005	0.20005	0.20005	0.20005	0.20005	0.20005	0.20005	0.20005	0.20005	0.20005	0.20005	0.20005	0.20005	0.20005	0.20005	0.20005	0.20005
10000	4.7686	0.0024979	0.03074	1	1	0.53334	0.78035	0.3	2.942	15	0.78035	0.3	2.942	15	0.78035	0.3	2.942	15	0.78035	0.3	2.942	15	0	0.59008	0.22685	2.2246	11.342	0.59008	0.22685	2.2246	11.342	0.59008	0.22685	2.2246	11.342	0.59008	0.22685	2.2246	11.342	0	0.21111	0.21111	0.21111	0.21111	0.21111	0.21111	0.21111	0.21111	0.21111	0.21111	0.21111	0.21111	0.21111	0.21111	0.21111	0.21111	0.21111
10000	3.564	0.011974	0.019958	1	1	0.44567	0.99432	0.29631	3.3433	15.352	0.99432	0.29631	3.3433	15.352	0.99432	0.29631	3.3433	15.352	0.99432	0.29631	3.3433	15.352	0	0.99926	0.29778	3.3599	15.428	0.99926	0.29778	3.3599	15.428	0.99926	0.29778	3.3599	15.428	0.99926	0.29778	3.3599	15.428	0	0.18926	0.18926	0.18926	0.18926	0.18926	0.18926	0.18926	0.18926	0.18926	0.18926	0.18926	0.18926	0.18926	0.18926	0.18926	0.18926	0.18926
10000	5.3378	0.023333	0.016712	1	1	0.8	1.3333	0.6	5	9.732	1.3333	0.6	5	9.732	1.3333	0.6	5	9.732	1.3333	0.6	5	9.732	0	1.3333	0.6	5	9.732	1.3333	0.6	5	9.732	1.3333	0.6	5	9.732	1.3333	0.6	5	9.732	0	0.21328	0.21328	0.21328	0.21328	0.21328	0.21328	0.21328	0.21328	0.21328	0.21328	0.21328	0.21328	0.21328	0.21328	0.21328	0.21328	0.21328
10000	3	0.001	0.02	1	1	-0.20004	1.3704	0.4	2.5	15	1.3704	0.4	2.5	15	1.3704	0.4	2.5	15	1.3704	0.4	2.5	15	0	0.50672	0.1479	0.92438	5.5463	0.50672	0.1479	0.92438	5.5463	0.50672	0.1479	0.92438	5.5463	0.50672	0.1479	0.92438	5.5463	0	0.2	0.2	0.2	0.2	0.2	0.2	0.2	0.2	0.2	0.2	0.2	0.2	0.2	0.2	0.2	0.2	0.2
10000	3.6008	0.001	0.021531	1	1	0.3143	1.3777	0.24084	3.1859	12.456	1.3777	0.24084	3.1859	12.456	1.3777	0.24084	3.1859	12.456	1.3777	0.24084	3.1859	12.456	0	0.34443	0.06021	0.79648	3.114	0.34443	0.06021	0.79648	3.114	0.34443	0.06021	0.79648	3.114	0.34443	0.06021	0.79648	3.114	0	0.22492	0.22492	0.22492	0.22492	0.22492	0.22492	0.22492	0.22492	0.22492	0.22492	0.22492	0.22492	0.22492	0.22492	0.22492	0.22492	0.22492
10000	4.156	0.001	0.025954	1	1	0.40338	0.62399	0.29894	3.5208	29.926	0.62399	0.29894	3.5208	29.926	0.62399	0.29894	3.5208	29.926	0.62399	0.29894	3.5208	29.926	0	0.61894	0.29652	3.4923	29.683	0.61894	0.29652	3.4923	29.683	0.61894	0.29652	3.4923	29.683	0.61894	0.29652	3.4923	29.683	0	0.29778	0.29778	0.29778	0.29778	0.29778	0.29778	0.29778	0.29778	0.29778	0.29778	0.29778	0.29778	0.29778	0.29778	0.29778	0.29778	0.29778
10000	4.7633	0.001	0.014351	1	1	0.63658	0.38068	0.55288	3.357	7.2752	0.38068	0.55288	3.357	7.2752	0.38068	0.55288	3.357	7.2752	0.38068	0.55288	3.357	7.2752	0	0.49242	0.71516	4.3424	9.4107	0.49242	0.71516	4.3424	9.4107	0.49242	0.71516	4.3424	9.4107	0.49242	0.71516	4.3424	9.4107	0	0.40357	0.40357	0.40357	0.40357	0.40357	0.40357	0.40357	0.40357	0.40357	0.40357	0.40357	0.40357	0.40357	0.40357	0.40357	0.40357	0.40357
10000	4.9604	0.001	0.020269	1	1	-0.22943	0.8264	0.16915	2.8837	19.893	0.8264	0.16915	2.8837	19.893	0.8264	0.16915	2.8837	19.893	0.8264	0.16915	2.8837	19.893	0	0.86178	0.17639	3.0072	20.744	0.86178	0.17639	3.0072	20.744	0.86178	0.17639	3.0072	20.744	0.86178	0.17639	3.0072	20.744	0	0.20537	0.20537	0.20537	0.20537	0.20537	0.20537	0.20537	0.20537	0.20537	0.20537	0.20537	0.20537	0.20537	0.20537	0.20537	0.20537	0.20537
10000	3.55	0.0090766	0.02308	1	1	0.45862	0.82597	0.3	2.5	10.833	0.82597	0.3	2.5	10.833	0.82597	0.3	2.5	10.833	0.82597	0.3	2.5	10.833	0	0.80984	0.29414	2.4512	10.622	0.80984	0.29414	2.4512	10.622	0.80984	0.29414	2.4512	10.622	0.80984	0.29414	2.4512	10.622	0	0.16667	0.16667	0.16667	0.16667	0.16667	0.16667	0.16667	0.16667	0.16667	0.16667	0.16667	0.16667	0.16667	0.16667	0.16667	0.16667	0.16667
10000	2.7729	0.0054805	0.021159	1	1	0.38091	0.79805	0.1764	3.9417	19.977	0.79805	0.1764	3.9417	19.977	0.79805	0.1764	3.9417	19.977	0.79805	0.1764	3.9417	19.977	0	0.84676	0.18717	4.1822	21.196	0.84676	0.18717	4.1822	21.196	0.84676	0.18717	4.1822	21.196	0.84676	0.18717	4.1822	21.196	0	0.20282	0.20282	0.20282	0.20282	0.20282	0.20282	0.20282	0.20282	0.20282	0.20282	0.20282	0.20282	0.20282	0.20282	0.20282	0.20282	0.20282
10000	2.8757	0.001	0.020514	1	1	0.35613	0.8	0.1	2.5	15	0.8	0.1	2.5	15	0.8	0.1	2.5	15	0.8	0.1	2.5	15	0	0.8	0.1	2.5	15	0.8	0.1	2.5	15	0.8	0.1	2.5	15	0.8	0.1	2.5	15	0	0.20774	0.20774	0.20774	0.20774	0.20774	0.20774	0.20774	0.20774	0.20774	0.20774	0.20774	0.20774	0.20774	0.20774	0.20774	0.20774	0.20774
10000	3	0.02	0.02	1	1	0.53333	1	0.4	5	27.768	1	0.4	5	27.768	1	0.4	5	27.768	1	0.4	5	27.768	0	1	0.4	5	27.768	1	0.4	5	27.768	1	0.4	5	27.768	1	0.4	5	27.768	0	0.2	0.2	0.2	0.2	0.2	0.2	0.2	0.2	0.2	0.2	0.2	0.2	0.2	0.2	0.2	0.2	0.2
10000	1.7111	0.0048829	0.019637	1	1	0.41041	0.8	0.22222	2.5	15	0.8	0.22222	2.5	15	0.8	0.22222	2.5	15	0.8	0.22222	2.5	15	0	0.42974	0.11937	1.3429	8.0576	0.42974	0.11937	1.3429	8.0576	0.42974	0.11937	1.3429	8.0576	0.42974	0.11937	1.3429	8.0576	0	0.1942	0.1942	0.1942	0.1942	0.1942	0.1942	0.1942	0.1942	0.1942	0.1942	0.1942	0.1942	0.1942	0.1942	0.1942	0.1942	0.1942
10000	0.1	0.02	0.020286	1	1	0.4	1	0.3	3.3333	15	1	0.3	3.3333	15	1	0.3	3.3333	15	1	0.3	3.3333	15	0	1	0.3	3.3333	15	1	0.3	3.3333	15	1	0.3	3.3333	15	1	0.3	3.3333	15	0	0.2	0.2	0.2	0.2	0.2	0.2	0.2	0.2	0.2	0.2	0.2	0.2	0.2	0.2	0.2	0.2	0.2
10000	1.409	0.001	0.021616	1	1	0.26137	1.1019	0.40742	2.4398	21.012	1.1019	0.40742	2.4398	21.012	1.1019	0.40742	2.4398	21.012	1.1019	0.40742	2.4398	21.012	0	1.2671	0.46852	2.8057	24.163	1.2671	0.46852	2.8057	24.163	1.2671	0.46852	2.8057	24.163	1.2671	0.46852	2.8057	24.163	0	0.27682	0.27682	0.27682	0.27682	0.27682	0.27682	0.27682	0.27682	0.27682	0.27682	0.27682	0.27682	0.27682	0.27682	0.27682	0.27682	0.27682
10000	0.1	0.015556	0.035	1	1	0.34645	1	0.3	2.5	15	1	0.3	2.5	15	1	0.3	2.5	15	1	0.3	2.5	15	0	1.0049	0.30146	2.5122	15.073	1.0049	0.30146	2.5122	15.073	1.0049	0.30146	2.5122	15.073	1.0049	0.30146	2.5122	15.073	0	0.26667	0.26667	0.26667	0.26667	0.26667	0.26667	0.26667	0.26667	0.26667	0.26667	0.26667	0.26667	0.26667	0.26667	0.26667	0.26667	0.26667
10000	0.1	0.010001	0.01	1	1	0.45114	0.99998	0.17551	2.5	15	0.99998	0.17551	2.5	15	0.99998	0.17551	2.5	15	0.99998	0.17551	2.5	15	0	0.99994	0.1755	2.4999	14.999	0.99994	0.1755	2.4999	14.999	0.99994	0.1755	2.4999	14.999	0.99994	0.1755	2.4999	14.999	0	0.19998	0.19998	0.19998	0.19998	0.19998	0.19998	0.19998	0.19998	0.19998	0.19998	0.19998	0.19998	0.19998	0.19998	0.19998	0.19998	0.19998
10000	6.1947	0.01015	0.01659	1	1	0.69001	0.9115	0.24146	2.5081	6.831	0.9115	0.24146	2.5081	6.831	0.9115	0.24146	2.5081	6.831	0.9115	0.24146	2.5081	6.831	0	0.45452	0.12041	1.2507	3.4063	0.45452	0.12041	1.2507	3.4063	0.45452	0.12041	1.2507	3.4063	0.45452	0.12041	1.2507	3.4063	0	0.19815	0.19815	0.19815	0.19815	0.19815	0.19815	0.19815	0.19815	0.19815	0.19815	0.19815	0.19815	0.19815	0.19815	0.19815	0.19815	0.19815
10000	1.0066	0.001	0.021615	1	1	0.38036	0.5022	0.3	2.5	15	0.5022	0.3	2.5	15	0.5022	0.3	2.5	15	0.5022	0.3	2.5	15	0	0.2511	0.15	1.25	7.5	0.2511	0.15	1.25	7.5	0.2511	0.15	1.25	7.5	0.2511	0.15	1.25	7.5	0	0.2	0.2	0.2	0.2	0.2	0.2	0.2	0.2	0.2	0.2	0.2	0.2	0.2	0.2	0.2	0.2	0.2
10000	10	0.010102	0.033491	1	1	0.48648	1.0287	0.20013	7.0556	19.84	1.0287	0.20013	7.0556	19.84	1.0287	0.20013	7.0556	19.84	1.0287	0.20013	7.0556	19.84	0	1.0074	0.19599	6.9095	19.43	1.0074	0.19599	6.9095	19.43	1.0074	0.19599	6.9095	19.43	1.0074	0.19599	6.9095	19.43	0	0.38133	0.38133	0.38133	0.38133	0.38133	0.38133	0.38133	0.38133	0.38133	0.38133	0.38133	0.38133	0.38133	0.38133	0.38133	0.38133	0.38133
10000	3.694	0.1406	0.057794	1	1	0.79979	0.99976	0.28225	3.1671	14.998	0.99976	0.28225	3.1671	14.998	0.99976	0.28225	3.1671	14.998	0.99976	0.28225	3.1671	14.998	0	0.99956	0.28219	3.1664	14.995	0.99956	0.28219	3.1664	14.995	0.99956	0.28219	3.1664	14.995	0.99956	0.28219	3.1664	14.995	0	0.15007	0.15007	0.15007	0.15007	0.15007	0.15007	0.15007	0.15007	0.15007	0.15007	0.15007	0.15007	0.15007	0.15007	0.15007	0.15007	0.15007
10000	2.5168	0.010507	0.019581	1	1	0.042822	0.98086	0.27542	2.4571	14.844	0.98086	0.27542	2.4571	14.844	0.98086	0.27542	2.4571	14.844	0.98086	0.27542	2.4571	14.844	0	0.33173	0.09315	0.83099	5.0202	0.33173	0.09315	0.83099	5.0202	0.33173	0.09315	0.83099	5.0202	0.33173	0.09315	0.83099	5.0202	0	0.19433	0.19433	0.19433	0.19433	0.19433	0.19433	0.19433	0.19433	0.19433	0.19433	0.19433	0.19433	0.19433	0.19433	0.19433	0.19433	0.19433
10000	0.1	0.001	0.016317	1	1	0.39997	1.4831	0.30004	4.3638	101.48	1.4831	0.30004	4.3638	101.48	1.4831	0.30004	4.3638	101.48	1.4831	0.30004	4.3638	101.48	0	0.61561	0.12455	1.8114	42.125	0.61561	0.12455	1.8114	42.125	0.61561	0.12455	1.8114	42.125	0.61561	0.12455	1.8114	42.125	0	0.26657	0.26657	0.26657	0.26657	0.26657	0.26657	0.26657	0.26657	0.26657	0.26657	0.26657	0.26657	0.26657	0.26657	0.26657	0.26657	0.26657
10000	5	0.001	0.03	1	1	0.8	1	0.3	2.5	15	1	0.3	2.5	15	1	0.3	2.5	15	1	0.3	2.5	15	0	1	0.3	2.5	15	1	0.3	2.5	15	1	0.3	2.5	15	1	0.3	2.5	15	0	0.30488	0.30488	0.30488	0.30488	0.30488	0.30488	0.30488	0.30488	0.30488	0.30488	0.30488	0.30488	0.30488	0.30488	0.30488	0.30488	0.30488
10000	5.3341	0.0038821	0.020884	1	1	0.8	0.8395	0.36667	2.5	20	0.8395	0.36667	2.5	20	0.8395	0.36667	2.5	20	0.8395	0.36667	2.5	20	0	0.84026	0.367	2.5022	20.018	0.84026	0.367	2.5022	20.018	0.84026	0.367	2.5022	20.018	0.84026	0.367	2.5022	20.018	0	0.31667	0.31667	0.31667	0.31667	0.31667	0.31667	0.31667	0.31667	0.31667	0.31667	0.31667	0.31667	0.31667	0.31667	0.31667	0.31667	0.31667
10000	3.0812	0.01075	0.019167	1	1	0.8375	0.95833	0.2774	2.5729	20.333	0.95833	0.2774	2.5729	20.333	0.95833	0.2774	2.5729	20.333	0.95833	0.2774	2.5729	20.333	0	0.84047	0.24328	2.2565	17.833	0.84047	0.24328	2.2565	17.833	0.84047	0.24328	2.2565	17.833	0.84047	0.24328	2.2565	17.833	0	0.21667	0.21667	0.21667	0.21667	0.21667	0.21667	0.21667	0.21667	0.21667	0.21667	0.21667	0.21667	0.21667	0.21667	0.21667	0.21667	0.21667
10000	0.83395	0.001	0.019444	1	1	0.87932	0.89128	0.33333	2.5	15	0.89128	0.33333	2.5	15	0.89128	0.33333	2.5	15	0.89128	0.33333	2.5	15	0	0.58725	0.21963	1.6472	9.8834	0.58725	0.21963	1.6472	9.8834	0.58725	0.21963	1.6472	9.8834	0.58725	0.21963	1.6472	9.8834	0	0.20192	0.20192	0.20192	0.20192	0.20192	0.20192	0.20192	0.20192	0.20192	0.20192	0.20192	0.20192	0.20192	0.20192	0.20192	0.20192	0.20192
10000	5	0.002	0.02	1	1	1	1	0.5	2.5	15	1	0.5	2.5	15	1	0.5	2.5	15	1	0.5	2.5	15	0	0.97588	0.48794	2.4397	14.638	0.97588	0.48794	2.4397	14.638	0.97588	0.48794	2.4397	14.638	0.97588	0.48794	2.4397	14.638	0	0.4	0.4	0.4	0.4	0.4	0.4	0.4	0.4	0.4	0.4	0.4	0.4	0.4	0.4	0.4	0.4	0.4
10000	3	0.010092	0.03	1	1	0.8	1	0.3	5	10.561	1	0.3	5	10.561	1	0.3	5	10.561	1	0.3	5	10.561	0	0.625	0.1875	3.125	6.6008	0.625	0.1875	3.125	6.6008	0.625	0.1875	3.125	6.6008	0.625	0.1875	3.125	6.6008	0	0.28518	0.28518	0.28518	0.28518	0.28518	0.28518	0.28518	0.28518	0.28518	0.28518	0.28518	0.28518	0.28518	0.28518	0.28518	0.28518	0.28518
10000	5.2947	0.0099998	0.014893	1	1	0.76895	0.99999	0.30001	5.3097	30	0.99999	0.30001	5.3097	30	0.99999	0.30001	5.3097	30	0.99999	0.30001	5.3097	30	0	0.97376	0.29214	5.1705	29.213	0.97376	0.29214	5.1705	29.213	0.97376	0.29214	5.1705	29.213	0.97376	0.29214	5.1705	29.213	0	0.45605	0.45605	0.45605	0.45605	0.45605	0.45605	0.45605	0.45605	0.45605	0.45605	0.45605	0.45605	0.45605	0.45605	0.45605	0.45605	0.45605
10000	5.0619	0.0090967	0.022998	1	1	0.81888	0.9995	0.31363	4.9633	29.832	0.9995	0.31363	4.9633	29.832	0.9995	0.31363	4.9633	29.832	0.9995	0.31363	4.9633	29.832	0	0.98116	0.30788	4.8723	29.285	0.98116	0.30788	4.8723	29.285	0.98116	0.30788	4.8723	29.285	0.98116	0.30788	4.8723	29.285	0	0.38742	0.38742	0.38742	0.38742	0.38742	0.38742	0.38742	0.38742	0.38742	0.38742	0.38742	0.38742	0.38742	0.38742	0.38742	0.38742	0.38742
10000	2.55	0.001	0.027697	1	1	0.8	1.4901	0.3	2.7778	15	1.4901	0.3	2.7778	15	1.4901	0.3	2.7778	15	1.4901	0.3	2.7778	15	0	0.37254	0.075	0.69444	3.75	0.37254	0.075	0.69444	3.75	0.37254	0.075	0.69444	3.75	0.37254	0.075	0.69444	3.75	0	0.4	0.4	0.4	0.4	0.4	0.4	0.4	0.4	0.4	0.4	0.4	0.4	0.4	0.4	0.4	0.4	0.4
10000	4.243	0.001	0.021335	1	1	0.8	2	0.091868	24.889	52.661	2	0.091868	24.889	52.661	2	0.091868	24.889	52.661	2	0.091868	24.889	52.661	0	2	0.091869	24.889	52.662	2	0.091869	24.889	52.662	2	0.091869	24.889	52.662	2	0.091869	24.889	52.662	0	0.6942	0.6942	0.6942	0.6942	0.6942	0.6942	0.6942	0.6942	0.6942	0.6942	0.6942	0.6942	0.6942	0.6942	0.6942	0.6942	0.6942
10000	5.275	0.005	0.02	1	1	0.8	1	0.31597	3.3333	15	1	0.31597	3.3333	15	1	0.31597	3.3333	15	1	0.31597	3.3333	15	0	2	0.63194	6.6666	30	2	0.63194	6.6666	30	2	0.63194	6.6666	30	2	0.63194	6.6666	30	0	0.56609	0.56609	0.56609	0.56609	0.56609	0.56609	0.56609	0.56609	0.56609	0.56609	0.56609	0.56609	0.56609	0.56609	0.56609	0.56609	0.56609
10000	5	0.01	0.01	1	1	0.53595	1	0.3	2.5	15	1	0.3	2.5	15	1	0.3	2.5	15	1	0.3	2.5	15	0	2.1765	0.65295	5.4412	32.647	2.1765	0.65295	5.4412	32.647	2.1765	0.65295	5.4412	32.647	2.1765	0.65295	5.4412	32.647	0	0.6	0.6	0.6	0.6	0.6	0.6	0.6	0.6	0.6	0.6	0.6	0.6	0.6	0.6	0.6	0.6	0.6
10000	0.1	0.0058103	0.046137	1	1	0.46033	0.71324	0.39973	2.7685	13.773	0.71324	0.39973	2.7685	13.773	0.71324	0.39973	2.7685	13.773	0.71324	0.39973	2.7685	13.773	0	0.59309	0.33239	2.3021	11.452	0.59309	0.33239	2.3021	11.452	0.59309	0.33239	2.3021	11.452	0.59309	0.33239	2.3021	11.452	0	0.32007	0.32007	0.32007	0.32007	0.32007	0.32007	0.32007	0.32007	0.32007	0.32007	0.32007	0.32007	0.32007	0.32007	0.32007	0.32007	0.32007
10000	4.7125	0.0076916	0.026602	1	1	0.52115	1.0214	0.35522	4.8578	-134.32	1.0214	0.35522	4.8578	-134.32	1.0214	0.35522	4.8578	-134.32	1.0214	0.35522	4.8578	-134.32	0	0.95277	0.33134	4.5312	-125.29	0.95277	0.33134	4.5312	-125.29	0.95277	0.33134	4.5312	-125.29	0.95277	0.33134	4.5312	-125.29	0	0.48794	0.48794	0.48794	0.48794	0.48794	0.48794	0.48794	0.48794	0.48794	0.48794	0.48794	0.48794	0.48794	0.48794	0.48794	0.48794	0.48794
10000	1.6643	0.0051159	0.021167	1	1	0.33126	1.0833	0.44016	3.4387	19.139	1.0833	0.44016	3.4387	19.139	1.0833	0.44016	3.4387	19.139	1.0833	0.44016	3.4387	19.139	0	0.4289	0.17426	1.3614	7.5772	0.4289	0.17426	1.3614	7.5772	0.4289	0.17426	1.3614	7.5772	0.4289	0.17426	1.3614	7.5772	0	0.18337	0.18337	0.18337	0.18337	0.18337	0.18337	0.18337	0.18337	0.18337	0.18337	0.18337	0.18337	0.18337	0.18337	0.18337	0.18337	0.18337
10000	5.7925	0.28551	0.025964	1	1	3.5999	0.96442	0.2685	2.5	-10.979	0.96442	0.2685	2.5	-10.979	0.96442	0.2685	2.5	-10.979	0.96442	0.2685	2.5	-10.979	0	1.0921	0.30405	2.831	-12.433	1.0921	0.30405	2.831	-12.433	1.0921	0.30405	2.831	-12.433	1.0921	0.30405	2.831	-12.433	0	0.31196	0.31196	0.31196	0.31196	0.31196	0.31196	0.31196	0.31196	0.31196	0.31196	0.31196	0.31196	0.31196	0.31196	0.31196	0.31196	0.31196
10000	0.1	0.001	0.02	1	1	0.8	1	0.3	2.5	15	1	0.3	2.5	15	1	0.3	2.5	15	1	0.3	2.5	15	0	1	0.3	2.5	15	1	0.3	2.5	15	1	0.3	2.5	15	1	0.3	2.5	15	0	0.78367	0.78367	0.78367	0.78367	0.78367	0.78367	0.78367	0.78367	0.78367	0.78367	0.78367	0.78367	0.78367	0.78367	0.78367	0.78367	0.78367
10000	3	0.01	0.02	1	1	0.8	1	0.3	2.5	15	1	0.3	2.5	15	1	0.3	2.5	15	1	0.3	2.5	15	0	1	0.3	2.5	15	1	0.3	2.5	15	1	0.3	2.5	15	1	0.3	2.5	15	0	0.56364	0.56364	0.56364	0.56364	0.56364	0.56364	0.56364	0.56364	0.56364	0.56364	0.56364	0.56364	0.56364	0.56364	0.56364	0.56364	0.56364
10000	0.84211	0.010105	0.040569	1	1	0.8026	1.6085	0.50711	2.5166	14.924	1.6085	0.50711	2.5166	14.924	1.6085	0.50711	2.5166	14.924	1.6085	0.50711	2.5166	14.924	0	1.8633	0.58742	2.9151	17.288	1.8633	0.58742	2.9151	17.288	1.8633	0.58742	2.9151	17.288	1.8633	0.58742	2.9151	17.288	0	0.82158	0.82158	0.82158	0.82158	0.82158	0.82158	0.82158	0.82158	0.82158	0.82158	0.82158	0.82158	0.82158	0.82158	0.82158	0.82158	0.82158
10000	0.79024	0.012238	0.038333	1	1	0.81441	1.0278	0.31806	0.68669	5.8106	1.0278	0.31806	0.68669	5.8106	1.0278	0.31806	0.68669	5.8106	1.0278	0.31806	0.68669	5.8106	0	0.84759	0.26229	0.5663	4.7919	0.84759	0.26229	0.5663	4.7919	0.84759	0.26229	0.5663	4.7919	0.84759	0.26229	0.5663	4.7919	0	0.71667	0.71667	0.71667	0.71667	0.71667	0.71667	0.71667	0.71667	0.71667	0.71667	0.71667	0.71667	0.71667	0.71667	0.71667	0.71667	0.71667
10000	4.8748	0.017075	0.03	1	1	1	1.5	0.6	2.5	15	1.5	0.6	2.5	15	1.5	0.6	2.5	15	1.5	0.6	2.5	15	0	2.1099	0.84396	3.5165	21.099	2.1099	0.84396	3.5165	21.099	2.1099	0.84396	3.5165	21.099	2.1099	0.84396	3.5165	21.099	0	0.56782	0.56782	0.56782	0.56782	0.56782	0.56782	0.56782	0.56782	0.56782	0.56782	0.56782	0.56782	0.56782	0.56782	0.56782	0.56782	0.56782
10000	2.701	0.016184	0.022679	1	1	0.91392	1.1266	0.4541	1.2165	21.338	1.1266	0.4541	1.2165	21.338	1.1266	0.4541	1.2165	21.338	1.1266	0.4541	1.2165	21.338	0	1.0746	0.43316	1.1604	20.354	1.0746	0.43316	1.1604	20.354	1.0746	0.43316	1.1604	20.354	1.0746	0.43316	1.1604	20.354	0	0.43564	0.43564	0.43564	0.43564	0.43564	0.43564	0.43564	0.43564	0.43564	0.43564	0.43564	0.43564	0.43564	0.43564	0.43564	0.43564	0.43564
10000	0.1	0.99999	0.04	1	1	0.8	0.78114	0.15545	2.5	15	0.78114	0.15545	2.5	15	0.78114	0.15545	2.5	15	0.78114	0.15545	2.5	15	0	0.39057	0.077726	1.25	7.5	0.39057	0.077726	1.25	7.5	0.39057	0.077726	1.25	7.5	0.39057	0.077726	1.25	7.5	0	0.35761	0.35761	0.35761	0.35761	0.35761	0.35761	0.35761	0.35761	0.35761	0.35761	0.35761	0.35761	0.35761	0.35761	0.35761	0.35761	0.35761
10000	3	0.001	0.020602	1	1	0.8	1.3078	0.3	2.5	12.168	1.3078	0.3	2.5	12.168	1.3078	0.3	2.5	12.168	1.3078	0.3	2.5	12.168	0	1.3078	0.3	2.5	12.168	1.3078	0.3	2.5	12.168	1.3078	0.3	2.5	12.168	1.3078	0.3	2.5	12.168	0	0.50698	0.50698	0.50698	0.50698	0.50698	0.50698	0.50698	0.50698	0.50698	0.50698	0.50698	0.50698	0.50698	0.50698	0.50698	0.50698	0.50698
10000	1.9071	0.021111	0.015	1	1	0.8	0.8	0.3	1.5	15	0.8	0.3	1.5	15	0.8	0.3	1.5	15	0.8	0.3	1.5	15	0	0.76667	0.2875	1.4375	14.375	0.76667	0.2875	1.4375	14.375	0.76667	0.2875	1.4375	14.375	0.76667	0.2875	1.4375	14.375	0	0.55203	0.55203	0.55203	0.55203	0.55203	0.55203	0.55203	0.55203	0.55203	0.55203	0.55203	0.55203	0.55203	0.55203	0.55203	0.55203	0.55203
10000	5.1155	0.32475	0.01998	1	1	1.8324	1.0004	0.44928	2.5019	30.006	1.0004	0.44928	2.5019	30.006	1.0004	0.44928	2.5019	30.006	1.0004	0.44928	2.5019	30.006	0	0.99952	0.4489	2.4998	29.98	0.99952	0.4489	2.4998	29.98	0.99952	0.4489	2.4998	29.98	0.99952	0.4489	2.4998	29.98	0	0.31591	0.31591	0.31591	0.31591	0.31591	0.31591	0.31591	0.31591	0.31591	0.31591	0.31591	0.31591	0.31591	0.31591	0.31591	0.31591	0.31591
10000	2.8389	0.01	0.02	1	1	0.8	1	0.067204	1.9951	20	1	0.067204	1.9951	20	1	0.067204	1.9951	20	1	0.067204	1.9951	20	0	0.89645	0.060245	1.7885	17.929	0.89645	0.060245	1.7885	17.929	0.89645	0.060245	1.7885	17.929	0.89645	0.060245	1.7885	17.929	0	0.52528	0.52528	0.52528	0.52528	0.52528	0.52528	0.52528	0.52528	0.52528	0.52528	0.52528	0.52528	0.52528	0.52528	0.52528	0.52528	0.52528
10000	2.5167	0.01	0.018316	1	1	1.0171	0.81455	0.4	2.0898	15	0.81455	0.4	2.0898	15	0.81455	0.4	2.0898	15	0.81455	0.4	2.0898	15	0	0.80912	0.39733	2.0759	14.9	0.80912	0.39733	2.0759	14.9	0.80912	0.39733	2.0759	14.9	0.80912	0.39733	2.0759	14.9	0	0.36964	0.36964	0.36964	0.36964	0.36964	0.36964	0.36964	0.36964	0.36964	0.36964	0.36964	0.36964	0.36964	0.36964	0.36964	0.36964	0.36964
10000	4.5	0.01	0.011111	1	1	1.1972	0.88889	0.3	3.3333	15	0.88889	0.3	3.3333	15	0.88889	0.3	3.3333	15	0.88889	0.3	3.3333	15	0	1.3056	0.44064	4.896	22.032	1.3056	0.44064	4.896	22.032	1.3056	0.44064	4.896	22.032	1.3056	0.44064	4.896	22.032	0	0.60589	0.60589	0.60589	0.60589	0.60589	0.60589	0.60589	0.60589	0.60589	0.60589	0.60589	0.60589	0.60589	0.60589	0.60589	0.60589	0.60589
10000	7.7169	0.013426	0.020519	1	1	1.0667	1	0.11551	2.5	-225.72	1	0.11551	2.5	-225.72	1	0.11551	2.5	-225.72	1	0.11551	2.5	-225.72	0	1.1667	0.13477	2.9167	-263.34	1.1667	0.13477	2.9167	-263.34	1.1667	0.13477	2.9167	-263.34	1.1667	0.13477	2.9167	-263.34	0	0.43827	0.43827	0.43827	0.43827	0.43827	0.43827	0.43827	0.43827	0.43827	0.43827	0.43827	0.43827	0.43827	0.43827	0.43827	0.43827	0.43827
10000	3.8327	0.0098889	0.023429	1	1	0.78298	0.72631	0.3	2.5	15	0.72631	0.3	2.5	15	0.72631	0.3	2.5	15	0.72631	0.3	2.5	15	0	0.72631	0.3	2.5	15	0.72631	0.3	2.5	15	0.72631	0.3	2.5	15	0.72631	0.3	2.5	15	0	0.26975	0.26975	0.26975	0.26975	0.26975	0.26975	0.26975	0.26975	0.26975	0.26975	0.26975	0.26975	0.26975	0.26975	0.26975	0.26975	0.26975
10000	4.1833	0.01	0.02	1	1	0.8	0.84708	0.3	3.5	15	0.84708	0.3	3.5	15	0.84708	0.3	3.5	15	0.84708	0.3	3.5	15	0	0.84708	0.3	3.5	15	0.84708	0.3	3.5	15	0.84708	0.3	3.5	15	0.84708	0.3	3.5	15	0	0.2598	0.2598	0.2598	0.2598	0.2598	0.2598	0.2598	0.2598	0.2598	0.2598	0.2598	0.2598	0.2598	0.2598	0.2598	0.2598	0.2598
10000	5.5729	0.0067572	0.020001	1	1	0.725	0.91667	0.35417	2.6458	12.111	0.91667	0.35417	2.6458	12.111	0.91667	0.35417	2.6458	12.111	0.91667	0.35417	2.6458	12.111	0	1.0158	0.39246	2.9319	13.42	1.0158	0.39246	2.9319	13.42	1.0158	0.39246	2.9319	13.42	1.0158	0.39246	2.9319	13.42	0	0.27939	0.27939	0.27939	0.27939	0.27939	0.27939	0.27939	0.27939	0.27939	0.27939	0.27939	0.27939	0.27939	0.27939	0.27939	0.27939	0.27939
10000	7	0.0044994	0.02	1	1	0.8	1	0.11126	5	9.7927	1	0.11126	5	9.7927	1	0.11126	5	9.7927	1	0.11126	5	9.7927	0	1	0.11126	5	9.7927	1	0.11126	5	9.7927	1	0.11126	5	9.7927	1	0.11126	5	9.7927	0	0.2	0.2	0.2	0.2	0.2	0.2	0.2	0.2	0.2	0.2	0.2	0.2	0.2	0.2	0.2	0.2	0.2
10000	3	0.01	0.02	1	1	0.8	1	0.3	2.5	15	1	0.3	2.5	15	1	0.3	2.5	15	1	0.3	2.5	15	0	1	0.3	2.5	15	1	0.3	2.5	15	1	0.3	2.5	15	1	0.3	2.5	15	0	0.2	0.2	0.2	0.2	0.2	0.2	0.2	0.2	0.2	0.2	0.2	0.2	0.2	0.2	0.2	0.2	0.2
10000	4.4622	0.005	0.018333	1	1	0.8	0.8	0.3	2.5	10.833	0.8	0.3	2.5	10.833	0.8	0.3	2.5	10.833	0.8	0.3	2.5	10.833	0	0.44819	0.16807	1.4006	6.0693	0.44819	0.16807	1.4006	6.0693	0.44819	0.16807	1.4006	6.0693	0.44819	0.16807	1.4006	6.0693	0	0.16863	0.16863	0.16863	0.16863	0.16863	0.16863	0.16863	0.16863	0.16863	0.16863	0.16863	0.16863	0.16863	0.16863	0.16863	0.16863	0.16863
10000	3.4851	0.0063204	0.02	1	1	0.8	1	0.5	3.5	15	1	0.5	3.5	15	1	0.5	3.5	15	1	0.5	3.5	15	0	0.51464	0.25732	1.8012	7.7196	0.51464	0.25732	1.8012	7.7196	0.51464	0.25732	1.8012	7.7196	0.51464	0.25732	1.8012	7.7196	0	0.2	0.2	0.2	0.2	0.2	0.2	0.2	0.2	0.2	0.2	0.2	0.2	0.2	0.2	0.2	0.2	0.2
10000	5	0.005	0.015	1	1	0.4	1	0.3	2.5	9.9777	1	0.3	2.5	9.9777	1	0.3	2.5	9.9777	1	0.3	2.5	9.9777	0	0.5	0.15	1.25	4.9888	0.5	0.15	1.25	4.9888	0.5	0.15	1.25	4.9888	0.5	0.15	1.25	4.9888	0	0.2	0.2	0.2	0.2	0.2	0.2	0.2	0.2	0.2	0.2	0.2	0.2	0.2	0.2	0.2	0.2	0.2
10000	4.0231	0.001	0.01	1	1	0.78936	0.98818	0.43557	2.8599	15.095	0.98818	0.43557	2.8599	15.095	0.98818	0.43557	2.8599	15.095	0.98818	0.43557	2.8599	15.095	0	0.9984	0.44007	2.8895	15.251	0.9984	0.44007	2.8895	15.251	0.9984	0.44007	2.8895	15.251	0.9984	0.44007	2.8895	15.251	0	0.10236	0.10236	0.10236	0.10236	0.10236	0.10236	0.10236	0.10236	0.10236	0.10236	0.10236	0.10236	0.10236	0.10236	0.10236	0.10236	0.10236
10000	10	0.0068884	0.014444	1	1	0.8001	0.79998	0.30005	2.4998	5.233	0.79998	0.30005	2.4998	5.233	0.79998	0.30005	2.4998	5.233	0.79998	0.30005	2.4998	5.233	0	0.79997	0.30004	2.4997	5.2329	0.79997	0.30004	2.4997	5.2329	0.79997	0.30004	2.4997	5.2329	0.79997	0.30004	2.4997	5.2329	0	0.19998	0.19998	0.19998	0.19998	0.19998	0.19998	0.19998	0.19998	0.19998	0.19998	0.19998	0.19998	0.19998	0.19998	0.19998	0.19998	0.19998
10000	3.3267	0.001	0.02	1	1	0.48812	0.88889	0.43333	2.7778	12.006	0.88889	0.43333	2.7778	12.006	0.88889	0.43333	2.7778	12.006	0.88889	0.43333	2.7778	12.006	0	0.86169	0.42007	2.6928	11.639	0.86169	0.42007	2.6928	11.639	0.86169	0.42007	2.6928	11.639	0.86169	0.42007	2.6928	11.639	0	0.24873	0.24873	0.24873	0.24873	0.24873	0.24873	0.24873	0.24873	0.24873	0.24873	0.24873	0.24873	0.24873	0.24873	0.24873	0.24873	0.24873
10000	1.424	0.019898	0.01	1	1	0.79826	0.99731	0.33204	3.3383	20.02	0.99731	0.33204	3.3383	20.02	0.99731	0.33204	3.3383	20.02	0.99731	0.33204	3.3383	20.02	0	0.99563	0.33148	3.3326	19.987	0.99563	0.33148	3.3326	19.987	0.99563	0.33148	3.3326	19.987	0.99563	0.33148	3.3326	19.987	0	0.30007	0.30007	0.30007	0.30007	0.30007	0.30007	0.30007	0.30007	0.30007	0.30007	0.30007	0.30007	0.30007	0.30007	0.30007	0.30007	0.30007
10000	2.1709	0.01	0.02	1	1	0.51287	1	0.3	4.6667	10.636	1	0.3	4.6667	10.636	1	0.3	4.6667	10.636	1	0.3	4.6667	10.636	0	0.75814	0.22744	3.538	8.0636	0.75814	0.22744	3.538	8.0636	0.75814	0.22744	3.538	8.0636	0.75814	0.22744	3.538	8.0636	0	0.29571	0.29571	0.29571	0.29571	0.29571	0.29571	0.29571	0.29571	0.29571	0.29571	0.29571	0.29571	0.29571	0.29571	0.29571	0.29571	0.29571
10000	2.1389	0.021111	0.03	1	1	0.8	0.8	0.3	3.9384	10.945	0.8	0.3	3.9384	10.945	0.8	0.3	3.9384	10.945	0.8	0.3	3.9384	10.945	0	0.81788	0.3067	4.0264	11.19	0.81788	0.3067	4.0264	11.19	0.81788	0.3067	4.0264	11.19	0.81788	0.3067	4.0264	11.19	0	0.27182	0.27182	0.27182	0.27182	0.27182	0.27182	0.27182	0.27182	0.27182	0.27182	0.27182	0.27182	0.27182	0.27182	0.27182	0.27182	0.27182
10000	4.4469	0.0072277	0.018819	1	1	0.70674	0.89638	0.33118	3.5751	15.358	0.89638	0.33118	3.5751	15.358	0.89638	0.33118	3.5751	15.358	0.89638	0.33118	3.5751	15.358	0	0.98051	0.36226	3.9107	16.799	0.98051	0.36226	3.9107	16.799	0.98051	0.36226	3.9107	16.799	0.98051	0.36226	3.9107	16.799	0	0.24291	0.24291	0.24291	0.24291	0.24291	0.24291	0.24291	0.24291	0.24291	0.24291	0.24291	0.24291	0.24291	0.24291	0.24291	0.24291	0.24291
10000	3.8641	0.001	0.01	1	1	0.79032	0.99492	0.29392	3.5242	9.9408	0.99492	0.29392	3.5242	9.9408	0.99492	0.29392	3.5242	9.9408	0.99492	0.29392	3.5242	9.9408	0	1.1664	0.34457	4.1315	11.654	1.1664	0.34457	4.1315	11.654	1.1664	0.34457	4.1315	11.654	1.1664	0.34457	4.1315	11.654	0	0.20079	0.20079	0.20079	0.20079	0.20079	0.20079	0.20079	0.20079	0.20079	0.20079	0.20079	0.20079	0.20079	0.20079	0.20079	0.20079	0.20079
10000	2.8389	0.001	0.01	1	1	0.8	1	0.22189	2.9196	15	1	0.22189	2.9196	15	1	0.22189	2.9196	15	1	0.22189	2.9196	15	0	1.0222	0.22681	2.9844	15.333	1.0222	0.22681	2.9844	15.333	1.0222	0.22681	2.9844	15.333	1.0222	0.22681	2.9844	15.333	0	0.077022	0.077022	0.077022	0.077022	0.077022	0.077022	0.077022	0.077022	0.077022	0.077022	0.077022	0.077022	0.077022	0.077022	0.077022	0.077022	0.077022
10000	5.3591	0.0045072	0.020029	1	1	1.108	0.812	0.30052	3.3154	15.012	0.812	0.30052	3.3154	15.012	0.812	0.30052	3.3154	15.012	0.812	0.30052	3.3154	15.012	0	1.591	0.58883	6.4962	29.414	1.591	0.58883	6.4962	29.414	1.591	0.58883	6.4962	29.414	1.591	0.58883	6.4962	29.414	0	0.19942	0.19942	0.19942	0.19942	0.19942	0.19942	0.19942	0.19942	0.19942	0.19942	0.19942	0.19942	0.19942	0.19942	0.19942	0.19942	0.19942
10000	3.8391	0.00925	0.019167	1	1	0.7625	1.2917	0.49213	5.2194	29.667	1.2917	0.49213	5.2194	29.667	1.2917	0.49213	5.2194	29.667	1.2917	0.49213	5.2194	29.667	0	1.3388	0.51007	5.4097	30.748	1.3388	0.51007	5.4097	30.748	1.3388	0.51007	5.4097	30.748	1.3388	0.51007	5.4097	30.748	0	0.28119	0.28119	0.28119	0.28119	0.28119	0.28119	0.28119	0.28119	0.28119	0.28119	0.28119	0.28119	0.28119	0.28119	0.28119	0.28119	0.28119
10000	3.0061	0.001	0.019937	1	1	0.7974	0.74887	0.29797	3.507	10.017	0.74887	0.29797	3.507	10.017	0.74887	0.29797	3.507	10.017	0.74887	0.29797	3.507	10.017	0	0.74774	0.29752	3.5017	10.002	0.74774	0.29752	3.5017	10.002	0.74774	0.29752	3.5017	10.002	0.74774	0.29752	3.5017	10.002	0	0.10063	0.10063	0.10063	0.10063	0.10063	0.10063	0.10063	0.10063	0.10063	0.10063	0.10063	0.10063	0.10063	0.10063	0.10063	0.10063	0.10063
10000	7.2146	0.0088715	0.018966	1	1	0.9239	0.86234	0.26469	3.6543	15.435	0.86234	0.26469	3.6543	15.435	0.86234	0.26469	3.6543	15.435	0.86234	0.26469	3.6543	15.435	0	0.96621	0.29657	4.0944	17.294	0.96621	0.29657	4.0944	17.294	0.96621	0.29657	4.0944	17.294	0.96621	0.29657	4.0944	17.294	0	0.14494	0.14494	0.14494	0.14494	0.14494	0.14494	0.14494	0.14494	0.14494	0.14494	0.14494	0.14494	0.14494	0.14494	0.14494	0.14494	0.14494
10000	6.4748	0.0057768	0.01	1	1	1.2501	0.49994	0.010893	4.6252	7.0406	0.49994	0.010893	4.6252	7.0406	0.49994	0.010893	4.6252	7.0406	0.49994	0.010893	4.6252	7.0406	0	0.71864	0.015658	6.6484	10.12	0.71864	0.015658	6.6484	10.12	0.71864	0.015658	6.6484	10.12	0.71864	0.015658	6.6484	10.12	0	0.40003	0.40003	0.40003	0.40003	0.40003	0.40003	0.40003	0.40003	0.40003	0.40003	0.40003	0.40003	0.40003	0.40003	0.40003	0.40003	0.40003
10000	4.6651	0.001	0.011111	1	1	0.8	1	0.17434	3.7772	21.016	1	0.17434	3.7772	21.016	1	0.17434	3.7772	21.016	1	0.17434	3.7772	21.016	0	1	0.17434	3.7772	21.016	1	0.17434	3.7772	21.016	1	0.17434	3.7772	21.016	1	0.17434	3.7772	21.016	0	0.4	0.4	0.4	0.4	0.4	0.4	0.4	0.4	0.4	0.4	0.4	0.4	0.4	0.4	0.4	0.4	0.4
10000	4.2994	0.0023125	0.017378	1	1	1	0.8	0.1551	2.5	20	0.8	0.1551	2.5	20	0.8	0.1551	2.5	20	0.8	0.1551	2.5	20	0	0.8	0.1551	2.5	20	0.8	0.1551	2.5	20	0.8	0.1551	2.5	20	0.8	0.1551	2.5	20	0	0.23075	0.23075	0.23075	0.23075	0.23075	0.23075	0.23075	0.23075	0.23075	0.23075	0.23075	0.23075	0.23075	0.23075	0.23075	0.23075	0.23075
10000	2.8389	0.003	0.02	1	1	1.0667	1	0.18356	2.5	15	1	0.18356	2.5	15	1	0.18356	2.5	15	1	0.18356	2.5	15	0	0.88814	0.16303	2.2204	13.322	0.88814	0.16303	2.2204	13.322	0.88814	0.16303	2.2204	13.322	0.88814	0.16303	2.2204	13.322	0	0.1	0.1	0.1	0.1	0.1	0.1	0.1	0.1	0.1	0.1	0.1	0.1	0.1	0.1	0.1	0.1	0.1
10000	4.9891	0.0029891	0.010833	1	1	0.8	1	0	18.03	10	1	0	18.03	10	1	0	18.03	10	1	0	18.03	10	0	0.25	0	4.5075	2.5	0.25	0	4.5075	2.5	0.25	0	4.5075	2.5	0.25	0	4.5075	2.5	0	0.2	0.2	0.2	0.2	0.2	0.2	0.2	0.2	0.2	0.2	0.2	0.2	0.2	0.2	0.2	0.2	0.2
10000	8.5377	0.007	0.022607	1	1	0.8	1	0.4	5	30	1	0.4	5	30	1	0.4	5	30	1	0.4	5	30	0	1	0.4	5	30	1	0.4	5	30	1	0.4	5	30	1	0.4	5	30	0	0.42234	0.42234	0.42234	0.42234	0.42234	0.42234	0.42234	0.42234	0.42234	0.42234	0.42234	0.42234	0.42234	0.42234	0.42234	0.42234	0.42234
10000	3	0.001	0.01	1	1	0.8	1	0.3	2.5	15	1	0.3	2.5	15	1	0.3	2.5	15	1	0.3	2.5	15	0	0.71318	0.21395	1.783	10.698	0.71318	0.21395	1.783	10.698	0.71318	0.21395	1.783	10.698	0.71318	0.21395	1.783	10.698	0	0.27261	0.27261	0.27261	0.27261	0.27261	0.27261	0.27261	0.27261	0.27261	0.27261	0.27261	0.27261	0.27261	0.27261	0.27261	0.27261	0.27261
10000	4.8521	0.0036722	0.024174	1	1	0.79324	0.85436	0.20534	3.8277	15.793	0.85436	0.20534	3.8277	15.793	0.85436	0.20534	3.8277	15.793	0.85436	0.20534	3.8277	15.793	0	0.96324	0.2315	4.3155	17.806	0.96324	0.2315	4.3155	17.806	0.96324	0.2315	4.3155	17.806	0.96324	0.2315	4.3155	17.806	0	0.25826	0.25826	0.25826	0.25826	0.25826	0.25826	0.25826	0.25826	0.25826	0.25826	0.25826	0.25826	0.25826	0.25826	0.25826	0.25826	0.25826
10000	4.86	0.001	0.019994	1	1	0.79969	0.80031	0.30023	2.4994	10.002	0.80031	0.30023	2.4994	10.002	0.80031	0.30023	2.4994	10.002	0.80031	0.30023	2.4994	10.002	0	0.92901	0.3485	2.9013	11.61	0.92901	0.3485	2.9013	11.61	0.92901	0.3485	2.9013	11.61	0.92901	0.3485	2.9013	11.61	0	0.099931	0.099931	0.099931	0.099931	0.099931	0.099931	0.099931	0.099931	0.099931	0.099931	0.099931	0.099931	0.099931	0.099931	0.099931	0.099931	0.099931
