10000	0.57864	0.010902	0.021916	1	1	0.76157	1	0.3	2.5	15	1	0.3	2.5	15	1	0.3	2.5	15	1	0.3	2.5	15	0	1	0.3	2.5	15	1	0.3	2.5	15	1	0.3	2.5	15	1	0.3	2.5	15	0	0.1972	0.1972	0.1972	0.1972	0.1972	0.1972	0.1972	0.1972	0.1972	0.1972	0.1972	0.1972	0.1972	0.1972	0.1972	0.1972	0.1972
10000	3.444	0.0043333	0.01	1	1	0.44444	1.3333	0.15828	2.5	15	1.3333	0.15828	2.5	15	1.3333	0.15828	2.5	15	1.3333	0.15828	2.5	15	0	0.66667	0.07914	1.25	7.5	0.66667	0.07914	1.25	7.5	0.66667	0.07914	1.25	7.5	0.66667	0.07914	1.25	7.5	0	0.05	0.05	0.05	0.05	0.05	0.05	0.05	0.05	0.05	0.05	0.05	0.05	0.05	0.05	0.05	0.05	0.05
10000	0.1	0.01	0.02	1	1	-0.12104	1	0.3	2.5	15	1	0.3	2.5	15	1	0.3	2.5	15	1	0.3	2.5	15	0	1.0641	0.31923	2.6603	15.962	1.0641	0.31923	2.6603	15.962	1.0641	0.31923	2.6603	15.962	1.0641	0.31923	2.6603	15.962	0	0.2	0.2	0.2	0.2	0.2	0.2	0.2	0.2	0.2	0.2	0.2	0.2	0.2	0.2	0.2	0.2	0.2
10000	1.8904	0.001	0.02	1	1	0.50392	1	0.3	2.6231	15	1	0.3	2.6231	15	1	0.3	2.6231	15	1	0.3	2.6231	15	0	0.95833	0.2875	2.5138	14.375	0.95833	0.2875	2.5138	14.375	0.95833	0.2875	2.5138	14.375	0.95833	0.2875	2.5138	14.375	0	0.16667	0.16667	0.16667	0.16667	0.16667	0.16667	0.16667	0.16667	0.16667	0.16667	0.16667	0.16667	0.16667	0.16667	0.16667	0.16667	0.16667
10000	1.0949	0.011753	0.020575	1.095	1	0.53389	0.97126	0.28132	3.5687	13.47	0.97126	0.28132	3.5687	13.47	0.97126	0.28132	3.5687	13.47	0.97126	0.28132	3.5687	13.47	0	0.88106	0.25519	3.2373	12.219	0.88106	0.25519	3.2373	12.219	0.88106	0.25519	3.2373	12.219	0.88106	0.25519	3.2373	12.219	0	0.24833	0.24833	0.24833	0.24833	0.24833	0.24833	0.24833	0.24833	0.24833	0.24833	0.24833	0.24833	0.24833	0.24833	0.24833	0.24833	0.24833
10000	3	0.001	0.019478	1	1	0.8	1	0.3	3.4359	30	1	0.3	3.4359	30	1	0.3	3.4359	30	1	0.3	3.4359	30	0	1	0.3	3.4359	30	1	0.3	3.4359	30	1	0.3	3.4359	30	1	0.3	3.4359	30	0	0.2	0.2	0.2	0.2	0.2	0.2	0.2	0.2	0.2	0.2	0.2	0.2	0.2	0.2	0.2	0.2	0.2
10000	3.1053	0.017948	0.018424	1.0671	1	0.75139	1.054	0.33511	4.9055	20.567	1.054	0.33511	4.9055	20.567	1.054	0.33511	4.9055	20.567	1.054	0.33511	4.9055	20.567	0	1.0042	0.31927	4.6736	19.595	1.0042	0.31927	4.6736	19.595	1.0042	0.31927	4.6736	19.595	1.0042	0.31927	4.6736	19.595	0	0.18467	0.18467	0.18467	0.18467	0.18467	0.18467	0.18467	0.18467	0.18467	0.18467	0.18467	0.18467	0.18467	0.18467	0.18467	0.18467	0.18467
10000	2.1986	0.002	0.02459	1	1	0.3234	0.85451	0.3	2.7275	15	0.85451	0.3	2.7275	15	0.85451	0.3	2.7275	15	0.85451	0.3	2.7275	15	0	0.85451	0.3	2.7275	15	0.85451	0.3	2.7275	15	0.85451	0.3	2.7275	15	0.85451	0.3	2.7275	15	0	0.18008	0.18008	0.18008	0.18008	0.18008	0.18008	0.18008	0.18008	0.18008	0.18008	0.18008	0.18008	0.18008	0.18008	0.18008	0.18008	0.18008
10000	4.0768	0.0045237	0.018784	0.94379	1	0.58668	0.90861	-0.55326	2.6082	14.476	0.90861	-0.55326	2.6082	14.476	0.90861	-0.55326	2.6082	14.476	0.90861	-0.55326	2.6082	14.476	0	0.77169	-0.46989	2.2152	12.295	0.77169	-0.46989	2.2152	12.295	0.77169	-0.46989	2.2152	12.295	0.77169	-0.46989	2.2152	12.295	0	0.17382	0.17382	0.17382	0.17382	0.17382	0.17382	0.17382	0.17382	0.17382	0.17382	0.17382	0.17382	0.17382	0.17382	0.17382	0.17382	0.17382
10000	0.93754	0.011667	0.02	1	1	0.73304	0.99999	0.3	3.5323	15	0.99999	0.3	3.5323	15	0.99999	0.3	3.5323	15	0.99999	0.3	3.5323	15	0	0.9751	0.29253	3.4444	14.627	0.9751	0.29253	3.4444	14.627	0.9751	0.29253	3.4444	14.627	0.9751	0.29253	3.4444	14.627	0	0.36667	0.36667	0.36667	0.36667	0.36667	0.36667	0.36667	0.36667	0.36667	0.36667	0.36667	0.36667	0.36667	0.36667	0.36667	0.36667	0.36667
10000	0.1	0.020006	0.022232	1.9999	1	0.37972	1.0002	0.29989	4.667	19.998	1.0002	0.29989	4.667	19.998	1.0002	0.29989	4.667	19.998	1.0002	0.29989	4.667	19.998	0	1.1239	0.33699	5.2444	22.472	1.1239	0.33699	5.2444	22.472	1.1239	0.33699	5.2444	22.472	1.1239	0.33699	5.2444	22.472	0	0.20007	0.20007	0.20007	0.20007	0.20007	0.20007	0.20007	0.20007	0.20007	0.20007	0.20007	0.20007	0.20007	0.20007	0.20007	0.20007	0.20007
10000	6.0687	0.0056387	0.01	1	1	0.58394	1.5629	0.66667	6.8381	15	1.5629	0.66667	6.8381	15	1.5629	0.66667	6.8381	15	1.5629	0.66667	6.8381	15	0	0.78145	0.33333	3.419	7.5	0.78145	0.33333	3.419	7.5	0.78145	0.33333	3.419	7.5	0.78145	0.33333	3.419	7.5	0	0.1614	0.1614	0.1614	0.1614	0.1614	0.1614	0.1614	0.1614	0.1614	0.1614	0.1614	0.1614	0.1614	0.1614	0.1614	0.1614	0.1614
10000	2.4927	0.0070725	0.019462	1.1108	1	0.80004	1	0.11502	3.0557	15	1	0.11502	3.0557	15	1	0.11502	3.0557	15	1	0.11502	3.0557	15	0	1.0264	0.11805	3.1361	15.394	1.0264	0.11805	3.1361	15.394	1.0264	0.11805	3.1361	15.394	1.0264	0.11805	3.1361	15.394	0	0.22501	0.22501	0.22501	0.22501	0.22501	0.22501	0.22501	0.22501	0.22501	0.22501	0.22501	0.22501	0.22501	0.22501	0.22501	0.22501	0.22501
10000	0.1	0.001	0.02	1.144	1	0.57346	1	-0.065169	3.6664	15	1	-0.065169	3.6664	15	1	-0.065169	3.6664	15	1	-0.065169	3.6664	15	0	0.5	-0.032585	1.8332	7.5	0.5	-0.032585	1.8332	7.5	0.5	-0.032585	1.8332	7.5	0.5	-0.032585	1.8332	7.5	0	0.11199	0.11199	0.11199	0.11199	0.11199	0.11199	0.11199	0.11199	0.11199	0.11199	0.11199	0.11199	0.11199	0.11199	0.11199	0.11199	0.11199
10000	3.2078	0.0048037	0.02	0.98095	1	0.7447	1.1111	0.3	3.5	15	1.1111	0.3	3.5	15	1.1111	0.3	3.5	15	1.1111	0.3	3.5	15	0	1.1728	0.31667	3.6945	15.833	1.1728	0.31667	3.6945	15.833	1.1728	0.31667	3.6945	15.833	1.1728	0.31667	3.6945	15.833	0	0.2308	0.2308	0.2308	0.2308	0.2308	0.2308	0.2308	0.2308	0.2308	0.2308	0.2308	0.2308	0.2308	0.2308	0.2308	0.2308	0.2308
10000	5	0.01	0.017451	1	1	0.8	0.81806	0.5	4.5432	6.7483	0.81806	0.5	4.5432	6.7483	0.81806	0.5	4.5432	6.7483	0.81806	0.5	4.5432	6.7483	0	0.99147	0.60598	5.5063	8.1787	0.99147	0.60598	5.5063	8.1787	0.99147	0.60598	5.5063	8.1787	0.99147	0.60598	5.5063	8.1787	0	0.26841	0.26841	0.26841	0.26841	0.26841	0.26841	0.26841	0.26841	0.26841	0.26841	0.26841	0.26841	0.26841	0.26841	0.26841	0.26841	0.26841
10000	2.4688	0.001	0.02	1.0533	1	0.8	0.69358	0.26628	2.8791	15	0.69358	0.26628	2.8791	15	0.69358	0.26628	2.8791	15	0.69358	0.26628	2.8791	15	0	0.34679	0.13314	1.4395	7.5	0.34679	0.13314	1.4395	7.5	0.34679	0.13314	1.4395	7.5	0.34679	0.13314	1.4395	7.5	0	0.2	0.2	0.2	0.2	0.2	0.2	0.2	0.2	0.2	0.2	0.2	0.2	0.2	0.2	0.2	0.2	0.2
10000	2.8763	0.040016	0.023303	1.0161	1	0.90076	0.87339	0.33232	5.0055	7.6742	0.87339	0.33232	5.0055	7.6742	0.87339	0.33232	5.0055	7.6742	0.87339	0.33232	5.0055	7.6742	0	0.97537	0.37112	5.5899	8.5702	0.97537	0.37112	5.5899	8.5702	0.97537	0.37112	5.5899	8.5702	0.97537	0.37112	5.5899	8.5702	0	0.35917	0.35917	0.35917	0.35917	0.35917	0.35917	0.35917	0.35917	0.35917	0.35917	0.35917	0.35917	0.35917	0.35917	0.35917	0.35917	0.35917
10000	3.5229	0.0088632	0.023282	1.322	1	0.43765	0.29076	0.36201	4.5307	12.855	0.29076	0.36201	4.5307	12.855	0.29076	0.36201	4.5307	12.855	0.29076	0.36201	4.5307	12.855	0	0.35898	0.44695	5.5938	15.871	0.35898	0.44695	5.5938	15.871	0.35898	0.44695	5.5938	15.871	0.35898	0.44695	5.5938	15.871	0	0.36753	0.36753	0.36753	0.36753	0.36753	0.36753	0.36753	0.36753	0.36753	0.36753	0.36753	0.36753	0.36753	0.36753	0.36753	0.36753	0.36753
10000	8.2645	0.0038437	0.02433	1.0797	1	0.76109	0.95677	0.2719	5.0525	20.454	0.95677	0.2719	5.0525	20.454	0.95677	0.2719	5.0525	20.454	0.95677	0.2719	5.0525	20.454	0	1.4718	0.41825	7.7721	31.464	1.4718	0.41825	7.7721	31.464	1.4718	0.41825	7.7721	31.464	1.4718	0.41825	7.7721	31.464	0	0.62907	0.62907	0.62907	0.62907	0.62907	0.62907	0.62907	0.62907	0.62907	0.62907	0.62907	0.62907	0.62907	0.62907	0.62907	0.62907	0.62907
10000	7	0.01411	0.02	1.1371	1	0.67029	1	0.3	3.5	15	1	0.3	3.5	15	1	0.3	3.5	15	1	0.3	3.5	15	0	1	0.3	3.5	15	1	0.3	3.5	15	1	0.3	3.5	15	1	0.3	3.5	15	0	0.29756	0.29756	0.29756	0.29756	0.29756	0.29756	0.29756	0.29756	0.29756	0.29756	0.29756	0.29756	0.29756	0.29756	0.29756	0.29756	0.29756
10000	6.3694	0.020701	0.025115	1.1337	1	0.71967	0.72262	0.21666	3.6526	20	0.72262	0.21666	3.6526	20	0.72262	0.21666	3.6526	20	0.72262	0.21666	3.6526	20	0	0.84306	0.25276	4.2614	23.333	0.84306	0.25276	4.2614	23.333	0.84306	0.25276	4.2614	23.333	0.84306	0.25276	4.2614	23.333	0	0.2	0.2	0.2	0.2	0.2	0.2	0.2	0.2	0.2	0.2	0.2	0.2	0.2	0.2	0.2	0.2	0.2
10000	3	0.021777	0.01	1.6878	1	0.8	0.68048	0.3	2.5	9.444	0.68048	0.3	2.5	9.444	0.68048	0.3	2.5	9.444	0.68048	0.3	2.5	9.444	0	0.63728	0.28096	2.3413	8.8444	0.63728	0.28096	2.3413	8.8444	0.63728	0.28096	2.3413	8.8444	0.63728	0.28096	2.3413	8.8444	0	0.2	0.2	0.2	0.2	0.2	0.2	0.2	0.2	0.2	0.2	0.2	0.2	0.2	0.2	0.2	0.2	0.2
10000	5.9561	0.01855	0.026072	1.0334	1	0.53453	0.96184	0.31225	5.0668	19.695	0.96184	0.31225	5.0668	19.695	0.96184	0.31225	5.0668	19.695	0.96184	0.31225	5.0668	19.695	0	1.2449	0.40413	6.5578	25.49	1.2449	0.40413	6.5578	25.49	1.2449	0.40413	6.5578	25.49	1.2449	0.40413	6.5578	25.49	0	0.43329	0.43329	0.43329	0.43329	0.43329	0.43329	0.43329	0.43329	0.43329	0.43329	0.43329	0.43329	0.43329	0.43329	0.43329	0.43329	0.43329
10000	5.85	0.016231	0.021755	1.3333	1	0.70802	0.98625	0.3	5	13.333	0.98625	0.3	5	13.333	0.98625	0.3	5	13.333	0.98625	0.3	5	13.333	0	1.041	0.31667	5.2778	14.074	1.041	0.31667	5.2778	14.074	1.041	0.31667	5.2778	14.074	1.041	0.31667	5.2778	14.074	0	0.2	0.2	0.2	0.2	0.2	0.2	0.2	0.2	0.2	0.2	0.2	0.2	0.2	0.2	0.2	0.2	0.2
10000	5	0.025066	0.03833	1	1	0.8	1	0.3	2.5	15	1	0.3	2.5	15	1	0.3	2.5	15	1	0.3	2.5	15	0	1	0.3	2.5	15	1	0.3	2.5	15	1	0.3	2.5	15	1	0.3	2.5	15	0	0.58905	0.58905	0.58905	0.58905	0.58905	0.58905	0.58905	0.58905	0.58905	0.58905	0.58905	0.58905	0.58905	0.58905	0.58905	0.58905	0.58905
10000	10	0.74828	0.033292	1.0087	1	0.79981	0.84212	0.50016	3.3328	11.701	0.84212	0.50016	3.3328	11.701	0.84212	0.50016	3.3328	11.701	0.84212	0.50016	3.3328	11.701	0	0.42115	0.25013	1.6668	5.8517	0.42115	0.25013	1.6668	5.8517	0.42115	0.25013	1.6668	5.8517	0.42115	0.25013	1.6668	5.8517	0	0.45558	0.45558	0.45558	0.45558	0.45558	0.45558	0.45558	0.45558	0.45558	0.45558	0.45558	0.45558	0.45558	0.45558	0.45558	0.45558	0.45558
10000	8.6289	0.028108	0.019444	1	1	1.0667	0.90603	0.6	2.5	15	0.90603	0.6	2.5	15	0.90603	0.6	2.5	15	0.90603	0.6	2.5	15	0	1.1883	0.78695	3.279	19.674	1.1883	0.78695	3.279	19.674	1.1883	0.78695	3.279	19.674	1.1883	0.78695	3.279	19.674	0	0.45	0.45	0.45	0.45	0.45	0.45	0.45	0.45	0.45	0.45	0.45	0.45	0.45	0.45	0.45	0.45	0.45
10000	7.0005	0.46718	0.019999	2.0001	1	0.80011	0.99997	0.30008	2.5002	14.999	0.99997	0.30008	2.5002	14.999	0.99997	0.30008	2.5002	14.999	0.99997	0.30008	2.5002	14.999	0	0.96019	0.28814	2.4008	14.402	0.96019	0.28814	2.4008	14.402	0.96019	0.28814	2.4008	14.402	0.96019	0.28814	2.4008	14.402	0	0.29993	0.29993	0.29993	0.29993	0.29993	0.29993	0.29993	0.29993	0.29993	0.29993	0.29993	0.29993	0.29993	0.29993	0.29993	0.29993	0.29993
10000	2.9433	0.01	0.019444	1	1	0.86667	0.347	0.3	2.5	15	0.347	0.3	2.5	15	0.347	0.3	2.5	15	0.347	0.3	2.5	15	0	0.35423	0.30625	2.5521	15.313	0.35423	0.30625	2.5521	15.313	0.35423	0.30625	2.5521	15.313	0.35423	0.30625	2.5521	15.313	0	0.4	0.4	0.4	0.4	0.4	0.4	0.4	0.4	0.4	0.4	0.4	0.4	0.4	0.4	0.4	0.4	0.4
10000	3	0.0073307	0.02	1	1	0.8	1	0.3	2.5	15	1	0.3	2.5	15	1	0.3	2.5	15	1	0.3	2.5	15	0	0.77919	0.23376	1.948	11.688	0.77919	0.23376	1.948	11.688	0.77919	0.23376	1.948	11.688	0.77919	0.23376	1.948	11.688	0	0.21327	0.21327	0.21327	0.21327	0.21327	0.21327	0.21327	0.21327	0.21327	0.21327	0.21327	0.21327	0.21327	0.21327	0.21327	0.21327	0.21327
10000	3.9358	0.0066421	0.020819	1.1882	1	0.97362	0.80708	0.4097	4.8624	16.543	0.80708	0.4097	4.8624	16.543	0.80708	0.4097	4.8624	16.543	0.80708	0.4097	4.8624	16.543	0	0.67085	0.34054	4.0417	13.751	0.67085	0.34054	4.0417	13.751	0.67085	0.34054	4.0417	13.751	0.67085	0.34054	4.0417	13.751	0	0.27051	0.27051	0.27051	0.27051	0.27051	0.27051	0.27051	0.27051	0.27051	0.27051	0.27051	0.27051	0.27051	0.27051	0.27051	0.27051	0.27051
10000	5	0.01	0.03	1	1	0.8	0.18839	0.33333	3.3333	15	0.18839	0.33333	3.3333	15	0.18839	0.33333	3.3333	15	0.18839	0.33333	3.3333	15	0	0.28259	0.5	5	22.5	0.28259	0.5	5	22.5	0.28259	0.5	5	22.5	0.28259	0.5	5	22.5	0	0.24085	0.24085	0.24085	0.24085	0.24085	0.24085	0.24085	0.24085	0.24085	0.24085	0.24085	0.24085	0.24085	0.24085	0.24085	0.24085	0.24085
10000	5	0.01	0.018238	1	1	0.8	0.88565	0.3	4.8478	20	0.88565	0.3	4.8478	20	0.88565	0.3	4.8478	20	0.88565	0.3	4.8478	20	0	0.88565	0.3	4.8478	20	0.88565	0.3	4.8478	20	0.88565	0.3	4.8478	20	0.88565	0.3	4.8478	20	0	0.4	0.4	0.4	0.4	0.4	0.4	0.4	0.4	0.4	0.4	0.4	0.4	0.4	0.4	0.4	0.4	0.4
10000	2.5167	0.011667	0.02	2.2267	1	0.8	1	0.3	3.3333	15	1	0.3	3.3333	15	1	0.3	3.3333	15	1	0.3	3.3333	15	0	0.38953	0.11686	1.2984	5.8429	0.38953	0.11686	1.2984	5.8429	0.38953	0.11686	1.2984	5.8429	0.38953	0.11686	1.2984	5.8429	0	0.2	0.2	0.2	0.2	0.2	0.2	0.2	0.2	0.2	0.2	0.2	0.2	0.2	0.2	0.2	0.2	0.2
10000	2.0265	0.0029804	0.021076	1.0043	1	0.47198	0.9951	0.60236	3.6943	33.297	0.9951	0.60236	3.6943	33.297	0.9951	0.60236	3.6943	33.297	0.9951	0.60236	3.6943	33.297	0	0.49974	0.3025	1.8553	16.722	0.49974	0.3025	1.8553	16.722	0.49974	0.3025	1.8553	16.722	0.49974	0.3025	1.8553	16.722	0	0.30171	0.30171	0.30171	0.30171	0.30171	0.30171	0.30171	0.30171	0.30171	0.30171	0.30171	0.30171	0.30171	0.30171	0.30171	0.30171	0.30171
10000	2.2519	0.0053708	0.041011	1.1188	1	0.30496	0.89876	0.38825	2.839	13.914	0.89876	0.38825	2.839	13.914	0.89876	0.38825	2.839	13.914	0.89876	0.38825	2.839	13.914	0	1.0055	0.43437	3.1763	15.567	1.0055	0.43437	3.1763	15.567	1.0055	0.43437	3.1763	15.567	1.0055	0.43437	3.1763	15.567	0	0.25431	0.25431	0.25431	0.25431	0.25431	0.25431	0.25431	0.25431	0.25431	0.25431	0.25431	0.25431	0.25431	0.25431	0.25431	0.25431	0.25431
10000	5	0.001	0.018929	1	1	0.25674	1	0.26721	2.5	15	1	0.26721	2.5	15	1	0.26721	2.5	15	1	0.26721	2.5	15	0	1	0.26721	2.5	15	1	0.26721	2.5	15	1	0.26721	2.5	15	1	0.26721	2.5	15	0	0.26667	0.26667	0.26667	0.26667	0.26667	0.26667	0.26667	0.26667	0.26667	0.26667	0.26667	0.26667	0.26667	0.26667	0.26667	0.26667	0.26667
10000	3.63	0.0037598	0.018889	1	1	0.56975	0.88889	0.38148	2.5	12.315	0.88889	0.38148	2.5	12.315	0.88889	0.38148	2.5	12.315	0.88889	0.38148	2.5	12.315	0	0.88889	0.38148	2.5	12.315	0.88889	0.38148	2.5	12.315	0.88889	0.38148	2.5	12.315	0.88889	0.38148	2.5	12.315	0	0.20107	0.20107	0.20107	0.20107	0.20107	0.20107	0.20107	0.20107	0.20107	0.20107	0.20107	0.20107	0.20107	0.20107	0.20107	0.20107	0.20107
10000	3	0.008408	0.02	0.95833	1	0.19677	1.1501	0.3	3.5	40	1.1501	0.3	3.5	40	1.1501	0.3	3.5	40	1.1501	0.3	3.5	40	0	0.57507	0.15	1.75	20	0.57507	0.15	1.75	20	0.57507	0.15	1.75	20	0.57507	0.15	1.75	20	0	0.3	0.3	0.3	0.3	0.3	0.3	0.3	0.3	0.3	0.3	0.3	0.3	0.3	0.3	0.3	0.3	0.3
10000	6.475	0.001	0.01	1.6309	1	0.35	1.4677	-0.025	3.9242	19	1.4677	-0.025	3.9242	19	1.4677	-0.025	3.9242	19	1.4677	-0.025	3.9242	19	0	1.0234	-0.017433	2.7364	13.249	1.0234	-0.017433	2.7364	13.249	1.0234	-0.017433	2.7364	13.249	1.0234	-0.017433	2.7364	13.249	0	0.48965	0.48965	0.48965	0.48965	0.48965	0.48965	0.48965	0.48965	0.48965	0.48965	0.48965	0.48965	0.48965	0.48965	0.48965	0.48965	0.48965
10000	7.3292	0.0056667	0.021667	1.0729	1	0.56392	1.0833	1.0417	2.4411	15.667	1.0833	1.0417	2.4411	15.667	1.0833	1.0417	2.4411	15.667	1.0833	1.0417	2.4411	15.667	0	0.27083	0.26042	0.61028	3.9167	0.27083	0.26042	0.61028	3.9167	0.27083	0.26042	0.61028	3.9167	0.27083	0.26042	0.61028	3.9167	0	0.20276	0.20276	0.20276	0.20276	0.20276	0.20276	0.20276	0.20276	0.20276	0.20276	0.20276	0.20276	0.20276	0.20276	0.20276	0.20276	0.20276
10000	4.1833	0.001	0.02	2	1	0.66024	1	0.3	3.1452	20	1	0.3	3.1452	20	1	0.3	3.1452	20	1	0.3	3.1452	20	0	0.77171	0.23151	2.4271	15.434	0.77171	0.23151	2.4271	15.434	0.77171	0.23151	2.4271	15.434	0.77171	0.23151	2.4271	15.434	0	0.2	0.2	0.2	0.2	0.2	0.2	0.2	0.2	0.2	0.2	0.2	0.2	0.2	0.2	0.2	0.2	0.2
10000	7.8206	0.0033381	0.024183	1.183	1	0.61178	0.79087	0.53503	2.1365	17.819	0.79087	0.53503	2.1365	17.819	0.79087	0.53503	2.1365	17.819	0.79087	0.53503	2.1365	17.819	0	0.96304	0.65151	2.6016	21.698	0.96304	0.65151	2.6016	21.698	0.96304	0.65151	2.6016	21.698	0.96304	0.65151	2.6016	21.698	0	0.28353	0.28353	0.28353	0.28353	0.28353	0.28353	0.28353	0.28353	0.28353	0.28353	0.28353	0.28353	0.28353	0.28353	0.28353	0.28353	0.28353
10000	7.8858	0.001	0.04	2.6017	1	0.8	1.3058	0.3	2.5	26.667	1.3058	0.3	2.5	26.667	1.3058	0.3	2.5	26.667	1.3058	0.3	2.5	26.667	0	0.65292	0.15	1.25	13.333	0.65292	0.15	1.25	13.333	0.65292	0.15	1.25	13.333	0.65292	0.15	1.25	13.333	0	0.16723	0.16723	0.16723	0.16723	0.16723	0.16723	0.16723	0.16723	0.16723	0.16723	0.16723	0.16723	0.16723	0.16723	0.16723	0.16723	0.16723
10000	3	0.005	0.02	1	1	0.8	1	0.3	2.5	15	1	0.3	2.5	15	1	0.3	2.5	15	1	0.3	2.5	15	0	1	0.3	2.5	15	1	0.3	2.5	15	1	0.3	2.5	15	1	0.3	2.5	15	0	0.2	0.2	0.2	0.2	0.2	0.2	0.2	0.2	0.2	0.2	0.2	0.2	0.2	0.2	0.2	0.2	0.2
10000	2.7591	0.01	0.026667	0.96506	1	1.1852	1	0.3	2.8208	15	1	0.3	2.8208	15	1	0.3	2.8208	15	1	0.3	2.8208	15	0	1.0078	0.30233	2.8427	15.117	1.0078	0.30233	2.8427	15.117	1.0078	0.30233	2.8427	15.117	1.0078	0.30233	2.8427	15.117	0	0.3	0.3	0.3	0.3	0.3	0.3	0.3	0.3	0.3	0.3	0.3	0.3	0.3	0.3	0.3	0.3	0.3
10000	3	0.001	0.020471	0.9437	1	1	1.5	0.3	2.5	15	1.5	0.3	2.5	15	1.5	0.3	2.5	15	1.5	0.3	2.5	15	0	1.5	0.3	2.5	15	1.5	0.3	2.5	15	1.5	0.3	2.5	15	1.5	0.3	2.5	15	0	0.2	0.2	0.2	0.2	0.2	0.2	0.2	0.2	0.2	0.2	0.2	0.2	0.2	0.2	0.2	0.2	0.2
10000	1.8947	0.0036996	0.019928	1	1	0.8	1	0.17096	2.5	15	1	0.17096	2.5	15	1	0.17096	2.5	15	1	0.17096	2.5	15	0	0.98155	0.1678	2.4539	14.723	0.98155	0.1678	2.4539	14.723	0.98155	0.1678	2.4539	14.723	0.98155	0.1678	2.4539	14.723	0	0.19483	0.19483	0.19483	0.19483	0.19483	0.19483	0.19483	0.19483	0.19483	0.19483	0.19483	0.19483	0.19483	0.19483	0.19483	0.19483	0.19483
10000	1.55	0.01	0.02	1.0598	1	1	1.5	0.45365	2.9915	15	1.5	0.45365	2.9915	15	1.5	0.45365	2.9915	15	1.5	0.45365	2.9915	15	0	1.4058	0.42516	2.8036	14.058	1.4058	0.42516	2.8036	14.058	1.4058	0.42516	2.8036	14.058	1.4058	0.42516	2.8036	14.058	0	0.20524	0.20524	0.20524	0.20524	0.20524	0.20524	0.20524	0.20524	0.20524	0.20524	0.20524	0.20524	0.20524	0.20524	0.20524	0.20524	0.20524
10000	4.6227	0.0063329	0.01	1.0316	1	1.2041	1.2563	0.33334	2.5	22.222	1.2563	0.33334	2.5	22.222	1.2563	0.33334	2.5	22.222	1.2563	0.33334	2.5	22.222	0	1.3028	0.34568	2.5926	23.045	1.3028	0.34568	2.5926	23.045	1.3028	0.34568	2.5926	23.045	1.3028	0.34568	2.5926	23.045	0	0.18889	0.18889	0.18889	0.18889	0.18889	0.18889	0.18889	0.18889	0.18889	0.18889	0.18889	0.18889	0.18889	0.18889	0.18889	0.18889	0.18889
10000	5	0.01	0.02	1	1	1	1	0.3	3.5	15	1	0.3	3.5	15	1	0.3	3.5	15	1	0.3	3.5	15	0	0.82453	0.24736	2.8858	12.368	0.82453	0.24736	2.8858	12.368	0.82453	0.24736	2.8858	12.368	0.82453	0.24736	2.8858	12.368	0	0.2	0.2	0.2	0.2	0.2	0.2	0.2	0.2	0.2	0.2	0.2	0.2	0.2	0.2	0.2	0.2	0.2
10000	3.9344	0.001	0.01	1	1	0.8	1.0956	0.3	2.5	15	1.0956	0.3	2.5	15	1.0956	0.3	2.5	15	1.0956	0.3	2.5	15	0	1.2349	0.33814	2.8178	16.907	1.2349	0.33814	2.8178	16.907	1.2349	0.33814	2.8178	16.907	1.2349	0.33814	2.8178	16.907	0	0.28074	0.28074	0.28074	0.28074	0.28074	0.28074	0.28074	0.28074	0.28074	0.28074	0.28074	0.28074	0.28074	0.28074	0.28074	0.28074	0.28074
10000	7.8692	0.0040442	0.017611	1.1045	1	1.1195	1.3507	0.37766	2.7091	15.956	1.3507	0.37766	2.7091	15.956	1.3507	0.37766	2.7091	15.956	1.3507	0.37766	2.7091	15.956	0	1.4919	0.41714	2.9923	17.624	1.4919	0.41714	2.9923	17.624	1.4919	0.41714	2.9923	17.624	1.4919	0.41714	2.9923	17.624	0	0.24779	0.24779	0.24779	0.24779	0.24779	0.24779	0.24779	0.24779	0.24779	0.24779	0.24779	0.24779	0.24779	0.24779	0.24779	0.24779	0.24779
10000	5.1256	0.002238	0.02	1	1	0.8	1	0.21775	3.3333	15	1	0.21775	3.3333	15	1	0.21775	3.3333	15	1	0.21775	3.3333	15	0	1	0.21775	3.3333	15	1	0.21775	3.3333	15	1	0.21775	3.3333	15	1	0.21775	3.3333	15	0	0.2	0.2	0.2	0.2	0.2	0.2	0.2	0.2	0.2	0.2	0.2	0.2	0.2	0.2	0.2	0.2	0.2
10000	4.5089	0.001	0.03	0.95834	1	0.8	1.0854	0.3	2.5	15	1.0854	0.3	2.5	15	1.0854	0.3	2.5	15	1.0854	0.3	2.5	15	0	1.0854	0.3	2.5	15	1.0854	0.3	2.5	15	1.0854	0.3	2.5	15	1.0854	0.3	2.5	15	0	0.099999	0.099999	0.099999	0.099999	0.099999	0.099999	0.099999	0.099999	0.099999	0.099999	0.099999	0.099999	0.099999	0.099999	0.099999	0.099999	0.099999
10000	2.8452	0.007	0.02	1	1	1.0146	1	0.3	2.686	12.294	1	0.3	2.686	12.294	1	0.3	2.686	12.294	1	0.3	2.686	12.294	0	1	0.3	2.686	12.294	1	0.3	2.686	12.294	1	0.3	2.686	12.294	1	0.3	2.686	12.294	0	0.16667	0.16667	0.16667	0.16667	0.16667	0.16667	0.16667	0.16667	0.16667	0.16667	0.16667	0.16667	0.16667	0.16667	0.16667	0.16667	0.16667
10000	2.5076	0.0095029	0.013334	1.0668	1	0.79985	1.1095	0.30019	3.286	15.002	1.1095	0.30019	3.286	15.002	1.1095	0.30019	3.286	15.002	1.1095	0.30019	3.286	15.002	0	0.85843	0.23226	2.5424	11.608	0.85843	0.23226	2.5424	11.608	0.85843	0.23226	2.5424	11.608	0.85843	0.23226	2.5424	11.608	0	0.090185	0.090185	0.090185	0.090185	0.090185	0.090185	0.090185	0.090185	0.090185	0.090185	0.090185	0.090185	0.090185	0.090185	0.090185	0.090185	0.090185
10000	2.1482	0.0058368	0.01	1.1395	1	1.6001	1.6002	0.12206	4.4453	14.508	1.6002	0.12206	4.4453	14.508	1.6002	0.12206	4.4453	14.508	1.6002	0.12206	4.4453	14.508	0	1.2001	0.091545	3.334	10.881	1.2001	0.091545	3.334	10.881	1.2001	0.091545	3.334	10.881	1.2001	0.091545	3.334	10.881	0	0.19488	0.19488	0.19488	0.19488	0.19488	0.19488	0.19488	0.19488	0.19488	0.19488	0.19488	0.19488	0.19488	0.19488	0.19488	0.19488	0.19488
10000	1.0235	0.001	0.011111	1.4806	1	0.8	1.3333	0.28194	2.5434	15	1.3333	0.28194	2.5434	15	1.3333	0.28194	2.5434	15	1.3333	0.28194	2.5434	15	0	0.88889	0.18796	1.6956	10	0.88889	0.18796	1.6956	10	0.88889	0.18796	1.6956	10	0.88889	0.18796	1.6956	10	0	0.20164	0.20164	0.20164	0.20164	0.20164	0.20164	0.20164	0.20164	0.20164	0.20164	0.20164	0.20164	0.20164	0.20164	0.20164	0.20164	0.20164
10000	3	0.02	0.02	0.98611	1	0.70228	1.2103	0.3	3.688	20	1.2103	0.3	3.688	20	1.2103	0.3	3.688	20	1.2103	0.3	3.688	20	0	1.1664	0.28911	3.5542	19.274	1.1664	0.28911	3.5542	19.274	1.1664	0.28911	3.5542	19.274	1.1664	0.28911	3.5542	19.274	0	0.31592	0.31592	0.31592	0.31592	0.31592	0.31592	0.31592	0.31592	0.31592	0.31592	0.31592	0.31592	0.31592	0.31592	0.31592	0.31592	0.31592
10000	5	0.005	0.01	1	1	0.8	1	0.3	3.5	15	1	0.3	3.5	15	1	0.3	3.5	15	1	0.3	3.5	15	0	1	0.3	3.5	15	1	0.3	3.5	15	1	0.3	3.5	15	1	0.3	3.5	15	0	0.2	0.2	0.2	0.2	0.2	0.2	0.2	0.2	0.2	0.2	0.2	0.2	0.2	0.2	0.2	0.2	0.2
10000	7	0.01	0.02	1	1	0.53068	0.86106	0.15998	5	15	0.86106	0.15998	5	15	0.86106	0.15998	5	15	0.86106	0.15998	5	15	0	0.86106	0.15998	5	15	0.86106	0.15998	5	15	0.86106	0.15998	5	15	0.86106	0.15998	5	15	0	0.2	0.2	0.2	0.2	0.2	0.2	0.2	0.2	0.2	0.2	0.2	0.2	0.2	0.2	0.2	0.2	0.2
10000	5	0.01	0.02	1	1	0.61424	1	0.21667	2.5	4.881	1	0.21667	2.5	4.881	1	0.21667	2.5	4.881	1	0.21667	2.5	4.881	0	1	0.21667	2.5	4.881	1	0.21667	2.5	4.881	1	0.21667	2.5	4.881	1	0.21667	2.5	4.881	0	0.1	0.1	0.1	0.1	0.1	0.1	0.1	0.1	0.1	0.1	0.1	0.1	0.1	0.1	0.1	0.1	0.1
10000	4.5389	0.0075202	0.025679	1.0125	1	-0.022762	1.0137	0.40161	3.0595	30.03	1.0137	0.40161	3.0595	30.03	1.0137	0.40161	3.0595	30.03	1.0137	0.40161	3.0595	30.03	0	0.963	0.38154	2.9066	28.529	0.963	0.38154	2.9066	28.529	0.963	0.38154	2.9066	28.529	0.963	0.38154	2.9066	28.529	0	0.21255	0.21255	0.21255	0.21255	0.21255	0.21255	0.21255	0.21255	0.21255	0.21255	0.21255	0.21255	0.21255	0.21255	0.21255	0.21255	0.21255
10000	4.6063	0.01	0.02	1	1	-0.050766	0.87942	0.3	2.5	15	0.87942	0.3	2.5	15	0.87942	0.3	2.5	15	0.87942	0.3	2.5	15	0	0.87942	0.3	2.5	15	0.87942	0.3	2.5	15	0.87942	0.3	2.5	15	0.87942	0.3	2.5	15	0	0.18483	0.18483	0.18483	0.18483	0.18483	0.18483	0.18483	0.18483	0.18483	0.18483	0.18483	0.18483	0.18483	0.18483	0.18483	0.18483	0.18483
10000	5.8333	0.01	0.02	0.95833	1	-0.10101	1	0.3	2.5	20	1	0.3	2.5	20	1	0.3	2.5	20	1	0.3	2.5	20	0	1	0.3	2.5	20	1	0.3	2.5	20	1	0.3	2.5	20	1	0.3	2.5	20	0	0.1	0.1	0.1	0.1	0.1	0.1	0.1	0.1	0.1	0.1	0.1	0.1	0.1	0.1	0.1	0.1	0.1
10000	5.0016	0.0050044	0.019989	0.95219	1	0.40038	0.99946	0.29965	3.4988	20.004	0.99946	0.29965	3.4988	20.004	0.99946	0.29965	3.4988	20.004	0.99946	0.29965	3.4988	20.004	0	0.6658	0.19962	2.3308	13.326	0.6658	0.19962	2.3308	13.326	0.6658	0.19962	2.3308	13.326	0.6658	0.19962	2.3308	13.326	0	0.19153	0.19153	0.19153	0.19153	0.19153	0.19153	0.19153	0.19153	0.19153	0.19153	0.19153	0.19153	0.19153	0.19153	0.19153	0.19153	0.19153
10000	3	1	0.02	1	1	0.30609	1.5	0.3	3.5	10	1.5	0.3	3.5	10	1.5	0.3	3.5	10	1.5	0.3	3.5	10	0	0.75	0.15	1.75	5	0.75	0.15	1.75	5	0.75	0.15	1.75	5	0.75	0.15	1.75	5	0	0.18813	0.18813	0.18813	0.18813	0.18813	0.18813	0.18813	0.18813	0.18813	0.18813	0.18813	0.18813	0.18813	0.18813	0.18813	0.18813	0.18813
10000	2.3431	0.001	0.036158	1.0071	1	0.33917	1.0476	0.28488	2.4858	16.416	1.0476	0.28488	2.4858	16.416	1.0476	0.28488	2.4858	16.416	1.0476	0.28488	2.4858	16.416	0	1.0196	0.27727	2.4193	15.978	1.0196	0.27727	2.4193	15.978	1.0196	0.27727	2.4193	15.978	1.0196	0.27727	2.4193	15.978	0	0.18687	0.18687	0.18687	0.18687	0.18687	0.18687	0.18687	0.18687	0.18687	0.18687	0.18687	0.18687	0.18687	0.18687	0.18687	0.18687	0.18687
10000	6.4389	0.01	0.02	0.7088	1	0.3053	0.68939	0.3	5	15	0.68939	0.3	5	15	0.68939	0.3	5	15	0.68939	0.3	5	15	0	0.68939	0.3	5	15	0.68939	0.3	5	15	0.68939	0.3	5	15	0.68939	0.3	5	15	0	0.2	0.2	0.2	0.2	0.2	0.2	0.2	0.2	0.2	0.2	0.2	0.2	0.2	0.2	0.2	0.2	0.2
10000	8.975	0.0018755	0.03	0.5625	1	0.35	1.5	0.625	3.375	19	1.5	0.625	3.375	19	1.5	0.625	3.375	19	1.5	0.625	3.375	19	0	2.1562	0.89843	4.8515	27.312	2.1562	0.89843	4.8515	27.312	2.1562	0.89843	4.8515	27.312	2.1562	0.89843	4.8515	27.312	0	0.2	0.2	0.2	0.2	0.2	0.2	0.2	0.2	0.2	0.2	0.2	0.2	0.2	0.2	0.2	0.2	0.2
10000	2.5125	0.0073333	0.02	0.78125	1	0.45833	1.0028	0.4375	2.9375	13	1.0028	0.4375	2.9375	13	1.0028	0.4375	2.9375	13	1.0028	0.4375	2.9375	13	0	1.2221	0.5332	3.5801	15.844	1.2221	0.5332	3.5801	15.844	1.2221	0.5332	3.5801	15.844	1.2221	0.5332	3.5801	15.844	0	0.3	0.3	0.3	0.3	0.3	0.3	0.3	0.3	0.3	0.3	0.3	0.3	0.3	0.3	0.3	0.3	0.3
10000	2.3146	0.020101	0.01	0.77731	1	0.34534	1.5052	0.25519	3.3932	10.959	1.5052	0.25519	3.3932	10.959	1.5052	0.25519	3.3932	10.959	1.5052	0.25519	3.3932	10.959	0	1.1038	0.18713	2.4882	8.0361	1.1038	0.18713	2.4882	8.0361	1.1038	0.18713	2.4882	8.0361	1.1038	0.18713	2.4882	8.0361	0	0.366	0.366	0.366	0.366	0.366	0.366	0.366	0.366	0.366	0.366	0.366	0.366	0.366	0.366	0.366	0.366	0.366
10000	2.8389	0.0072871	0.023333	1	1	-0.35594	1.3333	0.6	3.3333	10	1.3333	0.6	3.3333	10	1.3333	0.6	3.3333	10	1.3333	0.6	3.3333	10	0	1.3333	0.6	3.3333	10	1.3333	0.6	3.3333	10	1.3333	0.6	3.3333	10	1.3333	0.6	3.3333	10	0	0.2	0.2	0.2	0.2	0.2	0.2	0.2	0.2	0.2	0.2	0.2	0.2	0.2	0.2	0.2	0.2	0.2
10000	2.2692	0.84631	0.032787	1.8016	1	1.0423	1.1404	0.27323	5.4712	12.846	1.1404	0.27323	5.4712	12.846	1.1404	0.27323	5.4712	12.846	1.1404	0.27323	5.4712	12.846	0	0.72773	0.17435	3.4912	8.1972	0.72773	0.17435	3.4912	8.1972	0.72773	0.17435	3.4912	8.1972	0.72773	0.17435	3.4912	8.1972	0	0.15363	0.15363	0.15363	0.15363	0.15363	0.15363	0.15363	0.15363	0.15363	0.15363	0.15363	0.15363	0.15363	0.15363	0.15363	0.15363	0.15363
10000	2.0598	0.010228	0.018271	1	1	0.70578	1	0.3	2.7778	15	1	0.3	2.7778	15	1	0.3	2.7778	15	1	0.3	2.7778	15	0	0.71687	0.21506	1.9913	10.753	0.71687	0.21506	1.9913	10.753	0.71687	0.21506	1.9913	10.753	0.71687	0.21506	1.9913	10.753	0	0.099999	0.099999	0.099999	0.099999	0.099999	0.099999	0.099999	0.099999	0.099999	0.099999	0.099999	0.099999	0.099999	0.099999	0.099999	0.099999	0.099999
10000	3.0349	0.001	0.02	1.4039	1	0.8	0.99999	0.3	2.5	15	0.99999	0.3	2.5	15	0.99999	0.3	2.5	15	0.99999	0.3	2.5	15	0	0.99999	0.3	2.5	15	0.99999	0.3	2.5	15	0.99999	0.3	2.5	15	0.99999	0.3	2.5	15	0	0.16667	0.16667	0.16667	0.16667	0.16667	0.16667	0.16667	0.16667	0.16667	0.16667	0.16667	0.16667	0.16667	0.16667	0.16667	0.16667	0.16667
10000	0.46883	0.005	0.016667	1.1458	1	0.65	1.2909	0.54167	3.1325	16.333	1.2909	0.54167	3.1325	16.333	1.2909	0.54167	3.1325	16.333	1.2909	0.54167	3.1325	16.333	0	0.75304	0.31597	1.8273	9.5277	0.75304	0.31597	1.8273	9.5277	0.75304	0.31597	1.8273	9.5277	0.75304	0.31597	1.8273	9.5277	0	0.1857	0.1857	0.1857	0.1857	0.1857	0.1857	0.1857	0.1857	0.1857	0.1857	0.1857	0.1857	0.1857	0.1857	0.1857	0.1857	0.1857
10000	1.0667	0.001	0.01	1	1	0.50867	1.0383	0.2057	2.5	15	1.0383	0.2057	2.5	15	1.0383	0.2057	2.5	15	1.0383	0.2057	2.5	15	0	0.69222	0.13713	1.6667	10	0.69222	0.13713	1.6667	10	0.69222	0.13713	1.6667	10	0.69222	0.13713	1.6667	10	0	0	0	0	0	0	0	0	0	0	0	0	0	0	0	0	0	0
10000	6.101	0.001	0.01	0.99413	1	0.87467	1.0099	0.34595	4.0421	16.585	1.0099	0.34595	4.0421	16.585	1.0099	0.34595	4.0421	16.585	1.0099	0.34595	4.0421	16.585	0	0.96525	0.33065	3.8633	15.852	0.96525	0.33065	3.8633	15.852	0.96525	0.33065	3.8633	15.852	0.96525	0.33065	3.8633	15.852	0	0.26916	0.26916	0.26916	0.26916	0.26916	0.26916	0.26916	0.26916	0.26916	0.26916	0.26916	0.26916	0.26916	0.26916	0.26916	0.26916	0.26916
10000	6.0044	0.0070123	0.019426	0.9991	1	0.56254	1.1656	0.1788	7.3201	29.992	1.1656	0.1788	7.3201	29.992	1.1656	0.1788	7.3201	29.992	1.1656	0.1788	7.3201	29.992	0	0.58338	0.089494	3.6638	15.011	0.58338	0.089494	3.6638	15.011	0.58338	0.089494	3.6638	15.011	0.58338	0.089494	3.6638	15.011	0	0.21155	0.21155	0.21155	0.21155	0.21155	0.21155	0.21155	0.21155	0.21155	0.21155	0.21155	0.21155	0.21155	0.21155	0.21155	0.21155	0.21155
10000	4.7788	0.0036208	0.019443	1	1	0.8	1	0.3	2.5	10	1	0.3	2.5	10	1	0.3	2.5	10	1	0.3	2.5	10	0	0.97561	0.29268	2.439	9.7561	0.97561	0.29268	2.439	9.7561	0.97561	0.29268	2.439	9.7561	0.97561	0.29268	2.439	9.7561	0	0.1	0.1	0.1	0.1	0.1	0.1	0.1	0.1	0.1	0.1	0.1	0.1	0.1	0.1	0.1	0.1	0.1
10000	4.4064	0.0014466	0.01	1.0021	1	0.79831	0.9142	0.29843	3.7567	15.019	0.9142	0.29843	3.7567	15.019	0.9142	0.29843	3.7567	15.019	0.9142	0.29843	3.7567	15.019	0	0.63331	0.20674	2.6025	10.405	0.63331	0.20674	2.6025	10.405	0.63331	0.20674	2.6025	10.405	0.63331	0.20674	2.6025	10.405	0	0.19415	0.19415	0.19415	0.19415	0.19415	0.19415	0.19415	0.19415	0.19415	0.19415	0.19415	0.19415	0.19415	0.19415	0.19415	0.19415	0.19415
10000	4.6732	0.001	0.02	1	1	0.70026	1.1556	0.3	3.7895	15	1.1556	0.3	3.7895	15	1.1556	0.3	3.7895	15	1.1556	0.3	3.7895	15	0	0.57781	0.15	1.8948	7.5	0.57781	0.15	1.8948	7.5	0.57781	0.15	1.8948	7.5	0.57781	0.15	1.8948	7.5	0	0.1	0.1	0.1	0.1	0.1	0.1	0.1	0.1	0.1	0.1	0.1	0.1	0.1	0.1	0.1	0.1	0.1
10000	4.7661	0.001	0.019827	1.1294	1	0.46565	0.99138	0.61121	2.5151	15.069	0.99138	0.61121	2.5151	15.069	0.99138	0.61121	2.5151	15.069	0.99138	0.61121	2.5151	15.069	0	0.99666	0.61447	2.5285	15.149	0.99666	0.61447	2.5285	15.149	0.99666	0.61447	2.5285	15.149	0.99666	0.61447	2.5285	15.149	0	0.20076	0.20076	0.20076	0.20076	0.20076	0.20076	0.20076	0.20076	0.20076	0.20076	0.20076	0.20076	0.20076	0.20076	0.20076	0.20076	0.20076
10000	2.675	0.0046792	0.023333	1.1946	1	0.65	0.91488	0.38333	6.0402	7.4337	0.91488	0.38333	6.0402	7.4337	0.91488	0.38333	6.0402	7.4337	0.91488	0.38333	6.0402	7.4337	0	0.8086	0.3388	5.3385	6.5702	0.8086	0.3388	5.3385	6.5702	0.8086	0.3388	5.3385	6.5702	0.8086	0.3388	5.3385	6.5702	0	0.26667	0.26667	0.26667	0.26667	0.26667	0.26667	0.26667	0.26667	0.26667	0.26667	0.26667	0.26667	0.26667	0.26667	0.26667	0.26667	0.26667
10000	4.524	0.0047778	0.02	1	1	0.68906	1	0.6	5	15	1	0.6	5	15	1	0.6	5	15	1	0.6	5	15	0	1	0.6	5	15	1	0.6	5	15	1	0.6	5	15	1	0.6	5	15	0	0.3	0.3	0.3	0.3	0.3	0.3	0.3	0.3	0.3	0.3	0.3	0.3	0.3	0.3	0.3	0.3	0.3
10000	2.7513	0.0093697	0.018313	1.0073	1	0.67495	1.0078	0.30605	4.7092	20.068	1.0078	0.30605	4.7092	20.068	1.0078	0.30605	4.7092	20.068	1.0078	0.30605	4.7092	20.068	0	1.0018	0.30422	4.6809	19.948	1.0018	0.30422	4.6809	19.948	1.0018	0.30422	4.6809	19.948	1.0018	0.30422	4.6809	19.948	0	0.46723	0.46723	0.46723	0.46723	0.46723	0.46723	0.46723	0.46723	0.46723	0.46723	0.46723	0.46723	0.46723	0.46723	0.46723	0.46723	0.46723
10000	5	0.0045078	0.02	1	1	0.4	0.8	0.3	3.5	15	0.8	0.3	3.5	15	0.8	0.3	3.5	15	0.8	0.3	3.5	15	0	0.8	0.3	3.5	15	0.8	0.3	3.5	15	0.8	0.3	3.5	15	0.8	0.3	3.5	15	0	0.30914	0.30914	0.30914	0.30914	0.30914	0.30914	0.30914	0.30914	0.30914	0.30914	0.30914	0.30914	0.30914	0.30914	0.30914	0.30914	0.30914
10000	6.9914	0.0053704	0.035556	1.4074	1	0.3166	1.1489	0.45926	3.9691	15.626	1.1489	0.45926	3.9691	15.626	1.1489	0.45926	3.9691	15.626	1.1489	0.45926	3.9691	15.626	0	1.1574	0.46269	3.9988	15.743	1.1574	0.46269	3.9988	15.743	1.1574	0.46269	3.9988	15.743	1.1574	0.46269	3.9988	15.743	0	0.33282	0.33282	0.33282	0.33282	0.33282	0.33282	0.33282	0.33282	0.33282	0.33282	0.33282	0.33282	0.33282	0.33282	0.33282	0.33282	0.33282
10000	10	0.0066525	0.024746	1.5175	1	0.49638	0.36116	1.0834	3.3751	4.2534	0.36116	1.0834	3.3751	4.2534	0.36116	1.0834	3.3751	4.2534	0.36116	1.0834	3.3751	4.2534	0	0.88035	2.6408	8.2271	10.368	0.88035	2.6408	8.2271	10.368	0.88035	2.6408	8.2271	10.368	0.88035	2.6408	8.2271	10.368	0	0.52049	0.52049	0.52049	0.52049	0.52049	0.52049	0.52049	0.52049	0.52049	0.52049	0.52049	0.52049	0.52049	0.52049	0.52049	0.52049	0.52049
10000	10	0.010603	0.012528	1.3271	1	0.13834	0.46357	0.54284	3.1538	12.01	0.46357	0.54284	3.1538	12.01	0.46357	0.54284	3.1538	12.01	0.46357	0.54284	3.1538	12.01	0	0.52898	0.61944	3.5988	13.704	0.52898	0.61944	3.5988	13.704	0.52898	0.61944	3.5988	13.704	0.52898	0.61944	3.5988	13.704	0	0.025261	0.025261	0.025261	0.025261	0.025261	0.025261	0.025261	0.025261	0.025261	0.025261	0.025261	0.025261	0.025261	0.025261	0.025261	0.025261	0.025261
10000	10	0.0014604	0.029796	0.74471	1	0.19292	0.32188	0.81586	3.2839	7.0781	0.32188	0.81586	3.2839	7.0781	0.32188	0.81586	3.2839	7.0781	0.32188	0.81586	3.2839	7.0781	0	0.59985	1.5204	6.1198	13.191	0.59985	1.5204	6.1198	13.191	0.59985	1.5204	6.1198	13.191	0.59985	1.5204	6.1198	13.191	0	0.41364	0.41364	0.41364	0.41364	0.41364	0.41364	0.41364	0.41364	0.41364	0.41364	0.41364	0.41364	0.41364	0.41364	0.41364	0.41364	0.41364
10000	5	0.0076256	0.02	2	1	0.50142	0.31814	0.23957	2.5	15	0.31814	0.23957	2.5	15	0.31814	0.23957	2.5	15	0.31814	0.23957	2.5	15	0	0.31814	0.23957	2.5	15	0.31814	0.23957	2.5	15	0.31814	0.23957	2.5	15	0.31814	0.23957	2.5	15	0	0.16667	0.16667	0.16667	0.16667	0.16667	0.16667	0.16667	0.16667	0.16667	0.16667	0.16667	0.16667	0.16667	0.16667	0.16667	0.16667	0.16667
10000	3	0.01	0.020698	2.8117	1	0.8	0.82471	0.4	3.0925	15	0.82471	0.4	3.0925	15	0.82471	0.4	3.0925	15	0.82471	0.4	3.0925	15	0	0.82471	0.4	3.0925	15	0.82471	0.4	3.0925	15	0.82471	0.4	3.0925	15	0.82471	0.4	3.0925	15	0	0.29144	0.29144	0.29144	0.29144	0.29144	0.29144	0.29144	0.29144	0.29144	0.29144	0.29144	0.29144	0.29144	0.29144	0.29144	0.29144	0.29144
10000	2.025	0.019	0.01	2.4375	1	0.41494	0.5	1.0417	3.375	19	0.5	1.0417	3.375	19	0.5	1.0417	3.375	19	0.5	1.0417	3.375	19	0	0.71875	1.4974	4.8516	27.312	0.71875	1.4974	4.8516	27.312	0.71875	1.4974	4.8516	27.312	0.71875	1.4974	4.8516	27.312	0	0.29894	0.29894	0.29894	0.29894	0.29894	0.29894	0.29894	0.29894	0.29894	0.29894	0.29894	0.29894	0.29894	0.29894	0.29894	0.29894	0.29894
10000	5	0.020751	0.027386	1.4406	1	0.29597	0.84889	0.6	3.2222	14.721	0.84889	0.6	3.2222	14.721	0.84889	0.6	3.2222	14.721	0.84889	0.6	3.2222	14.721	0	0.89605	0.63333	3.4012	15.539	0.89605	0.63333	3.4012	15.539	0.89605	0.63333	3.4012	15.539	0.89605	0.63333	3.4012	15.539	0	0.31091	0.31091	0.31091	0.31091	0.31091	0.31091	0.31091	0.31091	0.31091	0.31091	0.31091	0.31091	0.31091	0.31091	0.31091	0.31091	0.31091
10000	5	0.0064976	0.02	2	1	0.8	0.67664	0.5	2.5	15	0.67664	0.5	2.5	15	0.67664	0.5	2.5	15	0.67664	0.5	2.5	15	0	1.015	0.75	3.75	22.5	1.015	0.75	3.75	22.5	1.015	0.75	3.75	22.5	1.015	0.75	3.75	22.5	0	0.3	0.3	0.3	0.3	0.3	0.3	0.3	0.3	0.3	0.3	0.3	0.3	0.3	0.3	0.3	0.3	0.3
10000	4.998	0.010632	0.021949	1.7305	1	0.80061	1.0007	0.50042	4.6682	30.005	1.0007	0.50042	4.6682	30.005	1.0007	0.50042	4.6682	30.005	1.0007	0.50042	4.6682	30.005	0	1.0013	0.50072	4.6709	30.023	1.0013	0.50072	4.6709	30.023	1.0013	0.50072	4.6709	30.023	1.0013	0.50072	4.6709	30.023	0	0.29984	0.29984	0.29984	0.29984	0.29984	0.29984	0.29984	0.29984	0.29984	0.29984	0.29984	0.29984	0.29984	0.29984	0.29984	0.29984	0.29984
10000	2.2863	0.021061	0.014444	1.4713	1	0.509	0.79714	0.93021	2.733	13.352	0.79714	0.93021	2.733	13.352	0.79714	0.93021	2.733	13.352	0.79714	0.93021	2.733	13.352	0	0.7374	0.8605	2.5282	12.352	0.7374	0.8605	2.5282	12.352	0.7374	0.8605	2.5282	12.352	0.7374	0.8605	2.5282	12.352	0	0.1569	0.1569	0.1569	0.1569	0.1569	0.1569	0.1569	0.1569	0.1569	0.1569	0.1569	0.1569	0.1569	0.1569	0.1569	0.1569	0.1569
10000	2.9785	0.010019	0.019994	1.5507	1	0.49801	0.80093	0.49139	2.5018	30.008	0.80093	0.49139	2.5018	30.008	0.80093	0.49139	2.5018	30.008	0.80093	0.49139	2.5018	30.008	0	0.81136	0.49779	2.5344	30.399	0.81136	0.49779	2.5344	30.399	0.81136	0.49779	2.5344	30.399	0.81136	0.49779	2.5344	30.399	0	0.13361	0.13361	0.13361	0.13361	0.13361	0.13361	0.13361	0.13361	0.13361	0.13361	0.13361	0.13361	0.13361	0.13361	0.13361	0.13361	0.13361
10000	4.8615	0.001821	0.027476	1.0095	1	0.37557	0.825	0.96116	2.5366	19.749	0.825	0.96116	2.5366	19.749	0.825	0.96116	2.5366	19.749	0.825	0.96116	2.5366	19.749	0	0.84505	0.98452	2.5983	20.229	0.84505	0.98452	2.5983	20.229	0.84505	0.98452	2.5983	20.229	0.84505	0.98452	2.5983	20.229	0	0.28243	0.28243	0.28243	0.28243	0.28243	0.28243	0.28243	0.28243	0.28243	0.28243	0.28243	0.28243	0.28243	0.28243	0.28243	0.28243	0.28243
10000	3.0524	0.001	0.022046	1	1	0.4	0.8	0.43333	2.5	15	0.8	0.43333	2.5	15	0.8	0.43333	2.5	15	0.8	0.43333	2.5	15	0	0.8	0.43333	2.5	15	0.8	0.43333	2.5	15	0.8	0.43333	2.5	15	0.8	0.43333	2.5	15	0	0.16667	0.16667	0.16667	0.16667	0.16667	0.16667	0.16667	0.16667	0.16667	0.16667	0.16667	0.16667	0.16667	0.16667	0.16667	0.16667	0.16667
10000	6.8372	0.001	0.042527	0.99999	1	0.43097	0.8383	0.36664	2.4999	14.995	0.8383	0.36664	2.4999	14.995	0.8383	0.36664	2.4999	14.995	0.8383	0.36664	2.4999	14.995	0	0.93729	0.40993	2.7951	16.766	0.93729	0.40993	2.7951	16.766	0.93729	0.40993	2.7951	16.766	0.93729	0.40993	2.7951	16.766	0	0.20002	0.20002	0.20002	0.20002	0.20002	0.20002	0.20002	0.20002	0.20002	0.20002	0.20002	0.20002	0.20002	0.20002	0.20002	0.20002	0.20002
10000	7	0.46943	0.03	4	1	0.8	1	0.33333	2.5	15	1	0.33333	2.5	15	1	0.33333	2.5	15	1	0.33333	2.5	15	0	0.82128	0.27376	2.0532	12.319	0.82128	0.27376	2.0532	12.319	0.82128	0.27376	2.0532	12.319	0.82128	0.27376	2.0532	12.319	0	0.2	0.2	0.2	0.2	0.2	0.2	0.2	0.2	0.2	0.2	0.2	0.2	0.2	0.2	0.2	0.2	0.2
10000	2.5167	0.01208	0.018339	1.1594	1	0.8	0.54059	0.3	2.5	8.6056	0.54059	0.3	2.5	8.6056	0.54059	0.3	2.5	8.6056	0.54059	0.3	2.5	8.6056	0	0.58581	0.3251	2.7091	9.3255	0.58581	0.3251	2.7091	9.3255	0.58581	0.3251	2.7091	9.3255	0.58581	0.3251	2.7091	9.3255	0	0.3	0.3	0.3	0.3	0.3	0.3	0.3	0.3	0.3	0.3	0.3	0.3	0.3	0.3	0.3	0.3	0.3
10000	7.9215	0.011693	0.01	1	1	0.73612	0.65798	0.66667	3.5	7.2503	0.65798	0.66667	3.5	7.2503	0.65798	0.66667	3.5	7.2503	0.65798	0.66667	3.5	7.2503	0	0.65798	0.66667	3.5	7.2503	0.65798	0.66667	3.5	7.2503	0.65798	0.66667	3.5	7.2503	0.65798	0.66667	3.5	7.2503	0	0.29443	0.29443	0.29443	0.29443	0.29443	0.29443	0.29443	0.29443	0.29443	0.29443	0.29443	0.29443	0.29443	0.29443	0.29443	0.29443	0.29443
10000	7	0.02	0.01	1	1	0.86667	0.71208	0.18072	2.7657	15	0.71208	0.18072	2.7657	15	0.71208	0.18072	2.7657	15	0.71208	0.18072	2.7657	15	0	0.46509	0.11804	1.8064	9.7973	0.46509	0.11804	1.8064	9.7973	0.46509	0.11804	1.8064	9.7973	0.46509	0.11804	1.8064	9.7973	0	0.3	0.3	0.3	0.3	0.3	0.3	0.3	0.3	0.3	0.3	0.3	0.3	0.3	0.3	0.3	0.3	0.3
10000	5.6203	0.021802	0.015794	1.3208	1	0.98926	0.78972	0.82438	2.868	11.157	0.78972	0.82438	2.868	11.157	0.78972	0.82438	2.868	11.157	0.78972	0.82438	2.868	11.157	0	0.64441	0.6727	2.3403	9.1038	0.64441	0.6727	2.3403	9.1038	0.64441	0.6727	2.3403	9.1038	0.64441	0.6727	2.3403	9.1038	0	0.28411	0.28411	0.28411	0.28411	0.28411	0.28411	0.28411	0.28411	0.28411	0.28411	0.28411	0.28411	0.28411	0.28411	0.28411	0.28411	0.28411
10000	7	0.023333	0.02	2	1	0.46244	0.057735	0.3	9.0412	-8.0948	0.057735	0.3	9.0412	-8.0948	0.057735	0.3	9.0412	-8.0948	0.057735	0.3	9.0412	-8.0948	0	0.057735	0.3	9.0412	-8.0948	0.057735	0.3	9.0412	-8.0948	0.057735	0.3	9.0412	-8.0948	0.057735	0.3	9.0412	-8.0948	0	0.6	0.6	0.6	0.6	0.6	0.6	0.6	0.6	0.6	0.6	0.6	0.6	0.6	0.6	0.6	0.6	0.6
10000	5.3384	0.030126	0.024813	4	1	0.14034	0.4214	0.1845	3.2362	1.9819	0.4214	0.1845	3.2362	1.9819	0.4214	0.1845	3.2362	1.9819	0.4214	0.1845	3.2362	1.9819	0	0.57651	0.25241	4.4273	2.7114	0.57651	0.25241	4.4273	2.7114	0.57651	0.25241	4.4273	2.7114	0.57651	0.25241	4.4273	2.7114	0	0.36827	0.36827	0.36827	0.36827	0.36827	0.36827	0.36827	0.36827	0.36827	0.36827	0.36827	0.36827	0.36827	0.36827	0.36827	0.36827	0.36827
10000	3.6032	0.01	0.022137	0.99999	1	1	0.092083	0.3	2.5	22.256	0.092083	0.3	2.5	22.256	0.092083	0.3	2.5	22.256	0.092083	0.3	2.5	22.256	0	0.080572	0.2625	2.1875	19.474	0.080572	0.2625	2.1875	19.474	0.080572	0.2625	2.1875	19.474	0.080572	0.2625	2.1875	19.474	0	0.2	0.2	0.2	0.2	0.2	0.2	0.2	0.2	0.2	0.2	0.2	0.2	0.2	0.2	0.2	0.2	0.2
10000	5.4302	0.014675	0.043709	2.0001	1	0.79991	0.24449	0.30007	4.9998	5.3038	0.24449	0.30007	4.9998	5.3038	0.24449	0.30007	4.9998	5.3038	0.24449	0.30007	4.9998	5.3038	0	0.35578	0.43666	7.2758	7.7182	0.35578	0.43666	7.2758	7.7182	0.35578	0.43666	7.2758	7.7182	0.35578	0.43666	7.2758	7.7182	0	0.53978	0.53978	0.53978	0.53978	0.53978	0.53978	0.53978	0.53978	0.53978	0.53978	0.53978	0.53978	0.53978	0.53978	0.53978	0.53978	0.53978
10000	3.9915	0.01	0.02	3.7721	1	0.5632	-0.2422	0.4	2.5	15	-0.2422	0.4	2.5	15	-0.2422	0.4	2.5	15	-0.2422	0.4	2.5	15	0	-0.19009	0.31394	1.9621	11.773	-0.19009	0.31394	1.9621	11.773	-0.19009	0.31394	1.9621	11.773	-0.19009	0.31394	1.9621	11.773	0	0.2	0.2	0.2	0.2	0.2	0.2	0.2	0.2	0.2	0.2	0.2	0.2	0.2	0.2	0.2	0.2	0.2
10000	2.411	0.022634	0.041343	1.3647	1	0.37549	0.53929	0.095294	2.963	20	0.53929	0.095294	2.963	20	0.53929	0.095294	2.963	20	0.53929	0.095294	2.963	20	0	0.56291	0.099469	3.0928	20.876	0.56291	0.099469	3.0928	20.876	0.56291	0.099469	3.0928	20.876	0.56291	0.099469	3.0928	20.876	0	0.2	0.2	0.2	0.2	0.2	0.2	0.2	0.2	0.2	0.2	0.2	0.2	0.2	0.2	0.2	0.2	0.2
10000	3.7612	0.012851	0.03	0.9226	1	0.50841	0.57277	0.24781	4.6667	15	0.57277	0.24781	4.6667	15	0.57277	0.24781	4.6667	15	0.57277	0.24781	4.6667	15	0	0.64672	0.2798	5.2691	16.936	0.64672	0.2798	5.2691	16.936	0.64672	0.2798	5.2691	16.936	0.64672	0.2798	5.2691	16.936	0	0.3	0.3	0.3	0.3	0.3	0.3	0.3	0.3	0.3	0.3	0.3	0.3	0.3	0.3	0.3	0.3	0.3
10000	3.6309	0.0023948	0.030557	1.3017	1	0.36637	0.30349	0.017164	4.0763	19.223	0.30349	0.017164	4.0763	19.223	0.30349	0.017164	4.0763	19.223	0.30349	0.017164	4.0763	19.223	0	0.39506	0.022342	5.3061	25.023	0.39506	0.022342	5.3061	25.023	0.39506	0.022342	5.3061	25.023	0.39506	0.022342	5.3061	25.023	0	0.56647	0.56647	0.56647	0.56647	0.56647	0.56647	0.56647	0.56647	0.56647	0.56647	0.56647	0.56647	0.56647	0.56647	0.56647	0.56647	0.56647
10000	5.8341	0.011531	0.021701	1.0744	1	0.72346	0.49857	0.24472	3.6232	15.68	0.49857	0.24472	3.6232	15.68	0.49857	0.24472	3.6232	15.68	0.49857	0.24472	3.6232	15.68	0	0.53566	0.26293	3.8928	16.847	0.53566	0.26293	3.8928	16.847	0.53566	0.26293	3.8928	16.847	0.53566	0.26293	3.8928	16.847	0	0.45103	0.45103	0.45103	0.45103	0.45103	0.45103	0.45103	0.45103	0.45103	0.45103	0.45103	0.45103	0.45103	0.45103	0.45103	0.45103	0.45103
10000	4.2225	0.0051403	0.017939	1.3146	1	0.44967	0.34262	0.12748	4.219	16.667	0.34262	0.12748	4.219	16.667	0.34262	0.12748	4.219	16.667	0.34262	0.12748	4.219	16.667	0	0.34262	0.12748	4.219	16.667	0.34262	0.12748	4.219	16.667	0.34262	0.12748	4.219	16.667	0.34262	0.12748	4.219	16.667	0	0.28333	0.28333	0.28333	0.28333	0.28333	0.28333	0.28333	0.28333	0.28333	0.28333	0.28333	0.28333	0.28333	0.28333	0.28333	0.28333	0.28333
10000	5.2619	0.001	0.01	0.99115	1	0.85527	0.90558	0.29575	4.4225	20.059	0.90558	0.29575	4.4225	20.059	0.90558	0.29575	4.4225	20.059	0.90558	0.29575	4.4225	20.059	0	0.90216	0.29464	4.4059	19.984	0.90216	0.29464	4.4059	19.984	0.90216	0.29464	4.4059	19.984	0.90216	0.29464	4.4059	19.984	0	0.3986	0.3986	0.3986	0.3986	0.3986	0.3986	0.3986	0.3986	0.3986	0.3986	0.3986	0.3986	0.3986	0.3986	0.3986	0.3986	0.3986
10000	5.2885	0.0038759	0.021111	1	1	0.8	0.7386	0.3	2.4331	5.3642	0.7386	0.3	2.4331	5.3642	0.7386	0.3	2.4331	5.3642	0.7386	0.3	2.4331	5.3642	0	0.7386	0.3	2.4331	5.3642	0.7386	0.3	2.4331	5.3642	0.7386	0.3	2.4331	5.3642	0.7386	0.3	2.4331	5.3642	0	0.2753	0.2753	0.2753	0.2753	0.2753	0.2753	0.2753	0.2753	0.2753	0.2753	0.2753	0.2753	0.2753	0.2753	0.2753	0.2753	0.2753
10000	5	0.0044193	0.02	0.99999	1	0.53333	0.74661	0.3	2.5	20	0.74661	0.3	2.5	20	0.74661	0.3	2.5	20	0.74661	0.3	2.5	20	0	0.49648	0.19949	1.6624	13.299	0.49648	0.19949	1.6624	13.299	0.49648	0.19949	1.6624	13.299	0.49648	0.19949	1.6624	13.299	0	0.2	0.2	0.2	0.2	0.2	0.2	0.2	0.2	0.2	0.2	0.2	0.2	0.2	0.2	0.2	0.2	0.2
10000	5	0.001	0.02	1.6524	1	0.8	1.3333	0.3	3.2567	15	1.3333	0.3	3.2567	15	1.3333	0.3	3.2567	15	1.3333	0.3	3.2567	15	0	0.33333	0.075	0.81418	3.75	0.33333	0.075	0.81418	3.75	0.33333	0.075	0.81418	3.75	0.33333	0.075	0.81418	3.75	0	0.094444	0.094444	0.094444	0.094444	0.094444	0.094444	0.094444	0.094444	0.094444	0.094444	0.094444	0.094444	0.094444	0.094444	0.094444	0.094444	0.094444
10000	5	0.001	0.017328	1	1	0.8	0.8	0.3	2.5	7.9709	0.8	0.3	2.5	7.9709	0.8	0.3	2.5	7.9709	0.8	0.3	2.5	7.9709	0	0.8	0.3	2.5	7.9709	0.8	0.3	2.5	7.9709	0.8	0.3	2.5	7.9709	0.8	0.3	2.5	7.9709	0	0.24118	0.24118	0.24118	0.24118	0.24118	0.24118	0.24118	0.24118	0.24118	0.24118	0.24118	0.24118	0.24118	0.24118	0.24118	0.24118	0.24118
10000	6	0.0044115	0.02	1.0414	1	0.8	1	0.4	3.7764	15	1	0.4	3.7764	15	1	0.4	3.7764	15	1	0.4	3.7764	15	0	0.65722	0.26289	2.482	9.8583	0.65722	0.26289	2.482	9.8583	0.65722	0.26289	2.482	9.8583	0.65722	0.26289	2.482	9.8583	0	0.2	0.2	0.2	0.2	0.2	0.2	0.2	0.2	0.2	0.2	0.2	0.2	0.2	0.2	0.2	0.2	0.2
10000	2.2859	0.01	0.02	1	1	0.8	0.99999	0.3	2.5	15	0.99999	0.3	2.5	15	0.99999	0.3	2.5	15	0.99999	0.3	2.5	15	0	0.5	0.15	1.25	7.5	0.5	0.15	1.25	7.5	0.5	0.15	1.25	7.5	0.5	0.15	1.25	7.5	0	0.083333	0.083333	0.083333	0.083333	0.083333	0.083333	0.083333	0.083333	0.083333	0.083333	0.083333	0.083333	0.083333	0.083333	0.083333	0.083333	0.083333
10000	4.9808	0.001	0.018013	1.0032	1	0.73783	0.90065	0.23542	2.9556	14.205	0.90065	0.23542	2.9556	14.205	0.90065	0.23542	2.9556	14.205	0.90065	0.23542	2.9556	14.205	0	0.94199	0.24623	3.0912	14.857	0.94199	0.24623	3.0912	14.857	0.94199	0.24623	3.0912	14.857	0.94199	0.24623	3.0912	14.857	0	0.32589	0.32589	0.32589	0.32589	0.32589	0.32589	0.32589	0.32589	0.32589	0.32589	0.32589	0.32589	0.32589	0.32589	0.32589	0.32589	0.32589
10000	5	0.013187	0.02	1	1	0.8	0.66714	0.251	2.5	15	0.66714	0.251	2.5	15	0.66714	0.251	2.5	15	0.66714	0.251	2.5	15	0	0.66714	0.251	2.5	15	0.66714	0.251	2.5	15	0.66714	0.251	2.5	15	0.66714	0.251	2.5	15	0	0.1	0.1	0.1	0.1	0.1	0.1	0.1	0.1	0.1	0.1	0.1	0.1	0.1	0.1	0.1	0.1	0.1
10000	5	0.01	0.02	1	1	0.8	1	0.3	2.5	15	1	0.3	2.5	15	1	0.3	2.5	15	1	0.3	2.5	15	0	1	0.3	2.5	15	1	0.3	2.5	15	1	0.3	2.5	15	1	0.3	2.5	15	0	0.2	0.2	0.2	0.2	0.2	0.2	0.2	0.2	0.2	0.2	0.2	0.2	0.2	0.2	0.2	0.2	0.2
10000	3.0985	0.001	0.010999	1.0473	1	0.48094	1.0505	0.35976	2.5884	14.596	1.0505	0.35976	2.5884	14.596	1.0505	0.35976	2.5884	14.596	1.0505	0.35976	2.5884	14.596	0	0.7528	0.2578	1.8548	10.459	0.7528	0.2578	1.8548	10.459	0.7528	0.2578	1.8548	10.459	0.7528	0.2578	1.8548	10.459	0	0.17982	0.17982	0.17982	0.17982	0.17982	0.17982	0.17982	0.17982	0.17982	0.17982	0.17982	0.17982	0.17982	0.17982	0.17982	0.17982	0.17982
10000	3	0.011667	0.022346	1	1	0.54	0.93281	0.4	2.5	15	0.93281	0.4	2.5	15	0.93281	0.4	2.5	15	0.93281	0.4	2.5	15	0	0.96777	0.41499	2.5937	15.562	0.96777	0.41499	2.5937	15.562	0.96777	0.41499	2.5937	15.562	0.96777	0.41499	2.5937	15.562	0	0.2	0.2	0.2	0.2	0.2	0.2	0.2	0.2	0.2	0.2	0.2	0.2	0.2	0.2	0.2	0.2	0.2
10000	6.0302	0.001	0.01969	0.98645	1	0.81394	0.98502	0.28993	2.4729	15.124	0.98502	0.28993	2.4729	15.124	0.98502	0.28993	2.4729	15.124	0.98502	0.28993	2.4729	15.124	0	0.6899	0.20307	1.732	10.593	0.6899	0.20307	1.732	10.593	0.6899	0.20307	1.732	10.593	0.6899	0.20307	1.732	10.593	0	0.29071	0.29071	0.29071	0.29071	0.29071	0.29071	0.29071	0.29071	0.29071	0.29071	0.29071	0.29071	0.29071	0.29071	0.29071	0.29071	0.29071
10000	8.0035	0.0015737	0.023333	1.2053	1	0.76377	1	0.3	3.3333	15	1	0.3	3.3333	15	1	0.3	3.3333	15	1	0.3	3.3333	15	0	0.76207	0.22862	2.5402	11.431	0.76207	0.22862	2.5402	11.431	0.76207	0.22862	2.5402	11.431	0.76207	0.22862	2.5402	11.431	0	0.3	0.3	0.3	0.3	0.3	0.3	0.3	0.3	0.3	0.3	0.3	0.3	0.3	0.3	0.3	0.3	0.3
10000	10	0.001	0.02	1.3575	1	0.8	1	0.3	2.5	10.538	1	0.3	2.5	10.538	1	0.3	2.5	10.538	1	0.3	2.5	10.538	0	1.0393	0.31178	2.5982	10.952	1.0393	0.31178	2.5982	10.952	1.0393	0.31178	2.5982	10.952	1.0393	0.31178	2.5982	10.952	0	0.1	0.1	0.1	0.1	0.1	0.1	0.1	0.1	0.1	0.1	0.1	0.1	0.1	0.1	0.1	0.1	0.1
10000	0.1	0.0084529	0.02499	0.87115	1	0.78566	1.0523	0.34749	3.2527	17.696	1.0523	0.34749	3.2527	17.696	1.0523	0.34749	3.2527	17.696	1.0523	0.34749	3.2527	17.696	0	0.5289	0.17465	1.6349	8.8944	0.5289	0.17465	1.6349	8.8944	0.5289	0.17465	1.6349	8.8944	0.5289	0.17465	1.6349	8.8944	0	0.17895	0.17895	0.17895	0.17895	0.17895	0.17895	0.17895	0.17895	0.17895	0.17895	0.17895	0.17895	0.17895	0.17895	0.17895	0.17895	0.17895
10000	1.9921	0.0069789	0.02	1.1167	1	0.8	1	0.3	3.5	15	1	0.3	3.5	15	1	0.3	3.5	15	1	0.3	3.5	15	0	1	0.3	3.5	15	1	0.3	3.5	15	1	0.3	3.5	15	1	0.3	3.5	15	0	0.2	0.2	0.2	0.2	0.2	0.2	0.2	0.2	0.2	0.2	0.2	0.2	0.2	0.2	0.2	0.2	0.2
10000	7	0.01	0.02	1.0885	1	0.60052	1	0.4	5	40	1	0.4	5	40	1	0.4	5	40	1	0.4	5	40	0	0.25	0.1	1.25	10	0.25	0.1	1.25	10	0.25	0.1	1.25	10	0.25	0.1	1.25	10	0	0.19173	0.19173	0.19173	0.19173	0.19173	0.19173	0.19173	0.19173	0.19173	0.19173	0.19173	0.19173	0.19173	0.19173	0.19173	0.19173	0.19173
10000	4.1478	0.0054684	0.024734	1.0503	1	0.63259	1.0119	0.30775	3.3013	14.905	1.0119	0.30775	3.3013	14.905	1.0119	0.30775	3.3013	14.905	1.0119	0.30775	3.3013	14.905	0	0.46728	0.14211	1.5245	6.8825	0.46728	0.14211	1.5245	6.8825	0.46728	0.14211	1.5245	6.8825	0.46728	0.14211	1.5245	6.8825	0	0.21359	0.21359	0.21359	0.21359	0.21359	0.21359	0.21359	0.21359	0.21359	0.21359	0.21359	0.21359	0.21359	0.21359	0.21359	0.21359	0.21359
10000	3	0.0055	0.02	1	1	0.60761	0.8	0.3	2.5	15	0.8	0.3	2.5	15	0.8	0.3	2.5	15	0.8	0.3	2.5	15	0	0.2	0.075	0.625	3.75	0.2	0.075	0.625	3.75	0.2	0.075	0.625	3.75	0.2	0.075	0.625	3.75	0	0.1	0.1	0.1	0.1	0.1	0.1	0.1	0.1	0.1	0.1	0.1	0.1	0.1	0.1	0.1	0.1	0.1
10000	5	0.01	0.02	1	1	0.8	1	0.3	2.5	15	1	0.3	2.5	15	1	0.3	2.5	15	1	0.3	2.5	15	0	1	0.3	2.5	15	1	0.3	2.5	15	1	0.3	2.5	15	1	0.3	2.5	15	0	0.2	0.2	0.2	0.2	0.2	0.2	0.2	0.2	0.2	0.2	0.2	0.2	0.2	0.2	0.2	0.2	0.2
10000	5.8598	0.01	0.02	0.95833	1	0.54611	0.7054	0.3	2.5	15	0.7054	0.3	2.5	15	0.7054	0.3	2.5	15	0.7054	0.3	2.5	15	0	0.7054	0.3	2.5	15	0.7054	0.3	2.5	15	0.7054	0.3	2.5	15	0.7054	0.3	2.5	15	0	0.3	0.3	0.3	0.3	0.3	0.3	0.3	0.3	0.3	0.3	0.3	0.3	0.3	0.3	0.3	0.3	0.3
10000	0.1	0.01	0.06	1	1	0.47356	1	0.3	3.3333	15	1	0.3	3.3333	15	1	0.3	3.3333	15	1	0.3	3.3333	15	0	0.44376	0.13313	1.4792	6.6565	0.44376	0.13313	1.4792	6.6565	0.44376	0.13313	1.4792	6.6565	0.44376	0.13313	1.4792	6.6565	0	0.28396	0.28396	0.28396	0.28396	0.28396	0.28396	0.28396	0.28396	0.28396	0.28396	0.28396	0.28396	0.28396	0.28396	0.28396	0.28396	0.28396
10000	7	0.011781	0.01	1	1	0.8	0.85692	0.44048	2.5	6.4301	0.85692	0.44048	2.5	6.4301	0.85692	0.44048	2.5	6.4301	0.85692	0.44048	2.5	6.4301	0	0.85692	0.44048	2.5	6.4301	0.85692	0.44048	2.5	6.4301	0.85692	0.44048	2.5	6.4301	0.85692	0.44048	2.5	6.4301	0	0.2	0.2	0.2	0.2	0.2	0.2	0.2	0.2	0.2	0.2	0.2	0.2	0.2	0.2	0.2	0.2	0.2
10000	3.3842	0.006884	0.024659	1	1	0.8	1	0.3	2.5	15	1	0.3	2.5	15	1	0.3	2.5	15	1	0.3	2.5	15	0	0.76716	0.23015	1.9179	11.507	0.76716	0.23015	1.9179	11.507	0.76716	0.23015	1.9179	11.507	0.76716	0.23015	1.9179	11.507	0	0.41293	0.41293	0.41293	0.41293	0.41293	0.41293	0.41293	0.41293	0.41293	0.41293	0.41293	0.41293	0.41293	0.41293	0.41293	0.41293	0.41293
10000	2.0264	0.010103	0.018441	1.3196	1	0.41739	0.88827	0.29957	3.228	14.995	0.88827	0.29957	3.228	14.995	0.88827	0.29957	3.228	14.995	0.88827	0.29957	3.228	14.995	0	0.82013	0.27659	2.9804	13.845	0.82013	0.27659	2.9804	13.845	0.82013	0.27659	2.9804	13.845	0.82013	0.27659	2.9804	13.845	0	0.196	0.196	0.196	0.196	0.196	0.196	0.196	0.196	0.196	0.196	0.196	0.196	0.196	0.196	0.196	0.196	0.196
10000	2.7027	0.0057306	0.021175	1.0574	1	0.78035	1.0831	0.40231	5.7174	14.335	1.0831	0.40231	5.7174	14.335	1.0831	0.40231	5.7174	14.335	1.0831	0.40231	5.7174	14.335	0	1.09	0.40487	5.7537	14.427	1.09	0.40487	5.7537	14.427	1.09	0.40487	5.7537	14.427	1.09	0.40487	5.7537	14.427	0	0.39947	0.39947	0.39947	0.39947	0.39947	0.39947	0.39947	0.39947	0.39947	0.39947	0.39947	0.39947	0.39947	0.39947	0.39947	0.39947	0.39947
10000	3.9777	0.004137	0.01	1.2928	1	0.32038	0.85256	0.17217	7.4425	13.427	0.85256	0.17217	7.4425	13.427	0.85256	0.17217	7.4425	13.427	0.85256	0.17217	7.4425	13.427	0	0.99927	0.2018	8.7232	15.737	0.99927	0.2018	8.7232	15.737	0.99927	0.2018	8.7232	15.737	0.99927	0.2018	8.7232	15.737	0	0.46237	0.46237	0.46237	0.46237	0.46237	0.46237	0.46237	0.46237	0.46237	0.46237	0.46237	0.46237	0.46237	0.46237	0.46237	0.46237	0.46237
10000	2.2108	0.010053	0.011243	1.6363	1	0.57379	0.58436	0.029832	14.625	33.325	0.58436	0.029832	14.625	33.325	0.58436	0.029832	14.625	33.325	0.58436	0.029832	14.625	33.325	0	0.54739	0.027945	13.7	31.217	0.54739	0.027945	13.7	31.217	0.54739	0.027945	13.7	31.217	0.54739	0.027945	13.7	31.217	0	0.54939	0.54939	0.54939	0.54939	0.54939	0.54939	0.54939	0.54939	0.54939	0.54939	0.54939	0.54939	0.54939	0.54939	0.54939	0.54939	0.54939
10000	1.3731	0.0063752	0.01	1.45	1	0.45894	0.97929	0.4096	6.9534	29.834	0.97929	0.4096	6.9534	29.834	0.97929	0.4096	6.9534	29.834	0.97929	0.4096	6.9534	29.834	0	0.49979	0.20904	3.5487	15.226	0.49979	0.20904	3.5487	15.226	0.49979	0.20904	3.5487	15.226	0.49979	0.20904	3.5487	15.226	0	0.20617	0.20617	0.20617	0.20617	0.20617	0.20617	0.20617	0.20617	0.20617	0.20617	0.20617	0.20617	0.20617	0.20617	0.20617	0.20617	0.20617
10000	4.2875	0.001	0.019903	1.0042	1	0.80435	0.86141	0.41147	3.3418	14.961	0.86141	0.41147	3.3418	14.961	0.86141	0.41147	3.3418	14.961	0.86141	0.41147	3.3418	14.961	0	0.74767	0.35714	2.9005	12.986	0.74767	0.35714	2.9005	12.986	0.74767	0.35714	2.9005	12.986	0.74767	0.35714	2.9005	12.986	0	0.099034	0.099034	0.099034	0.099034	0.099034	0.099034	0.099034	0.099034	0.099034	0.099034	0.099034	0.099034	0.099034	0.099034	0.099034	0.099034	0.099034
10000	8	0.0066667	0.015	3	1	0.8	1.1764	0.3	3.246	15	1.1764	0.3	3.246	15	1.1764	0.3	3.246	15	1.1764	0.3	3.246	15	0	0.89819	0.22906	2.4785	11.453	0.89819	0.22906	2.4785	11.453	0.89819	0.22906	2.4785	11.453	0.89819	0.22906	2.4785	11.453	0	0.2	0.2	0.2	0.2	0.2	0.2	0.2	0.2	0.2	0.2	0.2	0.2	0.2	0.2	0.2	0.2	0.2
10000	3.6522	0.001	0.03	1.4375	1	0.75	0.5	0.625	1.625	11.647	0.5	0.625	1.625	11.647	0.5	0.625	1.625	11.647	0.5	0.625	1.625	11.647	0	0.42579	0.53223	1.3838	9.918	0.42579	0.53223	1.3838	9.918	0.42579	0.53223	1.3838	9.918	0.42579	0.53223	1.3838	9.918	0	0	0	0	0	0	0	0	0	0	0	0	0	0	0	0	0	0
10000	5	0.0057206	0.019444	1	1	0.4	-0.11153	0.27262	2.5	7.2519	-0.11153	0.27262	2.5	7.2519	-0.11153	0.27262	2.5	7.2519	-0.11153	0.27262	2.5	7.2519	0	-0.11153	0.27262	2.5	7.2519	-0.11153	0.27262	2.5	7.2519	-0.11153	0.27262	2.5	7.2519	-0.11153	0.27262	2.5	7.2519	0	0.3	0.3	0.3	0.3	0.3	0.3	0.3	0.3	0.3	0.3	0.3	0.3	0.3	0.3	0.3	0.3	0.3
10000	5	0.0094105	0.02	1	1	0.53167	0.57422	1.4745	5	15	0.57422	1.4745	5	15	0.57422	1.4745	5	15	0.57422	1.4745	5	15	0	0.57422	1.4745	5	15	0.57422	1.4745	5	15	0.57422	1.4745	5	15	0.57422	1.4745	5	15	0	0.3	0.3	0.3	0.3	0.3	0.3	0.3	0.3	0.3	0.3	0.3	0.3	0.3	0.3	0.3	0.3	0.3
10000	5	0.0043457	0.02	1.0782	1	0.8	-0.13473	0.23172	3.717	20	-0.13473	0.23172	3.717	20	-0.13473	0.23172	3.717	20	-0.13473	0.23172	3.717	20	0	-0.13473	0.23172	3.717	20	-0.13473	0.23172	3.717	20	-0.13473	0.23172	3.717	20	-0.13473	0.23172	3.717	20	0	0.2	0.2	0.2	0.2	0.2	0.2	0.2	0.2	0.2	0.2	0.2	0.2	0.2	0.2	0.2	0.2	0.2
10000	3	0.01	0.02	1.1397	1	0.64487	0.60039	0.6	7	30	0.60039	0.6	7	30	0.60039	0.6	7	30	0.60039	0.6	7	30	0	0.3002	0.3	3.5	15	0.3002	0.3	3.5	15	0.3002	0.3	3.5	15	0.3002	0.3	3.5	15	0	0.2	0.2	0.2	0.2	0.2	0.2	0.2	0.2	0.2	0.2	0.2	0.2	0.2	0.2	0.2	0.2	0.2
10000	4	0.001	0.04	1	1	0.84444	1	0.6	6.1111	15	1	0.6	6.1111	15	1	0.6	6.1111	15	1	0.6	6.1111	15	0	0.64352	0.38611	3.9326	9.6528	0.64352	0.38611	3.9326	9.6528	0.64352	0.38611	3.9326	9.6528	0.64352	0.38611	3.9326	9.6528	0	0.24884	0.24884	0.24884	0.24884	0.24884	0.24884	0.24884	0.24884	0.24884	0.24884	0.24884	0.24884	0.24884	0.24884	0.24884	0.24884	0.24884
10000	3	0.001	0.023333	1	1	0.8	1	0.3	5	15	1	0.3	5	15	1	0.3	5	15	1	0.3	5	15	0	0.36463	0.10939	1.8231	5.4695	0.36463	0.10939	1.8231	5.4695	0.36463	0.10939	1.8231	5.4695	0.36463	0.10939	1.8231	5.4695	0	0.2	0.2	0.2	0.2	0.2	0.2	0.2	0.2	0.2	0.2	0.2	0.2	0.2	0.2	0.2	0.2	0.2
10000	3.16	0.0027164	0.01	1	1	0.46544	1.1111	1.3068	3.3333	15	1.1111	1.3068	3.3333	15	1.1111	1.3068	3.3333	15	1.1111	1.3068	3.3333	15	0	0.55556	0.65339	1.6667	7.5	0.55556	0.65339	1.6667	7.5	0.55556	0.65339	1.6667	7.5	0.55556	0.65339	1.6667	7.5	0	0.14736	0.14736	0.14736	0.14736	0.14736	0.14736	0.14736	0.14736	0.14736	0.14736	0.14736	0.14736	0.14736	0.14736	0.14736	0.14736	0.14736
10000	10	0.001	0.01	1.2416	1	0.29169	1.3414	3.244	5.6633	43.585	1.3414	3.244	5.6633	43.585	1.3414	3.244	5.6633	43.585	1.3414	3.244	5.6633	43.585	0	0.95376	2.3065	4.0266	30.989	0.95376	2.3065	4.0266	30.989	0.95376	2.3065	4.0266	30.989	0.95376	2.3065	4.0266	30.989	0	0.12348	0.12348	0.12348	0.12348	0.12348	0.12348	0.12348	0.12348	0.12348	0.12348	0.12348	0.12348	0.12348	0.12348	0.12348	0.12348	0.12348
10000	4.1833	0.01	0.02	2	1	0.88889	0.73799	0.6	3.7434	30	0.73799	0.6	3.7434	30	0.73799	0.6	3.7434	30	0.73799	0.6	3.7434	30	0	0.36899	0.3	1.8717	15	0.36899	0.3	1.8717	15	0.36899	0.3	1.8717	15	0.36899	0.3	1.8717	15	0	0.2	0.2	0.2	0.2	0.2	0.2	0.2	0.2	0.2	0.2	0.2	0.2	0.2	0.2	0.2	0.2	0.2
10000	1.6116	0.015285	0.029999	1.9028	1	0.22222	0.90665	1.6374	2.6805	19.555	0.90665	1.6374	2.6805	19.555	0.90665	1.6374	2.6805	19.555	0.90665	1.6374	2.6805	19.555	0	0.94587	1.7082	2.7965	20.401	0.94587	1.7082	2.7965	20.401	0.94587	1.7082	2.7965	20.401	0.94587	1.7082	2.7965	20.401	0	0.048923	0.048923	0.048923	0.048923	0.048923	0.048923	0.048923	0.048923	0.048923	0.048923	0.048923	0.048923	0.048923	0.048923	0.048923	0.048923	0.048923
10000	10	0.001	0.01106	1.4375	1	0.35	0.5	0.92501	3.375	11	0.5	0.92501	3.375	11	0.5	0.92501	3.375	11	0.5	0.92501	3.375	11	0	0.36843	0.6816	2.4869	8.1055	0.36843	0.6816	2.4869	8.1055	0.36843	0.6816	2.4869	8.1055	0.36843	0.6816	2.4869	8.1055	0	0.078996	0.078996	0.078996	0.078996	0.078996	0.078996	0.078996	0.078996	0.078996	0.078996	0.078996	0.078996	0.078996	0.078996	0.078996	0.078996	0.078996
10000	6.9651	0.01055	0.029988	1.1542	1	0.70027	0.69963	0.48027	4.6673	14.998	0.69963	0.48027	4.6673	14.998	0.69963	0.48027	4.6673	14.998	0.69963	0.48027	4.6673	14.998	0	0.69981	0.48039	4.6685	15.002	0.69981	0.48039	4.6685	15.002	0.69981	0.48039	4.6685	15.002	0.69981	0.48039	4.6685	15.002	0	0.21786	0.21786	0.21786	0.21786	0.21786	0.21786	0.21786	0.21786	0.21786	0.21786	0.21786	0.21786	0.21786	0.21786	0.21786	0.21786	0.21786
10000	3.0853	0.021416	0.023316	2.9829	1	0.51657	0.85882	0.3401	5.0538	-9.0959	0.85882	0.3401	5.0538	-9.0959	0.85882	0.3401	5.0538	-9.0959	0.85882	0.3401	5.0538	-9.0959	0	0.87445	0.34628	5.1457	-9.2614	0.87445	0.34628	5.1457	-9.2614	0.87445	0.34628	5.1457	-9.2614	0.87445	0.34628	5.1457	-9.2614	0	0.44827	0.44827	0.44827	0.44827	0.44827	0.44827	0.44827	0.44827	0.44827	0.44827	0.44827	0.44827	0.44827	0.44827	0.44827	0.44827	0.44827
10000	5.008	0.012232	0.093333	2.6352	1	0.6209	0.99999	0.3	5	15	0.99999	0.3	5	15	0.99999	0.3	5	15	0.99999	0.3	5	15	0	0.99999	0.3	5	15	0.99999	0.3	5	15	0.99999	0.3	5	15	0.99999	0.3	5	15	0	0.19099	0.19099	0.19099	0.19099	0.19099	0.19099	0.19099	0.19099	0.19099	0.19099	0.19099	0.19099	0.19099	0.19099	0.19099	0.19099	0.19099
10000	2.55	0.011383	0.019308	4	1	0.8	1.0491	0.3	2.5	15	1.0491	0.3	2.5	15	1.0491	0.3	2.5	15	1.0491	0.3	2.5	15	0	1.696	0.485	4.0417	24.25	1.696	0.485	4.0417	24.25	1.696	0.485	4.0417	24.25	1.696	0.485	4.0417	24.25	0	0.53333	0.53333	0.53333	0.53333	0.53333	0.53333	0.53333	0.53333	0.53333	0.53333	0.53333	0.53333	0.53333	0.53333	0.53333	0.53333	0.53333
10000	6.8091	0.016835	0.01	2.969	1	0.69729	0.9998	0.30013	4.4449	-979.61	0.9998	0.30013	4.4449	-979.61	0.9998	0.30013	4.4449	-979.61	0.9998	0.30013	4.4449	-979.61	0	0.9873	0.29638	4.3893	-967.36	0.9873	0.29638	4.3893	-967.36	0.9873	0.29638	4.3893	-967.36	0.9873	0.29638	4.3893	-967.36	0	0.64132	0.64132	0.64132	0.64132	0.64132	0.64132	0.64132	0.64132	0.64132	0.64132	0.64132	0.64132	0.64132	0.64132	0.64132	0.64132	0.64132
10000	4.4205	0.028578	0.021118	1.9999	1	0.79988	0.26553	0.49997	3.3331	14.999	0.26553	0.49997	3.3331	14.999	0.26553	0.49997	3.3331	14.999	0.26553	0.49997	3.3331	14.999	0	0.26556	0.50003	3.3335	15.001	0.26556	0.50003	3.3335	15.001	0.26556	0.50003	3.3335	15.001	0.26556	0.50003	3.3335	15.001	0	0.29992	0.29992	0.29992	0.29992	0.29992	0.29992	0.29992	0.29992	0.29992	0.29992	0.29992	0.29992	0.29992	0.29992	0.29992	0.29992	0.29992
10000	4.2562	0.0054617	0.014314	1.2206	1	0.22351	-1.1052	0.47757	2.9412	17.017	-1.1052	0.47757	2.9412	17.017	-1.1052	0.47757	2.9412	17.017	-1.1052	0.47757	2.9412	17.017	0	-1.3491	0.58293	3.5901	20.771	-1.3491	0.58293	3.5901	20.771	-1.3491	0.58293	3.5901	20.771	-1.3491	0.58293	3.5901	20.771	0	0.30086	0.30086	0.30086	0.30086	0.30086	0.30086	0.30086	0.30086	0.30086	0.30086	0.30086	0.30086	0.30086	0.30086	0.30086	0.30086	0.30086
10000	10	0.01	0.015	1	1	0.8	0.35553	0.4	2.5	15	0.35553	0.4	2.5	15	0.35553	0.4	2.5	15	0.35553	0.4	2.5	15	0	0.71107	0.8	5	30	0.71107	0.8	5	30	0.71107	0.8	5	30	0.71107	0.8	5	30	0	0.16667	0.16667	0.16667	0.16667	0.16667	0.16667	0.16667	0.16667	0.16667	0.16667	0.16667	0.16667	0.16667	0.16667	0.16667	0.16667	0.16667
10000	9.9999	0.02	0.02	3.56	1	0.8	1	0.3	3.6518	15	1	0.3	3.6518	15	1	0.3	3.6518	15	1	0.3	3.6518	15	0	1	0.3	3.6518	15	1	0.3	3.6518	15	1	0.3	3.6518	15	1	0.3	3.6518	15	0	0.2	0.2	0.2	0.2	0.2	0.2	0.2	0.2	0.2	0.2	0.2	0.2	0.2	0.2	0.2	0.2	0.2
10000	5.4537	0.012844	0.02	4	1	0.45951	0.29069	0.3	2.5	30	0.29069	0.3	2.5	30	0.29069	0.3	2.5	30	0.29069	0.3	2.5	30	0	1.0817	1.1163	9.3024	111.63	1.0817	1.1163	9.3024	111.63	1.0817	1.1163	9.3024	111.63	1.0817	1.1163	9.3024	111.63	0	0.55	0.55	0.55	0.55	0.55	0.55	0.55	0.55	0.55	0.55	0.55	0.55	0.55	0.55	0.55	0.55	0.55
10000	2.4536	0.005	0.02151	2	1	0.6225	0.39125	0.3	2.7778	15	0.39125	0.3	2.7778	15	0.39125	0.3	2.7778	15	0.39125	0.3	2.7778	15	0	0.40071	0.30726	2.845	15.363	0.40071	0.30726	2.845	15.363	0.40071	0.30726	2.845	15.363	0.40071	0.30726	2.845	15.363	0	0.2	0.2	0.2	0.2	0.2	0.2	0.2	0.2	0.2	0.2	0.2	0.2	0.2	0.2	0.2	0.2	0.2
10000	6.0007	0.025915	0.040035	0.99986	1	-0.36685	0.99961	0.30025	2.5007	-21.034	0.99961	0.30025	2.5007	-21.034	0.99961	0.30025	2.5007	-21.034	0.99961	0.30025	2.5007	-21.034	0	0.2499	0.075064	0.62517	-5.2585	0.2499	0.075064	0.62517	-5.2585	0.2499	0.075064	0.62517	-5.2585	0.2499	0.075064	0.62517	-5.2585	0	0.33214	0.33214	0.33214	0.33214	0.33214	0.33214	0.33214	0.33214	0.33214	0.33214	0.33214	0.33214	0.33214	0.33214	0.33214	0.33214	0.33214
10000	3	0.013333	0.024117	2	1	0.20121	0.85674	0.33333	3.5453	15	0.85674	0.33333	3.5453	15	0.85674	0.33333	3.5453	15	0.85674	0.33333	3.5453	15	0	0.89819	0.34946	3.7168	15.726	0.89819	0.34946	3.7168	15.726	0.89819	0.34946	3.7168	15.726	0.89819	0.34946	3.7168	15.726	0	0.56633	0.56633	0.56633	0.56633	0.56633	0.56633	0.56633	0.56633	0.56633	0.56633	0.56633	0.56633	0.56633	0.56633	0.56633	0.56633	0.56633
10000	2.2113	0.0026386	0.028064	1.3528	1	-0.079034	1.2514	0.1976	2.6278	18.226	1.2514	0.1976	2.6278	18.226	1.2514	0.1976	2.6278	18.226	1.2514	0.1976	2.6278	18.226	0	0.80988	0.12789	1.7007	11.796	0.80988	0.12789	1.7007	11.796	0.80988	0.12789	1.7007	11.796	0.80988	0.12789	1.7007	11.796	0	0.49129	0.49129	0.49129	0.49129	0.49129	0.49129	0.49129	0.49129	0.49129	0.49129	0.49129	0.49129	0.49129	0.49129	0.49129	0.49129	0.49129
10000	5	0.57219	0.24	3.4959	1	0.8	1	0.5	2.5	15	1	0.5	2.5	15	1	0.5	2.5	15	1	0.5	2.5	15	0	1	0.5	2.5	15	1	0.5	2.5	15	1	0.5	2.5	15	1	0.5	2.5	15	0	0.2	0.2	0.2	0.2	0.2	0.2	0.2	0.2	0.2	0.2	0.2	0.2	0.2	0.2	0.2	0.2	0.2
10000	4.4604	0.0030553	0.028808	1.3854	1	-0.023133	1.4404	0.01374	4.2293	18.523	1.4404	0.01374	4.2293	18.523	1.4404	0.01374	4.2293	18.523	1.4404	0.01374	4.2293	18.523	0	1.9955	0.019034	5.8591	25.661	1.9955	0.019034	5.8591	25.661	1.9955	0.019034	5.8591	25.661	1.9955	0.019034	5.8591	25.661	0	0.37616	0.37616	0.37616	0.37616	0.37616	0.37616	0.37616	0.37616	0.37616	0.37616	0.37616	0.37616	0.37616	0.37616	0.37616	0.37616	0.37616
10000	8.8438	0.0083629	0.019505	0.99876	1	0.83445	0.78929	0.32488	4.9535	11.395	0.78929	0.32488	4.9535	11.395	0.78929	0.32488	4.9535	11.395	0.78929	0.32488	4.9535	11.395	0	0.77096	0.31733	4.8385	11.131	0.77096	0.31733	4.8385	11.131	0.77096	0.31733	4.8385	11.131	0.77096	0.31733	4.8385	11.131	0	0.2966	0.2966	0.2966	0.2966	0.2966	0.2966	0.2966	0.2966	0.2966	0.2966	0.2966	0.2966	0.2966	0.2966	0.2966	0.2966	0.2966
10000	3.1537	0.014215	0.020556	2.0243	1	1.0417	0.12345	-0.013895	3.4663	30.222	0.12345	-0.013895	3.4663	30.222	0.12345	-0.013895	3.4663	30.222	0.12345	-0.013895	3.4663	30.222	0	0.12645	-0.014233	3.5506	30.957	0.12645	-0.014233	3.5506	30.957	0.12645	-0.014233	3.5506	30.957	0.12645	-0.014233	3.5506	30.957	0	0.61806	0.61806	0.61806	0.61806	0.61806	0.61806	0.61806	0.61806	0.61806	0.61806	0.61806	0.61806	0.61806	0.61806	0.61806	0.61806	0.61806
10000	5	0.01	0.02	1	1	0.8	-0.041385	0.11126	2.5	15	-0.041385	0.11126	2.5	15	-0.041385	0.11126	2.5	15	-0.041385	0.11126	2.5	15	0	-0.048283	0.12981	2.9167	17.5	-0.048283	0.12981	2.9167	17.5	-0.048283	0.12981	2.9167	17.5	-0.048283	0.12981	2.9167	17.5	0	0.2	0.2	0.2	0.2	0.2	0.2	0.2	0.2	0.2	0.2	0.2	0.2	0.2	0.2	0.2	0.2	0.2
10000	5	0.0073333	0.04	1	1	0.8	1	0.3	2.5	9.6843	1	0.3	2.5	9.6843	1	0.3	2.5	9.6843	1	0.3	2.5	9.6843	0	0.625	0.1875	1.5625	6.0527	0.625	0.1875	1.5625	6.0527	0.625	0.1875	1.5625	6.0527	0.625	0.1875	1.5625	6.0527	0	0.33986	0.33986	0.33986	0.33986	0.33986	0.33986	0.33986	0.33986	0.33986	0.33986	0.33986	0.33986	0.33986	0.33986	0.33986	0.33986	0.33986
10000	4.9451	0.010084	0.01	0.99901	1	0.78326	0.56298	0.28791	3.5418	14.851	0.56298	0.28791	3.5418	14.851	0.56298	0.28791	3.5418	14.851	0.56298	0.28791	3.5418	14.851	0	0.55382	0.28323	3.4842	14.61	0.55382	0.28323	3.4842	14.61	0.55382	0.28323	3.4842	14.61	0.55382	0.28323	3.4842	14.61	0	0.39748	0.39748	0.39748	0.39748	0.39748	0.39748	0.39748	0.39748	0.39748	0.39748	0.39748	0.39748	0.39748	0.39748	0.39748	0.39748	0.39748
10000	2.3301	0.29796	0.01	1	1	0.8	1	0.3	3.5	10	1	0.3	3.5	10	1	0.3	3.5	10	1	0.3	3.5	10	0	0.77958	0.23387	2.7285	7.7958	0.77958	0.23387	2.7285	7.7958	0.77958	0.23387	2.7285	7.7958	0.77958	0.23387	2.7285	7.7958	0	0.2	0.2	0.2	0.2	0.2	0.2	0.2	0.2	0.2	0.2	0.2	0.2	0.2	0.2	0.2	0.2	0.2
10000	0.1	0.019736	0.01	0.99393	1	0.80625	0.79375	0.50521	2.4878	15.056	0.79375	0.50521	2.4878	15.056	0.79375	0.50521	2.4878	15.056	0.79375	0.50521	2.4878	15.056	0	0.53206	0.33865	1.6676	10.092	0.53206	0.33865	1.6676	10.092	0.53206	0.33865	1.6676	10.092	0.53206	0.33865	1.6676	10.092	0	0.28592	0.28592	0.28592	0.28592	0.28592	0.28592	0.28592	0.28592	0.28592	0.28592	0.28592	0.28592	0.28592	0.28592	0.28592	0.28592	0.28592
10000	5.8344	0.014881	0.019213	0.95986	1	0.81962	0.92895	0.31417	6.8701	14.826	0.92895	0.31417	6.8701	14.826	0.92895	0.31417	6.8701	14.826	0.92895	0.31417	6.8701	14.826	0	0.85263	0.28836	6.3057	13.607	0.85263	0.28836	6.3057	13.607	0.85263	0.28836	6.3057	13.607	0.85263	0.28836	6.3057	13.607	0	0.26207	0.26207	0.26207	0.26207	0.26207	0.26207	0.26207	0.26207	0.26207	0.26207	0.26207	0.26207	0.26207	0.26207	0.26207	0.26207	0.26207
10000	2.9055	0.5854	0.016658	0.99941	1	0.72237	0.57917	0.33377	2.4988	14.995	0.57917	0.33377	2.4988	14.995	0.57917	0.33377	2.4988	14.995	0.57917	0.33377	2.4988	14.995	0	0.53442	0.30798	2.3058	13.836	0.53442	0.30798	2.3058	13.836	0.53442	0.30798	2.3058	13.836	0.53442	0.30798	2.3058	13.836	0	0.19898	0.19898	0.19898	0.19898	0.19898	0.19898	0.19898	0.19898	0.19898	0.19898	0.19898	0.19898	0.19898	0.19898	0.19898	0.19898	0.19898
10000	4.5592	0.02	0.01	1	1	0.8	1	0.3	5	15	1	0.3	5	15	1	0.3	5	15	1	0.3	5	15	0	1.0419	0.31258	5.2096	15.629	1.0419	0.31258	5.2096	15.629	1.0419	0.31258	5.2096	15.629	1.0419	0.31258	5.2096	15.629	0	0.4	0.4	0.4	0.4	0.4	0.4	0.4	0.4	0.4	0.4	0.4	0.4	0.4	0.4	0.4	0.4	0.4
10000	5.0467	0.0089655	0.01	1.4423	1	0.74616	0.50166	0.13259	3.3826	25.308	0.50166	0.13259	3.3826	25.308	0.50166	0.13259	3.3826	25.308	0.50166	0.13259	3.3826	25.308	0	0.83369	0.22034	5.6213	42.057	0.83369	0.22034	5.6213	42.057	0.83369	0.22034	5.6213	42.057	0.83369	0.22034	5.6213	42.057	0	0.40173	0.40173	0.40173	0.40173	0.40173	0.40173	0.40173	0.40173	0.40173	0.40173	0.40173	0.40173	0.40173	0.40173	0.40173	0.40173	0.40173
10000	2.5013	0.0048165	0.027721	1.2471	1	0.57902	0.79631	0.61984	4.5524	23.981	0.79631	0.61984	4.5524	23.981	0.79631	0.61984	4.5524	23.981	0.79631	0.61984	4.5524	23.981	0	0.97451	0.75855	5.5712	29.348	0.97451	0.75855	5.5712	29.348	0.97451	0.75855	5.5712	29.348	0.97451	0.75855	5.5712	29.348	0	0.30422	0.30422	0.30422	0.30422	0.30422	0.30422	0.30422	0.30422	0.30422	0.30422	0.30422	0.30422	0.30422	0.30422	0.30422	0.30422	0.30422
10000	3.1931	0.001	0.01	1.1786	1	0.61627	0.61627	0.65311	2.8573	16.633	0.61627	0.65311	2.8573	16.633	0.61627	0.65311	2.8573	16.633	0.61627	0.65311	2.8573	16.633	0	0.50618	0.53645	2.3469	13.662	0.50618	0.53645	2.3469	13.662	0.50618	0.53645	2.3469	13.662	0.50618	0.53645	2.3469	13.662	0	0.30105	0.30105	0.30105	0.30105	0.30105	0.30105	0.30105	0.30105	0.30105	0.30105	0.30105	0.30105	0.30105	0.30105	0.30105	0.30105	0.30105
10000	3	0.005	0.026039	1	1	0.8	0.8	0.4	5	15	0.8	0.4	5	15	0.8	0.4	5	15	0.8	0.4	5	15	0	0.86516	0.43258	5.4072	16.222	0.86516	0.43258	5.4072	16.222	0.86516	0.43258	5.4072	16.222	0.86516	0.43258	5.4072	16.222	0	0.55	0.55	0.55	0.55	0.55	0.55	0.55	0.55	0.55	0.55	0.55	0.55	0.55	0.55	0.55	0.55	0.55
10000	2.5842	0.011202	0.016115	1.0186	1	0.8689	0.83126	0.56059	3.2803	12.697	0.83126	0.56059	3.2803	12.697	0.83126	0.56059	3.2803	12.697	0.83126	0.56059	3.2803	12.697	0	0.80921	0.54573	3.1933	12.36	0.80921	0.54573	3.1933	12.36	0.80921	0.54573	3.1933	12.36	0.80921	0.54573	3.1933	12.36	0	0.35331	0.35331	0.35331	0.35331	0.35331	0.35331	0.35331	0.35331	0.35331	0.35331	0.35331	0.35331	0.35331	0.35331	0.35331	0.35331	0.35331
10000	3	0.01	0.02	1	1	0.59978	0.99999	0.3	3.3333	30	0.99999	0.3	3.3333	30	0.99999	0.3	3.3333	30	0.99999	0.3	3.3333	30	0	0.99999	0.3	3.3333	30	0.99999	0.3	3.3333	30	0.99999	0.3	3.3333	30	0.99999	0.3	3.3333	30	0	0.2	0.2	0.2	0.2	0.2	0.2	0.2	0.2	0.2	0.2	0.2	0.2	0.2	0.2	0.2	0.2	0.2
10000	2.1043	0.3354	0.01	1.4647	1	0.70255	0.99971	0.19128	3.4993	20.003	0.99971	0.19128	3.4993	20.003	0.99971	0.19128	3.4993	20.003	0.99971	0.19128	3.4993	20.003	0	0.95779	0.18326	3.3526	19.164	0.95779	0.18326	3.3526	19.164	0.95779	0.18326	3.3526	19.164	0.95779	0.18326	3.3526	19.164	0	0.20544	0.20544	0.20544	0.20544	0.20544	0.20544	0.20544	0.20544	0.20544	0.20544	0.20544	0.20544	0.20544	0.20544	0.20544	0.20544	0.20544
10000	2.0147	0.014887	0.02	1	1	0.63084	1	0.5	3.5	9.0502	1	0.5	3.5	9.0502	1	0.5	3.5	9.0502	1	0.5	3.5	9.0502	0	1	0.5	3.5	9.0502	1	0.5	3.5	9.0502	1	0.5	3.5	9.0502	1	0.5	3.5	9.0502	0	0.2	0.2	0.2	0.2	0.2	0.2	0.2	0.2	0.2	0.2	0.2	0.2	0.2	0.2	0.2	0.2	0.2
10000	2.3787	0.0079963	0.022226	1.4942	1	0.82573	1.1323	0.49452	3.8011	7.6138	1.1323	0.49452	3.8011	7.6138	1.1323	0.49452	3.8011	7.6138	1.1323	0.49452	3.8011	7.6138	0	1.022	0.44635	3.4309	6.8722	1.022	0.44635	3.4309	6.8722	1.022	0.44635	3.4309	6.8722	1.022	0.44635	3.4309	6.8722	0	0.31029	0.31029	0.31029	0.31029	0.31029	0.31029	0.31029	0.31029	0.31029	0.31029	0.31029	0.31029	0.31029	0.31029	0.31029	0.31029	0.31029
10000	2.4044	0.01	0.01	1	1	0.8	1	0.3	3.3333	9.2844	1	0.3	3.3333	9.2844	1	0.3	3.3333	9.2844	1	0.3	3.3333	9.2844	0	1.0747	0.32242	3.5825	9.9783	1.0747	0.32242	3.5825	9.9783	1.0747	0.32242	3.5825	9.9783	1.0747	0.32242	3.5825	9.9783	0	0.29709	0.29709	0.29709	0.29709	0.29709	0.29709	0.29709	0.29709	0.29709	0.29709	0.29709	0.29709	0.29709	0.29709	0.29709	0.29709	0.29709
10000	3	0.01	0.02	1	1	0.8	1	0.3	2.5	15	1	0.3	2.5	15	1	0.3	2.5	15	1	0.3	2.5	15	0	1	0.3	2.5	15	1	0.3	2.5	15	1	0.3	2.5	15	1	0.3	2.5	15	0	0.2	0.2	0.2	0.2	0.2	0.2	0.2	0.2	0.2	0.2	0.2	0.2	0.2	0.2	0.2	0.2	0.2
10000	1.55	0.001	0.017873	1.4044	1	0.8	1	0.3	2.5	15	1	0.3	2.5	15	1	0.3	2.5	15	1	0.3	2.5	15	0	1	0.3	2.5	15	1	0.3	2.5	15	1	0.3	2.5	15	1	0.3	2.5	15	0	0.20627	0.20627	0.20627	0.20627	0.20627	0.20627	0.20627	0.20627	0.20627	0.20627	0.20627	0.20627	0.20627	0.20627	0.20627	0.20627	0.20627
10000	1.4035	0.011368	0.034948	1.2375	1	0.79952	1.0278	0.11397	3.4375	36.438	1.0278	0.11397	3.4375	36.438	1.0278	0.11397	3.4375	36.438	1.0278	0.11397	3.4375	36.438	0	0.81953	0.090879	2.741	29.055	0.81953	0.090879	2.741	29.055	0.81953	0.090879	2.741	29.055	0.81953	0.090879	2.741	29.055	0	0.20905	0.20905	0.20905	0.20905	0.20905	0.20905	0.20905	0.20905	0.20905	0.20905	0.20905	0.20905	0.20905	0.20905	0.20905	0.20905	0.20905
10000	2.9982	0.001	0.019981	0.99918	1	0.80084	1.0009	0.29939	2.4984	15.007	1.0009	0.29939	2.4984	15.007	1.0009	0.29939	2.4984	15.007	1.0009	0.29939	2.4984	15.007	0	1.0001	0.29915	2.4963	14.995	1.0001	0.29915	2.4963	14.995	1.0001	0.29915	2.4963	14.995	1.0001	0.29915	2.4963	14.995	0	0.19963	0.19963	0.19963	0.19963	0.19963	0.19963	0.19963	0.19963	0.19963	0.19963	0.19963	0.19963	0.19963	0.19963	0.19963	0.19963	0.19963
10000	3.0078	0.001	0.016667	1	1	0.5915	0.8	0.5	3.3333	10	0.8	0.5	3.3333	10	0.8	0.5	3.3333	10	0.8	0.5	3.3333	10	0	0.8	0.5	3.3333	10	0.8	0.5	3.3333	10	0.8	0.5	3.3333	10	0.8	0.5	3.3333	10	0	0.2	0.2	0.2	0.2	0.2	0.2	0.2	0.2	0.2	0.2	0.2	0.2	0.2	0.2	0.2	0.2	0.2
10000	2.7567	0.0082929	0.020032	0.98792	1	0.67447	1.0138	0.45365	3.8176	15.725	1.0138	0.45365	3.8176	15.725	1.0138	0.45365	3.8176	15.725	1.0138	0.45365	3.8176	15.725	0	0.94279	0.42187	3.5502	14.623	0.94279	0.42187	3.5502	14.623	0.94279	0.42187	3.5502	14.623	0.94279	0.42187	3.5502	14.623	0	0.20737	0.20737	0.20737	0.20737	0.20737	0.20737	0.20737	0.20737	0.20737	0.20737	0.20737	0.20737	0.20737	0.20737	0.20737	0.20737	0.20737
10000	1.7165	0.0084518	0.02	1	1	0.8	1.3333	0.33333	3.3333	13.333	1.3333	0.33333	3.3333	13.333	1.3333	0.33333	3.3333	13.333	1.3333	0.33333	3.3333	13.333	0	1.2778	0.31944	3.1944	12.778	1.2778	0.31944	3.1944	12.778	1.2778	0.31944	3.1944	12.778	1.2778	0.31944	3.1944	12.778	0	0.48036	0.48036	0.48036	0.48036	0.48036	0.48036	0.48036	0.48036	0.48036	0.48036	0.48036	0.48036	0.48036	0.48036	0.48036	0.48036	0.48036
10000	2.1684	0.014105	0.01	1.1396	1	0.8	1.133	0.5	3.3333	7.0248	1.133	0.5	3.3333	7.0248	1.133	0.5	3.3333	7.0248	1.133	0.5	3.3333	7.0248	0	1.133	0.5	3.3333	7.0248	1.133	0.5	3.3333	7.0248	1.133	0.5	3.3333	7.0248	1.133	0.5	3.3333	7.0248	0	0.3	0.3	0.3	0.3	0.3	0.3	0.3	0.3	0.3	0.3	0.3	0.3	0.3	0.3	0.3	0.3	0.3
10000	2.0972	0.0098817	0.031888	1.0439	1	0.79167	1.5116	0.31737	5.588	7.7333	1.5116	0.31737	5.588	7.7333	1.5116	0.31737	5.588	7.7333	1.5116	0.31737	5.588	7.7333	0	0.74879	0.15722	2.7681	3.8309	0.74879	0.15722	2.7681	3.8309	0.74879	0.15722	2.7681	3.8309	0.74879	0.15722	2.7681	3.8309	0	0.20084	0.20084	0.20084	0.20084	0.20084	0.20084	0.20084	0.20084	0.20084	0.20084	0.20084	0.20084	0.20084	0.20084	0.20084	0.20084	0.20084
10000	1.0299	0.0098924	0.01	1	1	0.8	1	0.3	2.5	15	1	0.3	2.5	15	1	0.3	2.5	15	1	0.3	2.5	15	0	0.5	0.15	1.25	7.5	0.5	0.15	1.25	7.5	0.5	0.15	1.25	7.5	0.5	0.15	1.25	7.5	0	0.21111	0.21111	0.21111	0.21111	0.21111	0.21111	0.21111	0.21111	0.21111	0.21111	0.21111	0.21111	0.21111	0.21111	0.21111	0.21111	0.21111
10000	5	0.001	0.016667	0.95833	1	0.8	1	0.3	2.5	20	1	0.3	2.5	20	1	0.3	2.5	20	1	0.3	2.5	20	0	1	0.3	2.5	20	1	0.3	2.5	20	1	0.3	2.5	20	1	0.3	2.5	20	0	0.33547	0.33547	0.33547	0.33547	0.33547	0.33547	0.33547	0.33547	0.33547	0.33547	0.33547	0.33547	0.33547	0.33547	0.33547	0.33547	0.33547
10000	5.0133	0.0057793	0.02	1	1	0.4	0.8	0.3	5	15	0.8	0.3	5	15	0.8	0.3	5	15	0.8	0.3	5	15	0	0.8	0.3	5	15	0.8	0.3	5	15	0.8	0.3	5	15	0.8	0.3	5	15	0	0.3	0.3	0.3	0.3	0.3	0.3	0.3	0.3	0.3	0.3	0.3	0.3	0.3	0.3	0.3	0.3	0.3
10000	2.55	0.005	0.02	1	1	0.4	0.8	0.3	2.4837	15	0.8	0.3	2.4837	15	0.8	0.3	2.4837	15	0.8	0.3	2.4837	15	0	0.73418	0.27532	2.2793	13.766	0.73418	0.27532	2.2793	13.766	0.73418	0.27532	2.2793	13.766	0.73418	0.27532	2.2793	13.766	0	0.2	0.2	0.2	0.2	0.2	0.2	0.2	0.2	0.2	0.2	0.2	0.2	0.2	0.2	0.2	0.2	0.2
10000	0.1	0.02742	0.027952	1.9982	1	0.61001	1	0.3	2.5151	15.37	1	0.3	2.5151	15.37	1	0.3	2.5151	15.37	1	0.3	2.5151	15.37	0	0.5	0.15	1.2575	7.6852	0.5	0.15	1.2575	7.6852	0.5	0.15	1.2575	7.6852	0.5	0.15	1.2575	7.6852	0	0.21765	0.21765	0.21765	0.21765	0.21765	0.21765	0.21765	0.21765	0.21765	0.21765	0.21765	0.21765	0.21765	0.21765	0.21765	0.21765	0.21765
10000	3	0.001	0.01	2	1	0.8	1	0.3	2.5	15	1	0.3	2.5	15	1	0.3	2.5	15	1	0.3	2.5	15	0	0.42797	0.12839	1.0699	6.4195	0.42797	0.12839	1.0699	6.4195	0.42797	0.12839	1.0699	6.4195	0.42797	0.12839	1.0699	6.4195	0	0.16667	0.16667	0.16667	0.16667	0.16667	0.16667	0.16667	0.16667	0.16667	0.16667	0.16667	0.16667	0.16667	0.16667	0.16667	0.16667	0.16667
10000	7.5866	0.0055	0.02	0.99999	1	0.32703	0.56993	0.4	3.3333	35.12	0.56993	0.4	3.3333	35.12	0.56993	0.4	3.3333	35.12	0.56993	0.4	3.3333	35.12	0	1.1399	0.8	6.6667	70.24	1.1399	0.8	6.6667	70.24	1.1399	0.8	6.6667	70.24	1.1399	0.8	6.6667	70.24	0	0.4	0.4	0.4	0.4	0.4	0.4	0.4	0.4	0.4	0.4	0.4	0.4	0.4	0.4	0.4	0.4	0.4
10000	3	0.0027231	0.015	2	1	0.20905	0.8	0.66666	3.3333	20	0.8	0.66666	3.3333	20	0.8	0.66666	3.3333	20	0.8	0.66666	3.3333	20	0	0.76667	0.63889	3.1944	19.167	0.76667	0.63889	3.1944	19.167	0.76667	0.63889	3.1944	19.167	0.76667	0.63889	3.1944	19.167	0	0.2	0.2	0.2	0.2	0.2	0.2	0.2	0.2	0.2	0.2	0.2	0.2	0.2	0.2	0.2	0.2	0.2
10000	5.2264	0.013109	0.06	1.6646	1	-0.089351	1.1111	0.3	2.5	15	1.1111	0.3	2.5	15	1.1111	0.3	2.5	15	1.1111	0.3	2.5	15	0	1.1569	0.31236	2.603	15.618	1.1569	0.31236	2.603	15.618	1.1569	0.31236	2.603	15.618	1.1569	0.31236	2.603	15.618	0	0.2	0.2	0.2	0.2	0.2	0.2	0.2	0.2	0.2	0.2	0.2	0.2	0.2	0.2	0.2	0.2	0.2
10000	7.1246	0.001	0.019383	1.9724	1	0.40733	0.67816	0.52366	3.2781	30.252	0.67816	0.52366	3.2781	30.252	0.67816	0.52366	3.2781	30.252	0.67816	0.52366	3.2781	30.252	0	0.65851	0.50849	3.1831	29.376	0.65851	0.50849	3.1831	29.376	0.65851	0.50849	3.1831	29.376	0.65851	0.50849	3.1831	29.376	0	0.33583	0.33583	0.33583	0.33583	0.33583	0.33583	0.33583	0.33583	0.33583	0.33583	0.33583	0.33583	0.33583	0.33583	0.33583	0.33583	0.33583
10000	3.1025	0.0065949	0.020693	1.6377	1	0.29682	0.89901	0.58268	3.8972	17.778	0.89901	0.58268	3.8972	17.778	0.89901	0.58268	3.8972	17.778	0.89901	0.58268	3.8972	17.778	0	0.8906	0.57723	3.8607	17.612	0.8906	0.57723	3.8607	17.612	0.8906	0.57723	3.8607	17.612	0.8906	0.57723	3.8607	17.612	0	0.16298	0.16298	0.16298	0.16298	0.16298	0.16298	0.16298	0.16298	0.16298	0.16298	0.16298	0.16298	0.16298	0.16298	0.16298	0.16298	0.16298
10000	5.275	0.011548	0.023168	2	1	0.40259	0.94035	0.4	3.3333	20	0.94035	0.4	3.3333	20	0.94035	0.4	3.3333	20	0.94035	0.4	3.3333	20	0	0.94035	0.4	3.3333	20	0.94035	0.4	3.3333	20	0.94035	0.4	3.3333	20	0.94035	0.4	3.3333	20	0	0.2	0.2	0.2	0.2	0.2	0.2	0.2	0.2	0.2	0.2	0.2	0.2	0.2	0.2	0.2	0.2	0.2
10000	4.4228	0.0028615	0.01	1.7961	1	-0.38703	0.59813	0.24813	2.0922	16.864	0.59813	0.24813	2.0922	16.864	0.59813	0.24813	2.0922	16.864	0.59813	0.24813	2.0922	16.864	0	0.78092	0.32396	2.7316	22.018	0.78092	0.32396	2.7316	22.018	0.78092	0.32396	2.7316	22.018	0.78092	0.32396	2.7316	22.018	0	0.10666	0.10666	0.10666	0.10666	0.10666	0.10666	0.10666	0.10666	0.10666	0.10666	0.10666	0.10666	0.10666	0.10666	0.10666	0.10666	0.10666
10000	3.55	0.01	0.01	2	1	0.50607	1	0.4	2.5	13.318	1	0.4	2.5	13.318	1	0.4	2.5	13.318	1	0.4	2.5	13.318	0	0.92665	0.37066	2.3166	12.341	0.92665	0.37066	2.3166	12.341	0.92665	0.37066	2.3166	12.341	0.92665	0.37066	2.3166	12.341	0	0.16667	0.16667	0.16667	0.16667	0.16667	0.16667	0.16667	0.16667	0.16667	0.16667	0.16667	0.16667	0.16667	0.16667	0.16667	0.16667	0.16667
10000	9.5202	0.009168	0.018958	1	1	0.50454	0.82385	0.33333	2.5	8.9833	0.82385	0.33333	2.5	8.9833	0.82385	0.33333	2.5	8.9833	0.82385	0.33333	2.5	8.9833	0	0.82385	0.33333	2.5	8.9833	0.82385	0.33333	2.5	8.9833	0.82385	0.33333	2.5	8.9833	0.82385	0.33333	2.5	8.9833	0	0.37778	0.37778	0.37778	0.37778	0.37778	0.37778	0.37778	0.37778	0.37778	0.37778	0.37778	0.37778	0.37778	0.37778	0.37778	0.37778	0.37778
10000	8.3486	0.0050016	0.020063	1.0989	1	0.21494	0.66794	0.29984	2.5038	15.032	0.66794	0.29984	2.5038	15.032	0.66794	0.29984	2.5038	15.032	0.66794	0.29984	2.5038	15.032	0	0.82189	0.36895	3.0809	18.497	0.82189	0.36895	3.0809	18.497	0.82189	0.36895	3.0809	18.497	0.82189	0.36895	3.0809	18.497	0	0.19914	0.19914	0.19914	0.19914	0.19914	0.19914	0.19914	0.19914	0.19914	0.19914	0.19914	0.19914	0.19914	0.19914	0.19914	0.19914	0.19914
10000	3	0.0075	0.023333	4	1	1.6	1.4372	0.5	2.5	20	1.4372	0.5	2.5	20	1.4372	0.5	2.5	20	1.4372	0.5	2.5	20	0	1.4372	0.5	2.5	20	1.4372	0.5	2.5	20	1.4372	0.5	2.5	20	1.4372	0.5	2.5	20	0	0.3	0.3	0.3	0.3	0.3	0.3	0.3	0.3	0.3	0.3	0.3	0.3	0.3	0.3	0.3	0.3	0.3
10000	6.1739	0.0049584	0.021348	4	1	1.6208	1.2587	0.19984	5.0056	14.398	1.2587	0.19984	5.0056	14.398	1.2587	0.19984	5.0056	14.398	1.2587	0.19984	5.0056	14.398	0	1.0734	0.17042	4.2685	12.278	1.0734	0.17042	4.2685	12.278	1.0734	0.17042	4.2685	12.278	1.0734	0.17042	4.2685	12.278	0	0.67672	0.67672	0.67672	0.67672	0.67672	0.67672	0.67672	0.67672	0.67672	0.67672	0.67672	0.67672	0.67672	0.67672	0.67672	0.67672	0.67672
10000	5	0.005	0.018729	2	1	1.0969	1.0394	0.3	2.8197	15	1.0394	0.3	2.8197	15	1.0394	0.3	2.8197	15	1.0394	0.3	2.8197	15	0	1.2663	0.36551	3.4355	18.275	1.2663	0.36551	3.4355	18.275	1.2663	0.36551	3.4355	18.275	1.2663	0.36551	3.4355	18.275	0	0.2	0.2	0.2	0.2	0.2	0.2	0.2	0.2	0.2	0.2	0.2	0.2	0.2	0.2	0.2	0.2	0.2
10000	3.3667	0.0058333	0.021042	2.6667	1	0.8	0.93332	0.14779	3.3333	15	0.93332	0.14779	3.3333	15	0.93332	0.14779	3.3333	15	0.93332	0.14779	3.3333	15	0	0.91766	0.14531	3.2774	14.748	0.91766	0.14531	3.2774	14.748	0.91766	0.14531	3.2774	14.748	0.91766	0.14531	3.2774	14.748	0	0.29342	0.29342	0.29342	0.29342	0.29342	0.29342	0.29342	0.29342	0.29342	0.29342	0.29342	0.29342	0.29342	0.29342	0.29342	0.29342	0.29342
10000	3.1885	0.005	0.02	3.3408	1	1.2109	0.8	0.3	2.5	20	0.8	0.3	2.5	20	0.8	0.3	2.5	20	0.8	0.3	2.5	20	0	0.76666	0.2875	2.3958	19.167	0.76666	0.2875	2.3958	19.167	0.76666	0.2875	2.3958	19.167	0.76666	0.2875	2.3958	19.167	0	0.3	0.3	0.3	0.3	0.3	0.3	0.3	0.3	0.3	0.3	0.3	0.3	0.3	0.3	0.3	0.3	0.3
10000	9.421	0.001	0.01	1.7973	1	1.25	0.10228	0.71049	8.125	16	0.10228	0.71049	8.125	16	0.10228	0.71049	8.125	16	0.10228	0.71049	8.125	16	0	0.14371	0.99823	11.416	22.48	0.14371	0.99823	11.416	22.48	0.14371	0.99823	11.416	22.48	0.14371	0.99823	11.416	22.48	0	0.64538	0.64538	0.64538	0.64538	0.64538	0.64538	0.64538	0.64538	0.64538	0.64538	0.64538	0.64538	0.64538	0.64538	0.64538	0.64538	0.64538
10000	4.9091	0.015914	0.01866	2.0907	1	0.83362	0.48452	0.38295	4.6132	14.726	0.48452	0.38295	4.6132	14.726	0.48452	0.38295	4.6132	14.726	0.48452	0.38295	4.6132	14.726	0	0.66579	0.52622	6.3391	20.236	0.66579	0.52622	6.3391	20.236	0.66579	0.52622	6.3391	20.236	0.66579	0.52622	6.3391	20.236	0	0.25101	0.25101	0.25101	0.25101	0.25101	0.25101	0.25101	0.25101	0.25101	0.25101	0.25101	0.25101	0.25101	0.25101	0.25101	0.25101	0.25101
10000	5.7093	0.0054413	0.01	1.5352	1	0.66513	0.57053	0.44597	6.6516	-110.88	0.57053	0.44597	6.6516	-110.88	0.57053	0.44597	6.6516	-110.88	0.57053	0.44597	6.6516	-110.88	0	0.64511	0.50426	7.5211	-125.38	0.64511	0.50426	7.5211	-125.38	0.64511	0.50426	7.5211	-125.38	0.64511	0.50426	7.5211	-125.38	0	0.45647	0.45647	0.45647	0.45647	0.45647	0.45647	0.45647	0.45647	0.45647	0.45647	0.45647	0.45647	0.45647	0.45647	0.45647	0.45647	0.45647
10000	7.1523	0.004075	0.020992	1.0729	1	0.59323	1.0833	0.31829	5.1458	14.333	1.0833	0.31829	5.1458	14.333	1.0833	0.31829	5.1458	14.333	1.0833	0.31829	5.1458	14.333	0	1.1164	0.32801	5.3029	14.771	1.1164	0.32801	5.3029	14.771	1.1164	0.32801	5.3029	14.771	1.1164	0.32801	5.3029	14.771	0	0.28979	0.28979	0.28979	0.28979	0.28979	0.28979	0.28979	0.28979	0.28979	0.28979	0.28979	0.28979	0.28979	0.28979	0.28979	0.28979	0.28979
10000	8	0.0020207	0.01	1.7463	1	0.8	0.6285	0.15157	4.6666	20	0.6285	0.15157	4.6666	20	0.6285	0.15157	4.6666	20	0.6285	0.15157	4.6666	20	0	0.73122	0.17635	5.4293	23.269	0.73122	0.17635	5.4293	23.269	0.73122	0.17635	5.4293	23.269	0.73122	0.17635	5.4293	23.269	0	0.2	0.2	0.2	0.2	0.2	0.2	0.2	0.2	0.2	0.2	0.2	0.2	0.2	0.2	0.2	0.2	0.2
10000	5.4031	0.010451	0.025147	1.7576	1	0.56841	1.0316	0.75337	5.2391	17.059	1.0316	0.75337	5.2391	17.059	1.0316	0.75337	5.2391	17.059	1.0316	0.75337	5.2391	17.059	0	1.2341	0.90124	6.2674	20.407	1.2341	0.90124	6.2674	20.407	1.2341	0.90124	6.2674	20.407	1.2341	0.90124	6.2674	20.407	0	0.4217	0.4217	0.4217	0.4217	0.4217	0.4217	0.4217	0.4217	0.4217	0.4217	0.4217	0.4217	0.4217	0.4217	0.4217	0.4217	0.4217
10000	10	0.0036726	0.02	1.7115	1	0.8	0.68457	0.3	5	5.5738	0.68457	0.3	5	5.5738	0.68457	0.3	5	5.5738	0.68457	0.3	5	5.5738	0	1.3691	0.6	10	11.148	1.3691	0.6	10	11.148	1.3691	0.6	10	11.148	1.3691	0.6	10	11.148	0	0.66685	0.66685	0.66685	0.66685	0.66685	0.66685	0.66685	0.66685	0.66685	0.66685	0.66685	0.66685	0.66685	0.66685	0.66685	0.66685	0.66685
10000	0.1	1	0.017279	1.1798	1	0.61522	1.2895	0.48823	2.8593	16.644	1.2895	0.48823	2.8593	16.644	1.2895	0.48823	2.8593	16.644	1.2895	0.48823	2.8593	16.644	0	0.45807	0.17344	1.0157	5.9124	0.45807	0.17344	1.0157	5.9124	0.45807	0.17344	1.0157	5.9124	0.45807	0.17344	1.0157	5.9124	0	0.15398	0.15398	0.15398	0.15398	0.15398	0.15398	0.15398	0.15398	0.15398	0.15398	0.15398	0.15398	0.15398	0.15398	0.15398	0.15398	0.15398
10000	3.8677	0.01	0.023333	3.3333	1	0.8	1	0.3	5	26.667	1	0.3	5	26.667	1	0.3	5	26.667	1	0.3	5	26.667	0	0.99999	0.3	5	26.667	0.99999	0.3	5	26.667	0.99999	0.3	5	26.667	0.99999	0.3	5	26.667	0	0.19404	0.19404	0.19404	0.19404	0.19404	0.19404	0.19404	0.19404	0.19404	0.19404	0.19404	0.19404	0.19404	0.19404	0.19404	0.19404	0.19404
10000	2.9362	0.021215	0.018635	2.6872	1	0.96849	0.94197	0.26808	4.5378	16.32	0.94197	0.26808	4.5378	16.32	0.94197	0.26808	4.5378	16.32	0.94197	0.26808	4.5378	16.32	0	0.90167	0.25662	4.3437	15.622	0.90167	0.25662	4.3437	15.622	0.90167	0.25662	4.3437	15.622	0.90167	0.25662	4.3437	15.622	0	0.208	0.208	0.208	0.208	0.208	0.208	0.208	0.208	0.208	0.208	0.208	0.208	0.208	0.208	0.208	0.208	0.208
10000	6.0153	0.0105	0.028436	1.2188	1	0.73438	0.75	0.6875	6.4375	13	0.75	0.6875	6.4375	13	0.75	0.6875	6.4375	13	0.75	0.6875	6.4375	13	0	0.58594	0.53711	5.0293	10.156	0.58594	0.53711	5.0293	10.156	0.58594	0.53711	5.0293	10.156	0.58594	0.53711	5.0293	10.156	0	0.31392	0.31392	0.31392	0.31392	0.31392	0.31392	0.31392	0.31392	0.31392	0.31392	0.31392	0.31392	0.31392	0.31392	0.31392	0.31392	0.31392
10000	3.76	0.0096754	0.020001	1	1	0.41848	0.97	0.72062	4.4444	107.89	0.97	0.72062	4.4444	107.89	0.97	0.72062	4.4444	107.89	0.97	0.72062	4.4444	107.89	0	0.38572	0.28656	1.7673	42.902	0.38572	0.28656	1.7673	42.902	0.38572	0.28656	1.7673	42.902	0.38572	0.28656	1.7673	42.902	0	0.30002	0.30002	0.30002	0.30002	0.30002	0.30002	0.30002	0.30002	0.30002	0.30002	0.30002	0.30002	0.30002	0.30002	0.30002	0.30002	0.30002
10000	0.1	0.0084797	0.02	1	1	0.33895	1.0667	1.35	5	20	1.0667	1.35	5	20	1.0667	1.35	5	20	1.0667	1.35	5	20	0	0.5093	0.64458	2.3873	9.5493	0.5093	0.64458	2.3873	9.5493	0.5093	0.64458	2.3873	9.5493	0.5093	0.64458	2.3873	9.5493	0	0.20649	0.20649	0.20649	0.20649	0.20649	0.20649	0.20649	0.20649	0.20649	0.20649	0.20649	0.20649	0.20649	0.20649	0.20649	0.20649	0.20649
10000	0.51682	0.0086342	0.01	1.1097	1	0.40121	0.60746	0.40113	3.5039	10.01	0.60746	0.40113	3.5039	10.01	0.60746	0.40113	3.5039	10.01	0.60746	0.40113	3.5039	10.01	0	0.30418	0.20086	1.7545	5.0121	0.30418	0.20086	1.7545	5.0121	0.30418	0.20086	1.7545	5.0121	0.30418	0.20086	1.7545	5.0121	0	0.28996	0.28996	0.28996	0.28996	0.28996	0.28996	0.28996	0.28996	0.28996	0.28996	0.28996	0.28996	0.28996	0.28996	0.28996	0.28996	0.28996
10000	5.5238	0.007162	0.016449	1.1554	1	0.26441	0.86284	0.51542	3.6441	10.977	0.86284	0.51542	3.6441	10.977	0.86284	0.51542	3.6441	10.977	0.86284	0.51542	3.6441	10.977	0	0.72878	0.43534	3.0779	9.2712	0.72878	0.43534	3.0779	9.2712	0.72878	0.43534	3.0779	9.2712	0.72878	0.43534	3.0779	9.2712	0	0.22586	0.22586	0.22586	0.22586	0.22586	0.22586	0.22586	0.22586	0.22586	0.22586	0.22586	0.22586	0.22586	0.22586	0.22586	0.22586	0.22586
10000	3.0316	0.007	0.016667	0.9982	1	0.75594	0.73028	0.77396	2.691	15.027	0.73028	0.77396	2.691	15.027	0.73028	0.77396	2.691	15.027	0.73028	0.77396	2.691	15.027	0	0.37333	0.39566	1.3757	7.6818	0.37333	0.39566	1.3757	7.6818	0.37333	0.39566	1.3757	7.6818	0.37333	0.39566	1.3757	7.6818	0	0.16733	0.16733	0.16733	0.16733	0.16733	0.16733	0.16733	0.16733	0.16733	0.16733	0.16733	0.16733	0.16733	0.16733	0.16733	0.16733	0.16733
10000	6.3802	0.0076225	0.028406	1.0563	1	0.61883	0.98572	2.3102	3.7745	13.846	0.98572	2.3102	3.7745	13.846	0.98572	2.3102	3.7745	13.846	0.98572	2.3102	3.7745	13.846	0	0.98666	2.3124	3.7781	13.86	0.98666	2.3124	3.7781	13.86	0.98666	2.3124	3.7781	13.86	0.98666	2.3124	3.7781	13.86	0	0.29942	0.29942	0.29942	0.29942	0.29942	0.29942	0.29942	0.29942	0.29942	0.29942	0.29942	0.29942	0.29942	0.29942	0.29942	0.29942	0.29942
10000	4.5	0.001	0.11278	1	1	0.33118	0.88276	0.3	2.7778	15	0.88276	0.3	2.7778	15	0.88276	0.3	2.7778	15	0.88276	0.3	2.7778	15	0	0.82739	0.28118	2.6035	14.059	0.82739	0.28118	2.6035	14.059	0.82739	0.28118	2.6035	14.059	0.82739	0.28118	2.6035	14.059	0	0.33019	0.33019	0.33019	0.33019	0.33019	0.33019	0.33019	0.33019	0.33019	0.33019	0.33019	0.33019	0.33019	0.33019	0.33019	0.33019	0.33019
10000	7.0003	0.0062799	0.029997	1.0001	1	0.79993	0.23769	0.43537	2.4999	15.001	0.23769	0.43537	2.4999	15.001	0.23769	0.43537	2.4999	15.001	0.23769	0.43537	2.4999	15.001	0	0.23767	0.43534	2.4997	14.999	0.23767	0.43534	2.4997	14.999	0.23767	0.43534	2.4997	14.999	0.23767	0.43534	2.4997	14.999	0	0.17627	0.17627	0.17627	0.17627	0.17627	0.17627	0.17627	0.17627	0.17627	0.17627	0.17627	0.17627	0.17627	0.17627	0.17627	0.17627	0.17627
10000	6.7325	0.0036475	0.04	0.98812	1	0.8	0.57907	0.53333	2.4275	13.283	0.57907	0.53333	2.4275	13.283	0.57907	0.53333	2.4275	13.283	0.57907	0.53333	2.4275	13.283	0	0.62144	0.57235	2.605	14.255	0.62144	0.57235	2.605	14.255	0.62144	0.57235	2.605	14.255	0.62144	0.57235	2.605	14.255	0	0.28321	0.28321	0.28321	0.28321	0.28321	0.28321	0.28321	0.28321	0.28321	0.28321	0.28321	0.28321	0.28321	0.28321	0.28321	0.28321	0.28321
