10000	5	0.005	0.02	1	1	0.8	1	0.5	0	15	1	0.5	0	15	1	0.5	0	15	1	0.5	0	15	0	1	0.5	0	15	1	0.5	0	15	1	0.5	0	15	1	0.5	0	15	0	0.18889	0.18889	0.18889	0.18889	0.18889	0.18889	0.18889	0.18889	0.18889	0.18889	0.18889	0.18889	0.18889	0.18889	0.18889	0.18889	0.18889
10000	4.1047	0.0016923	0.011538	1	1	0.38462	0.4359	0.6	0	20.744	0.4359	0.6	0	20.744	0.4359	0.6	0	20.744	0.4359	0.6	0	20.744	0	0.70134	0.96538	0	33.376	0.70134	0.96538	0	33.376	0.70134	0.96538	0	33.376	0.70134	0.96538	0	33.376	0	0.018562	0.018562	0.018562	0.018562	0.018562	0.018562	0.018562	0.018562	0.018562	0.018562	0.018562	0.018562	0.018562	0.018562	0.018562	0.018562	0.018562
10000	6.0527	0.001	0.022435	1	1	0.45083	0.77692	0.56667	0	15.205	0.77692	0.56667	0	15.205	0.77692	0.56667	0	15.205	0.77692	0.56667	0	15.205	0	0.79435	0.57938	0	15.546	0.79435	0.57938	0	15.546	0.79435	0.57938	0	15.546	0.79435	0.57938	0	15.546	0	0.18595	0.18595	0.18595	0.18595	0.18595	0.18595	0.18595	0.18595	0.18595	0.18595	0.18595	0.18595	0.18595	0.18595	0.18595	0.18595	0.18595
10000	3.5182	0.019484	0.01	1	1	0.63938	1.0167	0.3	0	15	1.0167	0.3	0	15	1.0167	0.3	0	15	1.0167	0.3	0	15	0	0.34403	0.10151	0	5.0755	0.34403	0.10151	0	5.0755	0.34403	0.10151	0	5.0755	0.34403	0.10151	0	5.0755	0	0.1963	0.1963	0.1963	0.1963	0.1963	0.1963	0.1963	0.1963	0.1963	0.1963	0.1963	0.1963	0.1963	0.1963	0.1963	0.1963	0.1963
10000	6.9968	0.0047984	0.019991	1	1	0.67258	0.99921	0.30052	0	14.993	0.99921	0.30052	0	14.993	0.99921	0.30052	0	14.993	0.99921	0.30052	0	14.993	0	0.5	0.15038	0	7.5027	0.5	0.15038	0	7.5027	0.5	0.15038	0	7.5027	0.5	0.15038	0	7.5027	0	0.20032	0.20032	0.20032	0.20032	0.20032	0.20032	0.20032	0.20032	0.20032	0.20032	0.20032	0.20032	0.20032	0.20032	0.20032	0.20032	0.20032
10000	3.525	0.0017223	0.036667	1	1	0.35	1.3937	-0.040884	0	15.848	1.3937	-0.040884	0	15.848	1.3937	-0.040884	0	15.848	1.3937	-0.040884	0	15.848	0	0.34843	-0.010221	0	3.9621	0.34843	-0.010221	0	3.9621	0.34843	-0.010221	0	3.9621	0.34843	-0.010221	0	3.9621	0	0.7	0.7	0.7	0.7	0.7	0.7	0.7	0.7	0.7	0.7	0.7	0.7	0.7	0.7	0.7	0.7	0.7
10000	2.9973	0.0057476	0.020027	1	1	0.80123	1.5988	0.30089	0	14.989	1.5988	0.30089	0	14.989	1.5988	0.30089	0	14.989	1.5988	0.30089	0	14.989	0	0.39969	0.075222	0	3.7473	0.39969	0.075222	0	3.7473	0.39969	0.075222	0	3.7473	0.39969	0.075222	0	3.7473	0	0.63657	0.63657	0.63657	0.63657	0.63657	0.63657	0.63657	0.63657	0.63657	0.63657	0.63657	0.63657	0.63657	0.63657	0.63657	0.63657	0.63657
10000	10	0.027812	0.04	1	1	0.8	1	0.095817	0	7.0692	1	0.095817	0	7.0692	1	0.095817	0	7.0692	1	0.095817	0	7.0692	0	0.875	0.08384	0	6.1856	0.875	0.08384	0	6.1856	0.875	0.08384	0	6.1856	0.875	0.08384	0	6.1856	0	0.4	0.4	0.4	0.4	0.4	0.4	0.4	0.4	0.4	0.4	0.4	0.4	0.4	0.4	0.4	0.4	0.4
10000	9.9999	0.02	0.02	1	1	0.8	1	-2.7	0	15	1	-2.7	0	15	1	-2.7	0	15	1	-2.7	0	15	0	0.25	-0.675	0	3.75	0.25	-0.675	0	3.75	0.25	-0.675	0	3.75	0.25	-0.675	0	3.75	0	0.2	0.2	0.2	0.2	0.2	0.2	0.2	0.2	0.2	0.2	0.2	0.2	0.2	0.2	0.2	0.2	0.2
10000	5	0.028497	0.028758	1	1	0.71209	1.2	0.3	0	10.428	1.2	0.3	0	10.428	1.2	0.3	0	10.428	1.2	0.3	0	10.428	0	0.6	0.15	0	5.2141	0.6	0.15	0	5.2141	0.6	0.15	0	5.2141	0.6	0.15	0	5.2141	0	0.31616	0.31616	0.31616	0.31616	0.31616	0.31616	0.31616	0.31616	0.31616	0.31616	0.31616	0.31616	0.31616	0.31616	0.31616	0.31616	0.31616
10000	5.1565	0.011667	0.02	1	1	0.47848	1	-1.1784	0	15	1	-1.1784	0	15	1	-1.1784	0	15	1	-1.1784	0	15	0	1	-1.1784	0	15	1	-1.1784	0	15	1	-1.1784	0	15	1	-1.1784	0	15	0	0.26996	0.26996	0.26996	0.26996	0.26996	0.26996	0.26996	0.26996	0.26996	0.26996	0.26996	0.26996	0.26996	0.26996	0.26996	0.26996	0.26996
10000	2.8389	0.001	0.02	1	1	0.29682	1.3333	-0.75588	0	13.147	1.3333	-0.75588	0	13.147	1.3333	-0.75588	0	13.147	1.3333	-0.75588	0	13.147	0	1.0006	-0.56727	0	9.8664	1.0006	-0.56727	0	9.8664	1.0006	-0.56727	0	9.8664	1.0006	-0.56727	0	9.8664	0	0.3	0.3	0.3	0.3	0.3	0.3	0.3	0.3	0.3	0.3	0.3	0.3	0.3	0.3	0.3	0.3	0.3
10000	3.4378	0.001	0.03	1	1	0.35	1.5	-0.8068	0	24	1.5	-0.8068	0	24	1.5	-0.8068	0	24	1.5	-0.8068	0	24	0	2.1848	-1.1751	0	34.956	2.1848	-1.1751	0	34.956	2.1848	-1.1751	0	34.956	2.1848	-1.1751	0	34.956	0	0.48565	0.48565	0.48565	0.48565	0.48565	0.48565	0.48565	0.48565	0.48565	0.48565	0.48565	0.48565	0.48565	0.48565	0.48565	0.48565	0.48565
10000	10	0.051152	0.016771	1	1	0.88748	1.8178	-0.2319	0	21.543	1.8178	-0.2319	0	21.543	1.8178	-0.2319	0	21.543	1.8178	-0.2319	0	21.543	0	3.1187	-0.39785	0	36.959	3.1187	-0.39785	0	36.959	3.1187	-0.39785	0	36.959	3.1187	-0.39785	0	36.959	0	0.52792	0.52792	0.52792	0.52792	0.52792	0.52792	0.52792	0.52792	0.52792	0.52792	0.52792	0.52792	0.52792	0.52792	0.52792	0.52792	0.52792
10000	2.7251	0.001	0.020022	1	1	0.40063	0.79846	-0.33761	0	11.661	0.79846	-0.33761	0	11.661	0.79846	-0.33761	0	11.661	0.79846	-0.33761	0	11.661	0	0.67223	-0.28423	0	9.8173	0.67223	-0.28423	0	9.8173	0.67223	-0.28423	0	9.8173	0.67223	-0.28423	0	9.8173	0	0.44871	0.44871	0.44871	0.44871	0.44871	0.44871	0.44871	0.44871	0.44871	0.44871	0.44871	0.44871	0.44871	0.44871	0.44871	0.44871	0.44871
10000	6.1432	0.001	0.054318	1	1	0.81418	1.4887	-4.4971	0	15.038	1.4887	-4.4971	0	15.038	1.4887	-4.4971	0	15.038	1.4887	-4.4971	0	15.038	0	0.63371	-1.9143	0	6.401	0.63371	-1.9143	0	6.401	0.63371	-1.9143	0	6.401	0.63371	-1.9143	0	6.401	0	0.30277	0.30277	0.30277	0.30277	0.30277	0.30277	0.30277	0.30277	0.30277	0.30277	0.30277	0.30277	0.30277	0.30277	0.30277	0.30277	0.30277
10000	6.2531	0.0052963	0.017788	1	1	0.7987	0.59316	-2.6991	0	8.0867	0.59316	-2.6991	0	8.0867	0.59316	-2.6991	0	8.0867	0.59316	-2.6991	0	8.0867	0	0.59378	-2.7019	0	8.0952	0.59378	-2.7019	0	8.0952	0.59378	-2.7019	0	8.0952	0.59378	-2.7019	0	8.0952	0	0.20058	0.20058	0.20058	0.20058	0.20058	0.20058	0.20058	0.20058	0.20058	0.20058	0.20058	0.20058	0.20058	0.20058	0.20058	0.20058	0.20058
10000	2.996	0.001	0.016667	1	1	0.80321	0.9965	-0.048657	0	14.972	0.9965	-0.048657	0	14.972	0.9965	-0.048657	0	14.972	0.9965	-0.048657	0	14.972	0	1.1554	-0.056415	0	17.359	1.1554	-0.056415	0	17.359	1.1554	-0.056415	0	17.359	1.1554	-0.056415	0	17.359	0	0.58879	0.58879	0.58879	0.58879	0.58879	0.58879	0.58879	0.58879	0.58879	0.58879	0.58879	0.58879	0.58879	0.58879	0.58879	0.58879	0.58879
10000	2.8293	0.0014444	0.022054	1	1	0.8	1	-1	0	15	1	-1	0	15	1	-1	0	15	1	-1	0	15	0	0.5	-0.5	0	7.5	0.5	-0.5	0	7.5	0.5	-0.5	0	7.5	0.5	-0.5	0	7.5	0	0.38608	0.38608	0.38608	0.38608	0.38608	0.38608	0.38608	0.38608	0.38608	0.38608	0.38608	0.38608	0.38608	0.38608	0.38608	0.38608	0.38608
10000	5.0424	0.001	0.029331	1	1	0.64884	1.9838	-35.71	0	15.134	1.9838	-35.71	0	15.134	1.9838	-35.71	0	15.134	1.9838	-35.71	0	15.134	0	0.49595	-8.9276	0	3.7835	0.49595	-8.9276	0	3.7835	0.49595	-8.9276	0	3.7835	0.49595	-8.9276	0	3.7835	0	0.44023	0.44023	0.44023	0.44023	0.44023	0.44023	0.44023	0.44023	0.44023	0.44023	0.44023	0.44023	0.44023	0.44023	0.44023	0.44023	0.44023
10000	6.0447	0.001	0.033978	1	1	-0.00018108	2.3481	0.13395	0	20.711	2.3481	0.13395	0	20.711	2.3481	0.13395	0	20.711	2.3481	0.13395	0	20.711	0	1.1567	0.065989	0	10.203	1.1567	0.065989	0	10.203	1.1567	0.065989	0	10.203	1.1567	0.065989	0	10.203	0	0.45444	0.45444	0.45444	0.45444	0.45444	0.45444	0.45444	0.45444	0.45444	0.45444	0.45444	0.45444	0.45444	0.45444	0.45444	0.45444	0.45444
10000	4.9648	0.0088722	0.017407	1	1	0.17569	1.0667	0.44947	0	17.222	1.0667	0.44947	0	17.222	1.0667	0.44947	0	17.222	1.0667	0.44947	0	17.222	0	1.2446	0.52443	0	20.094	1.2446	0.52443	0	20.094	1.2446	0.52443	0	20.094	1.2446	0.52443	0	20.094	0	0.20335	0.20335	0.20335	0.20335	0.20335	0.20335	0.20335	0.20335	0.20335	0.20335	0.20335	0.20335	0.20335	0.20335	0.20335	0.20335	0.20335
10000	5.1139	0.0099951	0.019989	1	1	0.79949	0.99943	0.30037	0	14.995	0.99943	0.30037	0	14.995	0.99943	0.30037	0	14.995	0.99943	0.30037	0	14.995	0	0.99921	0.3003	0	14.992	0.99921	0.3003	0	14.992	0.99921	0.3003	0	14.992	0.99921	0.3003	0	14.992	0	0.30034	0.30034	0.30034	0.30034	0.30034	0.30034	0.30034	0.30034	0.30034	0.30034	0.30034	0.30034	0.30034	0.30034	0.30034	0.30034	0.30034
10000	3	0.001	0.02	1	1	0.4	0.8	0.3	0	15	0.8	0.3	0	15	0.8	0.3	0	15	0.8	0.3	0	15	0	0.43519	0.1632	0	8.1598	0.43519	0.1632	0	8.1598	0.43519	0.1632	0	8.1598	0.43519	0.1632	0	8.1598	0	0.33198	0.33198	0.33198	0.33198	0.33198	0.33198	0.33198	0.33198	0.33198	0.33198	0.33198	0.33198	0.33198	0.33198	0.33198	0.33198	0.33198
10000	4.8302	0.0060384	0.01	1	1	0.40425	2.3795	0.058208	0	32.768	2.3795	0.058208	0	32.768	2.3795	0.058208	0	32.768	2.3795	0.058208	0	32.768	0	0.90686	0.022184	0	12.488	0.90686	0.022184	0	12.488	0.90686	0.022184	0	12.488	0.90686	0.022184	0	12.488	0	0.45402	0.45402	0.45402	0.45402	0.45402	0.45402	0.45402	0.45402	0.45402	0.45402	0.45402	0.45402	0.45402	0.45402	0.45402	0.45402	0.45402
10000	5.3908	0.0021508	0.028889	1	1	0.41659	1.3875	0.27759	0	17.846	1.3875	0.27759	0	17.846	1.3875	0.27759	0	17.846	1.3875	0.27759	0	17.846	0	0.43648	0.087322	0	5.6138	0.43648	0.087322	0	5.6138	0.43648	0.087322	0	5.6138	0.43648	0.087322	0	5.6138	0	0.21979	0.21979	0.21979	0.21979	0.21979	0.21979	0.21979	0.21979	0.21979	0.21979	0.21979	0.21979	0.21979	0.21979	0.21979	0.21979	0.21979
10000	3.1649	0.001	0.01	1	1	0.28889	1.2288	0.3	0	10	1.2288	0.3	0	10	1.2288	0.3	0	10	1.2288	0.3	0	10	0	0.61439	0.15	0	5	0.61439	0.15	0	5	0.61439	0.15	0	5	0.61439	0.15	0	5	0	0.095105	0.095105	0.095105	0.095105	0.095105	0.095105	0.095105	0.095105	0.095105	0.095105	0.095105	0.095105	0.095105	0.095105	0.095105	0.095105	0.095105
10000	4.5941	0.001	0.029996	1	1	0.4994	1.9997	-9.1766e-06	0	14.997	1.9997	-9.1766e-06	0	14.997	1.9997	-9.1766e-06	0	14.997	1.9997	-9.1766e-06	0	14.997	0	0.49992	-2.2941e-06	0	3.7493	0.49992	-2.2941e-06	0	3.7493	0.49992	-2.2941e-06	0	3.7493	0.49992	-2.2941e-06	0	3.7493	0	0.30002	0.30002	0.30002	0.30002	0.30002	0.30002	0.30002	0.30002	0.30002	0.30002	0.30002	0.30002	0.30002	0.30002	0.30002	0.30002	0.30002
10000	3.6453	0.001	0.015	1	1	0.28806	0.8	0	0	9.0242	0.8	0	0	9.0242	0.8	0	0	9.0242	0.8	0	0	9.0242	0	0.2	0	0	2.2561	0.2	0	0	2.2561	0.2	0	0	2.2561	0.2	0	0	2.2561	0	0.1	0.1	0.1	0.1	0.1	0.1	0.1	0.1	0.1	0.1	0.1	0.1	0.1	0.1	0.1	0.1	0.1
10000	9.9999	0.0020743	0.015	1	1	0.4	2	0.3	0	15	2	0.3	0	15	2	0.3	0	15	2	0.3	0	15	0	0.57974	0.086961	0	4.3481	0.57974	0.086961	0	4.3481	0.57974	0.086961	0	4.3481	0.57974	0.086961	0	4.3481	0	0.3	0.3	0.3	0.3	0.3	0.3	0.3	0.3	0.3	0.3	0.3	0.3	0.3	0.3	0.3	0.3	0.3
10000	5	0.001	0.01	1	1	0.56773	1.2948	-0.30819	0	10	1.2948	-0.30819	0	10	1.2948	-0.30819	0	10	1.2948	-0.30819	0	10	0	0.32369	-0.077048	0	2.5	0.32369	-0.077048	0	2.5	0.32369	-0.077048	0	2.5	0.32369	-0.077048	0	2.5	0	0.2	0.2	0.2	0.2	0.2	0.2	0.2	0.2	0.2	0.2	0.2	0.2	0.2	0.2	0.2	0.2	0.2
10000	5.457	0.0044787	0.018996	1	1	0.4168	0.82951	0.27413	0	14.682	0.82951	0.27413	0	14.682	0.82951	0.27413	0	14.682	0.82951	0.27413	0	14.682	0	0.81942	0.27079	0	14.503	0.81942	0.27079	0	14.503	0.81942	0.27079	0	14.503	0.81942	0.27079	0	14.503	0	0.42247	0.42247	0.42247	0.42247	0.42247	0.42247	0.42247	0.42247	0.42247	0.42247	0.42247	0.42247	0.42247	0.42247	0.42247	0.42247	0.42247
10000	6.4746	0.001	0.01	1	1	0.6056	1.4999	-0.13631	0	11.001	1.4999	-0.13631	0	11.001	1.4999	-0.13631	0	11.001	1.4999	-0.13631	0	11.001	0	0.37499	-0.034076	0	2.7503	0.37499	-0.034076	0	2.7503	0.37499	-0.034076	0	2.7503	0.37499	-0.034076	0	2.7503	0	0.47597	0.47597	0.47597	0.47597	0.47597	0.47597	0.47597	0.47597	0.47597	0.47597	0.47597	0.47597	0.47597	0.47597	0.47597	0.47597	0.47597
10000	6.0272	0.01	0.02	1	1	0.8	1.3628	0.3	0	20	1.3628	0.3	0	20	1.3628	0.3	0	20	1.3628	0.3	0	20	0	0.34071	0.075	0	5	0.34071	0.075	0	5	0.34071	0.075	0	5	0.34071	0.075	0	5	0	0.1	0.1	0.1	0.1	0.1	0.1	0.1	0.1	0.1	0.1	0.1	0.1	0.1	0.1	0.1	0.1	0.1
10000	4.8522	0.0024054	0.024355	1	1	0.3289	1.4584	-0.54692	0	31	1.4584	-0.54692	0	31	1.4584	-0.54692	0	31	1.4584	-0.54692	0	31	0	0.63802	-0.23927	0	13.562	0.63802	-0.23927	0	13.562	0.63802	-0.23927	0	13.562	0.63802	-0.23927	0	13.562	0	0.32503	0.32503	0.32503	0.32503	0.32503	0.32503	0.32503	0.32503	0.32503	0.32503	0.32503	0.32503	0.32503	0.32503	0.32503	0.32503	0.32503
10000	3.1378	0.020006	0.020035	1	1	0.80158	-8.9982	0.12631	0	15.014	-8.9982	0.12631	0	15.014	-8.9982	0.12631	0	15.014	-8.9982	0.12631	0	15.014	0	-8.9844	0.12611	0	14.991	-8.9844	0.12611	0	14.991	-8.9844	0.12611	0	14.991	-8.9844	0.12611	0	14.991	0	0.80358	0.80358	0.80358	0.80358	0.80358	0.80358	0.80358	0.80358	0.80358	0.80358	0.80358	0.80358	0.80358	0.80358	0.80358	0.80358	0.80358
10000	7.1819	0.01	0.50396	1	1	1	1	0.3	0	15	1	0.3	0	15	1	0.3	0	15	1	0.3	0	15	0	1	0.3	0	15	1	0.3	0	15	1	0.3	0	15	1	0.3	0	15	0	0.20899	0.20899	0.20899	0.20899	0.20899	0.20899	0.20899	0.20899	0.20899	0.20899	0.20899	0.20899	0.20899	0.20899	0.20899	0.20899	0.20899
10000	4.7542	0.027777	0.032079	1	1	0.875	-8.9167	-0.37388	0	0.22835	-8.9167	-0.37388	0	0.22835	-8.9167	-0.37388	0	0.22835	-8.9167	-0.37388	0	0.22835	0	-11.73	-0.49184	0	0.3004	-11.73	-0.49184	0	0.3004	-11.73	-0.49184	0	0.3004	-11.73	-0.49184	0	0.3004	0	0.54583	0.54583	0.54583	0.54583	0.54583	0.54583	0.54583	0.54583	0.54583	0.54583	0.54583	0.54583	0.54583	0.54583	0.54583	0.54583	0.54583
10000	5.0009	0.072851	0.040019	1	1	0.47252	0.33896	0.29999	0	10.002	0.33896	0.29999	0	10.002	0.33896	0.29999	0	10.002	0.33896	0.29999	0	10.002	0	0.16943	0.14995	0	4.9993	0.16943	0.14995	0	4.9993	0.16943	0.14995	0	4.9993	0.16943	0.14995	0	4.9993	0	0.44317	0.44317	0.44317	0.44317	0.44317	0.44317	0.44317	0.44317	0.44317	0.44317	0.44317	0.44317	0.44317	0.44317	0.44317	0.44317	0.44317
10000	5.1167	0.019615	0.019614	1	1	0.48703	1.0396	0.37332	0	15.328	1.0396	0.37332	0	15.328	1.0396	0.37332	0	15.328	1.0396	0.37332	0	15.328	0	0.25989	0.093329	0	3.8321	0.25989	0.093329	0	3.8321	0.25989	0.093329	0	3.8321	0.25989	0.093329	0	3.8321	0	0.20352	0.20352	0.20352	0.20352	0.20352	0.20352	0.20352	0.20352	0.20352	0.20352	0.20352	0.20352	0.20352	0.20352	0.20352	0.20352	0.20352
10000	8.0052	0.039897	0.021748	1	1	0.80092	0.42072	0.40085	0	14.989	0.42072	0.40085	0	14.989	0.42072	0.40085	0	14.989	0.42072	0.40085	0	14.989	0	0.84192	0.80217	0	29.996	0.84192	0.80217	0	29.996	0.84192	0.80217	0	29.996	0.84192	0.80217	0	29.996	0	0.19947	0.19947	0.19947	0.19947	0.19947	0.19947	0.19947	0.19947	0.19947	0.19947	0.19947	0.19947	0.19947	0.19947	0.19947	0.19947	0.19947
10000	3.1413	0.001	0.02	1	1	0.42894	0.8	0.3	0	20	0.8	0.3	0	20	0.8	0.3	0	20	0.8	0.3	0	20	0	0.4	0.15	0	10	0.4	0.15	0	10	0.4	0.15	0	10	0.4	0.15	0	10	0	0.45	0.45	0.45	0.45	0.45	0.45	0.45	0.45	0.45	0.45	0.45	0.45	0.45	0.45	0.45	0.45	0.45
10000	3.8161	0.0084896	0.34688	1	1	0.39987	1.1112	0.97434	0	9.7472	1.1112	0.97434	0	9.7472	1.1112	0.97434	0	9.7472	1.1112	0.97434	0	9.7472	0	0.55572	0.48726	0	4.8745	0.55572	0.48726	0	4.8745	0.55572	0.48726	0	4.8745	0.55572	0.48726	0	4.8745	0	0.28135	0.28135	0.28135	0.28135	0.28135	0.28135	0.28135	0.28135	0.28135	0.28135	0.28135	0.28135	0.28135	0.28135	0.28135	0.28135	0.28135
10000	7.8989	0.010958	0.02	1	1	0.8	1	0.3	0	15	1	0.3	0	15	1	0.3	0	15	1	0.3	0	15	0	1.1221	0.33663	0	16.831	1.1221	0.33663	0	16.831	1.1221	0.33663	0	16.831	1.1221	0.33663	0	16.831	0	1	1	1	1	1	1	1	1	1	1	1	1	1	1	1	1	1
10000	7.3294	0.001	0.03992	1	1	0.66525	0.78519	0.34156	0	-49.827	0.78519	0.34156	0	-49.827	0.78519	0.34156	0	-49.827	0.78519	0.34156	0	-49.827	0	0.58889	0.25617	0	-37.37	0.58889	0.25617	0	-37.37	0.58889	0.25617	0	-37.37	0.58889	0.25617	0	-37.37	0	0.74053	0.74053	0.74053	0.74053	0.74053	0.74053	0.74053	0.74053	0.74053	0.74053	0.74053	0.74053	0.74053	0.74053	0.74053	0.74053	0.74053
10000	8.0972	0.010205	0.02	1	1	0.51875	0.69236	0.41111	0	15	0.69236	0.41111	0	15	0.69236	0.41111	0	15	0.69236	0.41111	0	15	0	0.34618	0.20556	0	7.5	0.34618	0.20556	0	7.5	0.34618	0.20556	0	7.5	0.34618	0.20556	0	7.5	0	0.29444	0.29444	0.29444	0.29444	0.29444	0.29444	0.29444	0.29444	0.29444	0.29444	0.29444	0.29444	0.29444	0.29444	0.29444	0.29444	0.29444
10000	3.4956	0.001	0.013927	1	1	0.78013	-9.0125	0.29599	0	14.989	-9.0125	0.29599	0	14.989	-9.0125	0.29599	0	14.989	-9.0125	0.29599	0	14.989	0	-13.296	0.43667	0	22.113	-13.296	0.43667	0	22.113	-13.296	0.43667	0	22.113	-13.296	0.43667	0	22.113	0	1	1	1	1	1	1	1	1	1	1	1	1	1	1	1	1	1
10000	3.2396	0.003928	0.036215	1	1	0.48606	0.60562	0.6	0	108.8	0.60562	0.6	0	108.8	0.60562	0.6	0	108.8	0.60562	0.6	0	108.8	0	0.30281	0.3	0	54.398	0.30281	0.3	0	54.398	0.30281	0.3	0	54.398	0.30281	0.3	0	54.398	0	0.2	0.2	0.2	0.2	0.2	0.2	0.2	0.2	0.2	0.2	0.2	0.2	0.2	0.2	0.2	0.2	0.2
10000	4.9998	0.032102	0.020958	1	1	0.79994	0.99994	0.29996	0	14.999	0.99994	0.29996	0	14.999	0.99994	0.29996	0	14.999	0.99994	0.29996	0	14.999	0	0.99993	0.29996	0	14.999	0.99993	0.29996	0	14.999	0.99993	0.29996	0	14.999	0.99993	0.29996	0	14.999	0	1	1	1	1	1	1	1	1	1	1	1	1	1	1	1	1	1
10000	5	0.023333	0.03	1	1	0.50631	0.49836	-0.27223	0	15	0.49836	-0.27223	0	15	0.49836	-0.27223	0	15	0.49836	-0.27223	0	15	0	0.12459	-0.068057	0	3.75	0.12459	-0.068057	0	3.75	0.12459	-0.068057	0	3.75	0.12459	-0.068057	0	3.75	0	0.17773	0.17773	0.17773	0.17773	0.17773	0.17773	0.17773	0.17773	0.17773	0.17773	0.17773	0.17773	0.17773	0.17773	0.17773	0.17773	0.17773
10000	5	0.005	0.04	1	1	0.61236	0.69627	0.3	0	15	0.69627	0.3	0	15	0.69627	0.3	0	15	0.69627	0.3	0	15	0	0.69627	0.3	0	15	0.69627	0.3	0	15	0.69627	0.3	0	15	0.69627	0.3	0	15	0	0.1	0.1	0.1	0.1	0.1	0.1	0.1	0.1	0.1	0.1	0.1	0.1	0.1	0.1	0.1	0.1	0.1
10000	9.9073	0.0048954	0.050508	1	1	0.89119	1.2424	0.4375	0	13	1.2424	0.4375	0	13	1.2424	0.4375	0	13	1.2424	0.4375	0	13	0	0.31059	0.10938	0	3.25	0.31059	0.10938	0	3.25	0.31059	0.10938	0	3.25	0.31059	0.10938	0	3.25	0	0.25	0.25	0.25	0.25	0.25	0.25	0.25	0.25	0.25	0.25	0.25	0.25	0.25	0.25	0.25	0.25	0.25
10000	7.2263	0.001	0.017975	1	1	0.87164	1.1955	0.64687	0	31.582	1.1955	0.64687	0	31.582	1.1955	0.64687	0	31.582	1.1955	0.64687	0	31.582	0	0.41253	0.22322	0	10.898	0.41253	0.22322	0	10.898	0.41253	0.22322	0	10.898	0.41253	0.22322	0	10.898	0	0.13905	0.13905	0.13905	0.13905	0.13905	0.13905	0.13905	0.13905	0.13905	0.13905	0.13905	0.13905	0.13905	0.13905	0.13905	0.13905	0.13905
10000	7.4156	0.0063333	0.025	1	1	0.575	1.5639	0.4625	0	17	1.5639	0.4625	0	17	1.5639	0.4625	0	17	1.5639	0.4625	0	17	0	0.39098	0.11563	0	4.25	0.39098	0.11563	0	4.25	0.39098	0.11563	0	4.25	0.39098	0.11563	0	4.25	0	0.45	0.45	0.45	0.45	0.45	0.45	0.45	0.45	0.45	0.45	0.45	0.45	0.45	0.45	0.45	0.45	0.45
10000	5	0.01	0.02	1	1	0.4	2	0.3	0	15	2	0.3	0	15	2	0.3	0	15	2	0.3	0	15	0	0.76635	0.11495	0	5.7476	0.76635	0.11495	0	5.7476	0.76635	0.11495	0	5.7476	0.76635	0.11495	0	5.7476	0	0.2	0.2	0.2	0.2	0.2	0.2	0.2	0.2	0.2	0.2	0.2	0.2	0.2	0.2	0.2	0.2	0.2
10000	4.1833	0.0012963	0.01	1	1	0.88889	1.42	1	0	16.667	1.42	1	0	16.667	1.42	1	0	16.667	1.42	1	0	16.667	0	0.67268	0.47371	0	7.8951	0.67268	0.47371	0	7.8951	0.67268	0.47371	0	7.8951	0.67268	0.47371	0	7.8951	0	0.31863	0.31863	0.31863	0.31863	0.31863	0.31863	0.31863	0.31863	0.31863	0.31863	0.31863	0.31863	0.31863	0.31863	0.31863	0.31863	0.31863
10000	7.2271	0.001	0.02	1	1	0.8	2	0.4	0	15	2	0.4	0	15	2	0.4	0	15	2	0.4	0	15	0	0.5	0.1	0	3.75	0.5	0.1	0	3.75	0.5	0.1	0	3.75	0.5	0.1	0	3.75	0	0.3	0.3	0.3	0.3	0.3	0.3	0.3	0.3	0.3	0.3	0.3	0.3	0.3	0.3	0.3	0.3	0.3
10000	10	0.001	0.02	1	1	0.8	2	0.3	0	-6.3059	2	0.3	0	-6.3059	2	0.3	0	-6.3059	2	0.3	0	-6.3059	0	0.5	0.075	0	-1.5765	0.5	0.075	0	-1.5765	0.5	0.075	0	-1.5765	0.5	0.075	0	-1.5765	0	0.35024	0.35024	0.35024	0.35024	0.35024	0.35024	0.35024	0.35024	0.35024	0.35024	0.35024	0.35024	0.35024	0.35024	0.35024	0.35024	0.35024
10000	5.8551	0.0030349	0.03	1	1	0.8	1	0.3	0	15	1	0.3	0	15	1	0.3	0	15	1	0.3	0	15	0	1	0.3	0	15	1	0.3	0	15	1	0.3	0	15	1	0.3	0	15	0	0.4	0.4	0.4	0.4	0.4	0.4	0.4	0.4	0.4	0.4	0.4	0.4	0.4	0.4	0.4	0.4	0.4
10000	3.3667	0.001	0.01	1	1	0.8	1.5	0.5	0	15	1.5	0.5	0	15	1.5	0.5	0	15	1.5	0.5	0	15	0	0.375	0.125	0	3.75	0.375	0.125	0	3.75	0.375	0.125	0	3.75	0.375	0.125	0	3.75	0	0.2	0.2	0.2	0.2	0.2	0.2	0.2	0.2	0.2	0.2	0.2	0.2	0.2	0.2	0.2	0.2	0.2
10000	7.3333	0.001	0.018333	1	1	0.8	1.5	0.3	0	10	1.5	0.3	0	10	1.5	0.3	0	10	1.5	0.3	0	10	0	0.75	0.15	0	5	0.75	0.15	0	5	0.75	0.15	0	5	0.75	0.15	0	5	0	0.25199	0.25199	0.25199	0.25199	0.25199	0.25199	0.25199	0.25199	0.25199	0.25199	0.25199	0.25199	0.25199	0.25199	0.25199	0.25199	0.25199
10000	7	0.0024907	0.01	1	1	0.86344	2.3932	0.3	0	15	2.3932	0.3	0	15	2.3932	0.3	0	15	2.3932	0.3	0	15	0	0.5983	0.075	0	3.75	0.5983	0.075	0	3.75	0.5983	0.075	0	3.75	0.5983	0.075	0	3.75	0	0.2	0.2	0.2	0.2	0.2	0.2	0.2	0.2	0.2	0.2	0.2	0.2	0.2	0.2	0.2	0.2	0.2
10000	10	0.001	0.025638	1	1	0.5754	1.5	0.625	0	19	1.5	0.625	0	19	1.5	0.625	0	19	1.5	0.625	0	19	0	0.375	0.15625	0	4.75	0.375	0.15625	0	4.75	0.375	0.15625	0	4.75	0.375	0.15625	0	4.75	0	0.20669	0.20669	0.20669	0.20669	0.20669	0.20669	0.20669	0.20669	0.20669	0.20669	0.20669	0.20669	0.20669	0.20669	0.20669	0.20669	0.20669
10000	8.4261	0.001	0.01	1	1	0.76229	1.4067	0.27342	0	-5.5977	1.4067	0.27342	0	-5.5977	1.4067	0.27342	0	-5.5977	1.4067	0.27342	0	-5.5977	0	0.35168	0.068354	0	-1.3994	0.35168	0.068354	0	-1.3994	0.35168	0.068354	0	-1.3994	0.35168	0.068354	0	-1.3994	0	0.14444	0.14444	0.14444	0.14444	0.14444	0.14444	0.14444	0.14444	0.14444	0.14444	0.14444	0.14444	0.14444	0.14444	0.14444	0.14444	0.14444
10000	7.7139	0.001	0.044102	1	1	0.68292	1.3498	0.61027	0	19.874	1.3498	0.61027	0	19.874	1.3498	0.61027	0	19.874	1.3498	0.61027	0	19.874	0	1.3685	0.61871	0	20.148	1.3685	0.61871	0	20.148	1.3685	0.61871	0	20.148	1.3685	0.61871	0	20.148	0	0.44015	0.44015	0.44015	0.44015	0.44015	0.44015	0.44015	0.44015	0.44015	0.44015	0.44015	0.44015	0.44015	0.44015	0.44015	0.44015	0.44015
10000	3.0322	0.001	0.016888	1	1	0.94004	1.1556	0.33964	0	16.245	1.1556	0.33964	0	16.245	1.1556	0.33964	0	16.245	1.1556	0.33964	0	16.245	0	1.0628	0.31235	0	14.94	1.0628	0.31235	0	14.94	1.0628	0.31235	0	14.94	1.0628	0.31235	0	14.94	0	0.19115	0.19115	0.19115	0.19115	0.19115	0.19115	0.19115	0.19115	0.19115	0.19115	0.19115	0.19115	0.19115	0.19115	0.19115	0.19115	0.19115
10000	2.9925	0.001	0.040232	1	1	1.5965	0.82604	0.29802	0	29.969	0.82604	0.29802	0	29.969	0.82604	0.29802	0	29.969	0.82604	0.29802	0	29.969	0	0.63598	0.22945	0	23.074	0.63598	0.22945	0	23.074	0.63598	0.22945	0	23.074	0.63598	0.22945	0	23.074	0	0.24249	0.24249	0.24249	0.24249	0.24249	0.24249	0.24249	0.24249	0.24249	0.24249	0.24249	0.24249	0.24249	0.24249	0.24249	0.24249	0.24249
10000	5.954	0.001	0.03	1	1	1.5166	2.125	0.62501	0	24	2.125	0.62501	0	24	2.125	0.62501	0	24	2.125	0.62501	0	24	0	3.0547	0.89846	0	34.501	3.0547	0.89846	0	34.501	3.0547	0.89846	0	34.501	3.0547	0.89846	0	34.501	0	0.66031	0.66031	0.66031	0.66031	0.66031	0.66031	0.66031	0.66031	0.66031	0.66031	0.66031	0.66031	0.66031	0.66031	0.66031	0.66031	0.66031
10000	10	0.001	0.03	1	1	1.15	1.5	-0.81531	0	26	1.5	-0.81531	0	26	1.5	-0.81531	0	26	1.5	-0.81531	0	26	0	0.79974	-0.43469	0	13.862	0.79974	-0.43469	0	13.862	0.79974	-0.43469	0	13.862	0.79974	-0.43469	0	13.862	0	0.34237	0.34237	0.34237	0.34237	0.34237	0.34237	0.34237	0.34237	0.34237	0.34237	0.34237	0.34237	0.34237	0.34237	0.34237	0.34237	0.34237
10000	10	0.01	0.030153	1	1	0.88889	1.7754	0.046601	0	15	1.7754	0.046601	0	15	1.7754	0.046601	0	15	1.7754	0.046601	0	15	0	0.44384	0.01165	0	3.75	0.44384	0.01165	0	3.75	0.44384	0.01165	0	3.75	0.44384	0.01165	0	3.75	0	0.1	0.1	0.1	0.1	0.1	0.1	0.1	0.1	0.1	0.1	0.1	0.1	0.1	0.1	0.1	0.1	0.1
10000	3.3222	0.001	0.01	1	1	0.8	1	0.096928	0	15	1	0.096928	0	15	1	0.096928	0	15	1	0.096928	0	15	0	0.78873	0.07645	0	11.831	0.78873	0.07645	0	11.831	0.78873	0.07645	0	11.831	0.78873	0.07645	0	11.831	0	0.61884	0.61884	0.61884	0.61884	0.61884	0.61884	0.61884	0.61884	0.61884	0.61884	0.61884	0.61884	0.61884	0.61884	0.61884	0.61884	0.61884
10000	4.1777	0.0032884	0.014981	1	1	1.0019	2.0019	0.49857	0	14.985	2.0019	0.49857	0	14.985	2.0019	0.49857	0	14.985	2.0019	0.49857	0	14.985	0	0.50048	0.12464	0	3.7462	0.50048	0.12464	0	3.7462	0.50048	0.12464	0	3.7462	0.50048	0.12464	0	3.7462	0	0.29901	0.29901	0.29901	0.29901	0.29901	0.29901	0.29901	0.29901	0.29901	0.29901	0.29901	0.29901	0.29901	0.29901	0.29901	0.29901	0.29901
10000	5.275	0.001	0.021863	1	1	1.034	2.9848	-0.39819	0	15	2.9848	-0.39819	0	15	2.9848	-0.39819	0	15	2.9848	-0.39819	0	15	0	0.74619	-0.099547	0	3.75	0.74619	-0.099547	0	3.75	0.74619	-0.099547	0	3.75	0.74619	-0.099547	0	3.75	0	0.2188	0.2188	0.2188	0.2188	0.2188	0.2188	0.2188	0.2188	0.2188	0.2188	0.2188	0.2188	0.2188	0.2188	0.2188	0.2188	0.2188
10000	2.5167	0.001	0.03	1	1	1	1	0.3	0	15	1	0.3	0	15	1	0.3	0	15	1	0.3	0	15	0	0.25	0.075	0	3.75	0.25	0.075	0	3.75	0.25	0.075	0	3.75	0.25	0.075	0	3.75	0	0.2	0.2	0.2	0.2	0.2	0.2	0.2	0.2	0.2	0.2	0.2	0.2	0.2	0.2	0.2	0.2	0.2
10000	2.6007	0.001	0.01	1	1	0.88889	1.4214	0.33333	0	15	1.4214	0.33333	0	15	1.4214	0.33333	0	15	1.4214	0.33333	0	15	0	0.39483	0.092592	0	4.1666	0.39483	0.092592	0	4.1666	0.39483	0.092592	0	4.1666	0.39483	0.092592	0	4.1666	0	0.28333	0.28333	0.28333	0.28333	0.28333	0.28333	0.28333	0.28333	0.28333	0.28333	0.28333	0.28333	0.28333	0.28333	0.28333	0.28333	0.28333
10000	3.9252	0.001	0.019306	1	1	0.81983	1.5783	0.26686	0	7.3314	1.5783	0.26686	0	7.3314	1.5783	0.26686	0	7.3314	1.5783	0.26686	0	7.3314	0	0.63107	0.1067	0	2.9315	0.63107	0.1067	0	2.9315	0.63107	0.1067	0	2.9315	0.63107	0.1067	0	2.9315	0	0.099996	0.099996	0.099996	0.099996	0.099996	0.099996	0.099996	0.099996	0.099996	0.099996	0.099996	0.099996	0.099996	0.099996	0.099996	0.099996	0.099996
10000	3.0039	0.0014427	0.01	1	1	1.0685	2.1779	-0.24877	0	15.016	2.1779	-0.24877	0	15.016	2.1779	-0.24877	0	15.016	2.1779	-0.24877	0	15.016	0	0.54446	-0.062193	0	3.7541	0.54446	-0.062193	0	3.7541	0.54446	-0.062193	0	3.7541	0.54446	-0.062193	0	3.7541	0	0.26846	0.26846	0.26846	0.26846	0.26846	0.26846	0.26846	0.26846	0.26846	0.26846	0.26846	0.26846	0.26846	0.26846	0.26846	0.26846	0.26846
10000	2.806	0.001	0.021344	1	1	1	1.6543	-0.077727	0	13.719	1.6543	-0.077727	0	13.719	1.6543	-0.077727	0	13.719	1.6543	-0.077727	0	13.719	0	0.75822	-0.035625	0	6.2879	0.75822	-0.035625	0	6.2879	0.75822	-0.035625	0	6.2879	0.75822	-0.035625	0	6.2879	0	0.25792	0.25792	0.25792	0.25792	0.25792	0.25792	0.25792	0.25792	0.25792	0.25792	0.25792	0.25792	0.25792	0.25792	0.25792	0.25792	0.25792
10000	3.0156	0.001	0.02	1	1	0.82172	1.1463	0.060047	0	5.8255	1.1463	0.060047	0	5.8255	1.1463	0.060047	0	5.8255	1.1463	0.060047	0	5.8255	0	0.57317	0.030023	0	2.9127	0.57317	0.030023	0	2.9127	0.57317	0.030023	0	2.9127	0.57317	0.030023	0	2.9127	0	0.23045	0.23045	0.23045	0.23045	0.23045	0.23045	0.23045	0.23045	0.23045	0.23045	0.23045	0.23045	0.23045	0.23045	0.23045	0.23045	0.23045
10000	8.451	0.0023841	0.018146	1	1	1.014	1.35	0.24898	0	12.976	1.35	0.24898	0	12.976	1.35	0.24898	0	12.976	1.35	0.24898	0	12.976	0	0.52311	0.096478	0	5.0282	0.52311	0.096478	0	5.0282	0.52311	0.096478	0	5.0282	0.52311	0.096478	0	5.0282	0	0.30902	0.30902	0.30902	0.30902	0.30902	0.30902	0.30902	0.30902	0.30902	0.30902	0.30902	0.30902	0.30902	0.30902	0.30902	0.30902	0.30902
10000	6.3006	0.001	0.019907	1	1	0.77741	2.1239	0.33012	0	15.674	2.1239	0.33012	0	15.674	2.1239	0.33012	0	15.674	2.1239	0.33012	0	15.674	0	0.6641	0.10322	0	4.9011	0.6641	0.10322	0	4.9011	0.6641	0.10322	0	4.9011	0.6641	0.10322	0	4.9011	0	0.18424	0.18424	0.18424	0.18424	0.18424	0.18424	0.18424	0.18424	0.18424	0.18424	0.18424	0.18424	0.18424	0.18424	0.18424	0.18424	0.18424
10000	9.498	0.001	0.02	1	1	0.8	1	0.17123	0	15	1	0.17123	0	15	1	0.17123	0	15	1	0.17123	0	15	0	1	0.17123	0	15	1	0.17123	0	15	1	0.17123	0	15	1	0.17123	0	15	0	0.25879	0.25879	0.25879	0.25879	0.25879	0.25879	0.25879	0.25879	0.25879	0.25879	0.25879	0.25879	0.25879	0.25879	0.25879	0.25879	0.25879
10000	4.4565	0.001	0.017541	1	1	0.8	0.8	0.4	0	15	0.8	0.4	0	15	0.8	0.4	0	15	0.8	0.4	0	15	0	0.93333	0.46667	0	17.5	0.93333	0.46667	0	17.5	0.93333	0.46667	0	17.5	0.93333	0.46667	0	17.5	0	0.29546	0.29546	0.29546	0.29546	0.29546	0.29546	0.29546	0.29546	0.29546	0.29546	0.29546	0.29546	0.29546	0.29546	0.29546	0.29546	0.29546
10000	4.188	0.001	0.014999	1	1	0.80007	1.0001	0.29996	0	4.8393	1.0001	0.29996	0	4.8393	1.0001	0.29996	0	4.8393	1.0001	0.29996	0	4.8393	0	1.1667	0.34993	0	5.6455	1.1667	0.34993	0	5.6455	1.1667	0.34993	0	5.6455	1.1667	0.34993	0	5.6455	0	0.28938	0.28938	0.28938	0.28938	0.28938	0.28938	0.28938	0.28938	0.28938	0.28938	0.28938	0.28938	0.28938	0.28938	0.28938	0.28938	0.28938
10000	7	0.0014444	0.02	1	1	0.88889	2.8805	0.3	0	15	2.8805	0.3	0	15	2.8805	0.3	0	15	2.8805	0.3	0	15	0	0.72013	0.075	0	3.75	0.72013	0.075	0	3.75	0.72013	0.075	0	3.75	0.72013	0.075	0	3.75	0	0.17202	0.17202	0.17202	0.17202	0.17202	0.17202	0.17202	0.17202	0.17202	0.17202	0.17202	0.17202	0.17202	0.17202	0.17202	0.17202	0.17202
10000	8.5554	0.001	0.02	1	1	0.88889	1.3333	0.6	0	15	1.3333	0.6	0	15	1.3333	0.6	0	15	1.3333	0.6	0	15	0	0.33333	0.15	0	3.75	0.33333	0.15	0	3.75	0.33333	0.15	0	3.75	0.33333	0.15	0	3.75	0	0.19357	0.19357	0.19357	0.19357	0.19357	0.19357	0.19357	0.19357	0.19357	0.19357	0.19357	0.19357	0.19357	0.19357	0.19357	0.19357	0.19357
10000	7.8508	0.001	0.01	1	1	0.8	1.3333	0.36667	0	15	1.3333	0.36667	0	15	1.3333	0.36667	0	15	1.3333	0.36667	0	15	0	0.33333	0.091667	0	3.75	0.33333	0.091667	0	3.75	0.33333	0.091667	0	3.75	0.33333	0.091667	0	3.75	0	0.2	0.2	0.2	0.2	0.2	0.2	0.2	0.2	0.2	0.2	0.2	0.2	0.2	0.2	0.2	0.2	0.2
10000	9.1791	0.001	0.02	1	1	0.4	1.3333	0.3	0	10	1.3333	0.3	0	10	1.3333	0.3	0	10	1.3333	0.3	0	10	0	0.42173	0.09489	0	3.163	0.42173	0.09489	0	3.163	0.42173	0.09489	0	3.163	0.42173	0.09489	0	3.163	0	0	0	0	0	0	0	0	0	0	0	0	0	0	0	0	0	0
10000	3.525	0.001	0.01793	1	1	0.35	0.87499	0.625	0	16.917	0.87499	0.625	0	16.917	0.87499	0.625	0	16.917	0.87499	0.625	0	16.917	0	0.27916	0.1994	0	5.3972	0.27916	0.1994	0	5.3972	0.27916	0.1994	0	5.3972	0.27916	0.1994	0	5.3972	0	0	0	0	0	0	0	0	0	0	0	0	0	0	0	0	0	0
10000	8.1704	0.001	0.01	1	1	0.62138	1.4196	0.63537	0	16.092	1.4196	0.63537	0	16.092	1.4196	0.63537	0	16.092	1.4196	0.63537	0	16.092	0	0.3549	0.15884	0	4.0229	0.3549	0.15884	0	4.0229	0.3549	0.15884	0	4.0229	0.3549	0.15884	0	4.0229	0	0.15227	0.15227	0.15227	0.15227	0.15227	0.15227	0.15227	0.15227	0.15227	0.15227	0.15227	0.15227	0.15227	0.15227	0.15227	0.15227	0.15227
10000	3.9681	0.0010637	0.01	1	1	0.35319	1.4965	0.27732	0	23.972	1.4965	0.27732	0	23.972	1.4965	0.27732	0	23.972	1.4965	0.27732	0	23.972	0	0.37677	0.069821	0	6.0354	0.37677	0.069821	0	6.0354	0.37677	0.069821	0	6.0354	0.37677	0.069821	0	6.0354	0	0.59787	0.59787	0.59787	0.59787	0.59787	0.59787	0.59787	0.59787	0.59787	0.59787	0.59787	0.59787	0.59787	0.59787	0.59787	0.59787	0.59787
10000	8	0.001	0.021978	1	1	0.56462	1.3333	0.3	0	5.9036	1.3333	0.3	0	5.9036	1.3333	0.3	0	5.9036	1.3333	0.3	0	5.9036	0	0.33334	0.075001	0	1.4759	0.33334	0.075001	0	1.4759	0.33334	0.075001	0	1.4759	0.33334	0.075001	0	1.4759	0	0.20618	0.20618	0.20618	0.20618	0.20618	0.20618	0.20618	0.20618	0.20618	0.20618	0.20618	0.20618	0.20618	0.20618	0.20618	0.20618	0.20618
10000	4.9666	0.01	0.026376	1	1	0.58954	2	0.3	0	15	2	0.3	0	15	2	0.3	0	15	2	0.3	0	15	0	0.5	0.075	0	3.75	0.5	0.075	0	3.75	0.5	0.075	0	3.75	0.5	0.075	0	3.75	0	0.3	0.3	0.3	0.3	0.3	0.3	0.3	0.3	0.3	0.3	0.3	0.3	0.3	0.3	0.3	0.3	0.3
10000	2.8221	0.001	0.034407	1	1	0.16865	2.2048	0.84943	0	18.79	2.2048	0.84943	0	18.79	2.2048	0.84943	0	18.79	2.2048	0.84943	0	18.79	0	0.55119	0.21236	0	4.6976	0.55119	0.21236	0	4.6976	0.55119	0.21236	0	4.6976	0.55119	0.21236	0	4.6976	0	0.43109	0.43109	0.43109	0.43109	0.43109	0.43109	0.43109	0.43109	0.43109	0.43109	0.43109	0.43109	0.43109	0.43109	0.43109	0.43109	0.43109
10000	3	0.0024018	0.04	1	1	0.28889	1.4283	0.43333	0	12.935	1.4283	0.43333	0	12.935	1.4283	0.43333	0	12.935	1.4283	0.43333	0	12.935	0	0.49525	0.15026	0	4.4854	0.49525	0.15026	0	4.4854	0.49525	0.15026	0	4.4854	0.49525	0.15026	0	4.4854	0	0.21256	0.21256	0.21256	0.21256	0.21256	0.21256	0.21256	0.21256	0.21256	0.21256	0.21256	0.21256	0.21256	0.21256	0.21256	0.21256	0.21256
10000	5	0.005	0.02	1	1	0.26349	2	0.3	0	20	2	0.3	0	20	2	0.3	0	20	2	0.3	0	20	0	0.5	0.075	0	5	0.5	0.075	0	5	0.5	0.075	0	5	0.5	0.075	0	5	0	0.2	0.2	0.2	0.2	0.2	0.2	0.2	0.2	0.2	0.2	0.2	0.2	0.2	0.2	0.2	0.2	0.2
10000	2.4714	0.010794	0.011436	1	1	-0.61339	1.3367	0.85733	0	21.855	1.3367	0.85733	0	21.855	1.3367	0.85733	0	21.855	1.3367	0.85733	0	21.855	0	0.33417	0.21433	0	5.4637	0.33417	0.21433	0	5.4637	0.33417	0.21433	0	5.4637	0.33417	0.21433	0	5.4637	0	0.024386	0.024386	0.024386	0.024386	0.024386	0.024386	0.024386	0.024386	0.024386	0.024386	0.024386	0.024386	0.024386	0.024386	0.024386	0.024386	0.024386
10000	5.5254	0.0036862	0.03003	1	1	0.21646	1.6306	0.86704	0	10.187	1.6306	0.86704	0	10.187	1.6306	0.86704	0	10.187	1.6306	0.86704	0	10.187	0	0.40764	0.21676	0	2.5467	0.40764	0.21676	0	2.5467	0.40764	0.21676	0	2.5467	0.40764	0.21676	0	2.5467	0	0.45955	0.45955	0.45955	0.45955	0.45955	0.45955	0.45955	0.45955	0.45955	0.45955	0.45955	0.45955	0.45955	0.45955	0.45955	0.45955	0.45955
10000	4.8165	0.01853	0.01	1	1	0.040064	1.1313	1.261	0	6.8823	1.1313	1.261	0	6.8823	1.1313	1.261	0	6.8823	1.1313	1.261	0	6.8823	0	0.28284	0.31526	0	1.7206	0.28284	0.31526	0	1.7206	0.28284	0.31526	0	1.7206	0.28284	0.31526	0	1.7206	0	0.10243	0.10243	0.10243	0.10243	0.10243	0.10243	0.10243	0.10243	0.10243	0.10243	0.10243	0.10243	0.10243	0.10243	0.10243	0.10243	0.10243
10000	5.2525	0.0097111	0.020321	1	1	0.22238	1.016	0.31043	0	15.128	1.016	0.31043	0	15.128	1.016	0.31043	0	15.128	1.016	0.31043	0	15.128	0	0.25401	0.077608	0	3.7821	0.25401	0.077608	0	3.7821	0.25401	0.077608	0	3.7821	0.25401	0.077608	0	3.7821	0	0.10321	0.10321	0.10321	0.10321	0.10321	0.10321	0.10321	0.10321	0.10321	0.10321	0.10321	0.10321	0.10321	0.10321	0.10321	0.10321	0.10321
10000	7	0.02	0.02	1	1	-0.2179	1	-0.017033	0	20	1	-0.017033	0	20	1	-0.017033	0	20	1	-0.017033	0	20	0	0.25	-0.0042583	0	5	0.25	-0.0042583	0	5	0.25	-0.0042583	0	5	0.25	-0.0042583	0	5	0	0.24626	0.24626	0.24626	0.24626	0.24626	0.24626	0.24626	0.24626	0.24626	0.24626	0.24626	0.24626	0.24626	0.24626	0.24626	0.24626	0.24626
10000	6.475	0.0059445	0.01	1	1	0.46517	1.5	-3.025	0	11	1.5	-3.025	0	11	1.5	-3.025	0	11	1.5	-3.025	0	11	0	2.1562	-4.3484	0	15.812	2.1562	-4.3484	0	15.812	2.1562	-4.3484	0	15.812	2.1562	-4.3484	0	15.812	0	0.30813	0.30813	0.30813	0.30813	0.30813	0.30813	0.30813	0.30813	0.30813	0.30813	0.30813	0.30813	0.30813	0.30813	0.30813	0.30813	0.30813
10000	7	0.030626	0.023333	1	1	0.41703	1	0.3	0	13.307	1	0.3	0	13.307	1	0.3	0	13.307	1	0.3	0	13.307	0	0.99999	0.3	0	13.307	0.99999	0.3	0	13.307	0.99999	0.3	0	13.307	0.99999	0.3	0	13.307	0	1.2111e-05	1.2111e-05	1.2111e-05	1.2111e-05	1.2111e-05	1.2111e-05	1.2111e-05	1.2111e-05	1.2111e-05	1.2111e-05	1.2111e-05	1.2111e-05	1.2111e-05	1.2111e-05	1.2111e-05	1.2111e-05	1.2111e-05
10000	5.0009	0.001	0.027511	1	1	0.59237	1.9997	0.25752	0	11.665	1.9997	0.25752	0	11.665	1.9997	0.25752	0	11.665	1.9997	0.25752	0	11.665	0	2.4877	0.32037	0	14.511	2.4877	0.32037	0	14.511	2.4877	0.32037	0	14.511	2.4877	0.32037	0	14.511	0	0.90926	0.90926	0.90926	0.90926	0.90926	0.90926	0.90926	0.90926	0.90926	0.90926	0.90926	0.90926	0.90926	0.90926	0.90926	0.90926	0.90926
10000	6.5284	0.034849	0.014423	1	1	0.69272	1.0506	0.60159	0	13.534	1.0506	0.60159	0	13.534	1.0506	0.60159	0	13.534	1.0506	0.60159	0	13.534	0	1.0528	0.60288	0	13.563	1.0528	0.60288	0	13.563	1.0528	0.60288	0	13.563	1.0528	0.60288	0	13.563	0	0.25122	0.25122	0.25122	0.25122	0.25122	0.25122	0.25122	0.25122	0.25122	0.25122	0.25122	0.25122	0.25122	0.25122	0.25122	0.25122	0.25122
10000	5.2735	0.005955	0.028742	1	1	0.40663	0.5629	0.58404	0	26.504	0.5629	0.58404	0	26.504	0.5629	0.58404	0	26.504	0.5629	0.58404	0	26.504	0	1.435	1.4889	0	67.569	1.435	1.4889	0	67.569	1.435	1.4889	0	67.569	1.435	1.4889	0	67.569	0	0.25806	0.25806	0.25806	0.25806	0.25806	0.25806	0.25806	0.25806	0.25806	0.25806	0.25806	0.25806	0.25806	0.25806	0.25806	0.25806	0.25806
10000	5	0.01226	0.02	1	1	-0.60185	1	0.3	0	15	1	0.3	0	15	1	0.3	0	15	1	0.3	0	15	0	1.5	0.45	0	22.5	1.5	0.45	0	22.5	1.5	0.45	0	22.5	1.5	0.45	0	22.5	0	0.3	0.3	0.3	0.3	0.3	0.3	0.3	0.3	0.3	0.3	0.3	0.3	0.3	0.3	0.3	0.3	0.3
10000	3	0.001	0.01	1	1	0.25006	1.0667	0.2623	0	15	1.0667	0.2623	0	15	1.0667	0.2623	0	15	1.0667	0.2623	0	15	0	1.0667	0.2623	0	15	1.0667	0.2623	0	15	1.0667	0.2623	0	15	1.0667	0.2623	0	15	0	0.63678	0.63678	0.63678	0.63678	0.63678	0.63678	0.63678	0.63678	0.63678	0.63678	0.63678	0.63678	0.63678	0.63678	0.63678	0.63678	0.63678
10000	10	0.0026586	0.047661	1	1	-0.44474	3.0466	1.199	0	26.064	3.0466	1.199	0	26.064	3.0466	1.199	0	26.064	3.0466	1.199	0	26.064	0	6.7334	2.6499	0	57.606	6.7334	2.6499	0	57.606	6.7334	2.6499	0	57.606	6.7334	2.6499	0	57.606	0	0.75322	0.75322	0.75322	0.75322	0.75322	0.75322	0.75322	0.75322	0.75322	0.75322	0.75322	0.75322	0.75322	0.75322	0.75322	0.75322	0.75322
10000	4.1834	0.0058333	0.016962	1	1	0.22143	1	0.3	0	26.667	1	0.3	0	26.667	1	0.3	0	26.667	1	0.3	0	26.667	0	0.34818	0.10446	0	9.2849	0.34818	0.10446	0	9.2849	0.34818	0.10446	0	9.2849	0.34818	0.10446	0	9.2849	0	0.27215	0.27215	0.27215	0.27215	0.27215	0.27215	0.27215	0.27215	0.27215	0.27215	0.27215	0.27215	0.27215	0.27215	0.27215	0.27215	0.27215
10000	3.8077	0.001	0.021956	1	1	0.4	1	0.5	0	30	1	0.5	0	30	1	0.5	0	30	1	0.5	0	30	0	0.5	0.25	0	15	0.5	0.25	0	15	0.5	0.25	0	15	0.5	0.25	0	15	0	0	0	0	0	0	0	0	0	0	0	0	0	0	0	0	0	0
10000	7	0.001	0.022535	1	1	0.8	2	0.3	0	15	2	0.3	0	15	2	0.3	0	15	2	0.3	0	15	0	0.5	0.075	0	3.75	0.5	0.075	0	3.75	0.5	0.075	0	3.75	0.5	0.075	0	3.75	0	0.2	0.2	0.2	0.2	0.2	0.2	0.2	0.2	0.2	0.2	0.2	0.2	0.2	0.2	0.2	0.2	0.2
10000	7	0.0055515	0.01865	1	1	0.37849	0.8	0.4	0	30	0.8	0.4	0	30	0.8	0.4	0	30	0.8	0.4	0	30	0	1.8508	0.92539	0	69.404	1.8508	0.92539	0	69.404	1.8508	0.92539	0	69.404	1.8508	0.92539	0	69.404	0	0.2	0.2	0.2	0.2	0.2	0.2	0.2	0.2	0.2	0.2	0.2	0.2	0.2	0.2	0.2	0.2	0.2
10000	3.382	0.001	0.035734	1	1	0.011284	0.53827	0.073151	0	13.707	0.53827	0.073151	0	13.707	0.53827	0.073151	0	13.707	0.53827	0.073151	0	13.707	0	0.90878	0.1235	0	23.141	0.90878	0.1235	0	23.141	0.90878	0.1235	0	23.141	0.90878	0.1235	0	23.141	0	0	0	0	0	0	0	0	0	0	0	0	0	0	0	0	0	0
10000	5.35	0.001	0.03	1	1	-0.27955	1.2455	-0.25	0	19	1.2455	-0.25	0	19	1.2455	-0.25	0	19	1.2455	-0.25	0	19	0	1.6252	-0.32621	0	24.792	1.6252	-0.32621	0	24.792	1.6252	-0.32621	0	24.792	1.6252	-0.32621	0	24.792	0	0.20069	0.20069	0.20069	0.20069	0.20069	0.20069	0.20069	0.20069	0.20069	0.20069	0.20069	0.20069	0.20069	0.20069	0.20069	0.20069	0.20069
10000	7	0.01	0.01	1	1	-0.12222	1.3333	0.6	0	10.767	1.3333	0.6	0	10.767	1.3333	0.6	0	10.767	1.3333	0.6	0	10.767	0	0.40583	0.18262	0	3.2773	0.40583	0.18262	0	3.2773	0.40583	0.18262	0	3.2773	0.40583	0.18262	0	3.2773	0	0.23956	0.23956	0.23956	0.23956	0.23956	0.23956	0.23956	0.23956	0.23956	0.23956	0.23956	0.23956	0.23956	0.23956	0.23956	0.23956	0.23956
10000	10	0.0048169	0.022091	1	1	0.7221	0.91258	0.36542	0	14.985	0.91258	0.36542	0	14.985	0.91258	0.36542	0	14.985	0.91258	0.36542	0	14.985	0	0.91111	0.36484	0	14.961	0.91111	0.36484	0	14.961	0.91111	0.36484	0	14.961	0.91111	0.36484	0	14.961	0	0.62893	0.62893	0.62893	0.62893	0.62893	0.62893	0.62893	0.62893	0.62893	0.62893	0.62893	0.62893	0.62893	0.62893	0.62893	0.62893	0.62893
10000	5.7094	0.0037316	0.020416	1	1	0.46546	1.5481	0.97982	0	16.641	1.5481	0.97982	0	16.641	1.5481	0.97982	0	16.641	1.5481	0.97982	0	16.641	0	0.57547	0.36423	0	6.1861	0.57547	0.36423	0	6.1861	0.57547	0.36423	0	6.1861	0.57547	0.36423	0	6.1861	0	0.16399	0.16399	0.16399	0.16399	0.16399	0.16399	0.16399	0.16399	0.16399	0.16399	0.16399	0.16399	0.16399	0.16399	0.16399	0.16399	0.16399
10000	10	0.01	0.01	1	1	0.4	1	0.3	0	30	1	0.3	0	30	1	0.3	0	30	1	0.3	0	30	0	1.0536	0.31609	0	31.609	1.0536	0.31609	0	31.609	1.0536	0.31609	0	31.609	1.0536	0.31609	0	31.609	0	0.6	0.6	0.6	0.6	0.6	0.6	0.6	0.6	0.6	0.6	0.6	0.6	0.6	0.6	0.6	0.6	0.6
10000	8.2649	0.001	0.03	1	1	0.35028	1.2497	0.875	0	14.75	1.2497	0.875	0	14.75	1.2497	0.875	0	14.75	1.2497	0.875	0	14.75	0	0.70332	0.49243	0	8.301	0.70332	0.49243	0	8.301	0.70332	0.49243	0	8.301	0.70332	0.49243	0	8.301	0	8.5042e-05	8.5042e-05	8.5042e-05	8.5042e-05	8.5042e-05	8.5042e-05	8.5042e-05	8.5042e-05	8.5042e-05	8.5042e-05	8.5042e-05	8.5042e-05	8.5042e-05	8.5042e-05	8.5042e-05	8.5042e-05	8.5042e-05
10000	3	0.001	0.037631	1	1	0.4	0.8	0.19931	0	40	0.8	0.19931	0	40	0.8	0.19931	0	40	0.8	0.19931	0	40	0	0.63598	0.15845	0	31.799	0.63598	0.15845	0	31.799	0.63598	0.15845	0	31.799	0.63598	0.15845	0	31.799	0	0.3	0.3	0.3	0.3	0.3	0.3	0.3	0.3	0.3	0.3	0.3	0.3	0.3	0.3	0.3	0.3	0.3
10000	8.2072	0.0065622	0.02	1	1	0.22471	1.5846	0.4	0	15	1.5846	0.4	0	15	1.5846	0.4	0	15	1.5846	0.4	0	15	0	0.39615	0.1	0	3.75	0.39615	0.1	0	3.75	0.39615	0.1	0	3.75	0.39615	0.1	0	3.75	0	0.17998	0.17998	0.17998	0.17998	0.17998	0.17998	0.17998	0.17998	0.17998	0.17998	0.17998	0.17998	0.17998	0.17998	0.17998	0.17998	0.17998
10000	4.3151	0.001	0.021379	1	1	0.4	0.48996	0.5	0	9.5907	0.48996	0.5	0	9.5907	0.48996	0.5	0	9.5907	0.48996	0.5	0	9.5907	0	0.97992	1	0	19.181	0.97992	1	0	19.181	0.97992	1	0	19.181	0.97992	1	0	19.181	0	0.39731	0.39731	0.39731	0.39731	0.39731	0.39731	0.39731	0.39731	0.39731	0.39731	0.39731	0.39731	0.39731	0.39731	0.39731	0.39731	0.39731
10000	8.9799	0.01034	0.020201	1	1	0.53487	1.4958	0.39296	0	-12.504	1.4958	0.39296	0	-12.504	1.4958	0.39296	0	-12.504	1.4958	0.39296	0	-12.504	0	1.9788	0.51984	0	-16.541	1.9788	0.51984	0	-16.541	1.9788	0.51984	0	-16.541	1.9788	0.51984	0	-16.541	0	0.66491	0.66491	0.66491	0.66491	0.66491	0.66491	0.66491	0.66491	0.66491	0.66491	0.66491	0.66491	0.66491	0.66491	0.66491	0.66491	0.66491
10000	4.5463	0.001	0.02	1	1	0.42693	1.5	0.66667	0	29.169	1.5	0.66667	0	29.169	1.5	0.66667	0	29.169	1.5	0.66667	0	29.169	0	0.375	0.16667	0	7.2922	0.375	0.16667	0	7.2922	0.375	0.16667	0	7.2922	0.375	0.16667	0	7.2922	0	0.3345	0.3345	0.3345	0.3345	0.3345	0.3345	0.3345	0.3345	0.3345	0.3345	0.3345	0.3345	0.3345	0.3345	0.3345	0.3345	0.3345
10000	7	0.001	0.03	1	1	0.31169	1.0667	-2.4947	0	15	1.0667	-2.4947	0	15	1.0667	-2.4947	0	15	1.0667	-2.4947	0	15	0	1.0667	-2.4947	0	15	1.0667	-2.4947	0	15	1.0667	-2.4947	0	15	1.0667	-2.4947	0	15	0	0.6	0.6	0.6	0.6	0.6	0.6	0.6	0.6	0.6	0.6	0.6	0.6	0.6	0.6	0.6	0.6	0.6
10000	8.9677	0.001	0.050555	1	1	0.22036	1.5139	-0.026377	0	18.889	1.5139	-0.026377	0	18.889	1.5139	-0.026377	0	18.889	1.5139	-0.026377	0	18.889	0	0.37847	-0.0065942	0	4.7222	0.37847	-0.0065942	0	4.7222	0.37847	-0.0065942	0	4.7222	0.37847	-0.0065942	0	4.7222	0	0	0	0	0	0	0	0	0	0	0	0	0	0	0	0	0	0
10000	8.3525	0.001	0.034934	1	1	-0.13731	2.4685	0.30301	0	20.415	2.4685	0.30301	0	20.415	2.4685	0.30301	0	20.415	2.4685	0.30301	0	20.415	0	0.61712	0.075753	0	5.1037	0.61712	0.075753	0	5.1037	0.61712	0.075753	0	5.1037	0.61712	0.075753	0	5.1037	0	0.22247	0.22247	0.22247	0.22247	0.22247	0.22247	0.22247	0.22247	0.22247	0.22247	0.22247	0.22247	0.22247	0.22247	0.22247	0.22247	0.22247
10000	4.1575	0.001	0.038426	1	1	0.32399	1.616	0.21083	0	18.088	1.616	0.21083	0	18.088	1.616	0.21083	0	18.088	1.616	0.21083	0	18.088	0	0.52293	0.068224	0	5.853	0.52293	0.068224	0	5.853	0.52293	0.068224	0	5.853	0.52293	0.068224	0	5.853	0	0.40264	0.40264	0.40264	0.40264	0.40264	0.40264	0.40264	0.40264	0.40264	0.40264	0.40264	0.40264	0.40264	0.40264	0.40264	0.40264	0.40264
10000	9.9999	0.001	0.02	1	1	0.4	1.2271	-0.69771	0	20	1.2271	-0.69771	0	20	1.2271	-0.69771	0	20	1.2271	-0.69771	0	20	0	0.30678	-0.17443	0	5	0.30678	-0.17443	0	5	0.30678	-0.17443	0	5	0.30678	-0.17443	0	5	0	0.2	0.2	0.2	0.2	0.2	0.2	0.2	0.2	0.2	0.2	0.2	0.2	0.2	0.2	0.2	0.2	0.2
10000	5.6394	0.01155	0.011425	1	1	0.05076	2.7147	0.50086	0	17.472	2.7147	0.50086	0	17.472	2.7147	0.50086	0	17.472	2.7147	0.50086	0	17.472	0	1.0593	0.19543	0	6.8176	1.0593	0.19543	0	6.8176	1.0593	0.19543	0	6.8176	1.0593	0.19543	0	6.8176	0	0.16538	0.16538	0.16538	0.16538	0.16538	0.16538	0.16538	0.16538	0.16538	0.16538	0.16538	0.16538	0.16538	0.16538	0.16538	0.16538	0.16538
10000	0.1	0.013611	0.03	1	1	0.4	1	0.3	0	15	1	0.3	0	15	1	0.3	0	15	1	0.3	0	15	0	1	0.3	0	15	1	0.3	0	15	1	0.3	0	15	1	0.3	0	15	0	0.4	0.4	0.4	0.4	0.4	0.4	0.4	0.4	0.4	0.4	0.4	0.4	0.4	0.4	0.4	0.4	0.4
10000	7.5	0.02	0.02	1	1	0.68499	1.4387	-0.87393	0	15	1.4387	-0.87393	0	15	1.4387	-0.87393	0	15	1.4387	-0.87393	0	15	0	0.53951	-0.32772	0	5.625	0.53951	-0.32772	0	5.625	0.53951	-0.32772	0	5.625	0.53951	-0.32772	0	5.625	0	0.2	0.2	0.2	0.2	0.2	0.2	0.2	0.2	0.2	0.2	0.2	0.2	0.2	0.2	0.2	0.2	0.2
10000	4.9534	0.0052722	0.025252	1	1	0.70877	1.0553	0.30785	0	15.622	1.0553	0.30785	0	15.622	1.0553	0.30785	0	15.622	1.0553	0.30785	0	15.622	0	1.0442	0.3046	0	15.457	1.0442	0.3046	0	15.457	1.0442	0.3046	0	15.457	1.0442	0.3046	0	15.457	0	0.26772	0.26772	0.26772	0.26772	0.26772	0.26772	0.26772	0.26772	0.26772	0.26772	0.26772	0.26772	0.26772	0.26772	0.26772	0.26772	0.26772
10000	6.4286	0.001	0.019982	1	1	0.29683	1.4299	0.33378	0	20.009	1.4299	0.33378	0	20.009	1.4299	0.33378	0	20.009	1.4299	0.33378	0	20.009	0	0.35748	0.083446	0	5.0024	0.35748	0.083446	0	5.0024	0.35748	0.083446	0	5.0024	0.35748	0.083446	0	5.0024	0	0.19964	0.19964	0.19964	0.19964	0.19964	0.19964	0.19964	0.19964	0.19964	0.19964	0.19964	0.19964	0.19964	0.19964	0.19964	0.19964	0.19964
10000	3	0.001	0.021524	1	1	0.4	1.5	0.3	0	15	1.5	0.3	0	15	1.5	0.3	0	15	1.5	0.3	0	15	0	0.75	0.15	0	7.5	0.75	0.15	0	7.5	0.75	0.15	0	7.5	0.75	0.15	0	7.5	0	0.28151	0.28151	0.28151	0.28151	0.28151	0.28151	0.28151	0.28151	0.28151	0.28151	0.28151	0.28151	0.28151	0.28151	0.28151	0.28151	0.28151
10000	5.9573	0.001	0.05387	1	1	0.30029	1.5968	0.2138	0	18.226	1.5968	0.2138	0	18.226	1.5968	0.2138	0	18.226	1.5968	0.2138	0	18.226	0	0.837	0.11207	0	9.5538	0.837	0.11207	0	9.5538	0.837	0.11207	0	9.5538	0.837	0.11207	0	9.5538	0	0.44161	0.44161	0.44161	0.44161	0.44161	0.44161	0.44161	0.44161	0.44161	0.44161	0.44161	0.44161	0.44161	0.44161	0.44161	0.44161	0.44161
10000	5.275	0.02	0.02	1	1	0.88889	2	0.33333	0	30	2	0.33333	0	30	2	0.33333	0	30	2	0.33333	0	30	0	2	0.33333	0	30	2	0.33333	0	30	2	0.33333	0	30	2	0.33333	0	30	0	0.64348	0.64348	0.64348	0.64348	0.64348	0.64348	0.64348	0.64348	0.64348	0.64348	0.64348	0.64348	0.64348	0.64348	0.64348	0.64348	0.64348
10000	6.7432	0.0020426	0.022136	1	1	0.10931	1.3036	0.44452	0	11.272	1.3036	0.44452	0	11.272	1.3036	0.44452	0	11.272	1.3036	0.44452	0	11.272	0	0.53811	0.1835	0	4.6533	0.53811	0.1835	0	4.6533	0.53811	0.1835	0	4.6533	0.53811	0.1835	0	4.6533	0	0.27684	0.27684	0.27684	0.27684	0.27684	0.27684	0.27684	0.27684	0.27684	0.27684	0.27684	0.27684	0.27684	0.27684	0.27684	0.27684	0.27684
10000	3	0.001	0.01	1	1	0.4	1.5	0	0	10	1.5	0	0	10	1.5	0	0	10	1.5	0	0	10	0	0.4375	0	0	2.9167	0.4375	0	0	2.9167	0.4375	0	0	2.9167	0.4375	0	0	2.9167	0	0.40579	0.40579	0.40579	0.40579	0.40579	0.40579	0.40579	0.40579	0.40579	0.40579	0.40579	0.40579	0.40579	0.40579	0.40579	0.40579	0.40579
10000	3.2917	0.001	0.01	1	1	0.743	0.8	0	0	15	0.8	0	0	15	0.8	0	0	15	0.8	0	0	15	0	0.53425	0	0	10.017	0.53425	0	0	10.017	0.53425	0	0	10.017	0.53425	0	0	10.017	0	0.2	0.2	0.2	0.2	0.2	0.2	0.2	0.2	0.2	0.2	0.2	0.2	0.2	0.2	0.2	0.2	0.2
10000	4.5137	0.001	0.082674	1	1	0.6907	1.5741	0.34306	0	15.977	1.5741	0.34306	0	15.977	1.5741	0.34306	0	15.977	1.5741	0.34306	0	15.977	0	0.55657	0.1213	0	5.6492	0.55657	0.1213	0	5.6492	0.55657	0.1213	0	5.6492	0.55657	0.1213	0	5.6492	0	0.29167	0.29167	0.29167	0.29167	0.29167	0.29167	0.29167	0.29167	0.29167	0.29167	0.29167	0.29167	0.29167	0.29167	0.29167	0.29167	0.29167
10000	4.3063	0.001	0.029112	1	1	0.7625	0.95833	0.62709	0	15.333	0.95833	0.62709	0	15.333	0.95833	0.62709	0	15.333	0.95833	0.62709	0	15.333	0	0.99328	0.64995	0	15.892	0.99328	0.64995	0	15.892	0.99328	0.64995	0	15.892	0.99328	0.64995	0	15.892	0	0.54674	0.54674	0.54674	0.54674	0.54674	0.54674	0.54674	0.54674	0.54674	0.54674	0.54674	0.54674	0.54674	0.54674	0.54674	0.54674	0.54674
10000	3.2681	0.001	0.01	1	1	0.90291	1.4337	0.31807	0	11.53	1.4337	0.31807	0	11.53	1.4337	0.31807	0	11.53	1.4337	0.31807	0	11.53	0	0.68051	0.15097	0	5.4726	0.68051	0.15097	0	5.4726	0.68051	0.15097	0	5.4726	0.68051	0.15097	0	5.4726	0	0.59389	0.59389	0.59389	0.59389	0.59389	0.59389	0.59389	0.59389	0.59389	0.59389	0.59389	0.59389	0.59389	0.59389	0.59389	0.59389	0.59389
10000	4.9287	0.0099999	0.02	1	1	1.0148	1.3333	0.3	0	7.8931	1.3333	0.3	0	7.8931	1.3333	0.3	0	7.8931	1.3333	0.3	0	7.8931	0	0.33333	0.075	0	1.9733	0.33333	0.075	0	1.9733	0.33333	0.075	0	1.9733	0.33333	0.075	0	1.9733	0	0.2	0.2	0.2	0.2	0.2	0.2	0.2	0.2	0.2	0.2	0.2	0.2	0.2	0.2	0.2	0.2	0.2
10000	3.3669	0.0050015	0.039988	1	1	1.0668	0.99998	0.29992	0	14.998	0.99998	0.29992	0	14.998	0.99998	0.29992	0	14.998	0.99998	0.29992	0	14.998	0	0.24999	0.074981	0	3.7496	0.24999	0.074981	0	3.7496	0.24999	0.074981	0	3.7496	0.24999	0.074981	0	3.7496	0	0.40011	0.40011	0.40011	0.40011	0.40011	0.40011	0.40011	0.40011	0.40011	0.40011	0.40011	0.40011	0.40011	0.40011	0.40011	0.40011	0.40011
10000	3.4069	0.001	0.020349	1	1	0.68198	1	0.3	0	15	1	0.3	0	15	1	0.3	0	15	1	0.3	0	15	0	1	0.3	0	15	1	0.3	0	15	1	0.3	0	15	1	0.3	0	15	0	0.34197	0.34197	0.34197	0.34197	0.34197	0.34197	0.34197	0.34197	0.34197	0.34197	0.34197	0.34197	0.34197	0.34197	0.34197	0.34197	0.34197
10000	3.0687	0.001	0.039172	1	1	0.8	1.5	-0.13854	0	15	1.5	-0.13854	0	15	1.5	-0.13854	0	15	1.5	-0.13854	0	15	0	0.375	-0.034634	0	3.75	0.375	-0.034634	0	3.75	0.375	-0.034634	0	3.75	0.375	-0.034634	0	3.75	0	0.39615	0.39615	0.39615	0.39615	0.39615	0.39615	0.39615	0.39615	0.39615	0.39615	0.39615	0.39615	0.39615	0.39615	0.39615	0.39615	0.39615
10000	3	0.002	0.03	1	1	0.8	1	0.3	0	15	1	0.3	0	15	1	0.3	0	15	1	0.3	0	15	0	1	0.3	0	15	1	0.3	0	15	1	0.3	0	15	1	0.3	0	15	0	0.6	0.6	0.6	0.6	0.6	0.6	0.6	0.6	0.6	0.6	0.6	0.6	0.6	0.6	0.6	0.6	0.6
10000	2.2571	0.0032222	0.06	1	1	0.53375	1.046	-0.11853	0	20	1.046	-0.11853	0	20	1.046	-0.11853	0	20	1.046	-0.11853	0	20	0	0.33968	-0.038494	0	6.4949	0.33968	-0.038494	0	6.4949	0.33968	-0.038494	0	6.4949	0.33968	-0.038494	0	6.4949	0	0.18889	0.18889	0.18889	0.18889	0.18889	0.18889	0.18889	0.18889	0.18889	0.18889	0.18889	0.18889	0.18889	0.18889	0.18889	0.18889	0.18889
10000	3.6965	0.001	0.020158	1	1	0.78906	0.81094	0.3079	0	14.903	0.81094	0.3079	0	14.903	0.81094	0.3079	0	14.903	0.81094	0.3079	0	14.903	0	0.70095	0.26614	0	12.881	0.70095	0.26614	0	12.881	0.70095	0.26614	0	12.881	0.70095	0.26614	0	12.881	0	0.48708	0.48708	0.48708	0.48708	0.48708	0.48708	0.48708	0.48708	0.48708	0.48708	0.48708	0.48708	0.48708	0.48708	0.48708	0.48708	0.48708
10000	2.8916	0.001	0.01332	1	1	0.76002	0.83203	0.58483	0	31.344	0.83203	0.58483	0	31.344	0.83203	0.58483	0	31.344	0.83203	0.58483	0	31.344	0	1.3703	0.9632	0	51.622	1.3703	0.9632	0	51.622	1.3703	0.9632	0	51.622	1.3703	0.9632	0	51.622	0	0.59922	0.59922	0.59922	0.59922	0.59922	0.59922	0.59922	0.59922	0.59922	0.59922	0.59922	0.59922	0.59922	0.59922	0.59922	0.59922	0.59922
10000	6.5867	0.001	0.033717	1	1	0.62489	2.4726	-0.024588	0	9.9614	2.4726	-0.024588	0	9.9614	2.4726	-0.024588	0	9.9614	2.4726	-0.024588	0	9.9614	0	1.3963	-0.013885	0	5.6253	1.3963	-0.013885	0	5.6253	1.3963	-0.013885	0	5.6253	1.3963	-0.013885	0	5.6253	0	0.86182	0.86182	0.86182	0.86182	0.86182	0.86182	0.86182	0.86182	0.86182	0.86182	0.86182	0.86182	0.86182	0.86182	0.86182	0.86182	0.86182
10000	3.5986	0.001	0.01	1	1	0.8	2	-2.7	0	15	2	-2.7	0	15	2	-2.7	0	15	2	-2.7	0	15	0	2.4223	-3.2702	0	18.168	2.4223	-3.2702	0	18.168	2.4223	-3.2702	0	18.168	2.4223	-3.2702	0	18.168	0	0.8	0.8	0.8	0.8	0.8	0.8	0.8	0.8	0.8	0.8	0.8	0.8	0.8	0.8	0.8	0.8	0.8
10000	3.0955	0.001	0.015	1	1	0.51106	1	0.45277	0	20	1	0.45277	0	20	1	0.45277	0	20	1	0.45277	0	20	0	1	0.45278	0	20	1	0.45278	0	20	1	0.45278	0	20	1	0.45278	0	20	0	0.6	0.6	0.6	0.6	0.6	0.6	0.6	0.6	0.6	0.6	0.6	0.6	0.6	0.6	0.6	0.6	0.6
10000	0.1	0.0060137	0.01	1	1	1.0001	1.0001	0.59992	0	15.001	1.0001	0.59992	0	15.001	1.0001	0.59992	0	15.001	1.0001	0.59992	0	15.001	0	0.50009	0.29998	0	7.5009	0.50009	0.29998	0	7.5009	0.50009	0.29998	0	7.5009	0.50009	0.29998	0	7.5009	0	0.53999	0.53999	0.53999	0.53999	0.53999	0.53999	0.53999	0.53999	0.53999	0.53999	0.53999	0.53999	0.53999	0.53999	0.53999	0.53999	0.53999
10000	2.6086	0.0093779	0.01	1	1	0.8	1	0.24577	0	-143.12	1	0.24577	0	-143.12	1	0.24577	0	-143.12	1	0.24577	0	-143.12	0	0.75	0.18433	0	-107.34	0.75	0.18433	0	-107.34	0.75	0.18433	0	-107.34	0.75	0.18433	0	-107.34	0	0.38975	0.38975	0.38975	0.38975	0.38975	0.38975	0.38975	0.38975	0.38975	0.38975	0.38975	0.38975	0.38975	0.38975	0.38975	0.38975	0.38975
10000	1.7333	0.012232	0.020361	1	1	0.8	1.3333	0.3	0	7.6731	1.3333	0.3	0	7.6731	1.3333	0.3	0	7.6731	1.3333	0.3	0	7.6731	0	0.33333	0.075	0	1.9183	0.33333	0.075	0	1.9183	0.33333	0.075	0	1.9183	0.33333	0.075	0	1.9183	0	0.1	0.1	0.1	0.1	0.1	0.1	0.1	0.1	0.1	0.1	0.1	0.1	0.1	0.1	0.1	0.1	0.1
10000	0.1	0.01433	0.02254	1	1	0.38631	1.3889	0.2675	0	11.153	1.3889	0.2675	0	11.153	1.3889	0.2675	0	11.153	1.3889	0.2675	0	11.153	0	0.34722	0.066875	0	2.7882	0.34722	0.066875	0	2.7882	0.34722	0.066875	0	2.7882	0.34722	0.066875	0	2.7882	0	0.36861	0.36861	0.36861	0.36861	0.36861	0.36861	0.36861	0.36861	0.36861	0.36861	0.36861	0.36861	0.36861	0.36861	0.36861	0.36861	0.36861
10000	1.9877	0.001	0.01	1	1	1.1876	0.76685	0.60112	0	14.38	0.76685	0.60112	0	14.38	0.76685	0.60112	0	14.38	0.76685	0.60112	0	14.38	0	1.0782	0.84521	0	20.218	1.0782	0.84521	0	20.218	1.0782	0.84521	0	20.218	1.0782	0.84521	0	20.218	0	0.71635	0.71635	0.71635	0.71635	0.71635	0.71635	0.71635	0.71635	0.71635	0.71635	0.71635	0.71635	0.71635	0.71635	0.71635	0.71635	0.71635
10000	1.55	0.0014444	0.03	1	1	0.8	0.8	0.3	0	15	0.8	0.3	0	15	0.8	0.3	0	15	0.8	0.3	0	15	0	0.8	0.3	0	15	0.8	0.3	0	15	0.8	0.3	0	15	0.8	0.3	0	15	0	0.45892	0.45892	0.45892	0.45892	0.45892	0.45892	0.45892	0.45892	0.45892	0.45892	0.45892	0.45892	0.45892	0.45892	0.45892	0.45892	0.45892
10000	2.556	0.0055071	0.018732	1	1	0.51996	0.93661	0.29706	0	10.349	0.93661	0.29706	0	10.349	0.93661	0.29706	0	10.349	0.93661	0.29706	0	10.349	0	0.98856	0.31353	0	10.923	0.98856	0.31353	0	10.923	0.98856	0.31353	0	10.923	0.98856	0.31353	0	10.923	0	0.41408	0.41408	0.41408	0.41408	0.41408	0.41408	0.41408	0.41408	0.41408	0.41408	0.41408	0.41408	0.41408	0.41408	0.41408	0.41408	0.41408
10000	1.55	0.0029247	0.023306	1	1	0.8	0.67433	0.3	0	101.25	0.67433	0.3	0	101.25	0.67433	0.3	0	101.25	0.67433	0.3	0	101.25	0	0.67433	0.3	0	101.25	0.67433	0.3	0	101.25	0.67433	0.3	0	101.25	0.67433	0.3	0	101.25	0	0.44564	0.44564	0.44564	0.44564	0.44564	0.44564	0.44564	0.44564	0.44564	0.44564	0.44564	0.44564	0.44564	0.44564	0.44564	0.44564	0.44564
10000	3.2518	0.001	0.083546	1	1	0.91456	1.1273	0.21726	0	13.982	1.1273	0.21726	0	13.982	1.1273	0.21726	0	13.982	1.1273	0.21726	0	13.982	0	1.2528	0.24146	0	15.539	1.2528	0.24146	0	15.539	1.2528	0.24146	0	15.539	1.2528	0.24146	0	15.539	0	0.46611	0.46611	0.46611	0.46611	0.46611	0.46611	0.46611	0.46611	0.46611	0.46611	0.46611	0.46611	0.46611	0.46611	0.46611	0.46611	0.46611
10000	2.025	0.001	0.03	1	1	0.35	1.8332	-0.025	0	19	1.8332	-0.025	0	19	1.8332	-0.025	0	19	1.8332	-0.025	0	19	0	0.4583	-0.00625	0	4.75	0.4583	-0.00625	0	4.75	0.4583	-0.00625	0	4.75	0.4583	-0.00625	0	4.75	0	0.48724	0.48724	0.48724	0.48724	0.48724	0.48724	0.48724	0.48724	0.48724	0.48724	0.48724	0.48724	0.48724	0.48724	0.48724	0.48724	0.48724
10000	3	0.001	0.01	1	1	1	0.8	-0.70075	0	13.333	0.8	-0.70075	0	13.333	0.8	-0.70075	0	13.333	0.8	-0.70075	0	13.333	0	1.1921	-1.0442	0	19.868	1.1921	-1.0442	0	19.868	1.1921	-1.0442	0	19.868	1.1921	-1.0442	0	19.868	0	0.63888	0.63888	0.63888	0.63888	0.63888	0.63888	0.63888	0.63888	0.63888	0.63888	0.63888	0.63888	0.63888	0.63888	0.63888	0.63888	0.63888
10000	2.0993	0.0014444	0.021041	1	1	1.0667	1	-0.7	0	26.667	1	-0.7	0	26.667	1	-0.7	0	26.667	1	-0.7	0	26.667	0	1	-0.7	0	26.667	1	-0.7	0	26.667	1	-0.7	0	26.667	1	-0.7	0	26.667	0	0.86667	0.86667	0.86667	0.86667	0.86667	0.86667	0.86667	0.86667	0.86667	0.86667	0.86667	0.86667	0.86667	0.86667	0.86667	0.86667	0.86667
10000	6.8296	0.01	0.02	1	1	0.8	1.3333	0.3	0	-43.683	1.3333	0.3	0	-43.683	1.3333	0.3	0	-43.683	1.3333	0.3	0	-43.683	0	1.3333	0.3	0	-43.683	1.3333	0.3	0	-43.683	1.3333	0.3	0	-43.683	1.3333	0.3	0	-43.683	0	0.7	0.7	0.7	0.7	0.7	0.7	0.7	0.7	0.7	0.7	0.7	0.7	0.7	0.7	0.7	0.7	0.7
10000	5	0.0058333	0.020642	1	1	0.8	1	0.4	0	-15.192	1	0.4	0	-15.192	1	0.4	0	-15.192	1	0.4	0	-15.192	0	2	0.8	0	-30.385	2	0.8	0	-30.385	2	0.8	0	-30.385	2	0.8	0	-30.385	0	0.6	0.6	0.6	0.6	0.6	0.6	0.6	0.6	0.6	0.6	0.6	0.6	0.6	0.6	0.6	0.6	0.6
10000	1.8158	0.001	0.01	1	1	0.86444	1.278	0.62247	0	26.67	1.278	0.62247	0	26.67	1.278	0.62247	0	26.67	1.278	0.62247	0	26.67	0	1.3632	0.66397	0	28.448	1.3632	0.66397	0	28.448	1.3632	0.66397	0	28.448	1.3632	0.66397	0	28.448	0	0.67036	0.67036	0.67036	0.67036	0.67036	0.67036	0.67036	0.67036	0.67036	0.67036	0.67036	0.67036	0.67036	0.67036	0.67036	0.67036	0.67036
10000	6.0428	0.001	0.03	1	1	0.4	1.1675	0.3	0	15	1.1675	0.3	0	15	1.1675	0.3	0	15	1.1675	0.3	0	15	0	0.33409	0.085846	0	4.2923	0.33409	0.085846	0	4.2923	0.33409	0.085846	0	4.2923	0.33409	0.085846	0	4.2923	0	0.21988	0.21988	0.21988	0.21988	0.21988	0.21988	0.21988	0.21988	0.21988	0.21988	0.21988	0.21988	0.21988	0.21988	0.21988	0.21988	0.21988
10000	6.4264	0.0011318	0.02967	1	1	0.36483	2.1044	0.13736	0	14.86	2.1044	0.13736	0	14.86	2.1044	0.13736	0	14.86	2.1044	0.13736	0	14.86	0	0.69325	0.04525	0	4.8954	0.69325	0.04525	0	4.8954	0.69325	0.04525	0	4.8954	0.69325	0.04525	0	4.8954	0	0.32784	0.32784	0.32784	0.32784	0.32784	0.32784	0.32784	0.32784	0.32784	0.32784	0.32784	0.32784	0.32784	0.32784	0.32784	0.32784	0.32784
10000	7.0001	0.001	0.02	1	1	0.8	1.3333	0.3	0	15	1.3333	0.3	0	15	1.3333	0.3	0	15	1.3333	0.3	0	15	0	1.83	0.41175	0	20.587	1.83	0.41175	0	20.587	1.83	0.41175	0	20.587	1.83	0.41175	0	20.587	0	0.5131	0.5131	0.5131	0.5131	0.5131	0.5131	0.5131	0.5131	0.5131	0.5131	0.5131	0.5131	0.5131	0.5131	0.5131	0.5131	0.5131
10000	5.9857	0.001	0.02	1	1	0.66244	1.1426	0.3	0	15	1.1426	0.3	0	15	1.1426	0.3	0	15	1.1426	0.3	0	15	0	1.1426	0.3	0	15	1.1426	0.3	0	15	1.1426	0.3	0	15	1.1426	0.3	0	15	0	0.4	0.4	0.4	0.4	0.4	0.4	0.4	0.4	0.4	0.4	0.4	0.4	0.4	0.4	0.4	0.4	0.4
10000	6.2659	0.0063559	0.01	1	1	0.78332	1.0276	-0.58887	0	10.536	1.0276	-0.58887	0	10.536	1.0276	-0.58887	0	10.536	1.0276	-0.58887	0	10.536	0	1.0515	-0.60253	0	10.78	1.0515	-0.60253	0	10.78	1.0515	-0.60253	0	10.78	1.0515	-0.60253	0	10.78	0	0.41612	0.41612	0.41612	0.41612	0.41612	0.41612	0.41612	0.41612	0.41612	0.41612	0.41612	0.41612	0.41612	0.41612	0.41612	0.41612	0.41612
10000	5.7742	0.0058495	0.034326	1	1	0.83383	0.88118	0.28892	0	14.482	0.88118	0.28892	0	14.482	0.88118	0.28892	0	14.482	0.88118	0.28892	0	14.482	0	0.88645	0.29065	0	14.569	0.88645	0.29065	0	14.569	0.88645	0.29065	0	14.569	0.88645	0.29065	0	14.569	0	0.51369	0.51369	0.51369	0.51369	0.51369	0.51369	0.51369	0.51369	0.51369	0.51369	0.51369	0.51369	0.51369	0.51369	0.51369	0.51369	0.51369
10000	8.2541	0.001	0.043479	1	1	0.72101	0.85148	0.39913	0	-5.7113	0.85148	0.39913	0	-5.7113	0.85148	0.39913	0	-5.7113	0.85148	0.39913	0	-5.7113	0	0.65912	0.30897	0	-4.4211	0.65912	0.30897	0	-4.4211	0.65912	0.30897	0	-4.4211	0.65912	0.30897	0	-4.4211	0	0.74291	0.74291	0.74291	0.74291	0.74291	0.74291	0.74291	0.74291	0.74291	0.74291	0.74291	0.74291	0.74291	0.74291	0.74291	0.74291	0.74291
10000	6.3988	0.001	0.011664	1	1	0.79983	1.3333	0.40012	0	30.001	1.3333	0.40012	0	30.001	1.3333	0.40012	0	30.001	1.3333	0.40012	0	30.001	0	0.44135	0.13245	0	9.9315	0.44135	0.13245	0	9.9315	0.44135	0.13245	0	9.9315	0.44135	0.13245	0	9.9315	0	0.22405	0.22405	0.22405	0.22405	0.22405	0.22405	0.22405	0.22405	0.22405	0.22405	0.22405	0.22405	0.22405	0.22405	0.22405	0.22405	0.22405
10000	5	0.0022781	0.02	1	1	0.8	1	0.3	0	15	1	0.3	0	15	1	0.3	0	15	1	0.3	0	15	0	1	0.3	0	15	1	0.3	0	15	1	0.3	0	15	1	0.3	0	15	0	0.60335	0.60335	0.60335	0.60335	0.60335	0.60335	0.60335	0.60335	0.60335	0.60335	0.60335	0.60335	0.60335	0.60335	0.60335	0.60335	0.60335
10000	7.6178	0.001	0.022222	1	1	0.8	1	0.53333	0	15	1	0.53333	0	15	1	0.53333	0	15	1	0.53333	0	15	0	0.91667	0.48889	0	13.75	0.91667	0.48889	0	13.75	0.91667	0.48889	0	13.75	0.91667	0.48889	0	13.75	0	0.48043	0.48043	0.48043	0.48043	0.48043	0.48043	0.48043	0.48043	0.48043	0.48043	0.48043	0.48043	0.48043	0.48043	0.48043	0.48043	0.48043
10000	4.9857	0.010087	0.23777	1	1	0.79564	1.0048	0.26571	0	29.961	1.0048	0.26571	0	29.961	1.0048	0.26571	0	29.961	1.0048	0.26571	0	29.961	0	1.0091	0.26684	0	30.088	1.0091	0.26684	0	30.088	1.0091	0.26684	0	30.088	1.0091	0.26684	0	30.088	0	0.31334	0.31334	0.31334	0.31334	0.31334	0.31334	0.31334	0.31334	0.31334	0.31334	0.31334	0.31334	0.31334	0.31334	0.31334	0.31334	0.31334
10000	10	0.010129	0.030942	1	1	0.7788	1.0236	0.28623	0	14.812	1.0236	0.28623	0	14.812	1.0236	0.28623	0	14.812	1.0236	0.28623	0	14.812	0	0.25589	0.071559	0	3.7029	0.25589	0.071559	0	3.7029	0.25589	0.071559	0	3.7029	0.25589	0.071559	0	3.7029	0	0.19775	0.19775	0.19775	0.19775	0.19775	0.19775	0.19775	0.19775	0.19775	0.19775	0.19775	0.19775	0.19775	0.19775	0.19775	0.19775	0.19775
10000	7.3333	0.01	0.06	1	1	0.53606	1	0.5	0	15	1	0.5	0	15	1	0.5	0	15	1	0.5	0	15	0	0.25	0.125	0	3.75	0.25	0.125	0	3.75	0.25	0.125	0	3.75	0.25	0.125	0	3.75	0	0.28195	0.28195	0.28195	0.28195	0.28195	0.28195	0.28195	0.28195	0.28195	0.28195	0.28195	0.28195	0.28195	0.28195	0.28195	0.28195	0.28195
10000	3.0604	0.001	0.04	1	1	0.63871	0.8	-2.1651	0	8.7789	0.8	-2.1651	0	8.7789	0.8	-2.1651	0	8.7789	0.8	-2.1651	0	8.7789	0	0.93333	-2.526	0	10.242	0.93333	-2.526	0	10.242	0.93333	-2.526	0	10.242	0.93333	-2.526	0	10.242	0	0.53993	0.53993	0.53993	0.53993	0.53993	0.53993	0.53993	0.53993	0.53993	0.53993	0.53993	0.53993	0.53993	0.53993	0.53993	0.53993	0.53993
10000	10	0.0054363	0.022453	1	1	0.72135	1.3333	0.31111	0	8.6521	1.3333	0.31111	0	8.6521	1.3333	0.31111	0	8.6521	1.3333	0.31111	0	8.6521	0	0.33333	0.077778	0	2.163	0.33333	0.077778	0	2.163	0.33333	0.077778	0	2.163	0.33333	0.077778	0	2.163	0	0.1	0.1	0.1	0.1	0.1	0.1	0.1	0.1	0.1	0.1	0.1	0.1	0.1	0.1	0.1	0.1	0.1
10000	4.3827	0.0036667	0.02	1	1	0.8	1.0832	0.53333	0	15	1.0832	0.53333	0	15	1.0832	0.53333	0	15	1.0832	0.53333	0	15	0	1.0832	0.53333	0	15	1.0832	0.53333	0	15	1.0832	0.53333	0	15	1.0832	0.53333	0	15	0	0.3	0.3	0.3	0.3	0.3	0.3	0.3	0.3	0.3	0.3	0.3	0.3	0.3	0.3	0.3	0.3	0.3
10000	2.6432	0.001	0.015008	1	1	0.80179	2.002	0.17157	0	29.984	2.002	0.17157	0	29.984	2.002	0.17157	0	29.984	2.002	0.17157	0	29.984	0	0.50049	0.042892	0	7.4961	0.50049	0.042892	0	7.4961	0.50049	0.042892	0	7.4961	0.50049	0.042892	0	7.4961	0	0.24633	0.24633	0.24633	0.24633	0.24633	0.24633	0.24633	0.24633	0.24633	0.24633	0.24633	0.24633	0.24633	0.24633	0.24633	0.24633	0.24633
10000	4.8875	0.001	0.031592	1	1	0.56716	1.8571	0.51424	0	23.143	1.8571	0.51424	0	23.143	1.8571	0.51424	0	23.143	1.8571	0.51424	0	23.143	0	0.46429	0.12856	0	5.7857	0.46429	0.12856	0	5.7857	0.46429	0.12856	0	5.7857	0.46429	0.12856	0	5.7857	0	0.16242	0.16242	0.16242	0.16242	0.16242	0.16242	0.16242	0.16242	0.16242	0.16242	0.16242	0.16242	0.16242	0.16242	0.16242	0.16242	0.16242
10000	5	0.0012588	0.022776	1	1	0.8	1	-0.17411	0	15	1	-0.17411	0	15	1	-0.17411	0	15	1	-0.17411	0	15	0	0.8176	-0.14235	0	12.264	0.8176	-0.14235	0	12.264	0.8176	-0.14235	0	12.264	0.8176	-0.14235	0	12.264	0	0.2	0.2	0.2	0.2	0.2	0.2	0.2	0.2	0.2	0.2	0.2	0.2	0.2	0.2	0.2	0.2	0.2
10000	3.975	0.001	0.01	1	1	0.58449	1.8333	0.24303	0	15.048	1.8333	0.24303	0	15.048	1.8333	0.24303	0	15.048	1.8333	0.24303	0	15.048	0	0.45833	0.060757	0	3.762	0.45833	0.060757	0	3.762	0.45833	0.060757	0	3.762	0.45833	0.060757	0	3.762	0	0	0	0	0	0	0	0	0	0	0	0	0	0	0	0	0	0
10000	3.1515	0.001	0.030241	1	1	1.0089	1.762	0.39142	0	18.386	1.762	0.39142	0	18.386	1.762	0.39142	0	18.386	1.762	0.39142	0	18.386	0	0.4405	0.097856	0	4.5964	0.4405	0.097856	0	4.5964	0.4405	0.097856	0	4.5964	0.4405	0.097856	0	4.5964	0	0.31337	0.31337	0.31337	0.31337	0.31337	0.31337	0.31337	0.31337	0.31337	0.31337	0.31337	0.31337	0.31337	0.31337	0.31337	0.31337	0.31337
10000	3.0488	0.001	0.020023	1	1	0.96753	1.0204	0.043581	0	15.2	1.0204	0.043581	0	15.2	1.0204	0.043581	0	15.2	1.0204	0.043581	0	15.2	0	0.91521	0.039089	0	13.633	0.91521	0.039089	0	13.633	0.91521	0.039089	0	13.633	0.91521	0.039089	0	13.633	0	0.36459	0.36459	0.36459	0.36459	0.36459	0.36459	0.36459	0.36459	0.36459	0.36459	0.36459	0.36459	0.36459	0.36459	0.36459	0.36459	0.36459
10000	5.0446	0.001	0.02	1	1	1	1.5043	0.3	0	15	1.5043	0.3	0	15	1.5043	0.3	0	15	1.5043	0.3	0	15	0	0.37607	0.075	0	3.75	0.37607	0.075	0	3.75	0.37607	0.075	0	3.75	0.37607	0.075	0	3.75	0	0.22458	0.22458	0.22458	0.22458	0.22458	0.22458	0.22458	0.22458	0.22458	0.22458	0.22458	0.22458	0.22458	0.22458	0.22458	0.22458	0.22458
10000	4.7623	0.001	0.03	1	1	0.8736	2	0.3	0	9.9878	2	0.3	0	9.9878	2	0.3	0	9.9878	2	0.3	0	9.9878	0	0.85186	0.12778	0	4.2541	0.85186	0.12778	0	4.2541	0.85186	0.12778	0	4.2541	0.85186	0.12778	0	4.2541	0	0.29633	0.29633	0.29633	0.29633	0.29633	0.29633	0.29633	0.29633	0.29633	0.29633	0.29633	0.29633	0.29633	0.29633	0.29633	0.29633	0.29633
10000	3.9186	0.001	0.045664	1	1	1.237	1.7859	-0.085265	0	29.155	1.7859	-0.085265	0	29.155	1.7859	-0.085265	0	29.155	1.7859	-0.085265	0	29.155	0	0.44647	-0.021316	0	7.2888	0.44647	-0.021316	0	7.2888	0.44647	-0.021316	0	7.2888	0.44647	-0.021316	0	7.2888	0	0.14538	0.14538	0.14538	0.14538	0.14538	0.14538	0.14538	0.14538	0.14538	0.14538	0.14538	0.14538	0.14538	0.14538	0.14538	0.14538	0.14538
10000	5.21	0.001	0.02	1	1	0.8	0.8	0.3	0	15	0.8	0.3	0	15	0.8	0.3	0	15	0.8	0.3	0	15	0	1.5988	0.59956	0	29.978	1.5988	0.59956	0	29.978	1.5988	0.59956	0	29.978	1.5988	0.59956	0	29.978	0	0.40594	0.40594	0.40594	0.40594	0.40594	0.40594	0.40594	0.40594	0.40594	0.40594	0.40594	0.40594	0.40594	0.40594	0.40594	0.40594	0.40594
10000	4.6761	0.0027556	0.01	1	1	0.94411	0.71945	0.42593	0	17.281	0.71945	0.42593	0	17.281	0.71945	0.42593	0	17.281	0.71945	0.42593	0	17.281	0	1.4715	0.87119	0	35.346	1.4715	0.87119	0	35.346	1.4715	0.87119	0	35.346	1.4715	0.87119	0	35.346	0	0.53086	0.53086	0.53086	0.53086	0.53086	0.53086	0.53086	0.53086	0.53086	0.53086	0.53086	0.53086	0.53086	0.53086	0.53086	0.53086	0.53086
10000	5.17	0.001	0.02	1	1	0.8	1	0.3	0	15	1	0.3	0	15	1	0.3	0	15	1	0.3	0	15	0	1	0.3	0	15	1	0.3	0	15	1	0.3	0	15	1	0.3	0	15	0	0.45441	0.45441	0.45441	0.45441	0.45441	0.45441	0.45441	0.45441	0.45441	0.45441	0.45441	0.45441	0.45441	0.45441	0.45441	0.45441	0.45441
10000	5	0.001	0.02	1	1	0.55167	2.4992	0.6	0	15	2.4992	0.6	0	15	2.4992	0.6	0	15	2.4992	0.6	0	15	0	0.62481	0.15	0	3.75	0.62481	0.15	0	3.75	0.62481	0.15	0	3.75	0.62481	0.15	0	3.75	0	0.18889	0.18889	0.18889	0.18889	0.18889	0.18889	0.18889	0.18889	0.18889	0.18889	0.18889	0.18889	0.18889	0.18889	0.18889	0.18889	0.18889
10000	6.914	0.001	0.024558	1	1	0.66834	2.0867	-1.5817	0	-59.035	2.0867	-1.5817	0	-59.035	2.0867	-1.5817	0	-59.035	2.0867	-1.5817	0	-59.035	0	2.6342	-1.9967	0	-74.525	2.6342	-1.9967	0	-74.525	2.6342	-1.9967	0	-74.525	2.6342	-1.9967	0	-74.525	0	0.75321	0.75321	0.75321	0.75321	0.75321	0.75321	0.75321	0.75321	0.75321	0.75321	0.75321	0.75321	0.75321	0.75321	0.75321	0.75321	0.75321
