10000	0.1	0.0092552	0.022782	1	1	0.53492	0.8	0.19173	2.5	15	0.8	0.19173	2.5	15	0.8	0.19173	2.5	15	0.8	0.19173	2.5	15	0	0.2	0.047932	0.625	3.75	0.2	0.047932	0.625	3.75	0.2	0.047932	0.625	3.75	0.2	0.047932	0.625	3.75	0	0	0	0	0	0	0	0	0	0	0	0	0	0	0	0	0	0
10000	0.1	0.006355	0.02	1	1	0.46508	0.72347	0.4	2.5	10	0.72347	0.4	2.5	10	0.72347	0.4	2.5	10	0.72347	0.4	2.5	10	0	0.30145	0.16667	1.0417	4.1667	0.30145	0.16667	1.0417	4.1667	0.30145	0.16667	1.0417	4.1667	0.30145	0.16667	1.0417	4.1667	0	0	0	0	0	0	0	0	0	0	0	0	0	0	0	0	0	0
10000	9.9999	0.0089281	0.02069	1	1	0.4	0.66624	0.66667	2.5	20	0.66624	0.66667	2.5	20	0.66624	0.66667	2.5	20	0.66624	0.66667	2.5	20	0	0.66624	0.66667	2.5	20	0.66624	0.66667	2.5	20	0.66624	0.66667	2.5	20	0.66624	0.66667	2.5	20	0	0	0	0	0	0	0	0	0	0	0	0	0	0	0	0	0	0
10000	8.4212	0.011789	0.022792	1	1	0.50341	0.78541	0.42426	2.4514	30.222	0.78541	0.42426	2.4514	30.222	0.78541	0.42426	2.4514	30.222	0.78541	0.42426	2.4514	30.222	0	0.19635	0.10606	0.61285	7.5556	0.19635	0.10606	0.61285	7.5556	0.19635	0.10606	0.61285	7.5556	0.19635	0.10606	0.61285	7.5556	0	0	0	0	0	0	0	0	0	0	0	0	0	0	0	0	0	0
10000	5	0.011667	0.02	1	1	0.60629	0.60878	0.5	2.5	30	0.60878	0.5	2.5	30	0.60878	0.5	2.5	30	0.60878	0.5	2.5	30	0	0.60878	0.5	2.5	30	0.60878	0.5	2.5	30	0.60878	0.5	2.5	30	0.60878	0.5	2.5	30	0	0	0	0	0	0	0	0	0	0	0	0	0	0	0	0	0	0
10000	9.9999	0.0067539	0.016993	1	1	0.61083	0.87683	0.35095	2.7631	13.797	0.87683	0.35095	2.7631	13.797	0.87683	0.35095	2.7631	13.797	0.87683	0.35095	2.7631	13.797	0	0.52713	0.21099	1.6611	8.2947	0.52713	0.21099	1.6611	8.2947	0.52713	0.21099	1.6611	8.2947	0.52713	0.21099	1.6611	8.2947	0	0	0	0	0	0	0	0	0	0	0	0	0	0	0	0	0	0
10000	5.9997	0.0079064	0.019964	1	1	0.48099	0.86026	0.39992	2.7356	19.976	0.86026	0.39992	2.7356	19.976	0.86026	0.39992	2.7356	19.976	0.86026	0.39992	2.7356	19.976	0	0.43971	0.20441	1.3982	10.21	0.43971	0.20441	1.3982	10.21	0.43971	0.20441	1.3982	10.21	0.43971	0.20441	1.3982	10.21	0	0	0	0	0	0	0	0	0	0	0	0	0	0	0	0	0	0
10000	7.0584	0.01	0.015684	1	1	0.28889	1	0.31797	2.5	15	1	0.31797	2.5	15	1	0.31797	2.5	15	1	0.31797	2.5	15	0	0.43482	0.13826	1.0871	6.5222	0.43482	0.13826	1.0871	6.5222	0.43482	0.13826	1.0871	6.5222	0.43482	0.13826	1.0871	6.5222	0	0	0	0	0	0	0	0	0	0	0	0	0	0	0	0	0	0
10000	9.9999	0.0098774	0.02	1	1	0.4	1	0.4	3.5	15	1	0.4	3.5	15	1	0.4	3.5	15	1	0.4	3.5	15	0	0.83816	0.33526	2.9335	12.572	0.83816	0.33526	2.9335	12.572	0.83816	0.33526	2.9335	12.572	0.83816	0.33526	2.9335	12.572	0	0	0	0	0	0	0	0	0	0	0	0	0	0	0	0	0	0
10000	7.2989	0.011059	0.01	1	1	0.4	1	0.3	3.5	15	1	0.3	3.5	15	1	0.3	3.5	15	1	0.3	3.5	15	0	0.5	0.15	1.75	7.5	0.5	0.15	1.75	7.5	0.5	0.15	1.75	7.5	0.5	0.15	1.75	7.5	0	0	0	0	0	0	0	0	0	0	0	0	0	0	0	0	0	0
10000	2.5167	0.001	0.01	1	1	0.8	1	0.3	2.5	92.185	1	0.3	2.5	92.185	1	0.3	2.5	92.185	1	0.3	2.5	92.185	0	1	0.3	2.5	92.185	1	0.3	2.5	92.185	1	0.3	2.5	92.185	1	0.3	2.5	92.185	0	0	0	0	0	0	0	0	0	0	0	0	0	0	0	0	0	0
10000	3.0129	0.0076358	0.019488	1	1	0.82871	0.83598	0.051275	3.3241	9.2316	0.83598	0.051275	3.3241	9.2316	0.83598	0.051275	3.3241	9.2316	0.83598	0.051275	3.3241	9.2316	0	0.88366	0.0542	3.5137	9.7581	0.88366	0.0542	3.5137	9.7581	0.88366	0.0542	3.5137	9.7581	0.88366	0.0542	3.5137	9.7581	0	0	0	0	0	0	0	0	0	0	0	0	0	0	0	0	0	0
10000	1.529	0.0049139	0.019785	1	1	0.34183	0.98924	0.49193	2.4812	7.5808	0.98924	0.49193	2.4812	7.5808	0.98924	0.49193	2.4812	7.5808	0.98924	0.49193	2.4812	7.5808	0	0.99547	0.49503	2.4968	7.6286	0.99547	0.49503	2.4968	7.6286	0.99547	0.49503	2.4968	7.6286	0.99547	0.49503	2.4968	7.6286	0	0	0	0	0	0	0	0	0	0	0	0	0	0	0	0	0	0
10000	2.8711	0.001	0.023562	1	1	0.70204	1.0657	0.26394	3.4782	14.129	1.0657	0.26394	3.4782	14.129	1.0657	0.26394	3.4782	14.129	1.0657	0.26394	3.4782	14.129	0	1.0751	0.26628	3.5091	14.255	1.0751	0.26628	3.5091	14.255	1.0751	0.26628	3.5091	14.255	1.0751	0.26628	3.5091	14.255	0	0	0	0	0	0	0	0	0	0	0	0	0	0	0	0	0	0
10000	2.5754	0.0081018	0.02312	1	1	0.54152	0.97176	0.39023	2.4912	8.9855	0.97176	0.39023	2.4912	8.9855	0.97176	0.39023	2.4912	8.9855	0.97176	0.39023	2.4912	8.9855	0	1.1092	0.44541	2.8434	10.256	1.1092	0.44541	2.8434	10.256	1.1092	0.44541	2.8434	10.256	1.1092	0.44541	2.8434	10.256	0	0	0	0	0	0	0	0	0	0	0	0	0	0	0	0	0	0
10000	1.4694	0.015224	0.021954	1	1	0.48947	0.82186	0.98859	3.5	15	0.82186	0.98859	3.5	15	0.82186	0.98859	3.5	15	0.82186	0.98859	3.5	15	0	0.64133	0.77144	2.7312	11.705	0.64133	0.77144	2.7312	11.705	0.64133	0.77144	2.7312	11.705	0.64133	0.77144	2.7312	11.705	0	0	0	0	0	0	0	0	0	0	0	0	0	0	0	0	0	0
10000	2.7623	0.001	0.03	1	1	0.59802	0.8	0.38807	2.5	15	0.8	0.38807	2.5	15	0.8	0.38807	2.5	15	0.8	0.38807	2.5	15	0	0.79999	0.38807	2.5	15	0.79999	0.38807	2.5	15	0.79999	0.38807	2.5	15	0.79999	0.38807	2.5	15	0	0	0	0	0	0	0	0	0	0	0	0	0	0	0	0	0	0
10000	2.5897	0.0057806	0.029887	1	1	0.63342	0.77426	0.49787	3.0492	17.807	0.77426	0.49787	3.0492	17.807	0.77426	0.49787	3.0492	17.807	0.77426	0.49787	3.0492	17.807	0	0.7463	0.4799	2.9391	17.165	0.7463	0.4799	2.9391	17.165	0.7463	0.4799	2.9391	17.165	0.7463	0.4799	2.9391	17.165	0	0	0	0	0	0	0	0	0	0	0	0	0	0	0	0	0	0
10000	2.6623	0.005	0.021474	1	1	0.4	0.53185	0.5	2.5	15	0.53185	0.5	2.5	15	0.53185	0.5	2.5	15	0.53185	0.5	2.5	15	0	0.53185	0.5	2.5	15	0.53185	0.5	2.5	15	0.53185	0.5	2.5	15	0.53185	0.5	2.5	15	0	0	0	0	0	0	0	0	0	0	0	0	0	0	0	0	0	0
10000	3	0.001	0.02	1	1	0.53333	1	0.58518	2.7329	16.994	1	0.58518	2.7329	16.994	1	0.58518	2.7329	16.994	1	0.58518	2.7329	16.994	0	0.45927	0.26875	1.2551	7.8048	0.45927	0.26875	1.2551	7.8048	0.45927	0.26875	1.2551	7.8048	0.45927	0.26875	1.2551	7.8048	0	0	0	0	0	0	0	0	0	0	0	0	0	0	0	0	0	0
10000	2.593	0.010263	0.019708	1	1	0.69791	0.604	0.60669	2.4744	10.08	0.604	0.60669	2.4744	10.08	0.604	0.60669	2.4744	10.08	0.604	0.60669	2.4744	10.08	0	0.71238	0.71555	2.9184	11.889	0.71238	0.71555	2.9184	11.889	0.71238	0.71555	2.9184	11.889	0.71238	0.71555	2.9184	11.889	0	0	0	0	0	0	0	0	0	0	0	0	0	0	0	0	0	0
10000	6.9722	0.006449	0.020535	1	1	0.77278	0.67949	0.5	2.6368	173.14	0.67949	0.5	2.6368	173.14	0.67949	0.5	2.6368	173.14	0.67949	0.5	2.6368	173.14	0	0.69639	0.51243	2.7024	177.44	0.69639	0.51243	2.7024	177.44	0.69639	0.51243	2.7024	177.44	0.69639	0.51243	2.7024	177.44	0	0	0	0	0	0	0	0	0	0	0	0	0	0	0	0	0	0
10000	7	0.01	0.023247	1	1	0.67188	0.74879	0.3	3.3333	15	0.74879	0.3	3.3333	15	0.74879	0.3	3.3333	15	0.74879	0.3	3.3333	15	0	0.3744	0.15	1.6667	7.5	0.3744	0.15	1.6667	7.5	0.3744	0.15	1.6667	7.5	0.3744	0.15	1.6667	7.5	0	0	0	0	0	0	0	0	0	0	0	0	0	0	0	0	0	0
10000	10	0.0040703	0.059941	1	1	0.76382	0.6704	0.29937	2.6206	12.826	0.6704	0.29937	2.6206	12.826	0.6704	0.29937	2.6206	12.826	0.6704	0.29937	2.6206	12.826	0	0.69254	0.30926	2.7072	13.249	0.69254	0.30926	2.7072	13.249	0.69254	0.30926	2.7072	13.249	0.69254	0.30926	2.7072	13.249	0	0	0	0	0	0	0	0	0	0	0	0	0	0	0	0	0	0
10000	3.2081	0.005	0.03	1	1	0.69835	0.88889	0.78313	2.5	9.3946	0.88889	0.78313	2.5	9.3946	0.88889	0.78313	2.5	9.3946	0.88889	0.78313	2.5	9.3946	0	0.88889	0.78313	2.5	9.3946	0.88889	0.78313	2.5	9.3946	0.88889	0.78313	2.5	9.3946	0.88889	0.78313	2.5	9.3946	0	0	0	0	0	0	0	0	0	0	0	0	0	0	0	0	0	0
10000	4.5284	0.001	0.02413	1	1	0.52945	0.89578	0.31686	3.7395	14.113	0.89578	0.31686	3.7395	14.113	0.89578	0.31686	3.7395	14.113	0.89578	0.31686	3.7395	14.113	0	0.22395	0.079214	0.93486	3.5283	0.22395	0.079214	0.93486	3.5283	0.22395	0.079214	0.93486	3.5283	0.22395	0.079214	0.93486	3.5283	0	0	0	0	0	0	0	0	0	0	0	0	0	0	0	0	0	0
10000	0.1	0.005	0.01	1	1	0.4	1	0.5	5.2067	28.766	1	0.5	5.2067	28.766	1	0.5	5.2067	28.766	1	0.5	5.2067	28.766	0	0.5	0.25	2.6034	14.383	0.5	0.25	2.6034	14.383	0.5	0.25	2.6034	14.383	0.5	0.25	2.6034	14.383	0	0	0	0	0	0	0	0	0	0	0	0	0	0	0	0	0	0
10000	2.1629	0.001	0.02	1	1	0.4	1.1111	0.3	2.945	15	1.1111	0.3	2.945	15	1.1111	0.3	2.945	15	1.1111	0.3	2.945	15	0	0.5279	0.14253	1.3992	7.1267	0.5279	0.14253	1.3992	7.1267	0.5279	0.14253	1.3992	7.1267	0.5279	0.14253	1.3992	7.1267	0	0	0	0	0	0	0	0	0	0	0	0	0	0	0	0	0	0
10000	0.97541	0.0045651	0.022308	1	1	0.39623	0.7318	0.31257	4.3307	17.669	0.7318	0.31257	4.3307	17.669	0.7318	0.31257	4.3307	17.669	0.7318	0.31257	4.3307	17.669	0	0.34723	0.14831	2.0549	8.3839	0.34723	0.14831	2.0549	8.3839	0.34723	0.14831	2.0549	8.3839	0.34723	0.14831	2.0549	8.3839	0	0	0	0	0	0	0	0	0	0	0	0	0	0	0	0	0	0
10000	0.1	0.015425	0.023786	1	1	0.71369	0.72982	0.50783	4.0259	16.552	0.72982	0.50783	4.0259	16.552	0.72982	0.50783	4.0259	16.552	0.72982	0.50783	4.0259	16.552	0	0.33954	0.23626	1.873	7.7007	0.33954	0.23626	1.873	7.7007	0.33954	0.23626	1.873	7.7007	0.33954	0.23626	1.873	7.7007	0	0	0	0	0	0	0	0	0	0	0	0	0	0	0	0	0	0
10000	5.165	0.004	0.01963	1	1	0.39054	0.73562	0.69924	3.5	15	0.73562	0.69924	3.5	15	0.73562	0.69924	3.5	15	0.73562	0.69924	3.5	15	0	0.57427	0.54587	2.7323	11.71	0.57427	0.54587	2.7323	11.71	0.57427	0.54587	2.7323	11.71	0.57427	0.54587	2.7323	11.71	0	0	0	0	0	0	0	0	0	0	0	0	0	0	0	0	0	0
10000	0.1	0.005	0.024889	1	1	0.25477	1	1.1367	4.5866	20.741	1	1.1367	4.5866	20.741	1	1.1367	4.5866	20.741	1	1.1367	4.5866	20.741	0	0.41667	0.47364	1.9111	8.642	0.41667	0.47364	1.9111	8.642	0.41667	0.47364	1.9111	8.642	0.41667	0.47364	1.9111	8.642	0	0	0	0	0	0	0	0	0	0	0	0	0	0	0	0	0	0
10000	5.8486	0.0050028	0.019993	1	1	0.64402	0.83348	0.88971	3.5008	14.997	0.83348	0.88971	3.5008	14.997	0.83348	0.88971	3.5008	14.997	0.83348	0.88971	3.5008	14.997	0	0.83373	0.88998	3.5018	15.002	0.83373	0.88998	3.5018	15.002	0.83373	0.88998	3.5018	15.002	0.83373	0.88998	3.5018	15.002	0	0	0	0	0	0	0	0	0	0	0	0	0	0	0	0	0	0
10000	0.1	0.005	0.03	1	1	0.42597	1	0.94378	3.5	21.347	1	0.94378	3.5	21.347	1	0.94378	3.5	21.347	1	0.94378	3.5	21.347	0	0.5	0.47189	1.75	10.674	0.5	0.47189	1.75	10.674	0.5	0.47189	1.75	10.674	0.5	0.47189	1.75	10.674	0	0	0	0	0	0	0	0	0	0	0	0	0	0	0	0	0	0
10000	5.0054	0.005	0.02943	1	1	0.42788	0.80023	1.0818	3.5335	20	0.80023	1.0818	3.5335	20	0.80023	1.0818	3.5335	20	0.80023	1.0818	3.5335	20	0	0.6401	0.86532	2.8264	15.998	0.6401	0.86532	2.8264	15.998	0.6401	0.86532	2.8264	15.998	0.6401	0.86532	2.8264	15.998	0	0	0	0	0	0	0	0	0	0	0	0	0	0	0	0	0	0
10000	3.4917	0.001	0.01	1	1	0.65559	0.5	0.085621	3.8055	11	0.5	0.085621	3.8055	11	0.5	0.085621	3.8055	11	0.5	0.085621	3.8055	11	0	0.26225	0.044909	1.996	5.7696	0.26225	0.044909	1.996	5.7696	0.26225	0.044909	1.996	5.7696	0.26225	0.044909	1.996	5.7696	0	0	0	0	0	0	0	0	0	0	0	0	0	0	0	0	0	0
10000	3	0.0023333	0.02	1	1	0.4	1	0.3	3.5	10	1	0.3	3.5	10	1	0.3	3.5	10	1	0.3	3.5	10	0	0.52989	0.15897	1.8546	5.2989	0.52989	0.15897	1.8546	5.2989	0.52989	0.15897	1.8546	5.2989	0.52989	0.15897	1.8546	5.2989	0	0	0	0	0	0	0	0	0	0	0	0	0	0	0	0	0	0
10000	5.0507	0.0038015	0.043333	1	1	0.75101	1	0.3	6.251	15	1	0.3	6.251	15	1	0.3	6.251	15	1	0.3	6.251	15	0	0.70833	0.2125	4.4278	10.625	0.70833	0.2125	4.4278	10.625	0.70833	0.2125	4.4278	10.625	0.70833	0.2125	4.4278	10.625	0	0	0	0	0	0	0	0	0	0	0	0	0	0	0	0	0	0
10000	2.05	0.0075	0.01	1	1	0.57837	0.8	0.28553	4.1843	20	0.8	0.28553	4.1843	20	0.8	0.28553	4.1843	20	0.8	0.28553	4.1843	20	0	0.4	0.14277	2.0921	10	0.4	0.14277	2.0921	10	0.4	0.14277	2.0921	10	0.4	0.14277	2.0921	10	0	0	0	0	0	0	0	0	0	0	0	0	0	0	0	0	0	0
10000	1.9355	0.0036667	0.019209	1	1	0.57553	1.0184	0.32882	3.8596	15.054	1.0184	0.32882	3.8596	15.054	1.0184	0.32882	3.8596	15.054	1.0184	0.32882	3.8596	15.054	0	0.54549	0.17612	2.0673	8.0632	0.54549	0.17612	2.0673	8.0632	0.54549	0.17612	2.0673	8.0632	0.54549	0.17612	2.0673	8.0632	0	0	0	0	0	0	0	0	0	0	0	0	0	0	0	0	0	0
10000	3.2734	0.001	0.01	1	1	0.57931	1.2452	0.55939	2.9291	21.726	1.2452	0.55939	2.9291	21.726	1.2452	0.55939	2.9291	21.726	1.2452	0.55939	2.9291	21.726	0	0.50098	0.22506	1.1785	8.7409	0.50098	0.22506	1.1785	8.7409	0.50098	0.22506	1.1785	8.7409	0.50098	0.22506	1.1785	8.7409	0	0	0	0	0	0	0	0	0	0	0	0	0	0	0	0	0	0
10000	7.3284	0.0067595	0.045779	1	1	0.72984	1.007	0.48512	6.0379	15.624	1.007	0.48512	6.0379	15.624	1.007	0.48512	6.0379	15.624	1.007	0.48512	6.0379	15.624	0	0.59507	0.28667	3.5679	9.2323	0.59507	0.28667	3.5679	9.2323	0.59507	0.28667	3.5679	9.2323	0.59507	0.28667	3.5679	9.2323	0	0	0	0	0	0	0	0	0	0	0	0	0	0	0	0	0	0
10000	2.283	0.001	0.02	1	1	0.46225	0.8	0.43333	2.5899	15	0.8	0.43333	2.5899	15	0.8	0.43333	2.5899	15	0.8	0.43333	2.5899	15	0	0.48279	0.26151	1.563	9.0523	0.48279	0.26151	1.563	9.0523	0.48279	0.26151	1.563	9.0523	0.48279	0.26151	1.563	9.0523	0	0	0	0	0	0	0	0	0	0	0	0	0	0	0	0	0	0
10000	8.0971	0.001	0.01	1	1	0.76219	0.85537	0.6388	2.4289	15.28	0.85537	0.6388	2.4289	15.28	0.85537	0.6388	2.4289	15.28	0.85537	0.6388	2.4289	15.28	0	0.81645	0.60973	2.3184	14.584	0.81645	0.60973	2.3184	14.584	0.81645	0.60973	2.3184	14.584	0.81645	0.60973	2.3184	14.584	0	0	0	0	0	0	0	0	0	0	0	0	0	0	0	0	0	0
10000	1.5582	0.001	0.01	1	1	0.40295	0.79621	0.50316	2.4987	15.034	0.79621	0.50316	2.4987	15.034	0.79621	0.50316	2.4987	15.034	0.79621	0.50316	2.4987	15.034	0	0.46224	0.29211	1.4506	8.7278	0.46224	0.29211	1.4506	8.7278	0.46224	0.29211	1.4506	8.7278	0.46224	0.29211	1.4506	8.7278	0	0	0	0	0	0	0	0	0	0	0	0	0	0	0	0	0	0
10000	3.7694	0.001	0.044798	1	1	0.87198	0.92002	0.31482	3.3524	15.64	0.92002	0.31482	3.3524	15.64	0.92002	0.31482	3.3524	15.64	0.92002	0.31482	3.3524	15.64	0	0.55249	0.18905	2.0132	9.392	0.55249	0.18905	2.0132	9.392	0.55249	0.18905	2.0132	9.392	0.55249	0.18905	2.0132	9.392	0	0	0	0	0	0	0	0	0	0	0	0	0	0	0	0	0	0
10000	1.7963	0.001	0.023196	1	1	0.80002	1.0838	0.47039	3.0972	15	1.0838	0.47039	3.0972	15	1.0838	0.47039	3.0972	15	1.0838	0.47039	3.0972	15	0	0.54192	0.2352	1.5487	7.5001	0.54192	0.2352	1.5487	7.5001	0.54192	0.2352	1.5487	7.5001	0.54192	0.2352	1.5487	7.5001	0	0	0	0	0	0	0	0	0	0	0	0	0	0	0	0	0	0
10000	1.55	0.001	0.01	1	1	0.6974	0.8	0.3	3.5	10	0.8	0.3	3.5	10	0.8	0.3	3.5	10	0.8	0.3	3.5	10	0	0.3	0.1125	1.3125	3.75	0.3	0.1125	1.3125	3.75	0.3	0.1125	1.3125	3.75	0.3	0.1125	1.3125	3.75	0	0	0	0	0	0	0	0	0	0	0	0	0	0	0	0	0	0
10000	3.3801	0.001	0.024063	1	1	0.67796	1.2579	0.30004	5.1556	15	1.2579	0.30004	5.1556	15	1.2579	0.30004	5.1556	15	1.2579	0.30004	5.1556	15	0	0.31448	0.075009	1.2889	3.7501	0.31448	0.075009	1.2889	3.7501	0.31448	0.075009	1.2889	3.7501	0.31448	0.075009	1.2889	3.7501	0	0	0	0	0	0	0	0	0	0	0	0	0	0	0	0	0	0
10000	5	0.0085621	0.03	1	1	0.71009	1.4105	0.6	5.4416	19.845	1.4105	0.6	5.4416	19.845	1.4105	0.6	5.4416	19.845	1.4105	0.6	5.4416	19.845	0	0.35263	0.15	1.3604	4.9611	0.35263	0.15	1.3604	4.9611	0.35263	0.15	1.3604	4.9611	0.35263	0.15	1.3604	4.9611	0	0	0	0	0	0	0	0	0	0	0	0	0	0	0	0	0	0
10000	1.0681	0.0052737	0.019989	1	1	0.49234	1.0015	0.55931	3.5255	20.781	1.0015	0.55931	3.5255	20.781	1.0015	0.55931	3.5255	20.781	1.0015	0.55931	3.5255	20.781	0	0.4047	0.22602	1.4247	8.3974	0.4047	0.22602	1.4247	8.3974	0.4047	0.22602	1.4247	8.3974	0.4047	0.22602	1.4247	8.3974	0	0	0	0	0	0	0	0	0	0	0	0	0	0	0	0	0	0
10000	0.97852	0.001	0.03	1	1	0.29643	1.0667	1.0772	3.1667	15	1.0667	1.0772	3.1667	15	1.0667	1.0772	3.1667	15	1.0667	1.0772	3.1667	15	0	0.53333	0.53859	1.5833	7.5	0.53333	0.53859	1.5833	7.5	0.53333	0.53859	1.5833	7.5	0.53333	0.53859	1.5833	7.5	0	0	0	0	0	0	0	0	0	0	0	0	0	0	0	0	0	0
10000	1.1378	0.0069697	0.051349	1	1	0.83661	0.55011	0.38322	2.8699	19.438	0.55011	0.38322	2.8699	19.438	0.55011	0.38322	2.8699	19.438	0.55011	0.38322	2.8699	19.438	0	0.31999	0.22292	1.6694	11.307	0.31999	0.22292	1.6694	11.307	0.31999	0.22292	1.6694	11.307	0.31999	0.22292	1.6694	11.307	0	0	0	0	0	0	0	0	0	0	0	0	0	0	0	0	0	0
10000	6.3971	0.001	0.01	1	1	0.69603	0.75	1.9375	3.7882	13	0.75	1.9375	3.7882	13	0.75	1.9375	3.7882	13	0.75	1.9375	3.7882	13	0	0.1875	0.48437	0.94705	3.25	0.1875	0.48437	0.94705	3.25	0.1875	0.48437	0.94705	3.25	0.1875	0.48437	0.94705	3.25	0	0	0	0	0	0	0	0	0	0	0	0	0	0	0	0	0	0
10000	1.0669	0.0059387	0.01	1	1	0.57244	0.64626	1.2172	3.4377	18	0.64626	1.2172	3.4377	18	0.64626	1.2172	3.4377	18	0.64626	1.2172	3.4377	18	0	0.41034	0.77284	2.1827	11.429	0.41034	0.77284	2.1827	11.429	0.41034	0.77284	2.1827	11.429	0.41034	0.77284	2.1827	11.429	0	0	0	0	0	0	0	0	0	0	0	0	0	0	0	0	0	0
10000	2.995	0.005108	0.019948	1	1	0.55553	1.5032	0.30107	3.5051	9.9858	1.5032	0.30107	3.5051	9.9858	1.5032	0.30107	3.5051	9.9858	1.5032	0.30107	3.5051	9.9858	0	0.56274	0.11271	1.3122	3.7382	0.56274	0.11271	1.3122	3.7382	0.56274	0.11271	1.3122	3.7382	0.56274	0.11271	1.3122	3.7382	0	0	0	0	0	0	0	0	0	0	0	0	0	0	0	0	0	0
10000	2.1126	0.001	0.020547	1	1	0.55262	1.577	0.55104	4.8799	15.549	1.577	0.55104	4.8799	15.549	1.577	0.55104	4.8799	15.549	1.577	0.55104	4.8799	15.549	0	0.50761	0.17738	1.5708	5.0052	0.50761	0.17738	1.5708	5.0052	0.50761	0.17738	1.5708	5.0052	0.50761	0.17738	1.5708	5.0052	0	0	0	0	0	0	0	0	0	0	0	0	0	0	0	0	0	0
10000	2.1856	0.0013147	0.01	1	1	0.73473	1.2592	0	2.5	11.152	1.2592	0	2.5	11.152	1.2592	0	2.5	11.152	1.2592	0	2.5	11.152	0	0.53221	0	1.0567	4.7136	0.53221	0	1.0567	4.7136	0.53221	0	1.0567	4.7136	0.53221	0	1.0567	4.7136	0	0	0	0	0	0	0	0	0	0	0	0	0	0	0	0	0	0
10000	3.9034	0.0035471	0.02	1	1	0.4	1.5	0.4	3.5	10	1.5	0.4	3.5	10	1.5	0.4	3.5	10	1.5	0.4	3.5	10	0	0.54536	0.14543	1.2725	3.6357	0.54536	0.14543	1.2725	3.6357	0.54536	0.14543	1.2725	3.6357	0.54536	0.14543	1.2725	3.6357	0	0	0	0	0	0	0	0	0	0	0	0	0	0	0	0	0	0
10000	1.6356	0.0019346	0.028669	1	1	0.39032	1.4224	-0.0014306	3.2534	14.772	1.4224	-0.0014306	3.2534	14.772	1.4224	-0.0014306	3.2534	14.772	1.4224	-0.0014306	3.2534	14.772	0	0.64449	-0.00064822	1.4741	6.6931	0.64449	-0.00064822	1.4741	6.6931	0.64449	-0.00064822	1.4741	6.6931	0.64449	-0.00064822	1.4741	6.6931	0	0	0	0	0	0	0	0	0	0	0	0	0	0	0	0	0	0
10000	3.0624	0.010984	0.03128	1	1	0.4124	1.0156	0.32079	3.3893	10.176	1.0156	0.32079	3.3893	10.176	1.0156	0.32079	3.3893	10.176	1.0156	0.32079	3.3893	10.176	0	0.52406	0.16553	1.7489	5.2508	0.52406	0.16553	1.7489	5.2508	0.52406	0.16553	1.7489	5.2508	0.52406	0.16553	1.7489	5.2508	0	0	0	0	0	0	0	0	0	0	0	0	0	0	0	0	0	0
10000	2.1665	0.0058333	0.03	1	1	0.87638	1	0.3	2.5	20	1	0.3	2.5	20	1	0.3	2.5	20	1	0.3	2.5	20	0	0.63583	0.19075	1.5896	12.717	0.63583	0.19075	1.5896	12.717	0.63583	0.19075	1.5896	12.717	0.63583	0.19075	1.5896	12.717	0	0	0	0	0	0	0	0	0	0	0	0	0	0	0	0	0	0
10000	7.002	0.0083198	0.020592	1	1	0.62151	0.83065	0.28101	2.4982	15.078	0.83065	0.28101	2.4982	15.078	0.83065	0.28101	2.4982	15.078	0.83065	0.28101	2.4982	15.078	0	0.46992	0.15898	1.4133	8.5302	0.46992	0.15898	1.4133	8.5302	0.46992	0.15898	1.4133	8.5302	0.46992	0.15898	1.4133	8.5302	0	0	0	0	0	0	0	0	0	0	0	0	0	0	0	0	0	0
10000	4.1032	0.0085	0.02	1	1	0.7572	1	0.56459	2.5	30	1	0.56459	2.5	30	1	0.56459	2.5	30	1	0.56459	2.5	30	0	0.5	0.28229	1.25	15	0.5	0.28229	1.25	15	0.5	0.28229	1.25	15	0.5	0.28229	1.25	15	0	0	0	0	0	0	0	0	0	0	0	0	0	0	0	0	0	0
10000	1.9294	0.0085219	0.021362	1	1	0.50327	0.99869	0.40141	3.5049	15.017	0.99869	0.40141	3.5049	15.017	0.99869	0.40141	3.5049	15.017	0.99869	0.40141	3.5049	15.017	0	0.5883	0.23646	2.0646	8.8464	0.5883	0.23646	2.0646	8.8464	0.5883	0.23646	2.0646	8.8464	0.5883	0.23646	2.0646	8.8464	0	0	0	0	0	0	0	0	0	0	0	0	0	0	0	0	0	0
10000	2.0349	0.001	0.036801	1	1	0.33121	1.4803	0.70489	3.3838	11.04	1.4803	0.70489	3.3838	11.04	1.4803	0.70489	3.3838	11.04	1.4803	0.70489	3.3838	11.04	0	0.48102	0.22906	1.0996	3.5876	0.48102	0.22906	1.0996	3.5876	0.48102	0.22906	1.0996	3.5876	0.48102	0.22906	1.0996	3.5876	0	0	0	0	0	0	0	0	0	0	0	0	0	0	0	0	0	0
10000	3.0106	0.0074305	0.033353	1	1	0.62375	1.0054	0.50407	3.4891	14.956	1.0054	0.50407	3.4891	14.956	1.0054	0.50407	3.4891	14.956	1.0054	0.50407	3.4891	14.956	0	0.80098	0.40157	2.7796	11.915	0.80098	0.40157	2.7796	11.915	0.80098	0.40157	2.7796	11.915	0.80098	0.40157	2.7796	11.915	0	0	0	0	0	0	0	0	0	0	0	0	0	0	0	0	0	0
10000	4.7278	0.0049033	0.02	1	1	0.65228	1	0.3	2.5	8.7744	1	0.3	2.5	8.7744	1	0.3	2.5	8.7744	1	0.3	2.5	8.7744	0	1.0357	0.31071	2.5893	9.0877	1.0357	0.31071	2.5893	9.0877	1.0357	0.31071	2.5893	9.0877	1.0357	0.31071	2.5893	9.0877	0	0	0	0	0	0	0	0	0	0	0	0	0	0	0	0	0	0
10000	3.6531	0.01	0.01	1	1	0.72026	1	0.5	2.8397	8.2383	1	0.5	2.8397	8.2383	1	0.5	2.8397	8.2383	1	0.5	2.8397	8.2383	0	1	0.5	2.8397	8.2383	1	0.5	2.8397	8.2383	1	0.5	2.8397	8.2383	1	0.5	2.8397	8.2383	0	0	0	0	0	0	0	0	0	0	0	0	0	0	0	0	0	0
10000	5	0.005	0.02062	1	1	0.47094	1	0.3	2.7848	9.0567	1	0.3	2.7848	9.0567	1	0.3	2.7848	9.0567	1	0.3	2.7848	9.0567	0	0.87251	0.26175	2.4298	7.9021	0.87251	0.26175	2.4298	7.9021	0.87251	0.26175	2.4298	7.9021	0.87251	0.26175	2.4298	7.9021	0	0	0	0	0	0	0	0	0	0	0	0	0	0	0	0	0	0
10000	2.4155	0.01	0.021434	1	1	0.37663	1.0237	0.55556	2.9952	16.667	1.0237	0.55556	2.9952	16.667	1.0237	0.55556	2.9952	16.667	1.0237	0.55556	2.9952	16.667	0	0.68636	0.37248	2.0082	11.174	0.68636	0.37248	2.0082	11.174	0.68636	0.37248	2.0082	11.174	0.68636	0.37248	2.0082	11.174	0	0	0	0	0	0	0	0	0	0	0	0	0	0	0	0	0	0
10000	3	0.001	0.02	1	1	0.077937	1	0.3	2.5	15	1	0.3	2.5	15	1	0.3	2.5	15	1	0.3	2.5	15	0	1.0556	0.31667	2.6389	15.833	1.0556	0.31667	2.6389	15.833	1.0556	0.31667	2.6389	15.833	1.0556	0.31667	2.6389	15.833	0	0	0	0	0	0	0	0	0	0	0	0	0	0	0	0	0	0
10000	2.9989	0.0070414	0.01	1	1	0.42421	1.0006	0.30036	2.499	15.005	1.0006	0.30036	2.499	15.005	1.0006	0.30036	2.499	15.005	1.0006	0.30036	2.499	15.005	0	1.0001	0.30021	2.4977	14.997	1.0001	0.30021	2.4977	14.997	1.0001	0.30021	2.4977	14.997	1.0001	0.30021	2.4977	14.997	0	0	0	0	0	0	0	0	0	0	0	0	0	0	0	0	0	0
10000	3	0.005	0.02	1	1	0.4	1	0.3	2.5	20	1	0.3	2.5	20	1	0.3	2.5	20	1	0.3	2.5	20	0	1	0.3	2.5	20	1	0.3	2.5	20	1	0.3	2.5	20	1	0.3	2.5	20	0	0	0	0	0	0	0	0	0	0	0	0	0	0	0	0	0	0
10000	3	0.0069689	0.01	1	1	0.4	1	0.3	2.5	20	1	0.3	2.5	20	1	0.3	2.5	20	1	0.3	2.5	20	0	0.91455	0.27437	2.2864	18.291	0.91455	0.27437	2.2864	18.291	0.91455	0.27437	2.2864	18.291	0.91455	0.27437	2.2864	18.291	0	0	0	0	0	0	0	0	0	0	0	0	0	0	0	0	0	0
10000	2.8078	0.011407	0.020243	1	1	0.70119	1.0122	-0.26051	2.5213	26.539	1.0122	-0.26051	2.5213	26.539	1.0122	-0.26051	2.5213	26.539	1.0122	-0.26051	2.5213	26.539	0	0.25304	-0.065127	0.63033	6.6348	0.25304	-0.065127	0.63033	6.6348	0.25304	-0.065127	0.63033	6.6348	0.25304	-0.065127	0.63033	6.6348	0	0	0	0	0	0	0	0	0	0	0	0	0	0	0	0	0	0
10000	7.2282	0.001	0.035	1	1	0.42916	0.91469	0.33333	2.5	15	0.91469	0.33333	2.5	15	0.91469	0.33333	2.5	15	0.91469	0.33333	2.5	15	0	0.43519	0.15859	1.1895	7.1367	0.43519	0.15859	1.1895	7.1367	0.43519	0.15859	1.1895	7.1367	0.43519	0.15859	1.1895	7.1367	0	0	0	0	0	0	0	0	0	0	0	0	0	0	0	0	0	0
10000	2.5696	0.0049991	0.020002	1	1	0.7999	0.99988	0.29993	2.5	15.001	0.99988	0.29993	2.5	15.001	0.99988	0.29993	2.5	15.001	0.99988	0.29993	2.5	15.001	0	0.24997	0.074981	0.62499	3.7502	0.24997	0.074981	0.62499	3.7502	0.24997	0.074981	0.62499	3.7502	0.24997	0.074981	0.62499	3.7502	0	0	0	0	0	0	0	0	0	0	0	0	0	0	0	0	0	0
10000	8.0495	0.0017551	0.029753	1	1	0.93513	1.0483	0.13333	2.5	10.132	1.0483	0.13333	2.5	10.132	1.0483	0.13333	2.5	10.132	1.0483	0.13333	2.5	10.132	0	0.26207	0.033333	0.625	2.5331	0.26207	0.033333	0.625	2.5331	0.26207	0.033333	0.625	2.5331	0.26207	0.033333	0.625	2.5331	0	0	0	0	0	0	0	0	0	0	0	0	0	0	0	0	0	0
10000	3.0008	0.0097127	0.01	1	1	1.067	1.0002	0.30014	2.4992	15.527	1.0002	0.30014	2.4992	15.527	1.0002	0.30014	2.4992	15.527	1.0002	0.30014	2.4992	15.527	0	0.25005	0.075035	0.62481	3.8818	0.25005	0.075035	0.62481	3.8818	0.25005	0.075035	0.62481	3.8818	0.25005	0.075035	0.62481	3.8818	0	0	0	0	0	0	0	0	0	0	0	0	0	0	0	0	0	0
10000	1.4896	0.0065572	0.01	1	1	0.5685	0.8	0.51664	2.5	15	0.8	0.51664	2.5	15	0.8	0.51664	2.5	15	0.8	0.51664	2.5	15	0	0.33333	0.21527	1.0417	6.25	0.33333	0.21527	1.0417	6.25	0.33333	0.21527	1.0417	6.25	0.33333	0.21527	1.0417	6.25	0	0	0	0	0	0	0	0	0	0	0	0	0	0	0	0	0	0
10000	4.0379	0.0044436	0.010833	1	1	0.63992	0.87224	0.82909	2.5156	7.7508	0.87224	0.82909	2.5156	7.7508	0.87224	0.82909	2.5156	7.7508	0.87224	0.82909	2.5156	7.7508	0	0.86832	0.82536	2.5043	7.716	0.86832	0.82536	2.5043	7.716	0.86832	0.82536	2.5043	7.716	0.86832	0.82536	2.5043	7.716	0	0	0	0	0	0	0	0	0	0	0	0	0	0	0	0	0	0
10000	0.58176	0.0099251	0.010833	1	1	0.74109	1.0185	0.68056	2.7318	14.852	1.0185	0.68056	2.7318	14.852	1.0185	0.68056	2.7318	14.852	1.0185	0.68056	2.7318	14.852	0	0.45292	0.30263	1.2148	6.6043	0.45292	0.30263	1.2148	6.6043	0.45292	0.30263	1.2148	6.6043	0.45292	0.30263	1.2148	6.6043	0	0	0	0	0	0	0	0	0	0	0	0	0	0	0	0	0	0
10000	0.1	0.0052446	0.019727	1	1	0.76341	0.94082	0.4476	2.3964	29.527	0.94082	0.4476	2.3964	29.527	0.94082	0.4476	2.3964	29.527	0.94082	0.4476	2.3964	29.527	0	0.41364	0.19679	1.0536	12.982	0.41364	0.19679	1.0536	12.982	0.41364	0.19679	1.0536	12.982	0.41364	0.19679	1.0536	12.982	0	0	0	0	0	0	0	0	0	0	0	0	0	0	0	0	0	0
10000	0.1	0.001	0.04	1	1	0.62679	1	0.3	2.5	15	1	0.3	2.5	15	1	0.3	2.5	15	1	0.3	2.5	15	0	0.5	0.15	1.25	7.5	0.5	0.15	1.25	7.5	0.5	0.15	1.25	7.5	0.5	0.15	1.25	7.5	0	0	0	0	0	0	0	0	0	0	0	0	0	0	0	0	0	0
10000	10	0.001	0.03	1	1	0.49621	1	0.3	1.4487	12.31	1	0.3	1.4487	12.31	1	0.3	1.4487	12.31	1	0.3	1.4487	12.31	0	0.44886	0.13466	0.65028	5.5254	0.44886	0.13466	0.65028	5.5254	0.44886	0.13466	0.65028	5.5254	0.44886	0.13466	0.65028	5.5254	0	0	0	0	0	0	0	0	0	0	0	0	0	0	0	0	0	0
10000	4.3842	0.01	0.02	1	1	0.68064	0.83719	1	2.5	15	0.83719	1	2.5	15	0.83719	1	2.5	15	0.83719	1	2.5	15	0	0.56027	0.66922	1.673	10.038	0.56027	0.66922	1.673	10.038	0.56027	0.66922	1.673	10.038	0.56027	0.66922	1.673	10.038	0	0	0	0	0	0	0	0	0	0	0	0	0	0	0	0	0	0
10000	7.4588	0.001	0.034963	1	1	0.41915	1.4751	0.7904	3.8092	9.0149	1.4751	0.7904	3.8092	9.0149	1.4751	0.7904	3.8092	9.0149	1.4751	0.7904	3.8092	9.0149	0	0.43194	0.23145	1.1154	2.6398	0.43194	0.23145	1.1154	2.6398	0.43194	0.23145	1.1154	2.6398	0.43194	0.23145	1.1154	2.6398	0	0	0	0	0	0	0	0	0	0	0	0	0	0	0	0	0	0
10000	2.9961	0.0050006	0.023091	1	1	0.7971	0.99677	0.5979	2.5042	14.974	0.99677	0.5979	2.5042	14.974	0.99677	0.5979	2.5042	14.974	0.99677	0.5979	2.5042	14.974	0	0.36228	0.21731	0.91017	5.4425	0.36228	0.21731	0.91017	5.4425	0.36228	0.21731	0.91017	5.4425	0.36228	0.21731	0.91017	5.4425	0	0	0	0	0	0	0	0	0	0	0	0	0	0	0	0	0	0
10000	5.5809	0.0052778	0.02	1	1	0.8	0.8	0.4	1.8333	15	0.8	0.4	1.8333	15	0.8	0.4	1.8333	15	0.8	0.4	1.8333	15	0	0.73806	0.36903	1.6914	13.839	0.73806	0.36903	1.6914	13.839	0.73806	0.36903	1.6914	13.839	0.73806	0.36903	1.6914	13.839	0	0	0	0	0	0	0	0	0	0	0	0	0	0	0	0	0	0
10000	4.6522	0.010759	0.03	1	1	0.73718	0.98261	0.62223	2.4653	7.5759	0.98261	0.62223	2.4653	7.5759	0.98261	0.62223	2.4653	7.5759	0.98261	0.62223	2.4653	7.5759	0	0.67116	0.425	1.6839	5.1746	0.67116	0.425	1.6839	5.1746	0.67116	0.425	1.6839	5.1746	0.67116	0.425	1.6839	5.1746	0	0	0	0	0	0	0	0	0	0	0	0	0	0	0	0	0	0
10000	6.8661	0.0051357	0.02003	1	1	0.81397	0.76949	0.32203	1.5424	14.729	0.76949	0.32203	1.5424	14.729	0.76949	0.32203	1.5424	14.729	0.76949	0.32203	1.5424	14.729	0	0.61618	0.25787	1.2351	11.794	0.61618	0.25787	1.2351	11.794	0.61618	0.25787	1.2351	11.794	0.61618	0.25787	1.2351	11.794	0	0	0	0	0	0	0	0	0	0	0	0	0	0	0	0	0	0
10000	4.2609	0.005513	0.015466	1	1	0.57446	1.2507	0.38932	2.5079	13.087	1.2507	0.38932	2.5079	13.087	1.2507	0.38932	2.5079	13.087	1.2507	0.38932	2.5079	13.087	0	0.31269	0.097331	0.62697	3.2718	0.31269	0.097331	0.62697	3.2718	0.31269	0.097331	0.62697	3.2718	0.31269	0.097331	0.62697	3.2718	0	0	0	0	0	0	0	0	0	0	0	0	0	0	0	0	0	0
10000	8.716	0.0041835	0.018949	1	1	0.82712	0.9544	0.59908	1.8725	15.083	0.9544	0.59908	1.8725	15.083	0.9544	0.59908	1.8725	15.083	0.9544	0.59908	1.8725	15.083	0	0.80082	0.50267	1.5712	12.656	0.80082	0.50267	1.5712	12.656	0.80082	0.50267	1.5712	12.656	0.80082	0.50267	1.5712	12.656	0	0	0	0	0	0	0	0	0	0	0	0	0	0	0	0	0	0
10000	9.9999	0.005	0.023333	1	1	0.8	1.0382	0.6	2.3164	30	1.0382	0.6	2.3164	30	1.0382	0.6	2.3164	30	1.0382	0.6	2.3164	30	0	0.25955	0.15	0.5791	7.5	0.25955	0.15	0.5791	7.5	0.25955	0.15	0.5791	7.5	0.25955	0.15	0.5791	7.5	0	0	0	0	0	0	0	0	0	0	0	0	0	0	0	0	0	0
10000	0.1	0.013249	0.017311	1	1	1.1266	1.1805	0.11431	2.8308	16.508	1.1805	0.11431	2.8308	16.508	1.1805	0.11431	2.8308	16.508	1.1805	0.11431	2.8308	16.508	0	0.48289	0.04676	1.1579	6.7524	0.48289	0.04676	1.1579	6.7524	0.48289	0.04676	1.1579	6.7524	0.48289	0.04676	1.1579	6.7524	0	0	0	0	0	0	0	0	0	0	0	0	0	0	0	0	0	0
10000	5.467	0.0056195	0.02	1	1	1.0874	2	0.3	2.5	15	2	0.3	2.5	15	2	0.3	2.5	15	2	0.3	2.5	15	0	0.5	0.075	0.625	3.75	0.5	0.075	0.625	3.75	0.5	0.075	0.625	3.75	0.5	0.075	0.625	3.75	0	0	0	0	0	0	0	0	0	0	0	0	0	0	0	0	0	0
10000	7.1422	0.0050037	0.01	1	1	1.1626	1.5993	0.10348	4.9987	20.008	1.5993	0.10348	4.9987	20.008	1.5993	0.10348	4.9987	20.008	1.5993	0.10348	4.9987	20.008	0	0.39983	0.025869	1.2497	5.0019	0.39983	0.025869	1.2497	5.0019	0.39983	0.025869	1.2497	5.0019	0.39983	0.025869	1.2497	5.0019	0	0	0	0	0	0	0	0	0	0	0	0	0	0	0	0	0	0
10000	1.1435	0.0069986	0.035538	1	1	1.5276	1.15	0.25	4.0071	15.641	1.15	0.25	4.0071	15.641	1.15	0.25	4.0071	15.641	1.15	0.25	4.0071	15.641	0	0.2875	0.0625	1.0018	3.9104	0.2875	0.0625	1.0018	3.9104	0.2875	0.0625	1.0018	3.9104	0.2875	0.0625	1.0018	3.9104	0	0	0	0	0	0	0	0	0	0	0	0	0	0	0	0	0	0
10000	1.1786	0.0069741	0.021413	1	1	1.244	1.244	0.011344	2.9271	16.982	1.244	0.011344	2.9271	16.982	1.244	0.011344	2.9271	16.982	1.244	0.011344	2.9271	16.982	0	0.54047	0.0049283	1.2717	7.3777	0.54047	0.0049283	1.2717	7.3777	0.54047	0.0049283	1.2717	7.3777	0.54047	0.0049283	1.2717	7.3777	0	0	0	0	0	0	0	0	0	0	0	0	0	0	0	0	0	0
10000	5	0.01	0.06	1	1	0.22218	1	1	3.6288	15	1	1	3.6288	15	1	1	3.6288	15	1	1	3.6288	15	0	0.53199	0.53199	1.9305	7.9798	0.53199	0.53199	1.9305	7.9798	0.53199	0.53199	1.9305	7.9798	0.53199	0.53199	1.9305	7.9798	0	0	0	0	0	0	0	0	0	0	0	0	0	0	0	0	0	0
10000	10	0.001	0.012499	1	1	0.33464	1.0179	0.47808	2.966	16.364	1.0179	0.47808	2.966	16.364	1.0179	0.47808	2.966	16.364	1.0179	0.47808	2.966	16.364	0	0.41297	0.19396	1.2033	6.639	0.41297	0.19396	1.2033	6.639	0.41297	0.19396	1.2033	6.639	0.41297	0.19396	1.2033	6.639	0	0	0	0	0	0	0	0	0	0	0	0	0	0	0	0	0	0
10000	2.025	0.001	0.03	1	1	0.049995	1.5	0.074996	4.625	25.25	1.5	0.074996	4.625	25.25	1.5	0.074996	4.625	25.25	1.5	0.074996	4.625	25.25	0	0.63955	0.031976	1.9719	10.766	0.63955	0.031976	1.9719	10.766	0.63955	0.031976	1.9719	10.766	0.63955	0.031976	1.9719	10.766	0	0	0	0	0	0	0	0	0	0	0	0	0	0	0	0	0	0
10000	6.7347	0.0051021	0.022877	1	1	0.30622	0.76955	0.35832	2.7833	13.774	0.76955	0.35832	2.7833	13.774	0.76955	0.35832	2.7833	13.774	0.76955	0.35832	2.7833	13.774	0	0.34649	0.16133	1.2532	6.2017	0.34649	0.16133	1.2532	6.2017	0.34649	0.16133	1.2532	6.2017	0.34649	0.16133	1.2532	6.2017	0	0	0	0	0	0	0	0	0	0	0	0	0	0	0	0	0	0
10000	1.4943	0.0084321	0.018889	1	1	0.4	0.88889	0.4	2.5884	13.333	0.88889	0.4	2.5884	13.333	0.88889	0.4	2.5884	13.333	0.88889	0.4	2.5884	13.333	0	0.44444	0.2	1.2942	6.6667	0.44444	0.2	1.2942	6.6667	0.44444	0.2	1.2942	6.6667	0.44444	0.2	1.2942	6.6667	0	0	0	0	0	0	0	0	0	0	0	0	0	0	0	0	0	0
10000	1.2782	0.01	0.032937	1	1	0.4	0.8	1	3.6723	15	0.8	1	3.6723	15	0.8	1	3.6723	15	0.8	1	3.6723	15	0	0.40978	0.51222	1.881	7.6834	0.40978	0.51222	1.881	7.6834	0.40978	0.51222	1.881	7.6834	0.40978	0.51222	1.881	7.6834	0	0	0	0	0	0	0	0	0	0	0	0	0	0	0	0	0	0
10000	9.9999	0.0065292	0.017813	1	1	0.38506	0.72164	1.1205	3.917	15.809	0.72164	1.1205	3.917	15.809	0.72164	1.1205	3.917	15.809	0.72164	1.1205	3.917	15.809	0	0.3308	0.51365	1.7956	7.2467	0.3308	0.51365	1.7956	7.2467	0.3308	0.51365	1.7956	7.2467	0.3308	0.51365	1.7956	7.2467	0	0	0	0	0	0	0	0	0	0	0	0	0	0	0	0	0	0
10000	4.3077	0.0031226	0.10789	1	1	0.33851	0.58879	0.67601	2.9107	16.877	0.58879	0.67601	2.9107	16.877	0.58879	0.67601	2.9107	16.877	0.58879	0.67601	2.9107	16.877	0	0.36348	0.41732	1.7969	10.419	0.36348	0.41732	1.7969	10.419	0.36348	0.41732	1.7969	10.419	0.36348	0.41732	1.7969	10.419	0	0	0	0	0	0	0	0	0	0	0	0	0	0	0	0	0	0
10000	3	0.0052251	0.02	1	1	0.4	0.62163	0.6	2.696	30	0.62163	0.6	2.696	30	0.62163	0.6	2.696	30	0.62163	0.6	2.696	30	0	0.31082	0.3	1.348	15	0.31082	0.3	1.348	15	0.31082	0.3	1.348	15	0.31082	0.3	1.348	15	0	0	0	0	0	0	0	0	0	0	0	0	0	0	0	0	0	0
10000	1.5334	0.001	0.01	1	1	0.53333	0.8	1	2.5	10	0.8	1	2.5	10	0.8	1	2.5	10	0.8	1	2.5	10	0	0.3	0.375	0.9375	3.75	0.3	0.375	0.9375	3.75	0.3	0.375	0.9375	3.75	0.3	0.375	0.9375	3.75	0	0	0	0	0	0	0	0	0	0	0	0	0	0	0	0	0	0
10000	9.1422	0.0024134	0.01	1	1	0.71943	0.76574	0.50647	3.7014	-1.3642	0.76574	0.50647	3.7014	-1.3642	0.76574	0.50647	3.7014	-1.3642	0.76574	0.50647	3.7014	-1.3642	0	0.27652	0.18289	1.3366	-0.49264	0.27652	0.18289	1.3366	-0.49264	0.27652	0.18289	1.3366	-0.49264	0.27652	0.18289	1.3366	-0.49264	0	0	0	0	0	0	0	0	0	0	0	0	0	0	0	0	0	0
10000	5.1419	0.001	0.01	1	1	0.4	0.8	0.5	5	15	0.8	0.5	5	15	0.8	0.5	5	15	0.8	0.5	5	15	0	0.2	0.125	1.25	3.75	0.2	0.125	1.25	3.75	0.2	0.125	1.25	3.75	0.2	0.125	1.25	3.75	0	0	0	0	0	0	0	0	0	0	0	0	0	0	0	0	0	0
10000	2.5566	0.0037137	0.016742	1	1	0.53333	0.90406	0.6	4.3984	12.778	0.90406	0.6	4.3984	12.778	0.90406	0.6	4.3984	12.778	0.90406	0.6	4.3984	12.778	0	0.41436	0.275	2.0159	5.8565	0.41436	0.275	2.0159	5.8565	0.41436	0.275	2.0159	5.8565	0.41436	0.275	2.0159	5.8565	0	0	0	0	0	0	0	0	0	0	0	0	0	0	0	0	0	0
10000	7.1614	0.001	0.032713	1	1	0.60113	0.39484	0.89262	4.6544	24.727	0.39484	0.89262	4.6544	24.727	0.39484	0.89262	4.6544	24.727	0.39484	0.89262	4.6544	24.727	0	0.11923	0.26954	1.4055	7.4667	0.11923	0.26954	1.4055	7.4667	0.11923	0.26954	1.4055	7.4667	0.11923	0.26954	1.4055	7.4667	0	0	0	0	0	0	0	0	0	0	0	0	0	0	0	0	0	0
10000	4.6975	0.001	0.028758	1	1	0.44074	1.3014	1.1431	3.8203	22.481	1.3014	1.1431	3.8203	22.481	1.3014	1.1431	3.8203	22.481	1.3014	1.1431	3.8203	22.481	0	0.32535	0.28577	0.95508	5.6201	0.32535	0.28577	0.95508	5.6201	0.32535	0.28577	0.95508	5.6201	0.32535	0.28577	0.95508	5.6201	0	0	0	0	0	0	0	0	0	0	0	0	0	0	0	0	0	0
10000	3.2062	0.0066689	0.034955	1	1	0.53813	0.80267	0.648	3.1394	22.072	0.80267	0.648	3.1394	22.072	0.80267	0.648	3.1394	22.072	0.80267	0.648	3.1394	22.072	0	0.32214	0.26006	1.26	8.8582	0.32214	0.26006	1.26	8.8582	0.32214	0.26006	1.26	8.8582	0.32214	0.26006	1.26	8.8582	0	0	0	0	0	0	0	0	0	0	0	0	0	0	0	0	0	0
10000	1.306	0.0098459	0.01	1	1	0.79331	0.80812	0.49408	3.4801	58.724	0.80812	0.49408	3.4801	58.724	0.80812	0.49408	3.4801	58.724	0.80812	0.49408	3.4801	58.724	0	0.4167	0.25477	1.7945	30.28	0.4167	0.25477	1.7945	30.28	0.4167	0.25477	1.7945	30.28	0.4167	0.25477	1.7945	30.28	0	0	0	0	0	0	0	0	0	0	0	0	0	0	0	0	0	0
10000	8.7776	0.003	0.021765	1	1	0.60892	0.585	0.8556	3.5	14.138	0.585	0.8556	3.5	14.138	0.585	0.8556	3.5	14.138	0.585	0.8556	3.5	14.138	0	0.2925	0.4278	1.75	7.069	0.2925	0.4278	1.75	7.069	0.2925	0.4278	1.75	7.069	0.2925	0.4278	1.75	7.069	0	0	0	0	0	0	0	0	0	0	0	0	0	0	0	0	0	0
10000	3.2516	0.001	0.028439	1	1	0.61181	0.89222	0.62536	3.7309	15.312	0.89222	0.62536	3.7309	15.312	0.89222	0.62536	3.7309	15.312	0.89222	0.62536	3.7309	15.312	0	0.22305	0.15634	0.93271	3.828	0.22305	0.15634	0.93271	3.828	0.22305	0.15634	0.93271	3.828	0.22305	0.15634	0.93271	3.828	0	0	0	0	0	0	0	0	0	0	0	0	0	0	0	0	0	0
10000	6.255	0.0056561	0.026684	1	1	0.49834	0.5158	0.6	3.8571	16.788	0.5158	0.6	3.8571	16.788	0.5158	0.6	3.8571	16.788	0.5158	0.6	3.8571	16.788	0	0.26404	0.30714	1.9745	8.594	0.26404	0.30714	1.9745	8.594	0.26404	0.30714	1.9745	8.594	0.26404	0.30714	1.9745	8.594	0	0	0	0	0	0	0	0	0	0	0	0	0	0	0	0	0	0
10000	5.4004	0.001	0.04	1	1	0.36813	0.8	0.66667	3.5	10	0.8	0.66667	3.5	10	0.8	0.66667	3.5	10	0.8	0.66667	3.5	10	0	0.54555	0.45463	2.3868	6.8194	0.54555	0.45463	2.3868	6.8194	0.54555	0.45463	2.3868	6.8194	0.54555	0.45463	2.3868	6.8194	0	0	0	0	0	0	0	0	0	0	0	0	0	0	0	0	0	0
10000	2.5167	0.001	0.01	1	1	0.2753	0.8	0.6	2.6968	15	0.8	0.6	2.6968	15	0.8	0.6	2.6968	15	0.8	0.6	2.6968	15	0	0.68147	0.5111	2.2972	12.778	0.68147	0.5111	2.2972	12.778	0.68147	0.5111	2.2972	12.778	0.68147	0.5111	2.2972	12.778	0	0	0	0	0	0	0	0	0	0	0	0	0	0	0	0	0	0
10000	2.0575	0.0044173	0.010833	1	1	0.43799	0.86936	0.5	3.3333	15	0.86936	0.5	3.3333	15	0.86936	0.5	3.3333	15	0.86936	0.5	3.3333	15	0	0.4959	0.28521	1.9014	8.5564	0.4959	0.28521	1.9014	8.5564	0.4959	0.28521	1.9014	8.5564	0.4959	0.28521	1.9014	8.5564	0	0	0	0	0	0	0	0	0	0	0	0	0	0	0	0	0	0
10000	8.5847	0.001	0.015	1	1	0.4	0.8	0.3	3.2378	15	0.8	0.3	3.2378	15	0.8	0.3	3.2378	15	0.8	0.3	3.2378	15	0	0.42988	0.16121	1.7399	8.0604	0.42988	0.16121	1.7399	8.0604	0.42988	0.16121	1.7399	8.0604	0.42988	0.16121	1.7399	8.0604	0	0	0	0	0	0	0	0	0	0	0	0	0	0	0	0	0	0
10000	2.1993	0.001	0.056473	1	1	0.40849	0.78909	0.65117	3.5273	20.097	0.78909	0.65117	3.5273	20.097	0.78909	0.65117	3.5273	20.097	0.78909	0.65117	3.5273	20.097	0	0.78073	0.64426	3.4899	19.884	0.78073	0.64426	3.4899	19.884	0.78073	0.64426	3.4899	19.884	0.78073	0.64426	3.4899	19.884	0	0	0	0	0	0	0	0	0	0	0	0	0	0	0	0	0	0
10000	2.7598	0.0035571	0.04	1	1	1.1764	0.70058	-0.13162	2.5	15	0.70058	-0.13162	2.5	15	0.70058	-0.13162	2.5	15	0.70058	-0.13162	2.5	15	0	0.52544	-0.098711	1.875	11.25	0.52544	-0.098711	1.875	11.25	0.52544	-0.098711	1.875	11.25	0.52544	-0.098711	1.875	11.25	0	0	0	0	0	0	0	0	0	0	0	0	0	0	0	0	0	0
10000	3	0.001	0.02	1	1	1.2164	0.9973	0.4	5	15	0.9973	0.4	5	15	0.9973	0.4	5	15	0.9973	0.4	5	15	0	0.24933	0.1	1.25	3.75	0.24933	0.1	1.25	3.75	0.24933	0.1	1.25	3.75	0.24933	0.1	1.25	3.75	0	0	0	0	0	0	0	0	0	0	0	0	0	0	0	0	0	0
10000	0.91071	0.0036401	0.01792	1	1	1.0119	0.82823	0.2915	4.9006	14.168	0.82823	0.2915	4.9006	14.168	0.82823	0.2915	4.9006	14.168	0.82823	0.2915	4.9006	14.168	0	0.40651	0.14307	2.4053	6.954	0.40651	0.14307	2.4053	6.954	0.40651	0.14307	2.4053	6.954	0.40651	0.14307	2.4053	6.954	0	0	0	0	0	0	0	0	0	0	0	0	0	0	0	0	0	0
10000	1.55	0.007	0.022193	1	1	1.0458	0.8	2.0185e-06	5	138.33	0.8	2.0185e-06	5	138.33	0.8	2.0185e-06	5	138.33	0.8	2.0185e-06	5	138.33	0	0.31988	8.071e-07	1.9993	55.313	0.31988	8.071e-07	1.9993	55.313	0.31988	8.071e-07	1.9993	55.313	0.31988	8.071e-07	1.9993	55.313	0	0	0	0	0	0	0	0	0	0	0	0	0	0	0	0	0	0
10000	2.5167	0.001	0.01	1	1	1.3583	0.96174	0.3	2.5	15	0.96174	0.3	2.5	15	0.96174	0.3	2.5	15	0.96174	0.3	2.5	15	0	0.24043	0.075	0.625	3.75	0.24043	0.075	0.625	3.75	0.24043	0.075	0.625	3.75	0.24043	0.075	0.625	3.75	0	0	0	0	0	0	0	0	0	0	0	0	0	0	0	0	0	0
10000	0.27442	0.0065403	0.020477	1	1	1.1233	0.83448	0.32491	3.7349	9.7893	0.83448	0.32491	3.7349	9.7893	0.83448	0.32491	3.7349	9.7893	0.83448	0.32491	3.7349	9.7893	0	0.39873	0.15525	1.7846	4.6775	0.39873	0.15525	1.7846	4.6775	0.39873	0.15525	1.7846	4.6775	0.39873	0.15525	1.7846	4.6775	0	0	0	0	0	0	0	0	0	0	0	0	0	0	0	0	0	0
10000	2.1374	0.001	0.031622	1	1	1.3128	0.91309	-0.083461	2.4883	8.4246	0.91309	-0.083461	2.4883	8.4246	0.91309	-0.083461	2.4883	8.4246	0.91309	-0.083461	2.4883	8.4246	0	0.22827	-0.020865	0.62208	2.1062	0.22827	-0.020865	0.62208	2.1062	0.22827	-0.020865	0.62208	2.1062	0.22827	-0.020865	0.62208	2.1062	0	0	0	0	0	0	0	0	0	0	0	0	0	0	0	0	0	0
10000	0.1	0.0049858	0.035532	1	1	1.2503	0.79243	0.22949	4.9984	15.085	0.79243	0.22949	4.9984	15.085	0.79243	0.22949	4.9984	15.085	0.79243	0.22949	4.9984	15.085	0	0.39609	0.11471	2.4984	7.5402	0.39609	0.11471	2.4984	7.5402	0.39609	0.11471	2.4984	7.5402	0.39609	0.11471	2.4984	7.5402	0	0	0	0	0	0	0	0	0	0	0	0	0	0	0	0	0	0
10000	2.4055	0.001	0.06	1	1	1.6	1	0.26177	5	20	1	0.26177	5	20	1	0.26177	5	20	1	0.26177	5	20	0	0.25	0.065443	1.25	5	0.25	0.065443	1.25	5	0.25	0.065443	1.25	5	0.25	0.065443	1.25	5	0	0	0	0	0	0	0	0	0	0	0	0	0	0	0	0	0	0
10000	0.1	0.0045381	0.027691	1	1	1.0577	0.88029	0.028867	5.101	10.318	0.88029	0.028867	5.101	10.318	0.88029	0.028867	5.101	10.318	0.88029	0.028867	5.101	10.318	0	0.41473	0.0136	2.4032	4.8609	0.41473	0.0136	2.4032	4.8609	0.41473	0.0136	2.4032	4.8609	0.41473	0.0136	2.4032	4.8609	0	0	0	0	0	0	0	0	0	0	0	0	0	0	0	0	0	0
10000	0.53784	0.0039799	0.020022	1	1	0.99889	0.79046	0.29927	3.3314	15.009	0.79046	0.29927	3.3314	15.009	0.79046	0.29927	3.3314	15.009	0.79046	0.29927	3.3314	15.009	0	0.40333	0.1527	1.6998	7.6582	0.40333	0.1527	1.6998	7.6582	0.40333	0.1527	1.6998	7.6582	0.40333	0.1527	1.6998	7.6582	0	0	0	0	0	0	0	0	0	0	0	0	0	0	0	0	0	0
10000	3.4871	0.004129	0.046696	1	1	1.0374	0.87784	0.12499	2.5472	10.52	0.87784	0.12499	2.5472	10.52	0.87784	0.12499	2.5472	10.52	0.87784	0.12499	2.5472	10.52	0	0.21946	0.031248	0.63681	2.63	0.21946	0.031248	0.63681	2.63	0.21946	0.031248	0.63681	2.63	0.21946	0.031248	0.63681	2.63	0	0	0	0	0	0	0	0	0	0	0	0	0	0	0	0	0	0
10000	2.0432	0.0075	0.01	1	1	1.1523	1	0.3	3.3333	15	1	0.3	3.3333	15	1	0.3	3.3333	15	1	0.3	3.3333	15	0	0.25	0.075	0.83333	3.75	0.25	0.075	0.83333	3.75	0.25	0.075	0.83333	3.75	0.25	0.075	0.83333	3.75	0	0	0	0	0	0	0	0	0	0	0	0	0	0	0	0	0	0
10000	0.1	0.11391	0.02	1	1	1	0.88798	0.28169	4	16.667	0.88798	0.28169	4	16.667	0.88798	0.28169	4	16.667	0.88798	0.28169	4	16.667	0	0.44687	0.14176	2.013	8.3873	0.44687	0.14176	2.013	8.3873	0.44687	0.14176	2.013	8.3873	0.44687	0.14176	2.013	8.3873	0	0	0	0	0	0	0	0	0	0	0	0	0	0	0	0	0	0
10000	0.1	0.005031	0.020077	1	1	0.80348	0.99613	0.30252	5.0068	14.969	0.99613	0.30252	5.0068	14.969	0.99613	0.30252	5.0068	14.969	0.99613	0.30252	5.0068	14.969	0	0.49999	0.15184	2.5131	7.5135	0.49999	0.15184	2.5131	7.5135	0.49999	0.15184	2.5131	7.5135	0.49999	0.15184	2.5131	7.5135	0	0	0	0	0	0	0	0	0	0	0	0	0	0	0	0	0	0
10000	1.6042	0.001	0.019444	1	1	1.2297	0.67933	0.42577	3.0376	10.153	0.67933	0.42577	3.0376	10.153	0.67933	0.42577	3.0376	10.153	0.67933	0.42577	3.0376	10.153	0	0.29678	0.18601	1.327	4.4354	0.29678	0.18601	1.327	4.4354	0.29678	0.18601	1.327	4.4354	0.29678	0.18601	1.327	4.4354	0	0	0	0	0	0	0	0	0	0	0	0	0	0	0	0	0	0
10000	2.7597	0.0047831	0.01	1	1	1.5885	1.1656	0.31858	3.4743	11.022	1.1656	0.31858	3.4743	11.022	1.1656	0.31858	3.4743	11.022	1.1656	0.31858	3.4743	11.022	0	0.37288	0.10191	1.1115	3.526	0.37288	0.10191	1.1115	3.526	0.37288	0.10191	1.1115	3.526	0.37288	0.10191	1.1115	3.526	0	0	0	0	0	0	0	0	0	0	0	0	0	0	0	0	0	0
10000	0.59576	0.005	0.025241	1	1	0.98034	0.81702	0.26273	3.5	10	0.81702	0.26273	3.5	10	0.81702	0.26273	3.5	10	0.81702	0.26273	3.5	10	0	0.40851	0.13137	1.75	5	0.40851	0.13137	1.75	5	0.40851	0.13137	1.75	5	0.40851	0.13137	1.75	5	0	0	0	0	0	0	0	0	0	0	0	0	0	0	0	0	0	0
10000	0.52984	0.0052363	0.01	1	1	1.1646	0.83201	0.49636	3.2988	20.039	0.83201	0.49636	3.2988	20.039	0.83201	0.49636	3.2988	20.039	0.83201	0.49636	3.2988	20.039	0	0.41533	0.24778	1.6467	10.003	0.41533	0.24778	1.6467	10.003	0.41533	0.24778	1.6467	10.003	0.41533	0.24778	1.6467	10.003	0	0	0	0	0	0	0	0	0	0	0	0	0	0	0	0	0	0
10000	1.3253	0.01	0.03	1	1	1.4997	0.73488	0	2.5	15	0.73488	0	2.5	15	0.73488	0	2.5	15	0.73488	0	2.5	15	0	0.44459	0	1.5125	9.0748	0.44459	0	1.5125	9.0748	0.44459	0	1.5125	9.0748	0.44459	0	1.5125	9.0748	0	0	0	0	0	0	0	0	0	0	0	0	0	0	0	0	0	0
10000	3.0578	0.0018014	0.045251	1	1	1.3117	0.93281	0.034494	2.5	15	0.93281	0.034494	2.5	15	0.93281	0.034494	2.5	15	0.93281	0.034494	2.5	15	0	0.98463	0.036411	2.6389	15.833	0.98463	0.036411	2.6389	15.833	0.98463	0.036411	2.6389	15.833	0.98463	0.036411	2.6389	15.833	0	0	0	0	0	0	0	0	0	0	0	0	0	0	0	0	0	0
10000	4.2305	0.0050013	0.01667	1	1	1.0664	1.4278	0.29992	2.4995	14.998	1.4278	0.29992	2.4995	14.998	1.4278	0.29992	2.4995	14.998	1.4278	0.29992	2.4995	14.998	0	0.35696	0.074979	0.62488	3.7495	0.35696	0.074979	0.62488	3.7495	0.35696	0.074979	0.62488	3.7495	0.35696	0.074979	0.62488	3.7495	0	0	0	0	0	0	0	0	0	0	0	0	0	0	0	0	0	0
10000	3.1866	0.01	0.04	1	1	1.511	0.88889	-0.14244	2.5	10.833	0.88889	-0.14244	2.5	10.833	0.88889	-0.14244	2.5	10.833	0.88889	-0.14244	2.5	10.833	0	0.82297	-0.13188	2.3146	10.03	0.82297	-0.13188	2.3146	10.03	0.82297	-0.13188	2.3146	10.03	0.82297	-0.13188	2.3146	10.03	0	0	0	0	0	0	0	0	0	0	0	0	0	0	0	0	0	0
10000	9.9999	0.010556	0.023209	1	1	2	2	0.292	3.6583	15	2	0.292	3.6583	15	2	0.292	3.6583	15	2	0.292	3.6583	15	0	0.5	0.073001	0.91457	3.75	0.5	0.073001	0.91457	3.75	0.5	0.073001	0.91457	3.75	0.5	0.073001	0.91457	3.75	0	0	0	0	0	0	0	0	0	0	0	0	0	0	0	0	0	0
10000	1.5392	0.0083364	0.018685	1	1	1.3931	1.3805	0.27647	2.5	13.385	1.3805	0.27647	2.5	13.385	1.3805	0.27647	2.5	13.385	1.3805	0.27647	2.5	13.385	0	0.34512	0.069118	0.625	3.3461	0.34512	0.069118	0.625	3.3461	0.34512	0.069118	0.625	3.3461	0.34512	0.069118	0.625	3.3461	0	0	0	0	0	0	0	0	0	0	0	0	0	0	0	0	0	0
10000	10	0.0035926	0.03	1	1	0.59705	1	0.5	2.5	15	1	0.5	2.5	15	1	0.5	2.5	15	1	0.5	2.5	15	0	1.1005	0.55027	2.7513	16.508	1.1005	0.55027	2.7513	16.508	1.1005	0.55027	2.7513	16.508	1.1005	0.55027	2.7513	16.508	0	0	0	0	0	0	0	0	0	0	0	0	0	0	0	0	0	0
10000	10	0.0056026	0.02	1	1	0.8	1.2594	0.3	2.5	15	1.2594	0.3	2.5	15	1.2594	0.3	2.5	15	1.2594	0.3	2.5	15	0	1.4693	0.35	2.9167	17.5	1.4693	0.35	2.9167	17.5	1.4693	0.35	2.9167	17.5	1.4693	0.35	2.9167	17.5	0	0	0	0	0	0	0	0	0	0	0	0	0	0	0	0	0	0
10000	9.9999	0.0049263	0.018236	1	1	0.83047	0.99986	0.42858	2.5592	15.271	0.99986	0.42858	2.5592	15.271	0.99986	0.42858	2.5592	15.271	0.99986	0.42858	2.5592	15.271	0	1.0724	0.45967	2.7449	16.378	1.0724	0.45967	2.7449	16.378	1.0724	0.45967	2.7449	16.378	1.0724	0.45967	2.7449	16.378	0	0	0	0	0	0	0	0	0	0	0	0	0	0	0	0	0	0
10000	7.0894	0.001	0.016667	1	1	0.81261	0.96477	0.34244	2.5245	18.674	0.96477	0.34244	2.5245	18.674	0.96477	0.34244	2.5245	18.674	0.96477	0.34244	2.5245	18.674	0	0.80814	0.28685	2.1147	15.642	0.80814	0.28685	2.1147	15.642	0.80814	0.28685	2.1147	15.642	0.80814	0.28685	2.1147	15.642	0	0	0	0	0	0	0	0	0	0	0	0	0	0	0	0	0	0
10000	10	0.001	0.03	1	1	0.8	0.89794	0.26035	2.5	15	0.89794	0.26035	2.5	15	0.89794	0.26035	2.5	15	0.89794	0.26035	2.5	15	0	1.0216	0.2962	2.8442	17.065	1.0216	0.2962	2.8442	17.065	1.0216	0.2962	2.8442	17.065	1.0216	0.2962	2.8442	17.065	0	0	0	0	0	0	0	0	0	0	0	0	0	0	0	0	0	0
10000	4.2544	0.001	0.01	1	1	0.8	1.3333	0.49292	2.5	15	1.3333	0.49292	2.5	15	1.3333	0.49292	2.5	15	1.3333	0.49292	2.5	15	0	1.2702	0.46959	2.3816	14.29	1.2702	0.46959	2.3816	14.29	1.2702	0.46959	2.3816	14.29	1.2702	0.46959	2.3816	14.29	0	0	0	0	0	0	0	0	0	0	0	0	0	0	0	0	0	0
10000	4.4387	0.001	0.04	1	1	0.8	1.4706	0.66667	2.5303	15	1.4706	0.66667	2.5303	15	1.4706	0.66667	2.5303	15	1.4706	0.66667	2.5303	15	0	1.5523	0.70372	2.671	15.834	1.5523	0.70372	2.671	15.834	1.5523	0.70372	2.671	15.834	1.5523	0.70372	2.671	15.834	0	0	0	0	0	0	0	0	0	0	0	0	0	0	0	0	0	0
10000	7	0.001	0.013937	1	1	0.84776	1.3333	0.3	2.5	9.3068	1.3333	0.3	2.5	9.3068	1.3333	0.3	2.5	9.3068	1.3333	0.3	2.5	9.3068	0	1.5982	0.3596	2.9967	11.156	1.5982	0.3596	2.9967	11.156	1.5982	0.3596	2.9967	11.156	1.5982	0.3596	2.9967	11.156	0	0	0	0	0	0	0	0	0	0	0	0	0	0	0	0	0	0
10000	6.1532	0.001	0.045344	1	1	1.0315	1.4257	0.31248	2.8329	7.8704	1.4257	0.31248	2.8329	7.8704	1.4257	0.31248	2.8329	7.8704	1.4257	0.31248	2.8329	7.8704	0	1.5131	0.33164	3.0066	8.353	1.5131	0.33164	3.0066	8.353	1.5131	0.33164	3.0066	8.353	1.5131	0.33164	3.0066	8.353	0	0	0	0	0	0	0	0	0	0	0	0	0	0	0	0	0	0
10000	10	0.001	0.01	1	1	0.63979	1.1967	0.48672	2.448	17.298	1.1967	0.48672	2.448	17.298	1.1967	0.48672	2.448	17.298	1.1967	0.48672	2.448	17.298	0	1.4259	0.57994	2.9168	20.611	1.4259	0.57994	2.9168	20.611	1.4259	0.57994	2.9168	20.611	1.4259	0.57994	2.9168	20.611	0	0	0	0	0	0	0	0	0	0	0	0	0	0	0	0	0	0
10000	4.1779	0.0063613	0.014982	1	1	0.80166	1.2937	0.36328	2.4968	15.015	1.2937	0.36328	2.4968	15.015	1.2937	0.36328	2.4968	15.015	1.2937	0.36328	2.4968	15.015	0	1.4981	0.42065	2.8911	17.386	1.4981	0.42065	2.8911	17.386	1.4981	0.42065	2.8911	17.386	1.4981	0.42065	2.8911	17.386	0	0	0	0	0	0	0	0	0	0	0	0	0	0	0	0	0	0
10000	6	0.01	0.02	1	1	0.64327	1.1951	0.3	2.5	15	1.1951	0.3	2.5	15	1.1951	0.3	2.5	15	1.1951	0.3	2.5	15	0	1.7927	0.45	3.75	22.5	1.7927	0.45	3.75	22.5	1.7927	0.45	3.75	22.5	1.7927	0.45	3.75	22.5	0	0	0	0	0	0	0	0	0	0	0	0	0	0	0	0	0	0
10000	5.206	0.0030728	0.01	1	1	0.69677	1	0.63962	2.4724	15	1	0.63962	2.4724	15	1	0.63962	2.4724	15	1	0.63962	2.4724	15	0	1.5	0.95943	3.7086	22.5	1.5	0.95943	3.7086	22.5	1.5	0.95943	3.7086	22.5	1.5	0.95943	3.7086	22.5	0	0	0	0	0	0	0	0	0	0	0	0	0	0	0	0	0	0
10000	4.1833	0.01	0.01	1	1	0.6325	1.2396	0.3735	2.5	6.5769	1.2396	0.3735	2.5	6.5769	1.2396	0.3735	2.5	6.5769	1.2396	0.3735	2.5	6.5769	0	1.5654	0.47167	3.1571	8.3056	1.5654	0.47167	3.1571	8.3056	1.5654	0.47167	3.1571	8.3056	1.5654	0.47167	3.1571	8.3056	0	0	0	0	0	0	0	0	0	0	0	0	0	0	0	0	0	0
10000	7	0.0073383	0.02	1	1	0.55928	0.81181	0.3	2.2446	30	0.81181	0.3	2.2446	30	0.81181	0.3	2.2446	30	0.81181	0.3	2.2446	30	0	1.6236	0.6	4.4893	60	1.6236	0.6	4.4893	60	1.6236	0.6	4.4893	60	1.6236	0.6	4.4893	60	0	0	0	0	0	0	0	0	0	0	0	0	0	0	0	0	0	0
10000	5.2005	0.001	0.017005	1	1	0.42963	1.4815	0.35556	3.0041	20	1.4815	0.35556	3.0041	20	1.4815	0.35556	3.0041	20	1.4815	0.35556	3.0041	20	0	1.517	0.36408	3.0761	20.479	1.517	0.36408	3.0761	20.479	1.517	0.36408	3.0761	20.479	1.517	0.36408	3.0761	20.479	0	0	0	0	0	0	0	0	0	0	0	0	0	0	0	0	0	0
10000	9.699	0.0010278	0.019997	1	1	0.80005	1.3999	0.59995	2.4997	13.335	1.3999	0.59995	2.4997	13.335	1.3999	0.59995	2.4997	13.335	1.3999	0.59995	2.4997	13.335	0	1.3997	0.59987	2.4994	13.333	1.3997	0.59987	2.4994	13.333	1.3997	0.59987	2.4994	13.333	1.3997	0.59987	2.4994	13.333	0	0	0	0	0	0	0	0	0	0	0	0	0	0	0	0	0	0
10000	3.2458	0.0027876	0.01	1	1	0.67628	1.1642	0.4	2.5	8.4114	1.1642	0.4	2.5	8.4114	1.1642	0.4	2.5	8.4114	1.1642	0.4	2.5	8.4114	0	1.1642	0.4	2.5	8.4113	1.1642	0.4	2.5	8.4113	1.1642	0.4	2.5	8.4113	1.1642	0.4	2.5	8.4113	0	0	0	0	0	0	0	0	0	0	0	0	0	0	0	0	0	0
10000	6.7785	0.001	0.027439	1	1	0.79057	1.4392	0.25283	2.4211	2.2868	1.4392	0.25283	2.4211	2.2868	1.4392	0.25283	2.4211	2.2868	1.4392	0.25283	2.4211	2.2868	0	1.4153	0.24863	2.3809	2.2488	1.4153	0.24863	2.3809	2.2488	1.4153	0.24863	2.3809	2.2488	1.4153	0.24863	2.3809	2.2488	0	0	0	0	0	0	0	0	0	0	0	0	0	0	0	0	0	0
10000	6.0314	0.001	0.019563	1	1	0.81966	1.0186	0.2858	2.4618	4.645	1.0186	0.2858	2.4618	4.645	1.0186	0.2858	2.4618	4.645	1.0186	0.2858	2.4618	4.645	0	1.2832	0.36005	3.1013	5.8517	1.2832	0.36005	3.1013	5.8517	1.2832	0.36005	3.1013	5.8517	1.2832	0.36005	3.1013	5.8517	0	0	0	0	0	0	0	0	0	0	0	0	0	0	0	0	0	0
10000	6.5452	0.001	0.01	1	1	0.89279	1.4878	0.45132	2.4514	20.102	1.4878	0.45132	2.4514	20.102	1.4878	0.45132	2.4514	20.102	1.4878	0.45132	2.4514	20.102	0	0.37194	0.11283	0.61284	5.0255	0.37194	0.11283	0.61284	5.0255	0.37194	0.11283	0.61284	5.0255	0.37194	0.11283	0.61284	5.0255	0	0	0	0	0	0	0	0	0	0	0	0	0	0	0	0	0	0
10000	4.3232	0.0069727	0.025545	1	1	0.73142	1.5265	0.64953	2.6333	19.39	1.5265	0.64953	2.6333	19.39	1.5265	0.64953	2.6333	19.39	1.5265	0.64953	2.6333	19.39	0	1.7589	0.74841	3.0342	22.342	1.7589	0.74841	3.0342	22.342	1.7589	0.74841	3.0342	22.342	1.7589	0.74841	3.0342	22.342	0	0	0	0	0	0	0	0	0	0	0	0	0	0	0	0	0	0
10000	5	0.001	0.01	1	1	0.88423	1.1804	0.36111	2.5	15	1.1804	0.36111	2.5	15	1.1804	0.36111	2.5	15	1.1804	0.36111	2.5	15	0	1.3772	0.4213	2.9167	17.5	1.3772	0.4213	2.9167	17.5	1.3772	0.4213	2.9167	17.5	1.3772	0.4213	2.9167	17.5	0	0	0	0	0	0	0	0	0	0	0	0	0	0	0	0	0	0
10000	3	0.001	0.02	1	1	0.8	1	0.5	2.5	15	1	0.5	2.5	15	1	0.5	2.5	15	1	0.5	2.5	15	0	0.94572	0.47286	2.3643	14.186	0.94572	0.47286	2.3643	14.186	0.94572	0.47286	2.3643	14.186	0.94572	0.47286	2.3643	14.186	0	0	0	0	0	0	0	0	0	0	0	0	0	0	0	0	0	0
10000	7.7032	0.0045925	0.019988	1	1	0.80053	1.3715	0.60038	2.499	15.005	1.3715	0.60038	2.499	15.005	1.3715	0.60038	2.499	15.005	1.3715	0.60038	2.499	15.005	0	1.3722	0.60069	2.5003	15.012	1.3722	0.60069	2.5003	15.012	1.3722	0.60069	2.5003	15.012	1.3722	0.60069	2.5003	15.012	0	0	0	0	0	0	0	0	0	0	0	0	0	0	0	0	0	0
10000	8.0482	0.001	0.028741	1	1	0.81098	0.98975	0.30374	2.5213	14.902	0.98975	0.30374	2.5213	14.902	0.98975	0.30374	2.5213	14.902	0.98975	0.30374	2.5213	14.902	0	0.98086	0.30101	2.4987	14.769	0.98086	0.30101	2.4987	14.769	0.98086	0.30101	2.4987	14.769	0.98086	0.30101	2.4987	14.769	0	0	0	0	0	0	0	0	0	0	0	0	0	0	0	0	0	0
10000	8	0.001	0.04	1	1	1.0983	0.90875	0.3	2.1583	15	0.90875	0.3	2.1583	15	0.90875	0.3	2.1583	15	0.90875	0.3	2.1583	15	0	0.90875	0.30001	2.1583	15	0.90875	0.30001	2.1583	15	0.90875	0.30001	2.1583	15	0.90875	0.30001	2.1583	15	0	0	0	0	0	0	0	0	0	0	0	0	0	0	0	0	0	0
10000	4.1014	0.0038638	0.019444	1	1	0.775	0.97222	0.37743	2.5486	6.1847	0.97222	0.37743	2.5486	6.1847	0.97222	0.37743	2.5486	6.1847	0.97222	0.37743	2.5486	6.1847	0	0.95452	0.37056	2.5022	6.072	0.95452	0.37056	2.5022	6.072	0.95452	0.37056	2.5022	6.072	0.95452	0.37056	2.5022	6.072	0	0	0	0	0	0	0	0	0	0	0	0	0	0	0	0	0	0
10000	1.55	0.001	0.02	1	1	0.78822	1.6296	1	2.5	15	1.6296	1	2.5	15	1.6296	1	2.5	15	1.6296	1	2.5	15	0	0.62504	0.38355	0.95887	5.7532	0.62504	0.38355	0.95887	5.7532	0.62504	0.38355	0.95887	5.7532	0.62504	0.38355	0.95887	5.7532	0	0	0	0	0	0	0	0	0	0	0	0	0	0	0	0	0	0
10000	3.8302	0.001	0.021472	1	1	1.0293	0.97932	0.32699	2.4273	8.142	0.97932	0.32699	2.4273	8.142	0.97932	0.32699	2.4273	8.142	0.97932	0.32699	2.4273	8.142	0	0.94374	0.31511	2.3391	7.8462	0.94374	0.31511	2.3391	7.8462	0.94374	0.31511	2.3391	7.8462	0.94374	0.31511	2.3391	7.8462	0	0	0	0	0	0	0	0	0	0	0	0	0	0	0	0	0	0
10000	2.5167	0.001	0.01	1	1	1.0688	1	0.3	2.5	10	1	0.3	2.5	10	1	0.3	2.5	10	1	0.3	2.5	10	0	0.89396	0.26819	2.2349	8.9396	0.89396	0.26819	2.2349	8.9396	0.89396	0.26819	2.2349	8.9396	0.89396	0.26819	2.2349	8.9396	0	0	0	0	0	0	0	0	0	0	0	0	0	0	0	0	0	0
10000	3.9381	0.001	0.03	1	1	1	1	0.39923	2.5	15	1	0.39923	2.5	15	1	0.39923	2.5	15	1	0.39923	2.5	15	0	1	0.39923	2.5	15	1	0.39923	2.5	15	1	0.39923	2.5	15	1	0.39923	2.5	15	0	0	0	0	0	0	0	0	0	0	0	0	0	0	0	0	0	0
10000	2.5358	0.0023333	0.022359	1	1	0.8	0.93333	0.35289	2.5	28.876	0.93333	0.35289	2.5	28.876	0.93333	0.35289	2.5	28.876	0.93333	0.35289	2.5	28.876	0	1.0014	0.37861	2.6822	30.98	1.0014	0.37861	2.6822	30.98	1.0014	0.37861	2.6822	30.98	1.0014	0.37861	2.6822	30.98	0	0	0	0	0	0	0	0	0	0	0	0	0	0	0	0	0	0
10000	3.5136	0.001	0.01	1	1	1.0641	0.75	0.44732	1.8679	22.766	0.75	0.44732	1.8679	22.766	0.75	0.44732	1.8679	22.766	0.75	0.44732	1.8679	22.766	0	0.86481	0.51579	2.1538	26.251	0.86481	0.51579	2.1538	26.251	0.86481	0.51579	2.1538	26.251	0.86481	0.51579	2.1538	26.251	0	0	0	0	0	0	0	0	0	0	0	0	0	0	0	0	0	0
10000	3	0.001	0.026667	1	1	0.88889	1	0.21667	2.5	15	1	0.21667	2.5	15	1	0.21667	2.5	15	1	0.21667	2.5	15	0	1.1667	0.25278	2.9167	17.5	1.1667	0.25278	2.9167	17.5	1.1667	0.25278	2.9167	17.5	1.1667	0.25278	2.9167	17.5	0	0	0	0	0	0	0	0	0	0	0	0	0	0	0	0	0	0
10000	6.2152	0.001	0.02	1	1	0.8	0.46651	0.3	2.5	15	0.46651	0.3	2.5	15	0.46651	0.3	2.5	15	0.46651	0.3	2.5	15	0	0.32434	0.20857	1.7381	10.429	0.32434	0.20857	1.7381	10.429	0.32434	0.20857	1.7381	10.429	0.32434	0.20857	1.7381	10.429	0	0	0	0	0	0	0	0	0	0	0	0	0	0	0	0	0	0
10000	2.6753	0.005	0.01	1	1	1	0.8	0.5	3.5	10	0.8	0.5	3.5	10	0.8	0.5	3.5	10	0.8	0.5	3.5	10	0	0.59269	0.37043	2.593	7.4086	0.59269	0.37043	2.593	7.4086	0.59269	0.37043	2.593	7.4086	0.59269	0.37043	2.593	7.4086	0	0	0	0	0	0	0	0	0	0	0	0	0	0	0	0	0	0
10000	3.8346	0.001	0.01564	1	1	1	1	0.19646	3.8871	10	1	0.19646	3.8871	10	1	0.19646	3.8871	10	1	0.19646	3.8871	10	0	0.5	0.098232	1.9435	5	0.5	0.098232	1.9435	5	0.5	0.098232	1.9435	5	0.5	0.098232	1.9435	5	0	0	0	0	0	0	0	0	0	0	0	0	0	0	0	0	0	0
10000	3	0.005	0.02	1	1	1	1	0.3	3.0703	8.5507	1	0.3	3.0703	8.5507	1	0.3	3.0703	8.5507	1	0.3	3.0703	8.5507	0	0.58591	0.17577	1.7989	5.0099	0.58591	0.17577	1.7989	5.0099	0.58591	0.17577	1.7989	5.0099	0.58591	0.17577	1.7989	5.0099	0	0	0	0	0	0	0	0	0	0	0	0	0	0	0	0	0	0
10000	2.5167	0.001	0.023037	1	1	0.71289	0.84037	0.6	2.2069	15	0.84037	0.6	2.2069	15	0.84037	0.6	2.2069	15	0.84037	0.6	2.2069	15	0	0.80356	0.57372	2.1102	14.343	0.80356	0.57372	2.1102	14.343	0.80356	0.57372	2.1102	14.343	0.80356	0.57372	2.1102	14.343	0	0	0	0	0	0	0	0	0	0	0	0	0	0	0	0	0	0
10000	2.5176	0.001	0.02	1	1	0.52372	1	0.40136	2.3252	8.8918	1	0.40136	2.3252	8.8918	1	0.40136	2.3252	8.8918	1	0.40136	2.3252	8.8918	0	0.5	0.20068	1.1626	4.4459	0.5	0.20068	1.1626	4.4459	0.5	0.20068	1.1626	4.4459	0.5	0.20068	1.1626	4.4459	0	0	0	0	0	0	0	0	0	0	0	0	0	0	0	0	0	0
10000	10	0.0016021	0.01	1	1	0.63415	1	0.4	2.5	16.667	1	0.4	2.5	16.667	1	0.4	2.5	16.667	1	0.4	2.5	16.667	0	0.42536	0.17014	1.0634	7.0893	0.42536	0.17014	1.0634	7.0893	0.42536	0.17014	1.0634	7.0893	0.42536	0.17014	1.0634	7.0893	0	0	0	0	0	0	0	0	0	0	0	0	0	0	0	0	0	0
10000	5	0.001	0.01	1	1	0.8	0.8	0.34645	2.7676	20	0.8	0.34645	2.7676	20	0.8	0.34645	2.7676	20	0.8	0.34645	2.7676	20	0	0.8	0.34645	2.7676	20	0.8	0.34645	2.7676	20	0.8	0.34645	2.7676	20	0.8	0.34645	2.7676	20	0	0	0	0	0	0	0	0	0	0	0	0	0	0	0	0	0	0
10000	5.0888	0.001	0.02528	1	1	0.72683	0.8	0.41481	2.5158	20.283	0.8	0.41481	2.5158	20.283	0.8	0.41481	2.5158	20.283	0.8	0.41481	2.5158	20.283	0	0.7782	0.40351	2.4472	19.731	0.7782	0.40351	2.4472	19.731	0.7782	0.40351	2.4472	19.731	0.7782	0.40351	2.4472	19.731	0	0	0	0	0	0	0	0	0	0	0	0	0	0	0	0	0	0
10000	2.7315	0.0021953	0.023714	1	1	0.75157	0.78021	0.26667	2.3709	15.43	0.78021	0.26667	2.3709	15.43	0.78021	0.26667	2.3709	15.43	0.78021	0.26667	2.3709	15.43	0	0.41048	0.1403	1.2474	8.1182	0.41048	0.1403	1.2474	8.1182	0.41048	0.1403	1.2474	8.1182	0.41048	0.1403	1.2474	8.1182	0	0	0	0	0	0	0	0	0	0	0	0	0	0	0	0	0	0
10000	10	0.001	0.01	1	1	0.17954	0.97217	0.44164	3.0241	19.903	0.97217	0.44164	3.0241	19.903	0.97217	0.44164	3.0241	19.903	0.97217	0.44164	3.0241	19.903	0	0.97192	0.44153	3.0233	19.898	0.97192	0.44153	3.0233	19.898	0.97192	0.44153	3.0233	19.898	0.97192	0.44153	3.0233	19.898	0	0	0	0	0	0	0	0	0	0	0	0	0	0	0	0	0	0
10000	5.2746	0.001	0.016466	1	1	0.52892	0.95673	0.30038	2.5026	15.012	0.95673	0.30038	2.5026	15.012	0.95673	0.30038	2.5026	15.012	0.95673	0.30038	2.5026	15.012	0	0.9555	0.29999	2.4994	14.992	0.9555	0.29999	2.4994	14.992	0.9555	0.29999	2.4994	14.992	0.9555	0.29999	2.4994	14.992	0	0	0	0	0	0	0	0	0	0	0	0	0	0	0	0	0	0
10000	3.3016	0.001	0.01	1	1	0.57445	0.9832	0.29017	3.3941	14.722	0.9832	0.29017	3.3941	14.722	0.9832	0.29017	3.3941	14.722	0.9832	0.29017	3.3941	14.722	0	0.98697	0.29128	3.4071	14.779	0.98697	0.29128	3.4071	14.779	0.98697	0.29128	3.4071	14.779	0.98697	0.29128	3.4071	14.779	0	0	0	0	0	0	0	0	0	0	0	0	0	0	0	0	0	0
10000	3.55	0.0014444	0.045	1	1	0.4	1	0.26319	2.849	15	1	0.26319	2.849	15	1	0.26319	2.849	15	1	0.26319	2.849	15	0	1	0.26319	2.849	15	1	0.26319	2.849	15	1	0.26319	2.849	15	1	0.26319	2.849	15	0	0	0	0	0	0	0	0	0	0	0	0	0	0	0	0	0	0
10000	2.798	0.0016447	0.016667	1	1	0.40916	0.81904	0.44044	2.7437	9.9753	0.81904	0.44044	2.7437	9.9753	0.81904	0.44044	2.7437	9.9753	0.81904	0.44044	2.7437	9.9753	0	0.80311	0.43187	2.6904	9.7813	0.80311	0.43187	2.6904	9.7813	0.80311	0.43187	2.6904	9.7813	0.80311	0.43187	2.6904	9.7813	0	0	0	0	0	0	0	0	0	0	0	0	0	0	0	0	0	0
10000	0.1	0.0067564	0.025008	1	1	0.4	1	0.3	5	15	1	0.3	5	15	1	0.3	5	15	1	0.3	5	15	0	0.33781	0.10134	1.6891	5.0672	0.33781	0.10134	1.6891	5.0672	0.33781	0.10134	1.6891	5.0672	0.33781	0.10134	1.6891	5.0672	0	0	0	0	0	0	0	0	0	0	0	0	0	0	0	0	0	0
10000	7.29	0.021345	0.045584	1	1	0.44936	0.6104	0.55324	1.8182	18.117	0.6104	0.55324	1.8182	18.117	0.6104	0.55324	1.8182	18.117	0.6104	0.55324	1.8182	18.117	0	0.28835	0.26135	0.85892	8.5584	0.28835	0.26135	0.85892	8.5584	0.28835	0.26135	0.85892	8.5584	0.28835	0.26135	0.85892	8.5584	0	0	0	0	0	0	0	0	0	0	0	0	0	0	0	0	0	0
10000	4.4151	0.15805	0.062841	1	1	0.14501	1.7062	1.1371	5.6246	9.3798	1.7062	1.1371	5.6246	9.3798	1.7062	1.1371	5.6246	9.3798	1.7062	1.1371	5.6246	9.3798	0	0.42655	0.28428	1.4062	2.3449	0.42655	0.28428	1.4062	2.3449	0.42655	0.28428	1.4062	2.3449	0.42655	0.28428	1.4062	2.3449	0	0	0	0	0	0	0	0	0	0	0	0	0	0	0	0	0	0
10000	1.0344	0.011545	0.014506	1	1	-0.047757	0.44879	0.49145	2.2089	7.2827	0.44879	0.49145	2.2089	7.2827	0.44879	0.49145	2.2089	7.2827	0.44879	0.49145	2.2089	7.2827	0	0.21638	0.23694	1.065	3.5112	0.21638	0.23694	1.065	3.5112	0.21638	0.23694	1.065	3.5112	0.21638	0.23694	1.065	3.5112	0	0	0	0	0	0	0	0	0	0	0	0	0	0	0	0	0	0
10000	3.2162	0.014818	0.017311	1	1	-0.11618	0.7172	0.66998	1.8346	5.0703	0.7172	0.66998	1.8346	5.0703	0.7172	0.66998	1.8346	5.0703	0.7172	0.66998	1.8346	5.0703	0	0.54923	0.51307	1.4049	3.8828	0.54923	0.51307	1.4049	3.8828	0.54923	0.51307	1.4049	3.8828	0.54923	0.51307	1.4049	3.8828	0	0	0	0	0	0	0	0	0	0	0	0	0	0	0	0	0	0
10000	1.5523	0.03	0.094888	1	1	0.71974	0.90478	-0.055983	3.9017	19.974	0.90478	-0.055983	3.9017	19.974	0.90478	-0.055983	3.9017	19.974	0.90478	-0.055983	3.9017	19.974	0	0.2262	-0.013996	0.97541	4.9936	0.2262	-0.013996	0.97541	4.9936	0.2262	-0.013996	0.97541	4.9936	0.2262	-0.013996	0.97541	4.9936	0	0	0	0	0	0	0	0	0	0	0	0	0	0	0	0	0	0
10000	0.1	0.17513	0.03	1	1	0.5714	0.8	0.5	3.5069	12.06	0.8	0.5	3.5069	12.06	0.8	0.5	3.5069	12.06	0.8	0.5	3.5069	12.06	0	0.4	0.25	1.7534	6.0301	0.4	0.25	1.7534	6.0301	0.4	0.25	1.7534	6.0301	0.4	0.25	1.7534	6.0301	0	0	0	0	0	0	0	0	0	0	0	0	0	0	0	0	0	0
10000	6.2356	0.0065165	0.014086	1	1	0.53547	0.80647	0.2418	2.1613	-2.9616	0.80647	0.2418	2.1613	-2.9616	0.80647	0.2418	2.1613	-2.9616	0.80647	0.2418	2.1613	-2.9616	0	0.37815	0.11338	1.0134	-1.3887	0.37815	0.11338	1.0134	-1.3887	0.37815	0.11338	1.0134	-1.3887	0.37815	0.11338	1.0134	-1.3887	0	0	0	0	0	0	0	0	0	0	0	0	0	0	0	0	0	0
10000	0.1	0.56253	0.082875	1	1	0.38348	0.81983	0.43821	2.8675	7.679	0.81983	0.43821	2.8675	7.679	0.81983	0.43821	2.8675	7.679	0.81983	0.43821	2.8675	7.679	0	0.42516	0.22725	1.4871	3.9823	0.42516	0.22725	1.4871	3.9823	0.42516	0.22725	1.4871	3.9823	0.42516	0.22725	1.4871	3.9823	0	0	0	0	0	0	0	0	0	0	0	0	0	0	0	0	0	0
10000	4.01	0.014475	0.023058	1	1	0.8097	0.65669	0.407	3.3346	5.1513	0.65669	0.407	3.3346	5.1513	0.65669	0.407	3.3346	5.1513	0.65669	0.407	3.3346	5.1513	0	0.62077	0.38474	3.1523	4.8696	0.62077	0.38474	3.1523	4.8696	0.62077	0.38474	3.1523	4.8696	0.62077	0.38474	3.1523	4.8696	0	0	0	0	0	0	0	0	0	0	0	0	0	0	0	0	0	0
10000	6.456	0.0070474	0.056558	1	1	0.56296	0.80476	0.28127	2.5	15	0.80476	0.28127	2.5	15	0.80476	0.28127	2.5	15	0.80476	0.28127	2.5	15	0	0.71461	0.24976	2.22	13.32	0.71461	0.24976	2.22	13.32	0.71461	0.24976	2.22	13.32	0.71461	0.24976	2.22	13.32	0	0	0	0	0	0	0	0	0	0	0	0	0	0	0	0	0	0
10000	0.91333	0.001	0.012544	1	1	0.83658	0.66485	0.052082	2.6239	9.2962	0.66485	0.052082	2.6239	9.2962	0.66485	0.052082	2.6239	9.2962	0.66485	0.052082	2.6239	9.2962	0	0.19582	0.01534	0.77283	2.7381	0.19582	0.01534	0.77283	2.7381	0.19582	0.01534	0.77283	2.7381	0.19582	0.01534	0.77283	2.7381	0	0	0	0	0	0	0	0	0	0	0	0	0	0	0	0	0	0
10000	2.55	0.0039289	0.017574	1	1	0.8	1.1111	0.2	3.3853	21.013	1.1111	0.2	3.3853	21.013	1.1111	0.2	3.3853	21.013	1.1111	0.2	3.3853	21.013	0	0.76804	0.13825	2.34	14.525	0.76804	0.13825	2.34	14.525	0.76804	0.13825	2.34	14.525	0.76804	0.13825	2.34	14.525	0	0	0	0	0	0	0	0	0	0	0	0	0	0	0	0	0	0
10000	2.5436	0.0034022	0.023597	1	1	0.86914	0.90067	0.20472	2.3763	8.6178	0.90067	0.20472	2.3763	8.6178	0.90067	0.20472	2.3763	8.6178	0.90067	0.20472	2.3763	8.6178	0	0.22517	0.05118	0.59407	2.1544	0.22517	0.05118	0.59407	2.1544	0.22517	0.05118	0.59407	2.1544	0.22517	0.05118	0.59407	2.1544	0	0	0	0	0	0	0	0	0	0	0	0	0	0	0	0	0	0
10000	1.5417	0.001	0.024614	1	1	1.1148	1.1687	0.01093	3.6062	11.318	1.1687	0.01093	3.6062	11.318	1.1687	0.01093	3.6062	11.318	1.1687	0.01093	3.6062	11.318	0	0.29218	0.0027326	0.90154	2.8294	0.29218	0.0027326	0.90154	2.8294	0.29218	0.0027326	0.90154	2.8294	0.29218	0.0027326	0.90154	2.8294	0	0	0	0	0	0	0	0	0	0	0	0	0	0	0	0	0	0
10000	1.7863	0.01	0.03	1	1	0.83476	1	0.3	2.5	13.272	1	0.3	2.5	13.272	1	0.3	2.5	13.272	1	0.3	2.5	13.272	0	0.55928	0.16778	1.3982	7.423	0.55928	0.16778	1.3982	7.423	0.55928	0.16778	1.3982	7.423	0.55928	0.16778	1.3982	7.423	0	0	0	0	0	0	0	0	0	0	0	0	0	0	0	0	0	0
10000	1.5901	0.003238	0.021415	1	1	0.81815	1.4388	0.013756	3.8376	14.97	1.4388	0.013756	3.8376	14.97	1.4388	0.013756	3.8376	14.97	1.4388	0.013756	3.8376	14.97	0	0.35971	0.003439	0.9594	3.7425	0.35971	0.003439	0.9594	3.7425	0.35971	0.003439	0.9594	3.7425	0.35971	0.003439	0.9594	3.7425	0	0	0	0	0	0	0	0	0	0	0	0	0	0	0	0	0	0
10000	0.50737	0.0063938	0.086032	1	1	0.77076	1.6562	-0.19211	4.5264	20.031	1.6562	-0.19211	4.5264	20.031	1.6562	-0.19211	4.5264	20.031	1.6562	-0.19211	4.5264	20.031	0	0.58744	-0.068143	1.6055	7.1051	0.58744	-0.068143	1.6055	7.1051	0.58744	-0.068143	1.6055	7.1051	0.58744	-0.068143	1.6055	7.1051	0	0	0	0	0	0	0	0	0	0	0	0	0	0	0	0	0	0
10000	1.3092	0.0098361	0.02247	1	1	0.91114	0.87651	0.21973	2.7161	9.8569	0.87651	0.21973	2.7161	9.8569	0.87651	0.21973	2.7161	9.8569	0.87651	0.21973	2.7161	9.8569	0	0.31617	0.079261	0.97973	3.5555	0.31617	0.079261	0.97973	3.5555	0.31617	0.079261	0.97973	3.5555	0.31617	0.079261	0.97973	3.5555	0	0	0	0	0	0	0	0	0	0	0	0	0	0	0	0	0	0
10000	3.0834	1	0.020855	1	1	0.83847	1.0427	0.31196	3.3676	19.658	1.0427	0.31196	3.3676	19.658	1.0427	0.31196	3.3676	19.658	1.0427	0.31196	3.3676	19.658	0	0.49908	0.14931	1.6118	9.4088	0.49908	0.14931	1.6118	9.4088	0.49908	0.14931	1.6118	9.4088	0.49908	0.14931	1.6118	9.4088	0	0	0	0	0	0	0	0	0	0	0	0	0	0	0	0	0	0
10000	0.1	0.010011	0.017336	1	1	0.79181	1.0091	0.81965	3.7746	10.001	1.0091	0.81965	3.7746	10.001	1.0091	0.81965	3.7746	10.001	1.0091	0.81965	3.7746	10.001	0	0.46633	0.37878	1.7443	4.6215	0.46633	0.37878	1.7443	4.6215	0.46633	0.37878	1.7443	4.6215	0.46633	0.37878	1.7443	4.6215	0	0	0	0	0	0	0	0	0	0	0	0	0	0	0	0	0	0
10000	1.55	0.001	0.02228	1	1	0.8	1.3029	0.45289	5	15	1.3029	0.45289	5	15	1.3029	0.45289	5	15	1.3029	0.45289	5	15	0	0.32571	0.11322	1.25	3.75	0.32571	0.11322	1.25	3.75	0.32571	0.11322	1.25	3.75	0.32571	0.11322	1.25	3.75	0	0	0	0	0	0	0	0	0	0	0	0	0	0	0	0	0	0
10000	2.7847	0.001	0.020173	1	1	0.79234	1.2166	0.33264	2.4514	14.778	1.2166	0.33264	2.4514	14.778	1.2166	0.33264	2.4514	14.778	1.2166	0.33264	2.4514	14.778	0	0.30415	0.083161	0.61285	3.6944	0.30415	0.083161	0.61285	3.6944	0.30415	0.083161	0.61285	3.6944	0.30415	0.083161	0.61285	3.6944	0	0	0	0	0	0	0	0	0	0	0	0	0	0	0	0	0	0
10000	0.97852	0.0053203	0.01	1	1	0.8	1.1146	0.42806	5	15	1.1146	0.42806	5	15	1.1146	0.42806	5	15	1.1146	0.42806	5	15	0	0.30962	0.11891	1.3889	4.1667	0.30962	0.11891	1.3889	4.1667	0.30962	0.11891	1.3889	4.1667	0.30962	0.11891	1.3889	4.1667	0	0	0	0	0	0	0	0	0	0	0	0	0	0	0	0	0	0
10000	1.013	0.0038427	0.02722	1	1	0.66819	1.5	0.3	2.5	15	1.5	0.3	2.5	15	1.5	0.3	2.5	15	1.5	0.3	2.5	15	0	0.51981	0.10396	0.86635	5.1981	0.51981	0.10396	0.86635	5.1981	0.51981	0.10396	0.86635	5.1981	0.51981	0.10396	0.86635	5.1981	0	0	0	0	0	0	0	0	0	0	0	0	0	0	0	0	0	0
10000	3	0.01	0.02216	1	1	1.6	1.1315	0.23439	2.5	15	1.1315	0.23439	2.5	15	1.1315	0.23439	2.5	15	1.1315	0.23439	2.5	15	0	0.70457	0.14595	1.5567	9.3405	0.70457	0.14595	1.5567	9.3405	0.70457	0.14595	1.5567	9.3405	0.70457	0.14595	1.5567	9.3405	0	0	0	0	0	0	0	0	0	0	0	0	0	0	0	0	0	0
10000	2.7977	0.0073129	0.026862	1	1	1.6558	1.1422	0.28844	2.5362	5.8494	1.1422	0.28844	2.5362	5.8494	1.1422	0.28844	2.5362	5.8494	1.1422	0.28844	2.5362	5.8494	0	0.85111	0.21494	1.8899	4.3588	0.85111	0.21494	1.8899	4.3588	0.85111	0.21494	1.8899	4.3588	0.85111	0.21494	1.8899	4.3588	0	0	0	0	0	0	0	0	0	0	0	0	0	0	0	0	0	0
10000	1.6297	0.001	0.020098	1	1	1.1999	1.5018	0.12851	2.5486	12.167	1.5018	0.12851	2.5486	12.167	1.5018	0.12851	2.5486	12.167	1.5018	0.12851	2.5486	12.167	0	0.51103	0.043728	0.8672	4.14	0.51103	0.043728	0.8672	4.14	0.51103	0.043728	0.8672	4.14	0.51103	0.043728	0.8672	4.14	0	0	0	0	0	0	0	0	0	0	0	0	0	0	0	0	0	0
10000	2.8385	0.0096802	0.015002	1	1	1.3753	0.99987	0.33324	2.5003	14.998	0.99987	0.33324	2.5003	14.998	0.99987	0.33324	2.5003	14.998	0.99987	0.33324	2.5003	14.998	0	0.86666	0.28884	2.1672	13	0.86666	0.28884	2.1672	13	0.86666	0.28884	2.1672	13	0.86666	0.28884	2.1672	13	0	0	0	0	0	0	0	0	0	0	0	0	0	0	0	0	0	0
10000	2.8015	0.0036667	0.01	1	1	1.5316	1.7293	0.4591	2.5954	10.3	1.7293	0.4591	2.5954	10.3	1.7293	0.4591	2.5954	10.3	1.7293	0.4591	2.5954	10.3	0	0.75871	0.20142	1.1387	4.519	0.75871	0.20142	1.1387	4.519	0.75871	0.20142	1.1387	4.519	0.75871	0.20142	1.1387	4.519	0	0	0	0	0	0	0	0	0	0	0	0	0	0	0	0	0	0
10000	5	0.001	0.01	1	1	1	0.88889	0.3	2.5	15	0.88889	0.3	2.5	15	0.88889	0.3	2.5	15	0.88889	0.3	2.5	15	0	0.64688	0.21832	1.8194	10.916	0.64688	0.21832	1.8194	10.916	0.64688	0.21832	1.8194	10.916	0.64688	0.21832	1.8194	10.916	0	0	0	0	0	0	0	0	0	0	0	0	0	0	0	0	0	0
10000	4.8417	0.001	0.01	1	1	1.0594	1.5	0.625	4.125	3.943	1.5	0.625	4.125	3.943	1.5	0.625	4.125	3.943	1.5	0.625	4.125	3.943	0	0.375	0.15625	1.0312	0.98575	0.375	0.15625	1.0312	0.98575	0.375	0.15625	1.0312	0.98575	0.375	0.15625	1.0312	0.98575	0	0	0	0	0	0	0	0	0	0	0	0	0	0	0	0	0	0
10000	6.5416	0.0037929	0.031667	1	1	1	0.8	0.53332	2.5	2.5	0.8	0.53332	2.5	2.5	0.8	0.53332	2.5	2.5	0.8	0.53332	2.5	2.5	0	0.84004	0.56001	2.6251	2.6251	0.84004	0.56001	2.6251	2.6251	0.84004	0.56001	2.6251	2.6251	0.84004	0.56001	2.6251	2.6251	0	0	0	0	0	0	0	0	0	0	0	0	0	0	0	0	0	0
10000	2.0692	0.0025214	0.017986	1	1	1.0071	1.4179	0.29537	5.0125	14.943	1.4179	0.29537	5.0125	14.943	1.4179	0.29537	5.0125	14.943	1.4179	0.29537	5.0125	14.943	0	0.35447	0.073843	1.2531	3.7358	0.35447	0.073843	1.2531	3.7358	0.35447	0.073843	1.2531	3.7358	0.35447	0.073843	1.2531	3.7358	0	0	0	0	0	0	0	0	0	0	0	0	0	0	0	0	0	0
10000	2.5167	0.001	0.019222	1	1	1	0.85601	0.4	5	10	0.85601	0.4	5	10	0.85601	0.4	5	10	0.85601	0.4	5	10	0	0.33067	0.15452	1.9315	3.863	0.33067	0.15452	1.9315	3.863	0.33067	0.15452	1.9315	3.863	0.33067	0.15452	1.9315	3.863	0	0	0	0	0	0	0	0	0	0	0	0	0	0	0	0	0	0
10000	2.0333	0.001	0.01	1	1	1	1	0.6	2.5	15	1	0.6	2.5	15	1	0.6	2.5	15	1	0.6	2.5	15	0	0.25	0.15	0.625	3.75	0.25	0.15	0.625	3.75	0.25	0.15	0.625	3.75	0.25	0.15	0.625	3.75	0	0	0	0	0	0	0	0	0	0	0	0	0	0	0	0	0	0
10000	9.4399	0.0047137	0.020726	1	1	1.1463	1.0253	0.3	2.5	9.2199	1.0253	0.3	2.5	9.2199	1.0253	0.3	2.5	9.2199	1.0253	0.3	2.5	9.2199	0	1.0164	0.29741	2.4784	9.1403	1.0164	0.29741	2.4784	9.1403	1.0164	0.29741	2.4784	9.1403	1.0164	0.29741	2.4784	9.1403	0	0	0	0	0	0	0	0	0	0	0	0	0	0	0	0	0	0
10000	3.55	0.005	0.01	1	1	0.9743	1	0.3	2.5	15	1	0.3	2.5	15	1	0.3	2.5	15	1	0.3	2.5	15	0	0.73995	0.22199	1.8499	11.099	0.73995	0.22199	1.8499	11.099	0.73995	0.22199	1.8499	11.099	0.73995	0.22199	1.8499	11.099	0	0	0	0	0	0	0	0	0	0	0	0	0	0	0	0	0	0
10000	4.2785	0.001	0.038333	1	1	0.8099	1.0652	0.54362	2.5282	29.778	1.0652	0.54362	2.5282	29.778	1.0652	0.54362	2.5282	29.778	1.0652	0.54362	2.5282	29.778	0	1.0911	0.55683	2.5896	30.502	1.0911	0.55683	2.5896	30.502	1.0911	0.55683	2.5896	30.502	1.0911	0.55683	2.5896	30.502	0	0	0	0	0	0	0	0	0	0	0	0	0	0	0	0	0	0
10000	1.2417	0.0098243	0.015745	1	1	0.97752	1.139	0.26647	2.9773	10.965	1.139	0.26647	2.9773	10.965	1.139	0.26647	2.9773	10.965	1.139	0.26647	2.9773	10.965	0	0.43521	0.10182	1.1376	4.1897	0.43521	0.10182	1.1376	4.1897	0.43521	0.10182	1.1376	4.1897	0.43521	0.10182	1.1376	4.1897	0	0	0	0	0	0	0	0	0	0	0	0	0	0	0	0	0	0
10000	3.9572	0.0049977	0.028651	1	1	0.99971	1.155	0.34023	2.1989	15.002	1.155	0.34023	2.1989	15.002	1.155	0.34023	2.1989	15.002	1.155	0.34023	2.1989	15.002	0	0.86766	0.25559	1.6519	11.271	0.86766	0.25559	1.6519	11.271	0.86766	0.25559	1.6519	11.271	0.86766	0.25559	1.6519	11.271	0	0	0	0	0	0	0	0	0	0	0	0	0	0	0	0	0	0
10000	8.975	0.001	0.05	1	1	1.25	1.5	0.625	1.625	19	1.5	0.625	1.625	19	1.5	0.625	1.625	19	1.5	0.625	1.625	19	0	0.84376	0.35156	0.91406	10.688	0.84376	0.35156	0.91406	10.688	0.84376	0.35156	0.91406	10.688	0.84376	0.35156	0.91406	10.688	0	0	0	0	0	0	0	0	0	0	0	0	0	0	0	0	0	0
10000	3.2368	0.001	0.013989	1	1	1.1089	1.4377	0.52106	2.4204	14.028	1.4377	0.52106	2.4204	14.028	1.4377	0.52106	2.4204	14.028	1.4377	0.52106	2.4204	14.028	0	0.79912	0.28963	1.3454	7.7977	0.79912	0.28963	1.3454	7.7977	0.79912	0.28963	1.3454	7.7977	0.79912	0.28963	1.3454	7.7977	0	0	0	0	0	0	0	0	0	0	0	0	0	0	0	0	0	0
10000	2.0333	0.0016667	0.01	1	1	1	1.2401	0.3	2.4964	10.963	1.2401	0.3	2.4964	10.963	1.2401	0.3	2.4964	10.963	1.2401	0.3	2.4964	10.963	0	0.62004	0.15	1.2482	5.4817	0.62004	0.15	1.2482	5.4817	0.62004	0.15	1.2482	5.4817	0.62004	0.15	1.2482	5.4817	0	0	0	0	0	0	0	0	0	0	0	0	0	0	0	0	0	0
10000	2.97	0.0036667	0.0301	1	1	0.80136	1.5031	0.82577	2.4956	220.24	1.5031	0.82577	2.4956	220.24	1.5031	0.82577	2.4956	220.24	1.5031	0.82577	2.4956	220.24	0	0.75124	0.41271	1.2473	110.07	0.75124	0.41271	1.2473	110.07	0.75124	0.41271	1.2473	110.07	0.75124	0.41271	1.2473	110.07	0	0	0	0	0	0	0	0	0	0	0	0	0	0	0	0	0	0
10000	3	0.005	0.012222	1	1	1	0.8	0.3	2.5	7.9618	0.8	0.3	2.5	7.9618	0.8	0.3	2.5	7.9618	0.8	0.3	2.5	7.9618	0	0.51698	0.19387	1.6156	5.1451	0.51698	0.19387	1.6156	5.1451	0.51698	0.19387	1.6156	5.1451	0.51698	0.19387	1.6156	5.1451	0	0	0	0	0	0	0	0	0	0	0	0	0	0	0	0	0	0
10000	3	0.005	0.03	1	1	0.8	1	0.3	2.5	15	1	0.3	2.5	15	1	0.3	2.5	15	1	0.3	2.5	15	0	1	0.3	2.5	15	1	0.3	2.5	15	1	0.3	2.5	15	1	0.3	2.5	15	0	0	0	0	0	0	0	0	0	0	0	0	0	0	0	0	0	0
10000	2.2193	0.0067665	0.034786	1	1	0.94503	1.0237	0.64037	3.584	14.755	1.0237	0.64037	3.584	14.755	1.0237	0.64037	3.584	14.755	1.0237	0.64037	3.584	14.755	0	0.25592	0.16009	0.89601	3.6887	0.25592	0.16009	0.89601	3.6887	0.25592	0.16009	0.89601	3.6887	0.25592	0.16009	0.89601	3.6887	0	0	0	0	0	0	0	0	0	0	0	0	0	0	0	0	0	0
10000	3.0541	0.005	0.01	1	1	0.8	1	0.3	2.5	21.585	1	0.3	2.5	21.585	1	0.3	2.5	21.585	1	0.3	2.5	21.585	0	0.83588	0.25076	2.0897	18.042	0.83588	0.25076	2.0897	18.042	0.83588	0.25076	2.0897	18.042	0.83588	0.25076	2.0897	18.042	0	0	0	0	0	0	0	0	0	0	0	0	0	0	0	0	0	0
10000	1.4493	0.001	0.02	1	1	1	1	0.3	2.8204	10	1	0.3	2.8204	10	1	0.3	2.8204	10	1	0.3	2.8204	10	0	0.5	0.15	1.4102	5	0.5	0.15	1.4102	5	0.5	0.15	1.4102	5	0.5	0.15	1.4102	5	0	0	0	0	0	0	0	0	0	0	0	0	0	0	0	0	0	0
