10000	4.1086	0.001	0.01	1	1	0.8	1	0.3	5	10.834	1	0.3	5	10.834	1	0.3	5	10.834	1	0.3	5	10.834	0	1	0.3	5	10.834	1	0.3	5	10.834	1	0.3	5	10.834	1	0.3	5	10.834	0	0.47349	0.47349	0.47349	0.47349	0.47349	0.47349	0.47349	0.47349	0.47349	0.47349	0.47349	0.47349	0.47349	0.47349	0.47349	0.47349	0.47349
10000	2.5699	0.0056966	0.026058	1	1	0.54636	0.94976	0.43089	2.6785	19.981	0.94976	0.43089	2.6785	19.981	0.94976	0.43089	2.6785	19.981	0.94976	0.43089	2.6785	19.981	-0.00040657	0.94969	0.43086	2.6782	19.979	0.94969	0.43086	2.6782	19.979	0.94969	0.43086	2.6782	19.979	0.94969	0.43086	2.6782	19.979	-0.00040654	0.27538	0.27538	0.27538	0.27538	0.27538	0.27538	0.27538	0.27538	0.27538	0.27538	0.27538	0.27538	0.27538	0.27538	0.27538	0.27538	0.27538
10000	4.753	0.0051695	0.01572	1	1	0.44139	0.6952	0.52766	3.8785	16.704	0.6952	0.52766	3.8785	16.704	0.6952	0.52766	3.8785	16.704	0.6952	0.52766	3.8785	16.704	-0.002115	0.8529	0.64736	4.7584	20.493	0.8529	0.64736	4.7584	20.493	0.8529	0.64736	4.7584	20.493	0.8529	0.64736	4.7584	20.493	-0.0025948	0.41663	0.41663	0.41663	0.41663	0.41663	0.41663	0.41663	0.41663	0.41663	0.41663	0.41663	0.41663	0.41663	0.41663	0.41663	0.41663	0.41663
10000	4.9068	0.010556	0.020816	1	1	0.78921	0.72651	0.32618	2.9629	20	0.72651	0.32618	2.9629	20	0.72651	0.32618	2.9629	20	0.72651	0.32618	2.9629	20	-0.26135	0.91252	0.40969	3.7215	25.12	0.91252	0.40969	3.7215	25.12	0.91252	0.40969	3.7215	25.12	0.91252	0.40969	3.7215	25.12	-0.32826	0.24463	0.24463	0.24463	0.24463	0.24463	0.24463	0.24463	0.24463	0.24463	0.24463	0.24463	0.24463	0.24463	0.24463	0.24463	0.24463	0.24463
10000	5.1314	0.0049259	0.020894	1	1	0.39352	0.80833	0.49306	4.9838	11.566	0.80833	0.49306	4.9838	11.566	0.80833	0.49306	4.9838	11.566	0.80833	0.49306	4.9838	11.566	-0.42092	0.80178	0.48906	4.9434	11.472	0.80178	0.48906	4.9434	11.472	0.80178	0.48906	4.9434	11.472	0.80178	0.48906	4.9434	11.472	-0.41751	0.45731	0.45731	0.45731	0.45731	0.45731	0.45731	0.45731	0.45731	0.45731	0.45731	0.45731	0.45731	0.45731	0.45731	0.45731	0.45731	0.45731
10000	3.3489	0.001	0.02	1	1	0.8	0.83855	0.33333	3.8889	11.111	0.83855	0.33333	3.8889	11.111	0.83855	0.33333	3.8889	11.111	0.83855	0.33333	3.8889	11.111	0	0.94501	0.37565	4.3826	12.522	0.94501	0.37565	4.3826	12.522	0.94501	0.37565	4.3826	12.522	0.94501	0.37565	4.3826	12.522	0	0.19237	0.19237	0.19237	0.19237	0.19237	0.19237	0.19237	0.19237	0.19237	0.19237	0.19237	0.19237	0.19237	0.19237	0.19237	0.19237	0.19237
10000	5.0662	0.0069999	0.027781	1	1	0.59813	0.9999	0.6666	4.6665	16.667	0.9999	0.6666	4.6665	16.667	0.9999	0.6666	4.6665	16.667	0.9999	0.6666	4.6665	16.667	-0.17028	0.99982	0.66654	4.666	16.666	0.99982	0.66654	4.666	16.666	0.99982	0.66654	4.666	16.666	0.99982	0.66654	4.666	16.666	-0.17026	0.2	0.2	0.2	0.2	0.2	0.2	0.2	0.2	0.2	0.2	0.2	0.2	0.2	0.2	0.2	0.2	0.2
10000	6.9739	0.001	0.019258	1	1	0.51253	0.93087	0.60453	5.5175	15.914	0.93087	0.60453	5.5175	15.914	0.93087	0.60453	5.5175	15.914	0.93087	0.60453	5.5175	15.914	0.082305	0.69815	0.4534	4.1381	11.935	0.69815	0.4534	4.1381	11.935	0.69815	0.4534	4.1381	11.935	0.69815	0.4534	4.1381	11.935	0.061728	0.29907	0.29907	0.29907	0.29907	0.29907	0.29907	0.29907	0.29907	0.29907	0.29907	0.29907	0.29907	0.29907	0.29907	0.29907	0.29907	0.29907
10000	7.1548	0.005814	0.03008	1	1	0.61875	0.998	0.4985	5.0898	19.979	0.998	0.4985	5.0898	19.979	0.998	0.4985	5.0898	19.979	0.998	0.4985	5.0898	19.979	0.0010022	0.9247	0.46189	4.716	18.512	0.9247	0.46189	4.716	18.512	0.9247	0.46189	4.716	18.512	0.9247	0.46189	4.716	18.512	0.00092859	0.19962	0.19962	0.19962	0.19962	0.19962	0.19962	0.19962	0.19962	0.19962	0.19962	0.19962	0.19962	0.19962	0.19962	0.19962	0.19962	0.19962
10000	5.4176	0.001	0.01	1	1	0.4	0.8	-0.24033	3.0571	10	0.8	-0.24033	3.0571	10	0.8	-0.24033	3.0571	10	0.8	-0.24033	3.0571	10	0	0.8	-0.24033	3.0571	10	0.8	-0.24033	3.0571	10	0.8	-0.24033	3.0571	10	0.8	-0.24033	3.0571	10	0	0.24173	0.24173	0.24173	0.24173	0.24173	0.24173	0.24173	0.24173	0.24173	0.24173	0.24173	0.24173	0.24173	0.24173	0.24173	0.24173	0.24173
10000	3	0.001	0.04	1	1	0.63335	1.4583	0.3	3.5756	20	1.4583	0.3	3.5756	20	1.4583	0.3	3.5756	20	1.4583	0.3	3.5756	20	-0.48066	1.3946	0.28691	3.4196	19.127	1.3946	0.28691	3.4196	19.127	1.3946	0.28691	3.4196	19.127	1.3946	0.28691	3.4196	19.127	-0.45969	0.2	0.2	0.2	0.2	0.2	0.2	0.2	0.2	0.2	0.2	0.2	0.2	0.2	0.2	0.2	0.2	0.2
10000	3	0.005	0.02	1	1	0.8	1	0.3	4.6667	20	1	0.3	4.6667	20	1	0.3	4.6667	20	1	0.3	4.6667	20	-0.45909	1.002	0.30061	4.6761	20.04	1.002	0.30061	4.6761	20.04	1.002	0.30061	4.6761	20.04	1.002	0.30061	4.6761	20.04	-0.46002	0.153	0.153	0.153	0.153	0.153	0.153	0.153	0.153	0.153	0.153	0.153	0.153	0.153	0.153	0.153	0.153	0.153
10000	3.1694	0.005	0.02	1	1	0.59577	0.85542	0.3	3.3284	30	0.85542	0.3	3.3284	30	0.85542	0.3	3.3284	30	0.85542	0.3	3.3284	30	0	0.93418	0.32762	3.6348	32.762	0.93418	0.32762	3.6348	32.762	0.93418	0.32762	3.6348	32.762	0.93418	0.32762	3.6348	32.762	0	0.2	0.2	0.2	0.2	0.2	0.2	0.2	0.2	0.2	0.2	0.2	0.2	0.2	0.2	0.2	0.2	0.2
10000	2.8592	0.0056666	0.022395	1	1	0.725	1.0833	0.52818	3.3878	5.6986	1.0833	0.52818	3.3878	5.6986	1.0833	0.52818	3.3878	5.6986	1.0833	0.52818	3.3878	5.6986	-0.041667	1.0043	0.48967	3.1407	5.283	1.0043	0.48967	3.1407	5.283	1.0043	0.48967	3.1407	5.283	1.0043	0.48967	3.1407	5.283	-0.038628	0.083333	0.083333	0.083333	0.083333	0.083333	0.083333	0.083333	0.083333	0.083333	0.083333	0.083333	0.083333	0.083333	0.083333	0.083333	0.083333	0.083333
10000	3	0.005	0.02	1	1	0.8	1.2222	0.5	4.6667	11.667	1.2222	0.5	4.6667	11.667	1.2222	0.5	4.6667	11.667	1.2222	0.5	4.6667	11.667	0	1.4257	0.58324	5.4436	13.609	1.4257	0.58324	5.4436	13.609	1.4257	0.58324	5.4436	13.609	1.4257	0.58324	5.4436	13.609	0	0.2	0.2	0.2	0.2	0.2	0.2	0.2	0.2	0.2	0.2	0.2	0.2	0.2	0.2	0.2	0.2	0.2
10000	4.0571	0.0019062	0.019834	1	1	0.74999	0.67541	0.67774	4.0212	65.455	0.67541	0.67774	4.0212	65.455	0.67541	0.67774	4.0212	65.455	0.67541	0.67774	4.0212	65.455	0.058127	0.67541	0.67774	4.0212	65.455	0.67541	0.67774	4.0212	65.455	0.67541	0.67774	4.0212	65.455	0.67541	0.67774	4.0212	65.455	0.058127	0.1798	0.1798	0.1798	0.1798	0.1798	0.1798	0.1798	0.1798	0.1798	0.1798	0.1798	0.1798	0.1798	0.1798	0.1798	0.1798	0.1798
10000	3.9691	0.00267	0.018663	1	1	0.68244	0.82613	0.33635	3.658	14.375	0.82613	0.33635	3.658	14.375	0.82613	0.33635	3.658	14.375	0.82613	0.33635	3.658	14.375	-0.012662	0.81526	0.33193	3.6099	14.186	0.81526	0.33193	3.6099	14.186	0.81526	0.33193	3.6099	14.186	0.81526	0.33193	3.6099	14.186	-0.012496	0.17875	0.17875	0.17875	0.17875	0.17875	0.17875	0.17875	0.17875	0.17875	0.17875	0.17875	0.17875	0.17875	0.17875	0.17875	0.17875	0.17875
10000	3	0.005	0.015	1	1	0.62445	1	0.6	3.5	127.24	1	0.6	3.5	127.24	1	0.6	3.5	127.24	1	0.6	3.5	127.24	0	1	0.6	3.5	127.24	1	0.6	3.5	127.24	1	0.6	3.5	127.24	1	0.6	3.5	127.24	0	0.2	0.2	0.2	0.2	0.2	0.2	0.2	0.2	0.2	0.2	0.2	0.2	0.2	0.2	0.2	0.2	0.2
10000	3	0.001	0.022264	1	1	0.5806	0.82798	0.5	3.5	15	0.82798	0.5	3.5	15	0.82798	0.5	3.5	15	0.82798	0.5	3.5	15	0	0.82797	0.5	3.5	15	0.82797	0.5	3.5	15	0.82797	0.5	3.5	15	0.82797	0.5	3.5	15	0	0.2	0.2	0.2	0.2	0.2	0.2	0.2	0.2	0.2	0.2	0.2	0.2	0.2	0.2	0.2	0.2	0.2
10000	9.9999	0.0050002	0.02	1	1	0.66062	0.99998	0.39999	5.3139	15	0.99998	0.39999	5.3139	15	0.99998	0.39999	5.3139	15	0.99998	0.39999	5.3139	15	1.1529e-05	0.99995	0.39997	5.3138	15	0.99995	0.39997	5.3138	15	0.99995	0.39997	5.3138	15	0.99995	0.39997	5.3138	15	1.1529e-05	0.3	0.3	0.3	0.3	0.3	0.3	0.3	0.3	0.3	0.3	0.3	0.3	0.3	0.3	0.3	0.3	0.3
10000	5	0.0034552	0.02	1	1	0.8	0.37811	0.4	3.3333	15	0.37811	0.4	3.3333	15	0.37811	0.4	3.3333	15	0.37811	0.4	3.3333	15	0.42763	0.37811	0.4	3.3333	15	0.37811	0.4	3.3333	15	0.37811	0.4	3.3333	15	0.37811	0.4	3.3333	15	0.42763	0.2	0.2	0.2	0.2	0.2	0.2	0.2	0.2	0.2	0.2	0.2	0.2	0.2	0.2	0.2	0.2	0.2
10000	4.8916	0.002	0.018333	1	1	0.80002	0.64722	0.29999	3.4999	140	0.64722	0.29999	3.4999	140	0.64722	0.29999	3.4999	140	0.64722	0.29999	3.4999	140	0.1111	0.68316	0.31665	3.6943	147.77	0.68316	0.31665	3.6943	147.77	0.68316	0.31665	3.6943	147.77	0.68316	0.31665	3.6943	147.77	0.11727	0.18936	0.18936	0.18936	0.18936	0.18936	0.18936	0.18936	0.18936	0.18936	0.18936	0.18936	0.18936	0.18936	0.18936	0.18936	0.18936	0.18936
10000	6.035	0.0087468	0.01	1	1	1.0667	0.78751	0.6	4.6666	15	0.78751	0.6	4.6666	15	0.78751	0.6	4.6666	15	0.78751	0.6	4.6666	15	1	1.1799	0.89896	6.9919	22.474	1.1799	0.89896	6.9919	22.474	1.1799	0.89896	6.9919	22.474	1.1799	0.89896	6.9919	22.474	1.4983	0.2	0.2	0.2	0.2	0.2	0.2	0.2	0.2	0.2	0.2	0.2	0.2	0.2	0.2	0.2	0.2	0.2
10000	8	0.001	0.04	1	1	0.88889	1	0.3	2.5	15	1	0.3	2.5	15	1	0.3	2.5	15	1	0.3	2.5	15	0.33333	1	0.3	2.5	15	1	0.3	2.5	15	1	0.3	2.5	15	1	0.3	2.5	15	0.33333	0.22832	0.22832	0.22832	0.22832	0.22832	0.22832	0.22832	0.22832	0.22832	0.22832	0.22832	0.22832	0.22832	0.22832	0.22832	0.22832	0.22832
10000	7	0.0058333	0.02	1	1	0.8	1	0.22779	3.7986	11.203	1	0.22779	3.7986	11.203	1	0.22779	3.7986	11.203	1	0.22779	3.7986	11.203	0.33333	1	0.22779	3.7986	11.203	1	0.22779	3.7986	11.203	1	0.22779	3.7986	11.203	1	0.22779	3.7986	11.203	0.33333	0.2	0.2	0.2	0.2	0.2	0.2	0.2	0.2	0.2	0.2	0.2	0.2	0.2	0.2	0.2	0.2	0.2
10000	1.5792	0.001	0.018929	1	1	0.41481	0.8	0.96255	3.8427	17.286	0.8	0.96255	3.8427	17.286	0.8	0.96255	3.8427	17.286	0.8	0.96255	3.8427	17.286	0.12156	0.352	0.42352	1.6908	7.6058	0.352	0.42352	1.6908	7.6058	0.352	0.42352	1.6908	7.6058	0.352	0.42352	1.6908	7.6058	0.053488	0.083333	0.083333	0.083333	0.083333	0.083333	0.083333	0.083333	0.083333	0.083333	0.083333	0.083333	0.083333	0.083333	0.083333	0.083333	0.083333	0.083333
10000	2.6471	0.001	0.0268	1	1	0.49398	1.1482	0.52101	4.405	108.64	1.1482	0.52101	4.405	108.64	1.1482	0.52101	4.405	108.64	1.1482	0.52101	4.405	108.64	-0.17001	0.80657	0.366	3.0944	76.317	0.80657	0.366	3.0944	76.317	0.80657	0.366	3.0944	76.317	0.80657	0.366	3.0944	76.317	-0.11943	0.19929	0.19929	0.19929	0.19929	0.19929	0.19929	0.19929	0.19929	0.19929	0.19929	0.19929	0.19929	0.19929	0.19929	0.19929	0.19929	0.19929
10000	1.55	0.0041093	0.02178	1	1	0.28889	1.1423	0.43554	4.8096	30	1.1423	0.43554	4.8096	30	1.1423	0.43554	4.8096	30	1.1423	0.43554	4.8096	30	0	0.57114	0.21777	2.4048	15	0.57114	0.21777	2.4048	15	0.57114	0.21777	2.4048	15	0.57114	0.21777	2.4048	15	0	0	0	0	0	0	0	0	0	0	0	0	0	0	0	0	0	0
10000	4.1077	0.001	0.01	1	1	0.38206	0.97437	0.31666	3.5577	15.205	0.97437	0.31666	3.5577	15.205	0.97437	0.31666	3.5577	15.205	0.97437	0.31666	3.5577	15.205	0.27428	0.24359	0.079165	0.88942	3.8013	0.24359	0.079165	0.88942	3.8013	0.24359	0.079165	0.88942	3.8013	0.24359	0.079165	0.88942	3.8013	0.068569	0.094874	0.094874	0.094874	0.094874	0.094874	0.094874	0.094874	0.094874	0.094874	0.094874	0.094874	0.094874	0.094874	0.094874	0.094874	0.094874	0.094874
10000	10	0.001	0.017325	1	1	0.26269	1.4525	0.56797	3.292	11.38	1.4525	0.56797	3.292	11.38	1.4525	0.56797	3.292	11.38	1.4525	0.56797	3.292	11.38	0.22627	0.3976	0.15547	0.9011	3.1149	0.3976	0.15547	0.9011	3.1149	0.3976	0.15547	0.9011	3.1149	0.3976	0.15547	0.9011	3.1149	0.061937	0.35985	0.35985	0.35985	0.35985	0.35985	0.35985	0.35985	0.35985	0.35985	0.35985	0.35985	0.35985	0.35985	0.35985	0.35985	0.35985	0.35985
10000	8.4878	0.005	0.02	1	1	0.29755	0.8	0.5	4.9994	15	0.8	0.5	4.9994	15	0.8	0.5	4.9994	15	0.8	0.5	4.9994	15	0	0.8	0.5	4.9994	15	0.8	0.5	4.9994	15	0.8	0.5	4.9994	15	0.8	0.5	4.9994	15	0	0.11783	0.11783	0.11783	0.11783	0.11783	0.11783	0.11783	0.11783	0.11783	0.11783	0.11783	0.11783	0.11783	0.11783	0.11783	0.11783	0.11783
10000	5.3727	0.0079231	0.01	1	1	0.62096	1.2322	1.6621	5.6696	49.308	1.2322	1.6621	5.6696	49.308	1.2322	1.6621	5.6696	49.308	1.2322	1.6621	5.6696	49.308	0.093222	0.71444	0.96372	3.2873	28.589	0.71444	0.96372	3.2873	28.589	0.71444	0.96372	3.2873	28.589	0.71444	0.96372	3.2873	28.589	0.05405	0.16978	0.16978	0.16978	0.16978	0.16978	0.16978	0.16978	0.16978	0.16978	0.16978	0.16978	0.16978	0.16978	0.16978	0.16978	0.16978	0.16978
10000	1.4899	0.005	0.01	1	1	0.53333	1	1.3958	3.7037	15	1	1.3958	3.7037	15	1	1.3958	3.7037	15	1	1.3958	3.7037	15	-0.35913	0.5	0.6979	1.8519	7.5	0.5	0.6979	1.8519	7.5	0.5	0.6979	1.8519	7.5	0.5	0.6979	1.8519	7.5	-0.17956	0.079305	0.079305	0.079305	0.079305	0.079305	0.079305	0.079305	0.079305	0.079305	0.079305	0.079305	0.079305	0.079305	0.079305	0.079305	0.079305	0.079305
10000	2.9215	0.005	0.02839	1	1	0.53488	0.74153	0.27384	3.5905	15.322	0.74153	0.27384	3.5905	15.322	0.74153	0.27384	3.5905	15.322	0.74153	0.27384	3.5905	15.322	0.037256	0.3471	0.12818	1.6807	7.1719	0.3471	0.12818	1.6807	7.1719	0.3471	0.12818	1.6807	7.1719	0.3471	0.12818	1.6807	7.1719	0.017439	0.091952	0.091952	0.091952	0.091952	0.091952	0.091952	0.091952	0.091952	0.091952	0.091952	0.091952	0.091952	0.091952	0.091952	0.091952	0.091952	0.091952
10000	2.5713	0.006771	0.014669	1	1	0.42913	0.94889	0.66488	4.172	16.771	0.94889	0.66488	4.172	16.771	0.94889	0.66488	4.172	16.771	0.94889	0.66488	4.172	16.771	0.11053	0.6243	0.43744	2.7449	11.034	0.6243	0.43744	2.7449	11.034	0.6243	0.43744	2.7449	11.034	0.6243	0.43744	2.7449	11.034	0.072718	0.11187	0.11187	0.11187	0.11187	0.11187	0.11187	0.11187	0.11187	0.11187	0.11187	0.11187	0.11187	0.11187	0.11187	0.11187	0.11187	0.11187
10000	6	0.005	0.017992	1	1	0.52273	0.8	0.33333	5.3154	15	0.8	0.33333	5.3154	15	0.8	0.33333	5.3154	15	0.8	0.33333	5.3154	15	-0.40585	0.4	0.16667	2.6577	7.5	0.4	0.16667	2.6577	7.5	0.4	0.16667	2.6577	7.5	0.4	0.16667	2.6577	7.5	-0.20293	0.1	0.1	0.1	0.1	0.1	0.1	0.1	0.1	0.1	0.1	0.1	0.1	0.1	0.1	0.1	0.1	0.1
10000	2.5167	0.005	0.022397	1	1	0.8	0.85964	0.3	3.5	10	0.85964	0.3	3.5	10	0.85964	0.3	3.5	10	0.85964	0.3	3.5	10	0	0.85965	0.3	3.5	10	0.85965	0.3	3.5	10	0.85965	0.3	3.5	10	0.85965	0.3	3.5	10	0	0.064124	0.064124	0.064124	0.064124	0.064124	0.064124	0.064124	0.064124	0.064124	0.064124	0.064124	0.064124	0.064124	0.064124	0.064124	0.064124	0.064124
10000	4.5695	0.0022143	0.022186	1	1	0.80163	0.96859	0.27012	6.2277	35.584	0.96859	0.27012	6.2277	35.584	0.96859	0.27012	6.2277	35.584	0.96859	0.27012	6.2277	35.584	-0.00090771	0.67741	0.18892	4.3555	24.887	0.67741	0.18892	4.3555	24.887	0.67741	0.18892	4.3555	24.887	0.67741	0.18892	4.3555	24.887	-0.00063483	0.090606	0.090606	0.090606	0.090606	0.090606	0.090606	0.090606	0.090606	0.090606	0.090606	0.090606	0.090606	0.090606	0.090606	0.090606	0.090606	0.090606
10000	7	0.0044435	0.01	1	1	0.8	1	0.3	7	20	1	0.3	7	20	1	0.3	7	20	1	0.3	7	20	0	0.62817	0.18845	4.3972	12.563	0.62817	0.18845	4.3972	12.563	0.62817	0.18845	4.3972	12.563	0.62817	0.18845	4.3972	12.563	0	0.1	0.1	0.1	0.1	0.1	0.1	0.1	0.1	0.1	0.1	0.1	0.1	0.1	0.1	0.1	0.1	0.1
10000	7	0.0044703	0.02	1	1	0.66598	1	0.3	7	21.157	1	0.3	7	21.157	1	0.3	7	21.157	1	0.3	7	21.157	0	0.5	0.15	3.5	10.578	0.5	0.15	3.5	10.578	0.5	0.15	3.5	10.578	0.5	0.15	3.5	10.578	0	0.022453	0.022453	0.022453	0.022453	0.022453	0.022453	0.022453	0.022453	0.022453	0.022453	0.022453	0.022453	0.022453	0.022453	0.022453	0.022453	0.022453
10000	3.3066	0.001	0.0166	1	1	0.4	1	0.3	3.586	13.333	1	0.3	3.586	13.333	1	0.3	3.586	13.333	1	0.3	3.586	13.333	0	0.5	0.15	1.793	6.6666	0.5	0.15	1.793	6.6666	0.5	0.15	1.793	6.6666	0.5	0.15	1.793	6.6666	0	0.1	0.1	0.1	0.1	0.1	0.1	0.1	0.1	0.1	0.1	0.1	0.1	0.1	0.1	0.1	0.1	0.1
10000	5	0.001	0.01	1	1	0.8	0.537	0.3	3.6842	20.028	0.537	0.3	3.6842	20.028	0.537	0.3	3.6842	20.028	0.537	0.3	3.6842	20.028	0	0.537	0.3	3.6842	20.028	0.537	0.3	3.6842	20.028	0.537	0.3	3.6842	20.028	0.537	0.3	3.6842	20.028	0	0.19025	0.19025	0.19025	0.19025	0.19025	0.19025	0.19025	0.19025	0.19025	0.19025	0.19025	0.19025	0.19025	0.19025	0.19025	0.19025	0.19025
10000	10	0.0057927	0.019645	1	1	0.77657	0.99911	0.34025	5.3039	18.718	0.99911	0.34025	5.3039	18.718	0.99911	0.34025	5.3039	18.718	0.99911	0.34025	5.3039	18.718	-0.32194	0.98446	0.33526	5.2261	18.443	0.98446	0.33526	5.2261	18.443	0.98446	0.33526	5.2261	18.443	0.98446	0.33526	5.2261	18.443	-0.31722	0.21968	0.21968	0.21968	0.21968	0.21968	0.21968	0.21968	0.21968	0.21968	0.21968	0.21968	0.21968	0.21968	0.21968	0.21968	0.21968	0.21968
10000	10	0.0011118	0.01	1	1	0.61633	0.90668	0.4	2.8636	15	0.90668	0.4	2.8636	15	0.90668	0.4	2.8636	15	0.90668	0.4	2.8636	15	-0.066487	0.83113	0.36667	2.625	13.75	0.83113	0.36667	2.625	13.75	0.83113	0.36667	2.625	13.75	0.83113	0.36667	2.625	13.75	-0.060946	0.1	0.1	0.1	0.1	0.1	0.1	0.1	0.1	0.1	0.1	0.1	0.1	0.1	0.1	0.1	0.1	0.1
10000	6.9657	0.0019101	0.015	1	1	0.5346	0.8	0.66667	3.7527	10	0.8	0.66667	3.7527	10	0.8	0.66667	3.7527	10	0.8	0.66667	3.7527	10	0	0.8	0.66667	3.7528	10	0.8	0.66667	3.7528	10	0.8	0.66667	3.7528	10	0.8	0.66667	3.7528	10	0	0.2	0.2	0.2	0.2	0.2	0.2	0.2	0.2	0.2	0.2	0.2	0.2	0.2	0.2	0.2	0.2	0.2
10000	3.0181	0.0016894	0.016771	1	1	0.65425	0.9844	0.5	2.8334	16.643	0.9844	0.5	2.8334	16.643	0.9844	0.5	2.8334	16.643	0.9844	0.5	2.8334	16.643	0.074074	1.0583	0.53755	3.0461	17.893	1.0583	0.53755	3.0461	17.893	1.0583	0.53755	3.0461	17.893	1.0583	0.53755	3.0461	17.893	0.079637	0.090579	0.090579	0.090579	0.090579	0.090579	0.090579	0.090579	0.090579	0.090579	0.090579	0.090579	0.090579	0.090579	0.090579	0.090579	0.090579	0.090579
10000	6.6487	0.001	0.01	1	1	0.6371	1	0.3	5.9309	20	1	0.3	5.9309	20	1	0.3	5.9309	20	1	0.3	5.9309	20	0.11111	0.55822	0.16747	3.3108	11.164	0.55822	0.16747	3.3108	11.164	0.55822	0.16747	3.3108	11.164	0.55822	0.16747	3.3108	11.164	0.062025	0.2	0.2	0.2	0.2	0.2	0.2	0.2	0.2	0.2	0.2	0.2	0.2	0.2	0.2	0.2	0.2	0.2
10000	7	0.001	0.02	1	1	0.8	1	0.3	2.5	15	1	0.3	2.5	15	1	0.3	2.5	15	1	0.3	2.5	15	0	0.68482	0.20545	1.7121	10.272	0.68482	0.20545	1.7121	10.272	0.68482	0.20545	1.7121	10.272	0.68482	0.20545	1.7121	10.272	0	0.1	0.1	0.1	0.1	0.1	0.1	0.1	0.1	0.1	0.1	0.1	0.1	0.1	0.1	0.1	0.1	0.1
10000	7	0.001	0.01773	1	1	0.8	1	0.3	3.5	14.02	1	0.3	3.5	14.02	1	0.3	3.5	14.02	1	0.3	3.5	14.02	0	1	0.3	3.5	14.02	1	0.3	3.5	14.02	1	0.3	3.5	14.02	1	0.3	3.5	14.02	0	0.2	0.2	0.2	0.2	0.2	0.2	0.2	0.2	0.2	0.2	0.2	0.2	0.2	0.2	0.2	0.2	0.2
10000	3.343	0.001	0.02	1	1	0.8	0.55525	0.4	2.7603	10	0.55525	0.4	2.7603	10	0.55525	0.4	2.7603	10	0.55525	0.4	2.7603	10	0	0.55525	0.4	2.7603	10	0.55525	0.4	2.7603	10	0.55525	0.4	2.7603	10	0.55525	0.4	2.7603	10	0	0.2	0.2	0.2	0.2	0.2	0.2	0.2	0.2	0.2	0.2	0.2	0.2	0.2	0.2	0.2	0.2	0.2
10000	2.9991	0.001355	0.01	1	1	0.5694	0.98573	0.30928	3.4919	178.63	0.98573	0.30928	3.4919	178.63	0.98573	0.30928	3.4919	178.63	0.98573	0.30928	3.4919	178.63	0.0071351	0.48867	0.15332	1.7311	88.556	0.48867	0.15332	1.7311	88.556	0.48867	0.15332	1.7311	88.556	0.48867	0.15332	1.7311	88.556	0.0035372	0.1434	0.1434	0.1434	0.1434	0.1434	0.1434	0.1434	0.1434	0.1434	0.1434	0.1434	0.1434	0.1434	0.1434	0.1434	0.1434	0.1434
10000	3.9347	0.001	0.020139	1	1	0.78201	0.84501	0.38558	3.8519	14.945	0.84501	0.38558	3.8519	14.945	0.84501	0.38558	3.8519	14.945	0.84501	0.38558	3.8519	14.945	1.4011e-05	0.21125	0.096395	0.96297	3.7362	0.21125	0.096395	0.96297	3.7362	0.21125	0.096395	0.96297	3.7362	0.21125	0.096395	0.96297	3.7362	3.5027e-06	0.19722	0.19722	0.19722	0.19722	0.19722	0.19722	0.19722	0.19722	0.19722	0.19722	0.19722	0.19722	0.19722	0.19722	0.19722	0.19722	0.19722
10000	3.9942	0.0015315	0.01	1	1	0.775	0.775	0.53395	3.5625	15.222	0.775	0.53395	3.5625	15.222	0.775	0.53395	3.5625	15.222	0.775	0.53395	3.5625	15.222	-0.013889	0.38626	0.26612	1.7755	7.5867	0.38626	0.26612	1.7755	7.5867	0.38626	0.26612	1.7755	7.5867	0.38626	0.26612	1.7755	7.5867	-0.0069222	0.17267	0.17267	0.17267	0.17267	0.17267	0.17267	0.17267	0.17267	0.17267	0.17267	0.17267	0.17267	0.17267	0.17267	0.17267	0.17267	0.17267
10000	3.2871	0.0033576	0.019997	1	1	0.80022	1	0.40016	4.9996	15.002	1	0.40016	4.9996	15.002	1	0.40016	4.9996	15.002	1	0.40016	4.9996	15.002	-0.21843	0.49989	0.20003	2.4992	7.4991	0.49989	0.20003	2.4992	7.4991	0.49989	0.20003	2.4992	7.4991	0.49989	0.20003	2.4992	7.4991	-0.10919	0.21118	0.21118	0.21118	0.21118	0.21118	0.21118	0.21118	0.21118	0.21118	0.21118	0.21118	0.21118	0.21118	0.21118	0.21118	0.21118	0.21118
10000	2.3717	0.001	0.01	1	1	0.8	0.73851	0.43333	2.7751	16.667	0.73851	0.43333	2.7751	16.667	0.73851	0.43333	2.7751	16.667	0.73851	0.43333	2.7751	16.667	-2.0185e-06	0.30827	0.18088	1.1584	6.9571	0.30827	0.18088	1.1584	6.9571	0.30827	0.18088	1.1584	6.9571	0.30827	0.18088	1.1584	6.9571	-8.4257e-07	0.1	0.1	0.1	0.1	0.1	0.1	0.1	0.1	0.1	0.1	0.1	0.1	0.1	0.1	0.1	0.1	0.1
10000	3.4366	0.0012963	0.03	1	1	0.8	1.5	0.33302	3.1667	19.533	1.5	0.33302	3.1667	19.533	1.5	0.33302	3.1667	19.533	1.5	0.33302	3.1667	19.533	-6.0555e-06	0.75273	0.16712	1.5891	9.802	0.75273	0.16712	1.5891	9.802	0.75273	0.16712	1.5891	9.802	0.75273	0.16712	1.5891	9.802	-3.0388e-06	0.10643	0.10643	0.10643	0.10643	0.10643	0.10643	0.10643	0.10643	0.10643	0.10643	0.10643	0.10643	0.10643	0.10643	0.10643	0.10643	0.10643
10000	4.5019	0.001	0.01	1	1	0.65975	1	0.3	3.2247	30	1	0.3	3.2247	30	1	0.3	3.2247	30	1	0.3	3.2247	30	0	1	0.3	3.2247	30	1	0.3	3.2247	30	1	0.3	3.2247	30	1	0.3	3.2247	30	0	0.089334	0.089334	0.089334	0.089334	0.089334	0.089334	0.089334	0.089334	0.089334	0.089334	0.089334	0.089334	0.089334	0.089334	0.089334	0.089334	0.089334
10000	8.206	0.001	0.02	1	1	0.57506	1.1387	0.1454	3.971	20	1.1387	0.1454	3.971	20	1.1387	0.1454	3.971	20	1.1387	0.1454	3.971	20	0	1.1387	0.1454	3.971	20	1.1387	0.1454	3.971	20	1.1387	0.1454	3.971	20	1.1387	0.1454	3.971	20	0	0.3	0.3	0.3	0.3	0.3	0.3	0.3	0.3	0.3	0.3	0.3	0.3	0.3	0.3	0.3	0.3	0.3
10000	2.6866	0.001	0.027655	1	1	0.52572	1.3901	0.4	5	15	1.3901	0.4	5	15	1.3901	0.4	5	15	1.3901	0.4	5	15	0	0.69505	0.2	2.5	7.5	0.69505	0.2	2.5	7.5	0.69505	0.2	2.5	7.5	0.69505	0.2	2.5	7.5	0	0.17915	0.17915	0.17915	0.17915	0.17915	0.17915	0.17915	0.17915	0.17915	0.17915	0.17915	0.17915	0.17915	0.17915	0.17915	0.17915	0.17915
10000	2.9467	0.001	0.02	1	1	0.52878	1	0.3	3.8175	15	1	0.3	3.8175	15	1	0.3	3.8175	15	1	0.3	3.8175	15	0	0.69565	0.20869	2.6556	10.435	0.69565	0.20869	2.6556	10.435	0.69565	0.20869	2.6556	10.435	0.69565	0.20869	2.6556	10.435	0	0.13537	0.13537	0.13537	0.13537	0.13537	0.13537	0.13537	0.13537	0.13537	0.13537	0.13537	0.13537	0.13537	0.13537	0.13537	0.13537	0.13537
10000	3	0.0036667	0.019444	1	1	0.664	1	0.5	3.5	13.333	1	0.5	3.5	13.333	1	0.5	3.5	13.333	1	0.5	3.5	13.333	0	0.77052	0.38526	2.6968	10.274	0.77052	0.38526	2.6968	10.274	0.77052	0.38526	2.6968	10.274	0.77052	0.38526	2.6968	10.274	0	0.15734	0.15734	0.15734	0.15734	0.15734	0.15734	0.15734	0.15734	0.15734	0.15734	0.15734	0.15734	0.15734	0.15734	0.15734	0.15734	0.15734
10000	3.5384	0.001	0.02	1	1	0.8	1.0877	0.3	2.5	15	1.0877	0.3	2.5	15	1.0877	0.3	2.5	15	1.0877	0.3	2.5	15	0	0.82167	0.22663	1.8885	11.331	0.82167	0.22663	1.8885	11.331	0.82167	0.22663	1.8885	11.331	0.82167	0.22663	1.8885	11.331	0	0.0898	0.0898	0.0898	0.0898	0.0898	0.0898	0.0898	0.0898	0.0898	0.0898	0.0898	0.0898	0.0898	0.0898	0.0898	0.0898	0.0898
10000	7	0.001	0.01	1	1	0.8	0.86007	0.3	3.4172	15	0.86007	0.3	3.4172	15	0.86007	0.3	3.4172	15	0.86007	0.3	3.4172	15	0	0.86007	0.3	3.4172	15	0.86007	0.3	3.4172	15	0.86007	0.3	3.4172	15	0.86007	0.3	3.4172	15	0	0.22291	0.22291	0.22291	0.22291	0.22291	0.22291	0.22291	0.22291	0.22291	0.22291	0.22291	0.22291	0.22291	0.22291	0.22291	0.22291	0.22291
10000	2.9188	0.001	0.023362	1	1	0.76704	1.2917	0.29286	3.3935	15.333	1.2917	0.29286	3.3935	15.333	1.2917	0.29286	3.3935	15.333	1.2917	0.29286	3.3935	15.333	-0.12791	0.67752	0.15361	1.78	8.0427	0.67752	0.15361	1.78	8.0427	0.67752	0.15361	1.78	8.0427	0.67752	0.15361	1.78	8.0427	-0.067092	0.22158	0.22158	0.22158	0.22158	0.22158	0.22158	0.22158	0.22158	0.22158	0.22158	0.22158	0.22158	0.22158	0.22158	0.22158	0.22158	0.22158
10000	2.9996	0.0052398	0.01	1	1	0.79982	0.79982	0.29994	4.9996	14.998	0.79982	0.29994	4.9996	14.998	0.79982	0.29994	4.9996	14.998	0.79982	0.29994	4.9996	14.998	0.33343	0.39999	0.15	2.5003	7.5007	0.39999	0.15	2.5003	7.5007	0.39999	0.15	2.5003	7.5007	0.39999	0.15	2.5003	7.5007	0.16675	0.20008	0.20008	0.20008	0.20008	0.20008	0.20008	0.20008	0.20008	0.20008	0.20008	0.20008	0.20008	0.20008	0.20008	0.20008	0.20008	0.20008
10000	5.5719	0.001	0.020002	1	1	0.80011	0.99988	0.29992	2.5001	15.001	0.99988	0.29992	2.5001	15.001	0.99988	0.29992	2.5001	15.001	0.99988	0.29992	2.5001	15.001	-5.3572e-05	1.1336	0.34004	2.8345	17.007	1.1336	0.34004	2.8345	17.007	1.1336	0.34004	2.8345	17.007	1.1336	0.34004	2.8345	17.007	-6.0738e-05	0.10002	0.10002	0.10002	0.10002	0.10002	0.10002	0.10002	0.10002	0.10002	0.10002	0.10002	0.10002	0.10002	0.10002	0.10002	0.10002	0.10002
10000	4.6852	0.001	0.01	1	1	0.28991	0.99855	0.50109	2.7926	30.012	0.99855	0.50109	2.7926	30.012	0.99855	0.50109	2.7926	30.012	0.99855	0.50109	2.7926	30.012	0.0007267	0.99982	0.50173	2.7962	30.05	0.99982	0.50173	2.7962	30.05	0.99982	0.50173	2.7962	30.05	0.99982	0.50173	2.7962	30.05	0.00072763	0.10016	0.10016	0.10016	0.10016	0.10016	0.10016	0.10016	0.10016	0.10016	0.10016	0.10016	0.10016	0.10016	0.10016	0.10016	0.10016	0.10016
10000	4.1356	0.005	0.02	1	1	0.8	0.89498	0.3	2.5	15	0.89498	0.3	2.5	15	0.89498	0.3	2.5	15	0.89498	0.3	2.5	15	6.0555e-06	1.0573	0.35442	2.9535	17.721	1.0573	0.35442	2.9535	17.721	1.0573	0.35442	2.9535	17.721	1.0573	0.35442	2.9535	17.721	7.1539e-06	0.1	0.1	0.1	0.1	0.1	0.1	0.1	0.1	0.1	0.1	0.1	0.1	0.1	0.1	0.1	0.1	0.1
10000	7	0.0023312	0.013333	1	1	0.8	0.5431	0.3	2.5	15	0.5431	0.3	2.5	15	0.5431	0.3	2.5	15	0.5431	0.3	2.5	15	0	0.87996	0.48607	4.0506	24.304	0.87996	0.48607	4.0506	24.304	0.87996	0.48607	4.0506	24.304	0.87996	0.48607	4.0506	24.304	0	0.18889	0.18889	0.18889	0.18889	0.18889	0.18889	0.18889	0.18889	0.18889	0.18889	0.18889	0.18889	0.18889	0.18889	0.18889	0.18889	0.18889
10000	6.5022	0.001311	0.018202	1	1	0.72098	0.91009	0.45844	3.627	12.31	0.91009	0.45844	3.627	12.31	0.91009	0.45844	3.627	12.31	0.91009	0.45844	3.627	12.31	-0.044956	0.98169	0.49451	3.9123	13.278	0.98169	0.49451	3.9123	13.278	0.98169	0.49451	3.9123	13.278	0.98169	0.49451	3.9123	13.278	-0.048492	0.2541	0.2541	0.2541	0.2541	0.2541	0.2541	0.2541	0.2541	0.2541	0.2541	0.2541	0.2541	0.2541	0.2541	0.2541	0.2541	0.2541
10000	5.1841	0.001	0.02	1	1	0.4	1	0.5	2.5	20	1	0.5	2.5	20	1	0.5	2.5	20	1	0.5	2.5	20	0.33333	1	0.5	2.5	20	1	0.5	2.5	20	1	0.5	2.5	20	1	0.5	2.5	20	0.33333	0.1	0.1	0.1	0.1	0.1	0.1	0.1	0.1	0.1	0.1	0.1	0.1	0.1	0.1	0.1	0.1	0.1
10000	4.0555	0.0039189	0.019581	1	1	0.72349	0.92511	0.37908	3.0641	15.599	0.92511	0.37908	3.0641	15.599	0.92511	0.37908	3.0641	15.599	0.92511	0.37908	3.0641	15.599	-0.16913	0.79077	0.32403	2.6191	13.334	0.79077	0.32403	2.6191	13.334	0.79077	0.32403	2.6191	13.334	0.79077	0.32403	2.6191	13.334	-0.14457	0.13445	0.13445	0.13445	0.13445	0.13445	0.13445	0.13445	0.13445	0.13445	0.13445	0.13445	0.13445	0.13445	0.13445	0.13445	0.13445	0.13445
10000	2.9989	0.001	0.014731	1	1	0.40041	1.3339	0.30038	2.499	20.005	1.3339	0.30038	2.499	20.005	1.3339	0.30038	2.499	20.005	1.3339	0.30038	2.499	20.005	0.00029076	1.3338	0.30035	2.4987	20.003	1.3338	0.30035	2.4987	20.003	1.3338	0.30035	2.4987	20.003	1.3338	0.30035	2.4987	20.003	0.00029073	0	0	0	0	0	0	0	0	0	0	0	0	0	0	0	0	0
10000	3.325	0.0040719	0.018747	1	1	0.42568	1.2603	0.40833	2.7917	10.072	1.2603	0.40833	2.7917	10.072	1.2603	0.40833	2.7917	10.072	1.2603	0.40833	2.7917	10.072	-0.083333	1.0765	0.34878	2.3846	8.6035	1.0765	0.34878	2.3846	8.6035	1.0765	0.34878	2.3846	8.6035	1.0765	0.34878	2.3846	8.6035	-0.07118	0	0	0	0	0	0	0	0	0	0	0	0	0	0	0	0	0
10000	4.0241	0.0046667	0.020833	1	1	0.35778	1.0417	0.28186	2.5729	8.3865	1.0417	0.28186	2.5729	8.3865	1.0417	0.28186	2.5729	8.3865	1.0417	0.28186	2.5729	8.3865	0.35416	1.0037	0.27159	2.4791	8.0808	1.0037	0.27159	2.4791	8.0808	1.0037	0.27159	2.4791	8.0808	1.0037	0.27159	2.4791	8.0808	0.34125	0	0	0	0	0	0	0	0	0	0	0	0	0	0	0	0	0
10000	1.54	0.001	0.019897	1	1	0.79538	1.0051	0.25832	3.8763	19.946	1.0051	0.25832	3.8763	19.946	1.0051	0.25832	3.8763	19.946	1.0051	0.25832	3.8763	19.946	0.10878	0.8835	0.22706	3.4073	17.532	0.8835	0.22706	3.4073	17.532	0.8835	0.22706	3.4073	17.532	0.8835	0.22706	3.4073	17.532	0.095614	0.20082	0.20082	0.20082	0.20082	0.20082	0.20082	0.20082	0.20082	0.20082	0.20082	0.20082	0.20082	0.20082	0.20082	0.20082	0.20082	0.20082
10000	3	0.001	0.02	1	1	0.6635	1	0.3	3.2679	15	1	0.3	3.2679	15	1	0.3	3.2679	15	1	0.3	3.2679	15	0.20358	0.66388	0.19917	2.1695	9.9583	0.66388	0.19917	2.1695	9.9583	0.66388	0.19917	2.1695	9.9583	0.66388	0.19917	2.1695	9.9583	0.13515	0.094037	0.094037	0.094037	0.094037	0.094037	0.094037	0.094037	0.094037	0.094037	0.094037	0.094037	0.094037	0.094037	0.094037	0.094037	0.094037	0.094037
10000	4.7278	0.001	0.015	1	1	0.8	1.3333	0.3	3.7217	30	1.3333	0.3	3.7217	30	1.3333	0.3	3.7217	30	1.3333	0.3	3.7217	30	0.41645	0.33333	0.075	0.93042	7.5	0.33333	0.075	0.93042	7.5	0.33333	0.075	0.93042	7.5	0.33333	0.075	0.93042	7.5	0.10411	0.20811	0.20811	0.20811	0.20811	0.20811	0.20811	0.20811	0.20811	0.20811	0.20811	0.20811	0.20811	0.20811	0.20811	0.20811	0.20811	0.20811
10000	4.025	0.001	0.018333	1	1	0.80214	1.1228	0.17608	4.3513	32.468	1.1228	0.17608	4.3513	32.468	1.1228	0.17608	4.3513	32.468	1.1228	0.17608	4.3513	32.468	0.16679	1.0469	0.16418	4.0572	30.274	1.0469	0.16418	4.0572	30.274	1.0469	0.16418	4.0572	30.274	1.0469	0.16418	4.0572	30.274	0.15551	0.29895	0.29895	0.29895	0.29895	0.29895	0.29895	0.29895	0.29895	0.29895	0.29895	0.29895	0.29895	0.29895	0.29895	0.29895	0.29895	0.29895
10000	3.9751	0.005	0.02	1	1	0.8	0.96301	0.3	5	15	0.96301	0.3	5	15	0.96301	0.3	5	15	0.96301	0.3	5	15	0	0.96301	0.3	5	15	0.96301	0.3	5	15	0.96301	0.3	5	15	0.96301	0.3	5	15	0	0.18265	0.18265	0.18265	0.18265	0.18265	0.18265	0.18265	0.18265	0.18265	0.18265	0.18265	0.18265	0.18265	0.18265	0.18265	0.18265	0.18265
10000	7	0.001	0.02	1	1	0.8	1	0.66667	2.5	30	1	0.66667	2.5	30	1	0.66667	2.5	30	1	0.66667	2.5	30	0	1	0.66667	2.5	30	1	0.66667	2.5	30	1	0.66667	2.5	30	1	0.66667	2.5	30	0	0.3	0.3	0.3	0.3	0.3	0.3	0.3	0.3	0.3	0.3	0.3	0.3	0.3	0.3	0.3	0.3	0.3
10000	5.1734	0.001	0.021111	1	1	0.40573	1.005	0.73333	2.5138	15	1.005	0.73333	2.5138	15	1.005	0.73333	2.5138	15	1.005	0.73333	2.5138	15	-0.030494	0.83412	0.60864	2.0864	12.449	0.83412	0.60864	2.0864	12.449	0.83412	0.60864	2.0864	12.449	0.83412	0.60864	2.0864	12.449	-0.025309	0.10507	0.10507	0.10507	0.10507	0.10507	0.10507	0.10507	0.10507	0.10507	0.10507	0.10507	0.10507	0.10507	0.10507	0.10507	0.10507	0.10507
10000	4.2867	0.001	0.01	1	1	0.4	1	0.5	3.1058	20	1	0.5	3.1058	20	1	0.5	3.1058	20	1	0.5	3.1058	20	0	1	0.5	3.1058	20	1	0.5	3.1058	20	1	0.5	3.1058	20	1	0.5	3.1058	20	0	0.13451	0.13451	0.13451	0.13451	0.13451	0.13451	0.13451	0.13451	0.13451	0.13451	0.13451	0.13451	0.13451	0.13451	0.13451	0.13451	0.13451
10000	4.4717	0.001	0.018873	1	1	0.48267	1.3623	0.34769	4.653	26.362	1.3623	0.34769	4.653	26.362	1.3623	0.34769	4.653	26.362	1.3623	0.34769	4.653	26.362	0.11788	0.75148	0.19179	2.5666	14.542	0.75148	0.19179	2.5666	14.542	0.75148	0.19179	2.5666	14.542	0.75148	0.19179	2.5666	14.542	0.065026	0.30124	0.30124	0.30124	0.30124	0.30124	0.30124	0.30124	0.30124	0.30124	0.30124	0.30124	0.30124	0.30124	0.30124	0.30124	0.30124	0.30124
10000	4.2565	0.001	0.016446	1	1	0.5192	1	0.6	2.5	8.5289	1	0.6	2.5	8.5289	1	0.6	2.5	8.5289	1	0.6	2.5	8.5289	-0.0050545	1	0.6	2.5	8.5289	1	0.6	2.5	8.5289	1	0.6	2.5	8.5289	1	0.6	2.5	8.5289	-0.0050545	0.11298	0.11298	0.11298	0.11298	0.11298	0.11298	0.11298	0.11298	0.11298	0.11298	0.11298	0.11298	0.11298	0.11298	0.11298	0.11298	0.11298
10000	3.1266	0.0075904	0.028337	1	1	0.74159	1.0649	0.96755	2.3864	14.481	1.0649	0.96755	2.3864	14.481	1.0649	0.96755	2.3864	14.481	1.0649	0.96755	2.3864	14.481	0.36579	0.56701	0.51517	1.2707	7.7103	0.56701	0.51517	1.2707	7.7103	0.56701	0.51517	1.2707	7.7103	0.56701	0.51517	1.2707	7.7103	0.19476	0.19711	0.19711	0.19711	0.19711	0.19711	0.19711	0.19711	0.19711	0.19711	0.19711	0.19711	0.19711	0.19711	0.19711	0.19711	0.19711	0.19711
10000	3	0.001	0.01745	1	1	0.73577	0.90885	0.4	3.3333	15	0.90885	0.4	3.3333	15	0.90885	0.4	3.3333	15	0.90885	0.4	3.3333	15	0	0.83665	0.36822	3.0685	13.808	0.83665	0.36822	3.0685	13.808	0.83665	0.36822	3.0685	13.808	0.83665	0.36822	3.0685	13.808	0	0.14498	0.14498	0.14498	0.14498	0.14498	0.14498	0.14498	0.14498	0.14498	0.14498	0.14498	0.14498	0.14498	0.14498	0.14498	0.14498	0.14498
10000	3.4517	0.001	0.024785	1	1	0.8	0.82592	0.3	3.3333	15	0.82592	0.3	3.3333	15	0.82592	0.3	3.3333	15	0.82592	0.3	3.3333	15	6.0555e-06	0.82592	0.3	3.3333	15	0.82592	0.3	3.3333	15	0.82592	0.3	3.3333	15	0.82592	0.3	3.3333	15	6.0555e-06	0.2	0.2	0.2	0.2	0.2	0.2	0.2	0.2	0.2	0.2	0.2	0.2	0.2	0.2	0.2	0.2	0.2
10000	2.5167	0.0022034	0.02	1	1	0.61813	1	0.3	2.6797	15	1	0.3	2.6797	15	1	0.3	2.6797	15	1	0.3	2.6797	15	0	0.25	0.075	0.66992	3.75	0.25	0.075	0.66992	3.75	0.25	0.075	0.66992	3.75	0.25	0.075	0.66992	3.75	0	0.1	0.1	0.1	0.1	0.1	0.1	0.1	0.1	0.1	0.1	0.1	0.1	0.1	0.1	0.1	0.1	0.1
10000	7.7868	0.001	0.01	1	1	0.8	1	0.20172	2.5	10	1	0.20172	2.5	10	1	0.20172	2.5	10	1	0.20172	2.5	10	0	1.1667	0.23534	2.9167	11.667	1.1667	0.23534	2.9167	11.667	1.1667	0.23534	2.9167	11.667	1.1667	0.23534	2.9167	11.667	0	0.16667	0.16667	0.16667	0.16667	0.16667	0.16667	0.16667	0.16667	0.16667	0.16667	0.16667	0.16667	0.16667	0.16667	0.16667	0.16667	0.16667
10000	5.6421	0.0032311	0.02	1	1	0.8	1	0.3	2.5	15	1	0.3	2.5	15	1	0.3	2.5	15	1	0.3	2.5	15	0	1	0.3	2.5	15	1	0.3	2.5	15	1	0.3	2.5	15	1	0.3	2.5	15	0	0.19849	0.19849	0.19849	0.19849	0.19849	0.19849	0.19849	0.19849	0.19849	0.19849	0.19849	0.19849	0.19849	0.19849	0.19849	0.19849	0.19849
10000	5	0.0022624	0.01	1	1	0.6315	1	0.3	2.5	15	1	0.3	2.5	15	1	0.3	2.5	15	1	0.3	2.5	15	0	0.78367	0.2351	1.9592	11.755	0.78367	0.2351	1.9592	11.755	0.78367	0.2351	1.9592	11.755	0.78367	0.2351	1.9592	11.755	0	0.2	0.2	0.2	0.2	0.2	0.2	0.2	0.2	0.2	0.2	0.2	0.2	0.2	0.2	0.2	0.2	0.2
10000	6.2831	0.0025649	0.015661	1	1	0.89123	1.1545	0.29083	2.6774	14.189	1.1545	0.29083	2.6774	14.189	1.1545	0.29083	2.6774	14.189	1.1545	0.29083	2.6774	14.189	0.050682	0.98223	0.24743	2.2779	12.072	0.98223	0.24743	2.2779	12.072	0.98223	0.24743	2.2779	12.072	0.98223	0.24743	2.2779	12.072	0.043119	0.3153	0.3153	0.3153	0.3153	0.3153	0.3153	0.3153	0.3153	0.3153	0.3153	0.3153	0.3153	0.3153	0.3153	0.3153	0.3153	0.3153
10000	7	0.001	0.02	1	1	0.8	1	0.3	2.5	15	1	0.3	2.5	15	1	0.3	2.5	15	1	0.3	2.5	15	0	1	0.3	2.5	15	1	0.3	2.5	15	1	0.3	2.5	15	1	0.3	2.5	15	0	0.15	0.15	0.15	0.15	0.15	0.15	0.15	0.15	0.15	0.15	0.15	0.15	0.15	0.15	0.15	0.15	0.15
10000	8.2975	0.0056453	0.017669	1	1	0.77558	0.99383	0.54833	2.5101	15.046	0.99383	0.54833	2.5101	15.046	0.99383	0.54833	2.5101	15.046	0.99383	0.54833	2.5101	15.046	-0.0021177	0.9954	0.54919	2.5141	15.07	0.9954	0.54919	2.5141	15.07	0.9954	0.54919	2.5141	15.07	0.9954	0.54919	2.5141	15.07	-0.0021211	0.20067	0.20067	0.20067	0.20067	0.20067	0.20067	0.20067	0.20067	0.20067	0.20067	0.20067	0.20067	0.20067	0.20067	0.20067	0.20067	0.20067
10000	3	0.001	0.022945	1	1	0.8	1.1111	0	3.3333	15	1.1111	0	3.3333	15	1.1111	0	3.3333	15	1.1111	0	3.3333	15	0	0.80235	0	2.4071	10.832	0.80235	0	2.4071	10.832	0.80235	0	2.4071	10.832	0.80235	0	2.4071	10.832	0	0.2	0.2	0.2	0.2	0.2	0.2	0.2	0.2	0.2	0.2	0.2	0.2	0.2	0.2	0.2	0.2	0.2
10000	10	0.001	0.02	1	1	1.3333	1	0.14053	2.5	17.282	1	0.14053	2.5	17.282	1	0.14053	2.5	17.282	1	0.14053	2.5	17.282	6.0555e-06	1	0.14053	2.5	17.282	1	0.14053	2.5	17.282	1	0.14053	2.5	17.282	1	0.14053	2.5	17.282	6.0555e-06	0.2	0.2	0.2	0.2	0.2	0.2	0.2	0.2	0.2	0.2	0.2	0.2	0.2	0.2	0.2	0.2	0.2
10000	1.8357	0.015055	0.016845	1	1	1.0667	1	0.4	2.7778	15	1	0.4	2.7778	15	1	0.4	2.7778	15	1	0.4	2.7778	15	0	0.52964	0.21185	1.4712	7.9446	0.52964	0.21185	1.4712	7.9446	0.52964	0.21185	1.4712	7.9446	0.52964	0.21185	1.4712	7.9446	0	0.048468	0.048468	0.048468	0.048468	0.048468	0.048468	0.048468	0.048468	0.048468	0.048468	0.048468	0.048468	0.048468	0.048468	0.048468	0.048468	0.048468
10000	10	0.0040003	0.023336	1	1	1.212	2.3917	0.49992	3.5002	10.996	2.3917	0.49992	3.5002	10.996	2.3917	0.49992	3.5002	10.996	2.3917	0.49992	3.5002	10.996	4.9634e-05	0.59794	0.12498	0.87506	2.749	0.59794	0.12498	0.87506	2.749	0.59794	0.12498	0.87506	2.749	0.59794	0.12498	0.87506	2.749	1.2408e-05	0.20002	0.20002	0.20002	0.20002	0.20002	0.20002	0.20002	0.20002	0.20002	0.20002	0.20002	0.20002	0.20002	0.20002	0.20002	0.20002	0.20002
10000	10	0.001	0.02	1	1	1	1	0.3	2.5	15	1	0.3	2.5	15	1	0.3	2.5	15	1	0.3	2.5	15	0	0.57238	0.17171	1.431	8.5857	0.57238	0.17171	1.431	8.5857	0.57238	0.17171	1.431	8.5857	0.57238	0.17171	1.431	8.5857	0	0.19057	0.19057	0.19057	0.19057	0.19057	0.19057	0.19057	0.19057	0.19057	0.19057	0.19057	0.19057	0.19057	0.19057	0.19057	0.19057	0.19057
10000	1.3343	0.0044478	0.03	1	1	0.27343	1.1463	0.6	3.5	59.186	1.1463	0.6	3.5	59.186	1.1463	0.6	3.5	59.186	1.1463	0.6	3.5	59.186	0	0.57314	0.3	1.75	29.593	0.57314	0.3	1.75	29.593	0.57314	0.3	1.75	29.593	0.57314	0.3	1.75	29.593	0	0.1	0.1	0.1	0.1	0.1	0.1	0.1	0.1	0.1	0.1	0.1	0.1	0.1	0.1	0.1	0.1	0.1
10000	7.8045	0.001	0.02	1	1	0.4	0.8	0.3	4.6372	15	0.8	0.3	4.6372	15	0.8	0.3	4.6372	15	0.8	0.3	4.6372	15	0	0.8	0.3	4.6372	15	0.8	0.3	4.6372	15	0.8	0.3	4.6372	15	0.8	0.3	4.6372	15	0	0.20207	0.20207	0.20207	0.20207	0.20207	0.20207	0.20207	0.20207	0.20207	0.20207	0.20207	0.20207	0.20207	0.20207	0.20207	0.20207	0.20207
10000	3.0624	0.001	0.015838	1	1	0.24003	1	0.3	2.8825	9.7121	1	0.3	2.8825	9.7121	1	0.3	2.8825	9.7121	1	0.3	2.8825	9.7121	0.11111	0.7022	0.21066	2.0241	6.8199	0.7022	0.21066	2.0241	6.8199	0.7022	0.21066	2.0241	6.8199	0.7022	0.21066	2.0241	6.8199	0.078023	0.094445	0.094445	0.094445	0.094445	0.094445	0.094445	0.094445	0.094445	0.094445	0.094445	0.094445	0.094445	0.094445	0.094445	0.094445	0.094445	0.094445
10000	2.8606	0.001	0.01	1	1	0.4	1	1.036	3.5	15	1	1.036	3.5	15	1	1.036	3.5	15	1	1.036	3.5	15	0	0.96879	1.0037	3.3908	14.532	0.96879	1.0037	3.3908	14.532	0.96879	1.0037	3.3908	14.532	0.96879	1.0037	3.3908	14.532	0	0.15	0.15	0.15	0.15	0.15	0.15	0.15	0.15	0.15	0.15	0.15	0.15	0.15	0.15	0.15	0.15	0.15
10000	7.9031	0.001	0.018713	1	1	0.39913	0.98615	0.36701	3.5001	20.013	0.98615	0.36701	3.5001	20.013	0.98615	0.36701	3.5001	20.013	0.98615	0.36701	3.5001	20.013	0.081493	0.98722	0.36741	3.5039	20.035	0.98722	0.36741	3.5039	20.035	0.98722	0.36741	3.5039	20.035	0.98722	0.36741	3.5039	20.035	0.081581	0.19235	0.19235	0.19235	0.19235	0.19235	0.19235	0.19235	0.19235	0.19235	0.19235	0.19235	0.19235	0.19235	0.19235	0.19235	0.19235	0.19235
10000	3.3663	0.001	0.01	1	1	0.3989	0.019525	0.5959	3.5142	106.55	0.019525	0.5959	3.5142	106.55	0.019525	0.5959	3.5142	106.55	0.019525	0.5959	3.5142	106.55	-0.14696	0.019632	0.59919	3.5336	107.14	0.019632	0.59919	3.5336	107.14	0.019632	0.59919	3.5336	107.14	0.019632	0.59919	3.5336	107.14	-0.14777	0.22254	0.22254	0.22254	0.22254	0.22254	0.22254	0.22254	0.22254	0.22254	0.22254	0.22254	0.22254	0.22254	0.22254	0.22254	0.22254	0.22254
10000	6.6009	0.0046667	0.014604	1	1	0.73745	0.33652	0.73035	4.2778	16.667	0.33652	0.73035	4.2778	16.667	0.33652	0.73035	4.2778	16.667	0.33652	0.73035	4.2778	16.667	-0.033333	0.25998	0.56422	3.3047	12.876	0.25998	0.56422	3.3047	12.876	0.25998	0.56422	3.3047	12.876	0.25998	0.56422	3.3047	12.876	-0.025751	0.2	0.2	0.2	0.2	0.2	0.2	0.2	0.2	0.2	0.2	0.2	0.2	0.2	0.2	0.2	0.2	0.2
10000	3	0.005	0.023688	1	1	0.47232	0.8	1.0587	9.5013	1830	0.8	1.0587	9.5013	1830	0.8	1.0587	9.5013	1830	0.8	1.0587	9.5013	1830	-0.22309	0.38889	0.51466	4.6187	889.59	0.38889	0.51466	4.6187	889.59	0.38889	0.51466	4.6187	889.59	0.38889	0.51466	4.6187	889.59	-0.10845	0.16136	0.16136	0.16136	0.16136	0.16136	0.16136	0.16136	0.16136	0.16136	0.16136	0.16136	0.16136	0.16136	0.16136	0.16136	0.16136	0.16136
10000	5.8753	0.001	0.019549	1	1	0.61384	0.21921	0.31468	3.5508	10.124	0.21921	0.31468	3.5508	10.124	0.21921	0.31468	3.5508	10.124	0.21921	0.31468	3.5508	10.124	0.011289	0.13096	0.188	2.1214	6.0487	0.13096	0.188	2.1214	6.0487	0.13096	0.188	2.1214	6.0487	0.13096	0.188	2.1214	6.0487	0.0067448	0.19068	0.19068	0.19068	0.19068	0.19068	0.19068	0.19068	0.19068	0.19068	0.19068	0.19068	0.19068	0.19068	0.19068	0.19068	0.19068	0.19068
10000	5.5757	0.001	0.019577	1	1	0.2848	0.46093	0.38227	4.4792	14.681	0.46093	0.38227	4.4792	14.681	0.46093	0.38227	4.4792	14.681	0.46093	0.38227	4.4792	14.681	0.041666	0.47522	0.39412	4.6181	15.136	0.47522	0.39412	4.6181	15.136	0.47522	0.39412	4.6181	15.136	0.47522	0.39412	4.6181	15.136	0.042958	0.18791	0.18791	0.18791	0.18791	0.18791	0.18791	0.18791	0.18791	0.18791	0.18791	0.18791	0.18791	0.18791	0.18791	0.18791	0.18791	0.18791
10000	4.8951	0.0025171	0.024829	1	1	0.56176	0.775	0.57639	3.3819	9.5445	0.775	0.57639	3.3819	9.5445	0.775	0.57639	3.3819	9.5445	0.775	0.57639	3.3819	9.5445	-0.013889	0.32567	0.24221	1.4211	4.0107	0.32567	0.24221	1.4211	4.0107	0.32567	0.24221	1.4211	4.0107	0.32567	0.24221	1.4211	4.0107	-0.0058363	1.2111e-05	1.2111e-05	1.2111e-05	1.2111e-05	1.2111e-05	1.2111e-05	1.2111e-05	1.2111e-05	1.2111e-05	1.2111e-05	1.2111e-05	1.2111e-05	1.2111e-05	1.2111e-05	1.2111e-05	1.2111e-05	1.2111e-05
10000	10	0.0064437	0.01	1	1	0.79981	0.55294	0.50015	5.5158	26.669	0.55294	0.50015	5.5158	26.669	0.55294	0.50015	5.5158	26.669	0.55294	0.50015	5.5158	26.669	0.33323	0.55284	0.50006	5.5148	26.664	0.55284	0.50006	5.5148	26.664	0.55284	0.50006	5.5148	26.664	0.55284	0.50006	5.5148	26.664	0.33317	0.099959	0.099959	0.099959	0.099959	0.099959	0.099959	0.099959	0.099959	0.099959	0.099959	0.099959	0.099959	0.099959	0.099959	0.099959	0.099959	0.099959
10000	6.7329	0.001	0.01	1	1	0.8	0.8	0.36111	4.6667	20	0.8	0.36111	4.6667	20	0.8	0.36111	4.6667	20	0.8	0.36111	4.6667	20	-0.14687	0.78824	0.3558	4.5981	19.706	0.78824	0.3558	4.5981	19.706	0.78824	0.3558	4.5981	19.706	0.78824	0.3558	4.5981	19.706	-0.14471	0.2	0.2	0.2	0.2	0.2	0.2	0.2	0.2	0.2	0.2	0.2	0.2	0.2	0.2	0.2	0.2	0.2
10000	6	0.001	0.03	1	1	0.53333	0.8	0.4	3.7267	30	0.8	0.4	3.7267	30	0.8	0.4	3.7267	30	0.8	0.4	3.7267	30	0.33333	0.55268	0.27634	2.5746	20.726	0.55268	0.27634	2.5746	20.726	0.55268	0.27634	2.5746	20.726	0.55268	0.27634	2.5746	20.726	0.23029	0.1405	0.1405	0.1405	0.1405	0.1405	0.1405	0.1405	0.1405	0.1405	0.1405	0.1405	0.1405	0.1405	0.1405	0.1405	0.1405	0.1405
10000	9.3543	0.001729	0.028189	1	1	0.6823	0.42694	0.3334	5.1976	29.998	0.42694	0.3334	5.1976	29.998	0.42694	0.3334	5.1976	29.998	0.42694	0.3334	5.1976	29.998	0.069944	0.32011	0.24998	3.8971	22.492	0.32011	0.24998	3.8971	22.492	0.32011	0.24998	3.8971	22.492	0.32011	0.24998	3.8971	22.492	0.052443	0.13336	0.13336	0.13336	0.13336	0.13336	0.13336	0.13336	0.13336	0.13336	0.13336	0.13336	0.13336	0.13336	0.13336	0.13336	0.13336	0.13336
10000	2.3823	0.0015966	0.02	1	1	0.41649	0.86257	0.3	4.6667	20	0.86257	0.3	4.6667	20	0.86257	0.3	4.6667	20	0.86257	0.3	4.6667	20	0	0.43128	0.15	2.3333	10	0.43128	0.15	2.3333	10	0.43128	0.15	2.3333	10	0.43128	0.15	2.3333	10	0	0.1	0.1	0.1	0.1	0.1	0.1	0.1	0.1	0.1	0.1	0.1	0.1	0.1	0.1	0.1	0.1	0.1
10000	3	0.001	0.01	1	1	0.4	0.69811	0.3	3.5	20.747	0.69811	0.3	3.5	20.747	0.69811	0.3	3.5	20.747	0.69811	0.3	3.5	20.747	6.0555e-06	0.38478	0.16535	1.9291	11.435	0.38478	0.16535	1.9291	11.435	0.38478	0.16535	1.9291	11.435	0.38478	0.16535	1.9291	11.435	3.3376e-06	0.131	0.131	0.131	0.131	0.131	0.131	0.131	0.131	0.131	0.131	0.131	0.131	0.131	0.131	0.131	0.131	0.131
10000	10	0.0060404	0.016658	1	1	0.51697	0.6496	0.62533	3.876	10.919	0.6496	0.62533	3.876	10.919	0.6496	0.62533	3.876	10.919	0.6496	0.62533	3.876	10.919	0.083553	0.34436	0.33149	2.0547	5.7883	0.34436	0.33149	2.0547	5.7883	0.34436	0.33149	2.0547	5.7883	0.34436	0.33149	2.0547	5.7883	0.044292	0.066579	0.066579	0.066579	0.066579	0.066579	0.066579	0.066579	0.066579	0.066579	0.066579	0.066579	0.066579	0.066579	0.066579	0.066579	0.066579	0.066579
10000	7.1037	0.001	0.020117	1	1	0.45833	1.1574	0.81727	5.5532	11.901	1.1574	0.81727	5.5532	11.901	1.1574	0.81727	5.5532	11.901	1.1574	0.81727	5.5532	11.901	-0.14035	0.55467	0.39167	2.6613	5.7036	0.55467	0.39167	2.6613	5.7036	0.55467	0.39167	2.6613	5.7036	0.55467	0.39167	2.6613	5.7036	-0.067262	0.17779	0.17779	0.17779	0.17779	0.17779	0.17779	0.17779	0.17779	0.17779	0.17779	0.17779	0.17779	0.17779	0.17779	0.17779	0.17779	0.17779
10000	5.483	0.001	0.017863	1	1	0.3252	0.58173	0.66946	4.5565	15.855	0.58173	0.66946	4.5565	15.855	0.58173	0.66946	4.5565	15.855	0.58173	0.66946	4.5565	15.855	0.053428	0.33192	0.38197	2.5998	9.0463	0.33192	0.38197	2.5998	9.0463	0.33192	0.38197	2.5998	9.0463	0.33192	0.38197	2.5998	9.0463	0.030484	0.28179	0.28179	0.28179	0.28179	0.28179	0.28179	0.28179	0.28179	0.28179	0.28179	0.28179	0.28179	0.28179	0.28179	0.28179	0.28179	0.28179
10000	3	0.001	0.026156	1	1	0.25416	0.8278	0.4	3.3333	15	0.8278	0.4	3.3333	15	0.8278	0.4	3.3333	15	0.8278	0.4	3.3333	15	0	0.76686	0.37056	3.088	13.896	0.76686	0.37056	3.088	13.896	0.76686	0.37056	3.088	13.896	0.76686	0.37056	3.088	13.896	0	0.066667	0.066667	0.066667	0.066667	0.066667	0.066667	0.066667	0.066667	0.066667	0.066667	0.066667	0.066667	0.066667	0.066667	0.066667	0.066667	0.066667
10000	3.225	0.001	0.01	1	1	0.51823	0.82734	0.45334	3.6608	30.572	0.82734	0.45334	3.6608	30.572	0.82734	0.45334	3.6608	30.572	0.82734	0.45334	3.6608	30.572	0.032894	0.82555	0.45236	3.6529	30.506	0.82555	0.45236	3.6529	30.506	0.82555	0.45236	3.6529	30.506	0.82555	0.45236	3.6529	30.506	0.032823	0.10812	0.10812	0.10812	0.10812	0.10812	0.10812	0.10812	0.10812	0.10812	0.10812	0.10812	0.10812	0.10812	0.10812	0.10812	0.10812	0.10812
10000	2.5517	0.0046467	0.028138	1	1	0.65393	0.6397	0.70767	4.7714	19.943	0.6397	0.70767	4.7714	19.943	0.6397	0.70767	4.7714	19.943	0.6397	0.70767	4.7714	19.943	-0.18774	0.47591	0.52647	3.5497	14.836	0.47591	0.52647	3.5497	14.836	0.47591	0.52647	3.5497	14.836	0.47591	0.52647	3.5497	14.836	-0.13967	0.10472	0.10472	0.10472	0.10472	0.10472	0.10472	0.10472	0.10472	0.10472	0.10472	0.10472	0.10472	0.10472	0.10472	0.10472	0.10472	0.10472
10000	4.3189	0.001	0.02	1	1	0.62737	0.83326	0.3	7	40	0.83326	0.3	7	40	0.83326	0.3	7	40	0.83326	0.3	7	40	0.33334	0.83326	0.3	7	40	0.83326	0.3	7	40	0.83326	0.3	7	40	0.83326	0.3	7	40	0.33334	0.27025	0.27025	0.27025	0.27025	0.27025	0.27025	0.27025	0.27025	0.27025	0.27025	0.27025	0.27025	0.27025	0.27025	0.27025	0.27025	0.27025
10000	2.8111	0.001	0.01	1	1	0.75055	0.8	0.5	3.5	10	0.8	0.5	3.5	10	0.8	0.5	3.5	10	0.8	0.5	3.5	10	0.11111	0.4947	0.30919	2.1643	6.1837	0.4947	0.30919	2.1643	6.1837	0.4947	0.30919	2.1643	6.1837	0.4947	0.30919	2.1643	6.1837	0.068708	0.095729	0.095729	0.095729	0.095729	0.095729	0.095729	0.095729	0.095729	0.095729	0.095729	0.095729	0.095729	0.095729	0.095729	0.095729	0.095729	0.095729
10000	2.5348	0.001	0.022399	1	1	1.2426	0.88004	0.32295	4.7901	15.261	0.88004	0.32295	4.7901	15.261	0.88004	0.32295	4.7901	15.261	0.88004	0.32295	4.7901	15.261	-0.30392	0.65981	0.24213	3.5914	11.442	0.65981	0.24213	3.5914	11.442	0.65981	0.24213	3.5914	11.442	0.65981	0.24213	3.5914	11.442	-0.22786	0.076008	0.076008	0.076008	0.076008	0.076008	0.076008	0.076008	0.076008	0.076008	0.076008	0.076008	0.076008	0.076008	0.076008	0.076008	0.076008	0.076008
10000	1.5522	0.001	0.01	1	1	1.1515	0.78254	0.39926	5.002	15.009	0.78254	0.39926	5.002	15.009	0.78254	0.39926	5.002	15.009	0.78254	0.39926	5.002	15.009	0.00056911	0.39873	0.20344	2.5487	7.6477	0.39873	0.20344	2.5487	7.6477	0.39873	0.20344	2.5487	7.6477	0.39873	0.20344	2.5487	7.6477	0.00028998	0.099772	0.099772	0.099772	0.099772	0.099772	0.099772	0.099772	0.099772	0.099772	0.099772	0.099772	0.099772	0.099772	0.099772	0.099772	0.099772	0.099772
10000	0.90383	0.0046992	0.01	1	1	1.1901	1	0.3	7	15	1	0.3	7	15	1	0.3	7	15	1	0.3	7	15	6.0555e-06	0.48416	0.14525	3.3891	7.2623	0.48416	0.14525	3.3891	7.2623	0.48416	0.14525	3.3891	7.2623	0.48416	0.14525	3.3891	7.2623	2.9318e-06	0.011111	0.011111	0.011111	0.011111	0.011111	0.011111	0.011111	0.011111	0.011111	0.011111	0.011111	0.011111	0.011111	0.011111	0.011111	0.011111	0.011111
10000	2.5167	0.0027504	0.023333	1	1	1.34	0.95707	-0.08056	6.8889	40	0.95707	-0.08056	6.8889	40	0.95707	-0.08056	6.8889	40	0.95707	-0.08056	6.8889	40	0	0.51054	-0.042974	3.6748	21.338	0.51054	-0.042974	3.6748	21.338	0.51054	-0.042974	3.6748	21.338	0.51054	-0.042974	3.6748	21.338	0	0.099871	0.099871	0.099871	0.099871	0.099871	0.099871	0.099871	0.099871	0.099871	0.099871	0.099871	0.099871	0.099871	0.099871	0.099871	0.099871	0.099871
10000	3.1282	0.001	0.01	1	1	1.6832	1.0462	0.25	3.2921	13.617	1.0462	0.25	3.2921	13.617	1.0462	0.25	3.2921	13.617	1.0462	0.25	3.2921	13.617	-0.04621	0.71515	0.17089	2.2504	9.3082	0.71515	0.17089	2.2504	9.3082	0.71515	0.17089	2.2504	9.3082	0.71515	0.17089	2.2504	9.3082	-0.031588	0.19311	0.19311	0.19311	0.19311	0.19311	0.19311	0.19311	0.19311	0.19311	0.19311	0.19311	0.19311	0.19311	0.19311	0.19311	0.19311	0.19311
10000	0.1	0.0013054	0.017783	1	1	1.1461	1.1109	0.58315	6.7506	15.887	1.1109	0.58315	6.7506	15.887	1.1109	0.58315	6.7506	15.887	1.1109	0.58315	6.7506	15.887	0.38877	0.49386	0.25925	3.0011	7.0628	0.49386	0.25925	3.0011	7.0628	0.49386	0.25925	3.0011	7.0628	0.49386	0.25925	3.0011	7.0628	0.17283	0.23004	0.23004	0.23004	0.23004	0.23004	0.23004	0.23004	0.23004	0.23004	0.23004	0.23004	0.23004	0.23004	0.23004	0.23004	0.23004	0.23004
10000	2.1829	0.0044929	0.017277	1	1	1.3819	0.9638	-0.30682	3.6427	15.505	0.9638	-0.30682	3.6427	15.505	0.9638	-0.30682	3.6427	15.505	0.9638	-0.30682	3.6427	15.505	-0.48352	0.97032	-0.3089	3.6674	15.61	0.97032	-0.3089	3.6674	15.61	0.97032	-0.3089	3.6674	15.61	0.97032	-0.3089	3.6674	15.61	-0.4868	0.24457	0.24457	0.24457	0.24457	0.24457	0.24457	0.24457	0.24457	0.24457	0.24457	0.24457	0.24457	0.24457	0.24457	0.24457	0.24457	0.24457
10000	2.1976	0.001	0.01	1	1	1.4228	0.99032	-0.0048422	3.3287	14.923	0.99032	-0.0048422	3.3287	14.923	0.99032	-0.0048422	3.3287	14.923	0.99032	-0.0048422	3.3287	14.923	-0.28102	0.99802	-0.0048799	3.3546	15.039	0.99802	-0.0048799	3.3546	15.039	0.99802	-0.0048799	3.3546	15.039	0.99802	-0.0048799	3.3546	15.039	-0.28321	0.22783	0.22783	0.22783	0.22783	0.22783	0.22783	0.22783	0.22783	0.22783	0.22783	0.22783	0.22783	0.22783	0.22783	0.22783	0.22783	0.22783
10000	1.1895	0.0086667	0.01	1	1	1.3486	1	0.4	4.6667	30	1	0.4	4.6667	30	1	0.4	4.6667	30	1	0.4	4.6667	30	-0.10199	0.48611	0.19444	2.2685	14.583	0.48611	0.19444	2.2685	14.583	0.48611	0.19444	2.2685	14.583	0.48611	0.19444	2.2685	14.583	-0.049579	0.19475	0.19475	0.19475	0.19475	0.19475	0.19475	0.19475	0.19475	0.19475	0.19475	0.19475	0.19475	0.19475	0.19475	0.19475	0.19475	0.19475
10000	1.2827	0.0081009	0.02	1	1	1.7516	1.0559	0.33333	3.8889	20	1.0559	0.33333	3.8889	20	1.0559	0.33333	3.8889	20	1.0559	0.33333	3.8889	20	-0.15085	0.78978	0.24933	2.9089	14.96	0.78978	0.24933	2.9089	14.96	0.78978	0.24933	2.9089	14.96	0.78978	0.24933	2.9089	14.96	-0.11283	0.21532	0.21532	0.21532	0.21532	0.21532	0.21532	0.21532	0.21532	0.21532	0.21532	0.21532	0.21532	0.21532	0.21532	0.21532	0.21532	0.21532
10000	2.4382	0.0050337	0.01	1	1	1.3353	1.0673	0.29818	5.0073	20.034	1.0673	0.29818	5.0073	20.034	1.0673	0.29818	5.0073	20.034	1.0673	0.29818	5.0073	20.034	0.33476	0.26681	0.074546	1.2518	5.0084	0.26681	0.074546	1.2518	5.0084	0.26681	0.074546	1.2518	5.0084	0.26681	0.074546	1.2518	5.0084	0.083689	0.18984	0.18984	0.18984	0.18984	0.18984	0.18984	0.18984	0.18984	0.18984	0.18984	0.18984	0.18984	0.18984	0.18984	0.18984	0.18984	0.18984
10000	1.2934	0.0078709	0.020906	1	1	1.1037	1.0093	-4.5388e-07	4.2167	19.925	1.0093	-4.5388e-07	4.2167	19.925	1.0093	-4.5388e-07	4.2167	19.925	1.0093	-4.5388e-07	4.2167	19.925	0.017516	0.50202	-2.2575e-07	2.0973	9.9104	0.50202	-2.2575e-07	2.0973	9.9104	0.50202	-2.2575e-07	2.0973	9.9104	0.50202	-2.2575e-07	2.0973	9.9104	0.0087122	0.19427	0.19427	0.19427	0.19427	0.19427	0.19427	0.19427	0.19427	0.19427	0.19427	0.19427	0.19427	0.19427	0.19427	0.19427	0.19427	0.19427
10000	2.0939	0.001	0.01	1	1	1.4815	0.83135	0.33333	2.9837	12.485	0.83135	0.33333	2.9837	12.485	0.83135	0.33333	2.9837	12.485	0.83135	0.33333	2.9837	12.485	0	0.83135	0.33333	2.9837	12.485	0.83135	0.33333	2.9837	12.485	0.83135	0.33333	2.9837	12.485	0.83135	0.33333	2.9837	12.485	0	0.20846	0.20846	0.20846	0.20846	0.20846	0.20846	0.20846	0.20846	0.20846	0.20846	0.20846	0.20846	0.20846	0.20846	0.20846	0.20846	0.20846
10000	1.1393	0.0029186	0.016482	1	1	1.3098	0.98611	0.42982	3.4687	78.354	0.98611	0.42982	3.4687	78.354	0.98611	0.42982	3.4687	78.354	0.98611	0.42982	3.4687	78.354	-0.052837	0.83724	0.36493	2.9451	66.525	0.83724	0.36493	2.9451	66.525	0.83724	0.36493	2.9451	66.525	0.83724	0.36493	2.9451	66.525	-0.04486	0.24299	0.24299	0.24299	0.24299	0.24299	0.24299	0.24299	0.24299	0.24299	0.24299	0.24299	0.24299	0.24299	0.24299	0.24299	0.24299	0.24299
10000	1.0667	0.007	0.01	1	1	1	1.0288	0.66667	4.2222	15	1.0288	0.66667	4.2222	15	1.0288	0.66667	4.2222	15	1.0288	0.66667	4.2222	15	0	0.74156	0.48052	3.0433	10.812	0.74156	0.48052	3.0433	10.812	0.74156	0.48052	3.0433	10.812	0.74156	0.48052	3.0433	10.812	0	0.22222	0.22222	0.22222	0.22222	0.22222	0.22222	0.22222	0.22222	0.22222	0.22222	0.22222	0.22222	0.22222	0.22222	0.22222	0.22222	0.22222
10000	4.6922	0.001	0.02	1	1	1.4833	1.4054	0	3.5	10	1.4054	0	3.5	10	1.4054	0	3.5	10	1.4054	0	3.5	10	0	0.70268	0	1.75	5	0.70268	0	1.75	5	0.70268	0	1.75	5	0.70268	0	1.75	5	0	0.2	0.2	0.2	0.2	0.2	0.2	0.2	0.2	0.2	0.2	0.2	0.2	0.2	0.2	0.2	0.2	0.2
10000	2.5462	0.010395	0.02	1	1	2	0.8	0.33333	5.9301	23.447	0.8	0.33333	5.9301	23.447	0.8	0.33333	5.9301	23.447	0.8	0.33333	5.9301	23.447	0	0.51217	0.2134	3.7965	15.011	0.51217	0.2134	3.7965	15.011	0.51217	0.2134	3.7965	15.011	0.51217	0.2134	3.7965	15.011	0	0.18932	0.18932	0.18932	0.18932	0.18932	0.18932	0.18932	0.18932	0.18932	0.18932	0.18932	0.18932	0.18932	0.18932	0.18932	0.18932	0.18932
10000	3.2346	0.004662	0.019737	1	1	1.8164	0.74643	0.37819	5.4793	24.797	0.74643	0.37819	5.4793	24.797	0.74643	0.37819	5.4793	24.797	0.74643	0.37819	5.4793	24.797	0.15539	0.46461	0.2354	3.4105	15.435	0.46461	0.2354	3.4105	15.435	0.46461	0.2354	3.4105	15.435	0.46461	0.2354	3.4105	15.435	0.09672	0.27057	0.27057	0.27057	0.27057	0.27057	0.27057	0.27057	0.27057	0.27057	0.27057	0.27057	0.27057	0.27057	0.27057	0.27057	0.27057	0.27057
10000	1.3739	0.005	0.03	1	1	1.4543	0.6101	0.3	3.5	15	0.6101	0.3	3.5	15	0.6101	0.3	3.5	15	0.6101	0.3	3.5	15	0	0.30505	0.15	1.75	7.5	0.30505	0.15	1.75	7.5	0.30505	0.15	1.75	7.5	0.30505	0.15	1.75	7.5	0	0.1	0.1	0.1	0.1	0.1	0.1	0.1	0.1	0.1	0.1	0.1	0.1	0.1	0.1	0.1	0.1	0.1
10000	3.0689	0.001	0.023333	1	1	1.6	0.79594	0.3	3.8339	15	0.79594	0.3	3.8339	15	0.79594	0.3	3.8339	15	0.79594	0.3	3.8339	15	0	0.71593	0.26984	3.4486	13.492	0.71593	0.26984	3.4486	13.492	0.71593	0.26984	3.4486	13.492	0.71593	0.26984	3.4486	13.492	0	0.3	0.3	0.3	0.3	0.3	0.3	0.3	0.3	0.3	0.3	0.3	0.3	0.3	0.3	0.3	0.3	0.3
10000	3	0.01	0.02	1	1	1.6	0.84612	0.031898	3.3333	11.545	0.84612	0.031898	3.3333	11.545	0.84612	0.031898	3.3333	11.545	0.84612	0.031898	3.3333	11.545	0	0.84612	0.031898	3.3333	11.545	0.84612	0.031898	3.3333	11.545	0.84612	0.031898	3.3333	11.545	0.84612	0.031898	3.3333	11.545	0	0.2	0.2	0.2	0.2	0.2	0.2	0.2	0.2	0.2	0.2	0.2	0.2	0.2	0.2	0.2	0.2	0.2
10000	3	0.0013343	0.02	1	1	1.6	0.88444	0	3.3333	10.057	0.88444	0	3.3333	10.057	0.88444	0	3.3333	10.057	0.88444	0	3.3333	10.057	0	0.88444	0	3.3333	10.057	0.88444	0	3.3333	10.057	0.88444	0	3.3333	10.057	0.88444	0	3.3333	10.057	0	0.2	0.2	0.2	0.2	0.2	0.2	0.2	0.2	0.2	0.2	0.2	0.2	0.2	0.2	0.2	0.2	0.2
10000	3	0.005	0.02	1	1	1.4746	1.0667	0.13068	3.756	13.333	1.0667	0.13068	3.756	13.333	1.0667	0.13068	3.756	13.333	1.0667	0.13068	3.756	13.333	0	1.1071	0.13563	3.8984	13.839	1.1071	0.13563	3.8984	13.839	1.1071	0.13563	3.8984	13.839	1.1071	0.13563	3.8984	13.839	0	0.2	0.2	0.2	0.2	0.2	0.2	0.2	0.2	0.2	0.2	0.2	0.2	0.2	0.2	0.2	0.2	0.2
10000	3.0207	0.0043352	0.022249	1	1	1.6751	0.77165	0.35401	2.3538	15.668	0.77165	0.35401	2.3538	15.668	0.77165	0.35401	2.3538	15.668	0.77165	0.35401	2.3538	15.668	0.041686	0.82775	0.37975	2.5249	16.808	0.82775	0.37975	2.5249	16.808	0.82775	0.37975	2.5249	16.808	0.82775	0.37975	2.5249	16.808	0.044716	0.19324	0.19324	0.19324	0.19324	0.19324	0.19324	0.19324	0.19324	0.19324	0.19324	0.19324	0.19324	0.19324	0.19324	0.19324	0.19324	0.19324
10000	2.8638	0.001	0.01	1	1	1.4516	1.1111	0.5	2.5	15	1.1111	0.5	2.5	15	1.1111	0.5	2.5	15	1.1111	0.5	2.5	15	-0.2198	1.1111	0.5	2.5	15	1.1111	0.5	2.5	15	1.1111	0.5	2.5	15	1.1111	0.5	2.5	15	-0.2198	0.2	0.2	0.2	0.2	0.2	0.2	0.2	0.2	0.2	0.2	0.2	0.2	0.2	0.2	0.2	0.2	0.2
10000	7.2848	0.001	0.029326	1	1	0.78484	1.4164	0.31095	3.5379	14.865	1.4164	0.31095	3.5379	14.865	1.4164	0.31095	3.5379	14.865	1.4164	0.31095	3.5379	14.865	-0.0084227	1.4866	0.32637	3.7133	15.602	1.4866	0.32637	3.7133	15.602	1.4866	0.32637	3.7133	15.602	1.4866	0.32637	3.7133	15.602	-0.0088402	0.20674	0.20674	0.20674	0.20674	0.20674	0.20674	0.20674	0.20674	0.20674	0.20674	0.20674	0.20674	0.20674	0.20674	0.20674	0.20674	0.20674
10000	6.0946	0.001	0.04	1	1	0.51977	1.1069	0.33333	2.6331	15	1.1069	0.33333	2.6331	15	1.1069	0.33333	2.6331	15	1.1069	0.33333	2.6331	15	0	1.178	0.35475	2.8023	15.964	1.178	0.35475	2.8023	15.964	1.178	0.35475	2.8023	15.964	1.178	0.35475	2.8023	15.964	0	0.2	0.2	0.2	0.2	0.2	0.2	0.2	0.2	0.2	0.2	0.2	0.2	0.2	0.2	0.2	0.2	0.2
10000	10	0.001	0.01	1	1	0.8	1	0.3	2.5	15	1	0.3	2.5	15	1	0.3	2.5	15	1	0.3	2.5	15	0	1.2685	0.38053	3.1711	19.027	1.2685	0.38053	3.1711	19.027	1.2685	0.38053	3.1711	19.027	1.2685	0.38053	3.1711	19.027	0	0.2	0.2	0.2	0.2	0.2	0.2	0.2	0.2	0.2	0.2	0.2	0.2	0.2	0.2	0.2	0.2	0.2
10000	7.8258	0.0038148	0.023117	1	1	0.8	1.163	0.4	2.5	8.9576	1.163	0.4	2.5	8.9576	1.163	0.4	2.5	8.9576	1.163	0.4	2.5	8.9576	0	1.3262	0.45613	2.8508	10.214	1.3262	0.45613	2.8508	10.214	1.3262	0.45613	2.8508	10.214	1.3262	0.45613	2.8508	10.214	0	0.2	0.2	0.2	0.2	0.2	0.2	0.2	0.2	0.2	0.2	0.2	0.2	0.2	0.2	0.2	0.2	0.2
10000	8.6675	0.001	0.022746	1	1	0.8	1	0.3	2.5	10	1	0.3	2.5	10	1	0.3	2.5	10	1	0.3	2.5	10	0	1.1632	0.34897	2.908	11.632	1.1632	0.34897	2.908	11.632	1.1632	0.34897	2.908	11.632	1.1632	0.34897	2.908	11.632	0	0.05	0.05	0.05	0.05	0.05	0.05	0.05	0.05	0.05	0.05	0.05	0.05	0.05	0.05	0.05	0.05	0.05
10000	5	0.001	0.02	1	1	0.57778	1.4475	0.41723	2.5	7.6434	1.4475	0.41723	2.5	7.6434	1.4475	0.41723	2.5	7.6434	1.4475	0.41723	2.5	7.6434	0	1.5916	0.45876	2.7489	8.4043	1.5916	0.45876	2.7489	8.4043	1.5916	0.45876	2.7489	8.4043	1.5916	0.45876	2.7489	8.4043	0	6.0555e-06	6.0555e-06	6.0555e-06	6.0555e-06	6.0555e-06	6.0555e-06	6.0555e-06	6.0555e-06	6.0555e-06	6.0555e-06	6.0555e-06	6.0555e-06	6.0555e-06	6.0555e-06	6.0555e-06	6.0555e-06	6.0555e-06
10000	7.3252	0.001	0.01	1	1	1.0674	1.4995	0.33373	3.3345	15.006	1.4995	0.33373	3.3345	15.006	1.4995	0.33373	3.3345	15.006	1.4995	0.33373	3.3345	15.006	-0.00039692	1.7706	0.39406	3.9374	17.719	1.7706	0.39406	3.9374	17.719	1.7706	0.39406	3.9374	17.719	1.7706	0.39406	3.9374	17.719	-0.00046868	0.099937	0.099937	0.099937	0.099937	0.099937	0.099937	0.099937	0.099937	0.099937	0.099937	0.099937	0.099937	0.099937	0.099937	0.099937	0.099937	0.099937
10000	7.6119	0.0020499	0.020736	1	1	0.83039	1.4454	0.30017	3.3353	18.34	1.4454	0.30017	3.3353	18.34	1.4454	0.30017	3.3353	18.34	1.4454	0.30017	3.3353	18.34	0.00014709	1.4876	0.30893	3.4326	18.875	1.4876	0.30893	3.4326	18.875	1.4876	0.30893	3.4326	18.875	1.4876	0.30893	3.4326	18.875	0.00015138	0.044388	0.044388	0.044388	0.044388	0.044388	0.044388	0.044388	0.044388	0.044388	0.044388	0.044388	0.044388	0.044388	0.044388	0.044388	0.044388	0.044388
10000	3.8498	0.001	0.01	1	1	0.94163	1.1004	0.35182	2.728	16.316	1.1004	0.35182	2.728	16.316	1.1004	0.35182	2.728	16.316	1.1004	0.35182	2.728	16.316	-0.029935	1.1921	0.38116	2.9554	17.676	1.1921	0.38116	2.9554	17.676	1.1921	0.38116	2.9554	17.676	1.1921	0.38116	2.9554	17.676	-0.032431	0.075146	0.075146	0.075146	0.075146	0.075146	0.075146	0.075146	0.075146	0.075146	0.075146	0.075146	0.075146	0.075146	0.075146	0.075146	0.075146	0.075146
10000	4.1841	0.001	0.02	1	1	0.8	1.2843	0.4	2.5	30	1.2843	0.4	2.5	30	1.2843	0.4	2.5	30	1.2843	0.4	2.5	30	-0.19465	1.2843	0.4	2.5	30	1.2843	0.4	2.5	30	1.2843	0.4	2.5	30	1.2843	0.4	2.5	30	-0.19465	0.1	0.1	0.1	0.1	0.1	0.1	0.1	0.1	0.1	0.1	0.1	0.1	0.1	0.1	0.1	0.1	0.1
10000	7	0.001	0.01	1	1	0.8	1	0.3	2.5	15	1	0.3	2.5	15	1	0.3	2.5	15	1	0.3	2.5	15	0	2.1594	0.64781	5.3984	32.391	2.1594	0.64781	5.3984	32.391	2.1594	0.64781	5.3984	32.391	2.1594	0.64781	5.3984	32.391	0	0.1	0.1	0.1	0.1	0.1	0.1	0.1	0.1	0.1	0.1	0.1	0.1	0.1	0.1	0.1	0.1	0.1
10000	8.0128	0.0023333	0.01	1	1	0.8	1	0.28118	2.5	15	1	0.28118	2.5	15	1	0.28118	2.5	15	1	0.28118	2.5	15	0	2.0751	0.58348	5.1877	31.126	2.0751	0.58348	5.1877	31.126	2.0751	0.58348	5.1877	31.126	2.0751	0.58348	5.1877	31.126	0	0.22222	0.22222	0.22222	0.22222	0.22222	0.22222	0.22222	0.22222	0.22222	0.22222	0.22222	0.22222	0.22222	0.22222	0.22222	0.22222	0.22222
10000	4.1683	0.0015451	0.019877	1	1	0.77091	1.4923	0.49815	3.233	16.602	1.4923	0.49815	3.233	16.602	1.4923	0.49815	3.233	16.602	1.4923	0.49815	3.233	16.602	-0.036219	1.5213	0.50783	3.2958	16.925	1.5213	0.50783	3.2958	16.925	1.5213	0.50783	3.2958	16.925	1.5213	0.50783	3.2958	16.925	-0.036923	0.055556	0.055556	0.055556	0.055556	0.055556	0.055556	0.055556	0.055556	0.055556	0.055556	0.055556	0.055556	0.055556	0.055556	0.055556	0.055556	0.055556
10000	7.3934	0.001	0.01	1	1	1	1.5	0.11547	2.5	20	1.5	0.11547	2.5	20	1.5	0.11547	2.5	20	1.5	0.11547	2.5	20	0	3	0.23095	5	40	3	0.23095	5	40	3	0.23095	5	40	3	0.23095	5	40	0	0.2	0.2	0.2	0.2	0.2	0.2	0.2	0.2	0.2	0.2	0.2	0.2	0.2	0.2	0.2	0.2	0.2
10000	5.8547	0.0035834	0.021684	1	1	0.79018	1.2223	0.31103	2.5928	16.665	1.2223	0.31103	2.5928	16.665	1.2223	0.31103	2.5928	16.665	1.2223	0.31103	2.5928	16.665	5.6016e-05	1.7463	0.44436	3.7042	23.809	1.7463	0.44436	3.7042	23.809	1.7463	0.44436	3.7042	23.809	1.7463	0.44436	3.7042	23.809	8.0027e-05	0.28619	0.28619	0.28619	0.28619	0.28619	0.28619	0.28619	0.28619	0.28619	0.28619	0.28619	0.28619	0.28619	0.28619	0.28619	0.28619	0.28619
10000	9.2276	0.001	0.012499	1	1	0.6639	2	0.27539	3.5	30	2	0.27539	3.5	30	2	0.27539	3.5	30	2	0.27539	3.5	30	0	2.4172	0.33283	4.2301	36.258	2.4172	0.33283	4.2301	36.258	2.4172	0.33283	4.2301	36.258	2.4172	0.33283	4.2301	36.258	0	0.1	0.1	0.1	0.1	0.1	0.1	0.1	0.1	0.1	0.1	0.1	0.1	0.1	0.1	0.1	0.1	0.1
10000	5.7945	0.001	0.01	1	1	0.53333	1.2421	0.3	2.5	14.576	1.2421	0.3	2.5	14.576	1.2421	0.3	2.5	14.576	1.2421	0.3	2.5	14.576	0	1.4971	0.36158	3.0131	17.567	1.4971	0.36158	3.0131	17.567	1.4971	0.36158	3.0131	17.567	1.4971	0.36158	3.0131	17.567	0	0.1	0.1	0.1	0.1	0.1	0.1	0.1	0.1	0.1	0.1	0.1	0.1	0.1	0.1	0.1	0.1	0.1
10000	5.9985	0.001	0.01	1	1	0.67061	1.2431	0.16631	2.5	15	1.2431	0.16631	2.5	15	1.2431	0.16631	2.5	15	1.2431	0.16631	2.5	15	0	1.7423	0.23309	3.5039	21.023	1.7423	0.23309	3.5039	21.023	1.7423	0.23309	3.5039	21.023	1.7423	0.23309	3.5039	21.023	0	0.09661	0.09661	0.09661	0.09661	0.09661	0.09661	0.09661	0.09661	0.09661	0.09661	0.09661	0.09661	0.09661	0.09661	0.09661	0.09661	0.09661
10000	6	0.001	0.032487	1	1	0.8	1.4404	0.43382	2.8125	15	1.4404	0.43382	2.8125	15	1.4404	0.43382	2.8125	15	1.4404	0.43382	2.8125	15	0.11111	1.5971	0.481	3.1184	16.632	1.5971	0.481	3.1184	16.632	1.5971	0.481	3.1184	16.632	1.5971	0.481	3.1184	16.632	0.1232	0.1	0.1	0.1	0.1	0.1	0.1	0.1	0.1	0.1	0.1	0.1	0.1	0.1	0.1	0.1	0.1	0.1
10000	4.9311	0.001	0.023493	1	1	0.67877	1.2539	0.16704	3.5647	14.813	1.2539	0.16704	3.5647	14.813	1.2539	0.16704	3.5647	14.813	1.2539	0.16704	3.5647	14.813	0.011679	1.2283	0.16362	3.4918	14.51	1.2283	0.16362	3.4918	14.51	1.2283	0.16362	3.4918	14.51	1.2283	0.16362	3.4918	14.51	0.01144	0.047664	0.047664	0.047664	0.047664	0.047664	0.047664	0.047664	0.047664	0.047664	0.047664	0.047664	0.047664	0.047664	0.047664	0.047664	0.047664	0.047664
10000	3.6933	0.001	0.01	1	1	1	1	0.3	2.5	30	1	0.3	2.5	30	1	0.3	2.5	30	1	0.3	2.5	30	0	1	0.3	2.5	30	1	0.3	2.5	30	1	0.3	2.5	30	1	0.3	2.5	30	0	0.083333	0.083333	0.083333	0.083333	0.083333	0.083333	0.083333	0.083333	0.083333	0.083333	0.083333	0.083333	0.083333	0.083333	0.083333	0.083333	0.083333
10000	3.0529	0.001	0.01	1	1	0.8	1.5	0.96914	2.5	118.54	1.5	0.96914	2.5	118.54	1.5	0.96914	2.5	118.54	1.5	0.96914	2.5	118.54	0.037037	1.5	0.96914	2.5	118.54	1.5	0.96914	2.5	118.54	1.5	0.96914	2.5	118.54	1.5	0.96914	2.5	118.54	0.037037	0	0	0	0	0	0	0	0	0	0	0	0	0	0	0	0	0
10000	10	0.0016022	0.01	1	1	1.2199	2.0832	0.60325	2.4503	18.732	2.0832	0.60325	2.4503	18.732	2.0832	0.60325	2.4503	18.732	2.0832	0.60325	2.4503	18.732	-0.23327	2.6527	0.76818	3.1202	23.854	2.6527	0.76818	3.1202	23.854	2.6527	0.76818	3.1202	23.854	2.6527	0.76818	3.1202	23.854	-0.29705	0.29667	0.29667	0.29667	0.29667	0.29667	0.29667	0.29667	0.29667	0.29667	0.29667	0.29667	0.29667	0.29667	0.29667	0.29667	0.29667	0.29667
10000	8.6667	0.001	0.03	1	1	0.8	1.0671	0.3	2.5	15	1.0671	0.3	2.5	15	1.0671	0.3	2.5	15	1.0671	0.3	2.5	15	0	1.0671	0.3	2.5	15	1.0671	0.3	2.5	15	1.0671	0.3	2.5	15	1.0671	0.3	2.5	15	0	0.083333	0.083333	0.083333	0.083333	0.083333	0.083333	0.083333	0.083333	0.083333	0.083333	0.083333	0.083333	0.083333	0.083333	0.083333	0.083333	0.083333
10000	10	0.001	0.01	1	1	0.8	1.5	0.5	2.5	15.218	1.5	0.5	2.5	15.218	1.5	0.5	2.5	15.218	1.5	0.5	2.5	15.218	0	1.5898	0.52994	2.6497	16.129	1.5898	0.52994	2.6497	16.129	1.5898	0.52994	2.6497	16.129	1.5898	0.52994	2.6497	16.129	0	0.1	0.1	0.1	0.1	0.1	0.1	0.1	0.1	0.1	0.1	0.1	0.1	0.1	0.1	0.1	0.1	0.1
10000	9.0001	0.001	0.023332	1	1	1.1544	0.99996	0.37405	3.64	3.051	0.99996	0.37405	3.64	3.051	0.99996	0.37405	3.64	3.051	0.99996	0.37405	3.64	3.051	-1.5721e-05	1.3235	0.49506	4.8176	4.038	1.3235	0.49506	4.8176	4.038	1.3235	0.49506	4.8176	4.038	1.3235	0.49506	4.8176	4.038	-2.0807e-05	0.19391	0.19391	0.19391	0.19391	0.19391	0.19391	0.19391	0.19391	0.19391	0.19391	0.19391	0.19391	0.19391	0.19391	0.19391	0.19391	0.19391
10000	7.3333	0.001	0.02	1	1	0.8	1	0.3	2.5	15	1	0.3	2.5	15	1	0.3	2.5	15	1	0.3	2.5	15	0	1.2692	0.38075	3.1729	19.037	1.2692	0.38075	3.1729	19.037	1.2692	0.38075	3.1729	19.037	1.2692	0.38075	3.1729	19.037	0	0.18889	0.18889	0.18889	0.18889	0.18889	0.18889	0.18889	0.18889	0.18889	0.18889	0.18889	0.18889	0.18889	0.18889	0.18889	0.18889	0.18889
10000	3	0.001	0.024308	1	1	0.8	1	0.3	2.5	15	1	0.3	2.5	15	1	0.3	2.5	15	1	0.3	2.5	15	0	0.85726	0.25718	2.1431	12.859	0.85726	0.25718	2.1431	12.859	0.85726	0.25718	2.1431	12.859	0.85726	0.25718	2.1431	12.859	0	0.092531	0.092531	0.092531	0.092531	0.092531	0.092531	0.092531	0.092531	0.092531	0.092531	0.092531	0.092531	0.092531	0.092531	0.092531	0.092531	0.092531
10000	5	0.001	0.019445	1	1	0.8	1.0236	0.4	2.5926	15	1.0236	0.4	2.5926	15	1.0236	0.4	2.5926	15	1.0236	0.4	2.5926	15	0	1.1176	0.43672	2.8306	16.377	1.1176	0.43672	2.8306	16.377	1.1176	0.43672	2.8306	16.377	1.1176	0.43672	2.8306	16.377	0	0.16667	0.16667	0.16667	0.16667	0.16667	0.16667	0.16667	0.16667	0.16667	0.16667	0.16667	0.16667	0.16667	0.16667	0.16667	0.16667	0.16667
10000	4.2412	0.0018247	0.020613	1	1	0.8	1	0.3	2.5	15	1	0.3	2.5	15	1	0.3	2.5	15	1	0.3	2.5	15	0	1	0.3	2.5	15	1	0.3	2.5	15	1	0.3	2.5	15	1	0.3	2.5	15	0	0.2	0.2	0.2	0.2	0.2	0.2	0.2	0.2	0.2	0.2	0.2	0.2	0.2	0.2	0.2	0.2	0.2
10000	3	0.001	0.02	1	1	0.8	1	0.3	3.5	15	1	0.3	3.5	15	1	0.3	3.5	15	1	0.3	3.5	15	0	0.69704	0.20911	2.4396	10.456	0.69704	0.20911	2.4396	10.456	0.69704	0.20911	2.4396	10.456	0.69704	0.20911	2.4396	10.456	0	0	0	0	0	0	0	0	0	0	0	0	0	0	0	0	0	0
10000	6.3053	0.001	0.01	1	1	1.1246	0.99938	0.56227	3.5014	18.328	0.99938	0.56227	3.5014	18.328	0.99938	0.56227	3.5014	18.328	0.99938	0.56227	3.5014	18.328	0.00030874	0.9992	0.56216	3.5007	18.325	0.9992	0.56216	3.5007	18.325	0.9992	0.56216	3.5007	18.325	0.9992	0.56216	3.5007	18.325	0.00030869	0.11674	0.11674	0.11674	0.11674	0.11674	0.11674	0.11674	0.11674	0.11674	0.11674	0.11674	0.11674	0.11674	0.11674	0.11674	0.11674	0.11674
10000	3	0.001	0.03	1	1	0.73714	1	0.3	3.2251	10	1	0.3	3.2251	10	1	0.3	3.2251	10	1	0.3	3.2251	10	0	1	0.3	3.2251	10	1	0.3	3.2251	10	1	0.3	3.2251	10	1	0.3	3.2251	10	0	0.053624	0.053624	0.053624	0.053624	0.053624	0.053624	0.053624	0.053624	0.053624	0.053624	0.053624	0.053624	0.053624	0.053624	0.053624	0.053624	0.053624
10000	3	0.001	0.02	1	1	1.0747	0.8	0.3	3.5	15	0.8	0.3	3.5	15	0.8	0.3	3.5	15	0.8	0.3	3.5	15	0	0.8	0.3	3.5	15	0.8	0.3	3.5	15	0.8	0.3	3.5	15	0.8	0.3	3.5	15	0	0.1	0.1	0.1	0.1	0.1	0.1	0.1	0.1	0.1	0.1	0.1	0.1	0.1	0.1	0.1	0.1	0.1
10000	2.8618	0.0023124	0.039294	1	1	0.72618	1.0118	0.39235	3.5265	7.319	1.0118	0.39235	3.5265	7.319	1.0118	0.39235	3.5265	7.319	1.0118	0.39235	3.5265	7.319	-0.0015908	1.0013	0.38831	3.4902	7.2436	1.0013	0.38831	3.4902	7.2436	1.0013	0.38831	3.4902	7.2436	1.0013	0.38831	3.4902	7.2436	-0.0015744	0.011115	0.011115	0.011115	0.011115	0.011115	0.011115	0.011115	0.011115	0.011115	0.011115	0.011115	0.011115	0.011115	0.011115	0.011115	0.011115	0.011115
10000	4.7194	0.001	0.027157	1	1	0.67097	0.85663	0.39319	2.7509	18.147	0.85663	0.39319	2.7509	18.147	0.85663	0.39319	2.7509	18.147	0.85663	0.39319	2.7509	18.147	-0.071685	0.74916	0.34386	2.4058	15.87	0.74916	0.34386	2.4058	15.87	0.74916	0.34386	2.4058	15.87	0.74916	0.34386	2.4058	15.87	-0.062692	0.080543	0.080543	0.080543	0.080543	0.080543	0.080543	0.080543	0.080543	0.080543	0.080543	0.080543	0.080543	0.080543	0.080543	0.080543	0.080543	0.080543
10000	10	0.0014107	0.015	1	1	0.8	1	0.40685	5.0422	10	1	0.40685	5.0422	10	1	0.40685	5.0422	10	1	0.40685	5.0422	10	-0.47817	0.70777	0.28795	3.5687	7.0777	0.70777	0.28795	3.5687	7.0777	0.70777	0.28795	3.5687	7.0777	0.70777	0.28795	3.5687	7.0777	-0.33843	0.1	0.1	0.1	0.1	0.1	0.1	0.1	0.1	0.1	0.1	0.1	0.1	0.1	0.1	0.1	0.1	0.1
10000	4.7984	0.001	0.019997	1	1	0.99969	1.0003	0.2998	3.4993	199.97	1.0003	0.2998	3.4993	199.97	1.0003	0.2998	3.4993	199.97	1.0003	0.2998	3.4993	199.97	-0.00015335	0.47758	0.14313	1.6707	95.471	0.47758	0.14313	1.6707	95.471	0.47758	0.14313	1.6707	95.471	0.47758	0.14313	1.6707	95.471	-7.3216e-05	0.099939	0.099939	0.099939	0.099939	0.099939	0.099939	0.099939	0.099939	0.099939	0.099939	0.099939	0.099939	0.099939	0.099939	0.099939	0.099939	0.099939
10000	6.7749	0.001	0.01	1	1	0.78116	1.1344	0.46667	3.418	14.998	1.1344	0.46667	3.418	14.998	1.1344	0.46667	3.418	14.998	1.1344	0.46667	3.418	14.998	0	0.79404	0.32666	2.3926	10.498	0.79404	0.32666	2.3926	10.498	0.79404	0.32666	2.3926	10.498	0.79404	0.32666	2.3926	10.498	0	0.20165	0.20165	0.20165	0.20165	0.20165	0.20165	0.20165	0.20165	0.20165	0.20165	0.20165	0.20165	0.20165	0.20165	0.20165	0.20165	0.20165
10000	3.0197	0.001	0.019073	1	1	0.96811	0.96419	0.38921	3.4663	15.837	0.96419	0.38921	3.4663	15.837	0.96419	0.38921	3.4663	15.837	0.96419	0.38921	3.4663	15.837	-0.0021519	0.86112	0.3476	3.0958	14.144	0.86112	0.3476	3.0958	14.144	0.86112	0.3476	3.0958	14.144	0.86112	0.3476	3.0958	14.144	-0.0019219	0.1034	0.1034	0.1034	0.1034	0.1034	0.1034	0.1034	0.1034	0.1034	0.1034	0.1034	0.1034	0.1034	0.1034	0.1034	0.1034	0.1034
10000	4.3098	0.0016667	0.02	1	1	0.72421	0.8	0.3	2.5	15	0.8	0.3	2.5	15	0.8	0.3	2.5	15	0.8	0.3	2.5	15	0	0.33333	0.125	1.0417	6.25	0.33333	0.125	1.0417	6.25	0.33333	0.125	1.0417	6.25	0.33333	0.125	1.0417	6.25	0	0.1	0.1	0.1	0.1	0.1	0.1	0.1	0.1	0.1	0.1	0.1	0.1	0.1	0.1	0.1	0.1	0.1
10000	5.9731	0.001	0.01	1	1	0.77905	0.99886	0.39945	3.7748	14.999	0.99886	0.39945	3.7748	14.999	0.99886	0.39945	3.7748	14.999	0.99886	0.39945	3.7748	14.999	0.00052302	0.55035	0.22009	2.0798	8.264	0.55035	0.22009	2.0798	8.264	0.55035	0.22009	2.0798	8.264	0.55035	0.22009	2.0798	8.264	0.00028817	0.20044	0.20044	0.20044	0.20044	0.20044	0.20044	0.20044	0.20044	0.20044	0.20044	0.20044	0.20044	0.20044	0.20044	0.20044	0.20044	0.20044
10000	10	0.001	0.026667	1	1	0.8	1	0.8	3.5282	15	1	0.8	3.5282	15	1	0.8	3.5282	15	1	0.8	3.5282	15	0	1.0116	0.80927	3.569	15.174	1.0116	0.80927	3.569	15.174	1.0116	0.80927	3.569	15.174	1.0116	0.80927	3.569	15.174	0	0.31667	0.31667	0.31667	0.31667	0.31667	0.31667	0.31667	0.31667	0.31667	0.31667	0.31667	0.31667	0.31667	0.31667	0.31667	0.31667	0.31667
10000	5	0.001	0.01	1	1	0.8	0.8	0.3	2.8116	15	0.8	0.3	2.8116	15	0.8	0.3	2.8116	15	0.8	0.3	2.8116	15	0	0.8	0.3	2.8116	15	0.8	0.3	2.8116	15	0.8	0.3	2.8116	15	0.8	0.3	2.8116	15	0	0.1	0.1	0.1	0.1	0.1	0.1	0.1	0.1	0.1	0.1	0.1	0.1	0.1	0.1	0.1	0.1	0.1
10000	6.5467	0.00125	0.02	1	1	0.8	1	0	3.5	15	1	0	3.5	15	1	0	3.5	15	1	0	3.5	15	0	0.5	0	1.75	7.5	0.5	0	1.75	7.5	0.5	0	1.75	7.5	0.5	0	1.75	7.5	0	0.35	0.35	0.35	0.35	0.35	0.35	0.35	0.35	0.35	0.35	0.35	0.35	0.35	0.35	0.35	0.35	0.35
10000	4.91	0.001	0.023674	1	1	0.57752	0.96548	0.29904	3.6977	14.724	0.96548	0.29904	3.6977	14.724	0.96548	0.29904	3.6977	14.724	0.96548	0.29904	3.6977	14.724	0.017258	0.94575	0.29293	3.6221	14.423	0.94575	0.29293	3.6221	14.423	0.94575	0.29293	3.6221	14.423	0.94575	0.29293	3.6221	14.423	0.016905	0.053452	0.053452	0.053452	0.053452	0.053452	0.053452	0.053452	0.053452	0.053452	0.053452	0.053452	0.053452	0.053452	0.053452	0.053452	0.053452	0.053452
10000	4.5	0.001	0.025911	1	1	0.62912	0.86272	0.3	3.7139	30	0.86272	0.3	3.7139	30	0.86272	0.3	3.7139	30	0.86272	0.3	3.7139	30	0	0.86272	0.3	3.7139	30	0.86272	0.3	3.7139	30	0.86272	0.3	3.7139	30	0.86272	0.3	3.7139	30	0	0.083865	0.083865	0.083865	0.083865	0.083865	0.083865	0.083865	0.083865	0.083865	0.083865	0.083865	0.083865	0.083865	0.083865	0.083865	0.083865	0.083865
10000	9.7251	0.001	0.016613	1	1	0.24736	1.0093	0.40803	3.5208	18.407	1.0093	0.40803	3.5208	18.407	1.0093	0.40803	3.5208	18.407	1.0093	0.40803	3.5208	18.407	0.0046314	1.8354	0.74202	6.4028	33.475	1.8354	0.74202	6.4028	33.475	1.8354	0.74202	6.4028	33.475	1.8354	0.74202	6.4028	33.475	0.0084225	0.19629	0.19629	0.19629	0.19629	0.19629	0.19629	0.19629	0.19629	0.19629	0.19629	0.19629	0.19629	0.19629	0.19629	0.19629	0.19629	0.19629
10000	7.4731	0.0021002	0.020276	1	1	0.4	0.8	0.5	3.633	30	0.8	0.5	3.633	30	0.8	0.5	3.633	30	0.8	0.5	3.633	30	0	0.93352	0.58345	4.2393	35.007	0.93352	0.58345	4.2393	35.007	0.93352	0.58345	4.2393	35.007	0.93352	0.58345	4.2393	35.007	0	0.11069	0.11069	0.11069	0.11069	0.11069	0.11069	0.11069	0.11069	0.11069	0.11069	0.11069	0.11069	0.11069	0.11069	0.11069	0.11069	0.11069
10000	7.4593	0.001	0.014444	1	1	0.64235	0.99074	0.51364	2.7966	15	0.99074	0.51364	2.7966	15	0.99074	0.51364	2.7966	15	0.99074	0.51364	2.7966	15	0	1.0625	0.55087	2.9993	16.087	1.0625	0.55087	2.9993	16.087	1.0625	0.55087	2.9993	16.087	1.0625	0.55087	2.9993	16.087	0	0.2	0.2	0.2	0.2	0.2	0.2	0.2	0.2	0.2	0.2	0.2	0.2	0.2	0.2	0.2	0.2	0.2
10000	2.4011	0.020337	0.01551	1	1	0.59797	1.2245	0.44591	2.8928	16.796	1.2245	0.44591	2.8928	16.796	1.2245	0.44591	2.8928	16.796	1.2245	0.44591	2.8928	16.796	-0.11224	0.98397	0.35833	2.3246	13.497	0.98397	0.35833	2.3246	13.497	0.98397	0.35833	2.3246	13.497	0.98397	0.35833	2.3246	13.497	-0.090196	0.2898	0.2898	0.2898	0.2898	0.2898	0.2898	0.2898	0.2898	0.2898	0.2898	0.2898	0.2898	0.2898	0.2898	0.2898	0.2898	0.2898
10000	3	0.02	0.03	1	1	0.4	0.8	0.95059	2.5	30	0.8	0.95059	2.5	30	0.8	0.95059	2.5	30	0.8	0.95059	2.5	30	0	0.4	0.4753	1.25	15	0.4	0.4753	1.25	15	0.4	0.4753	1.25	15	0.4	0.4753	1.25	15	0	0.2	0.2	0.2	0.2	0.2	0.2	0.2	0.2	0.2	0.2	0.2	0.2	0.2	0.2	0.2	0.2	0.2
10000	2.3708	0.01139	0.02	1	1	0.4	1	0.90741	2.8207	9.8493	1	0.90741	2.8207	9.8493	1	0.90741	2.8207	9.8493	1	0.90741	2.8207	9.8493	-0.14006	0.61646	0.55938	1.7389	6.0717	0.61646	0.55938	1.7389	6.0717	0.61646	0.55938	1.7389	6.0717	0.61646	0.55938	1.7389	6.0717	-0.086339	0.22222	0.22222	0.22222	0.22222	0.22222	0.22222	0.22222	0.22222	0.22222	0.22222	0.22222	0.22222	0.22222	0.22222	0.22222	0.22222	0.22222
10000	2.1309	0.015019	0.031667	1	1	0.4	0.93931	1.6041	5	15	0.93931	1.6041	5	15	0.93931	1.6041	5	15	0.93931	1.6041	5	15	0	0.41967	0.71667	2.2339	6.7018	0.41967	0.71667	2.2339	6.7018	0.41967	0.71667	2.2339	6.7018	0.41967	0.71667	2.2339	6.7018	0	0.30834	0.30834	0.30834	0.30834	0.30834	0.30834	0.30834	0.30834	0.30834	0.30834	0.30834	0.30834	0.30834	0.30834	0.30834	0.30834	0.30834
10000	2.2888	0.02	0.02	1	1	0.27277	0.8	0.3	2.5	15	0.8	0.3	2.5	15	0.8	0.3	2.5	15	0.8	0.3	2.5	15	-0.23175	0.68017	0.25506	2.1255	12.753	0.68017	0.25506	2.1255	12.753	0.68017	0.25506	2.1255	12.753	0.68017	0.25506	2.1255	12.753	-0.19704	0.2	0.2	0.2	0.2	0.2	0.2	0.2	0.2	0.2	0.2	0.2	0.2	0.2	0.2	0.2	0.2	0.2
10000	4.684	0.0097463	0.020282	1	1	0.81269	1.0141	0.30916	5.0247	29.887	1.0141	0.30916	5.0247	29.887	1.0141	0.30916	5.0247	29.887	1.0141	0.30916	5.0247	29.887	-0.0070485	1.0045	0.30624	4.9771	29.604	1.0045	0.30624	4.9771	29.604	1.0045	0.30624	4.9771	29.604	1.0045	0.30624	4.9771	29.604	-0.0069818	0.40846	0.40846	0.40846	0.40846	0.40846	0.40846	0.40846	0.40846	0.40846	0.40846	0.40846	0.40846	0.40846	0.40846	0.40846	0.40846	0.40846
10000	2.889	0.001	0.022746	1	1	0.35	0.62666	0.625	3.5417	19	0.62666	0.625	3.5417	19	0.62666	0.625	3.5417	19	0.62666	0.625	3.5417	19	0.25	0.32638	0.32552	1.8446	9.8958	0.32638	0.32552	1.8446	9.8958	0.32638	0.32552	1.8446	9.8958	0.32638	0.32552	1.8446	9.8958	0.13021	0.41344	0.41344	0.41344	0.41344	0.41344	0.41344	0.41344	0.41344	0.41344	0.41344	0.41344	0.41344	0.41344	0.41344	0.41344	0.41344	0.41344
10000	2.5722	0.001	0.01	1	1	0.35	1.5	0.875	4.2083	34	1.5	0.875	4.2083	34	1.5	0.875	4.2083	34	1.5	0.875	4.2083	34	0.25	1.373	0.80093	3.8521	31.122	1.373	0.80093	3.8521	31.122	1.373	0.80093	3.8521	31.122	1.373	0.80093	3.8521	31.122	0.22884	0.41043	0.41043	0.41043	0.41043	0.41043	0.41043	0.41043	0.41043	0.41043	0.41043	0.41043	0.41043	0.41043	0.41043	0.41043	0.41043	0.41043
10000	1.0667	0.001	0.03	1	1	0.25299	1	0.3	2.5	131.25	1	0.3	2.5	131.25	1	0.3	2.5	131.25	1	0.3	2.5	131.25	0	0.57889	0.17367	1.4472	75.976	0.57889	0.17367	1.4472	75.976	0.57889	0.17367	1.4472	75.976	0.57889	0.17367	1.4472	75.976	0	0.22714	0.22714	0.22714	0.22714	0.22714	0.22714	0.22714	0.22714	0.22714	0.22714	0.22714	0.22714	0.22714	0.22714	0.22714	0.22714	0.22714
10000	3.001	0.007327	0.019998	1	1	0.55326	0.94036	0.40005	3.3369	9.9972	0.94036	0.40005	3.3369	9.9972	0.94036	0.40005	3.3369	9.9972	0.94036	0.40005	3.3369	9.9972	0.33359	0.94031	0.40003	3.3367	9.9967	0.94031	0.40003	3.3367	9.9967	0.94031	0.40003	3.3367	9.9967	0.94031	0.40003	3.3367	9.9967	0.33357	0.29654	0.29654	0.29654	0.29654	0.29654	0.29654	0.29654	0.29654	0.29654	0.29654	0.29654	0.29654	0.29654	0.29654	0.29654	0.29654	0.29654
10000	5.0278	0.0049248	0.014974	1	1	0.79153	0.99059	-6.2056e-06	3.3498	15.075	0.99059	-6.2056e-06	3.3498	15.075	0.99059	-6.2056e-06	3.3498	15.075	0.99059	-6.2056e-06	3.3498	15.075	0.0047067	1.0204	-6.3922e-06	3.4505	15.529	1.0204	-6.3922e-06	3.4505	15.529	1.0204	-6.3922e-06	3.4505	15.529	1.0204	-6.3922e-06	3.4505	15.529	0.0048482	0.26784	0.26784	0.26784	0.26784	0.26784	0.26784	0.26784	0.26784	0.26784	0.26784	0.26784	0.26784	0.26784	0.26784	0.26784	0.26784	0.26784
10000	3.261	0.0067954	0.029345	1	1	0.79611	1.0266	0.174	2.799	14.899	1.0266	0.174	2.799	14.899	1.0266	0.174	2.799	14.899	1.0266	0.174	2.799	14.899	-0.00097411	0.71608	0.12137	1.9524	10.392	0.71608	0.12137	1.9524	10.392	0.71608	0.12137	1.9524	10.392	0.71608	0.12137	1.9524	10.392	-0.00067947	0.27664	0.27664	0.27664	0.27664	0.27664	0.27664	0.27664	0.27664	0.27664	0.27664	0.27664	0.27664	0.27664	0.27664	0.27664	0.27664	0.27664
10000	2.4787	0.001	0.019446	1	1	0.8	0.8	0.3	2.5	15	0.8	0.3	2.5	15	0.8	0.3	2.5	15	0.8	0.3	2.5	15	0	0.8	0.3	2.5	15	0.8	0.3	2.5	15	0.8	0.3	2.5	15	0.8	0.3	2.5	15	0	0.2	0.2	0.2	0.2	0.2	0.2	0.2	0.2	0.2	0.2	0.2	0.2	0.2	0.2	0.2	0.2	0.2
10000	2.9997	0.001	0.020003	1	1	0.80012	1.0001	0.40008	2.4998	15.001	1.0001	0.40008	2.4998	15.001	1.0001	0.40008	2.4998	15.001	1.0001	0.40008	2.4998	15.001	-0.16316	1	0.40004	2.4995	14.999	1	0.40004	2.4995	14.999	1	0.40004	2.4995	14.999	1	0.40004	2.4995	14.999	-0.16314	0.19998	0.19998	0.19998	0.19998	0.19998	0.19998	0.19998	0.19998	0.19998	0.19998	0.19998	0.19998	0.19998	0.19998	0.19998	0.19998	0.19998
10000	2.7379	0.001	0.029688	1	1	0.80695	1.3965	0.24719	7.0172	62.788	1.3965	0.24719	7.0172	62.788	1.3965	0.24719	7.0172	62.788	1.3965	0.24719	7.0172	62.788	0.10678	0.34913	0.061797	1.7543	15.697	0.34913	0.061797	1.7543	15.697	0.34913	0.061797	1.7543	15.697	0.34913	0.061797	1.7543	15.697	0.026695	0.25387	0.25387	0.25387	0.25387	0.25387	0.25387	0.25387	0.25387	0.25387	0.25387	0.25387	0.25387	0.25387	0.25387	0.25387	0.25387	0.25387
10000	2.0704	0.0039629	0.019091	1	1	0.97018	1.5	0.5	3.8737	33.004	1.5	0.5	3.8737	33.004	1.5	0.5	3.8737	33.004	1.5	0.5	3.8737	33.004	0.1122	0.61724	0.20575	1.594	13.581	0.61724	0.20575	1.594	13.581	0.61724	0.20575	1.594	13.581	0.61724	0.20575	1.594	13.581	0.046168	0.1	0.1	0.1	0.1	0.1	0.1	0.1	0.1	0.1	0.1	0.1	0.1	0.1	0.1	0.1	0.1	0.1
10000	0.74708	0.0050016	0.019996	1	1	0.99989	0.99978	-0.16804	2.4996	14.998	0.99978	-0.16804	2.4996	14.998	0.99978	-0.16804	2.4996	14.998	0.99978	-0.16804	2.4996	14.998	4.8341e-05	0.49997	-0.084032	1.25	7.5003	0.49997	-0.084032	1.25	7.5003	0.49997	-0.084032	1.25	7.5003	0.49997	-0.084032	1.25	7.5003	2.4174e-05	0	0	0	0	0	0	0	0	0	0	0	0	0	0	0	0	0
10000	3	0.001	0.01	1	1	0.8	1	0.4	3.5	13.235	1	0.4	3.5	13.235	1	0.4	3.5	13.235	1	0.4	3.5	13.235	0	0.81424	0.3257	2.8498	10.777	0.81424	0.3257	2.8498	10.777	0.81424	0.3257	2.8498	10.777	0.81424	0.3257	2.8498	10.777	0	0.23764	0.23764	0.23764	0.23764	0.23764	0.23764	0.23764	0.23764	0.23764	0.23764	0.23764	0.23764	0.23764	0.23764	0.23764	0.23764	0.23764
10000	3	0.0033044	0.019415	1	1	1.1224	1	0.11325	5	17.979	1	0.11325	5	17.979	1	0.11325	5	17.979	1	0.11325	5	17.979	0.38847	0.65279	0.073927	3.264	11.737	0.65279	0.073927	3.264	11.737	0.65279	0.073927	3.264	11.737	0.65279	0.073927	3.264	11.737	0.25359	0.13209	0.13209	0.13209	0.13209	0.13209	0.13209	0.13209	0.13209	0.13209	0.13209	0.13209	0.13209	0.13209	0.13209	0.13209	0.13209	0.13209
10000	3.5947	0.0012501	0.01	1	1	0.80014	1.0002	0.1191	2.4997	29.999	1.0002	0.1191	2.4997	29.999	1.0002	0.1191	2.4997	29.999	1.0002	0.1191	2.4997	29.999	7.9392e-05	1.1002	0.13101	2.7497	32.999	1.1002	0.13101	2.7497	32.999	1.1002	0.13101	2.7497	32.999	1.1002	0.13101	2.7497	32.999	8.7332e-05	0.18679	0.18679	0.18679	0.18679	0.18679	0.18679	0.18679	0.18679	0.18679	0.18679	0.18679	0.18679	0.18679	0.18679	0.18679	0.18679	0.18679
10000	4.7274	0.001	0.020008	1	1	1.0667	1.0792	0.29975	3.5004	15.003	1.0792	0.29975	3.5004	15.003	1.0792	0.29975	3.5004	15.003	1.0792	0.29975	3.5004	15.003	-0.00019593	0.67869	0.1885	2.2013	9.4349	0.67869	0.1885	2.2013	9.4349	0.67869	0.1885	2.2013	9.4349	0.67869	0.1885	2.2013	9.4349	-0.00012321	0.30024	0.30024	0.30024	0.30024	0.30024	0.30024	0.30024	0.30024	0.30024	0.30024	0.30024	0.30024	0.30024	0.30024	0.30024	0.30024	0.30024
10000	2.8384	0.0049982	0.02244	1	1	0.99976	0.99987	0.29984	2.5004	14.998	0.99987	0.29984	2.5004	14.998	0.99987	0.29984	2.5004	14.998	0.99987	0.29984	2.5004	14.998	-0.44413	0.79828	0.23939	1.9963	11.974	0.79828	0.23939	1.9963	11.974	0.79828	0.23939	1.9963	11.974	0.79828	0.23939	1.9963	11.974	-0.35459	0.2001	0.2001	0.2001	0.2001	0.2001	0.2001	0.2001	0.2001	0.2001	0.2001	0.2001	0.2001	0.2001	0.2001	0.2001	0.2001	0.2001
10000	4.4841	0.001	0.03	1	1	0.69924	0.8	0.33333	2.5	15	0.8	0.33333	2.5	15	0.8	0.33333	2.5	15	0.8	0.33333	2.5	15	0	0.8	0.33333	2.5	15	0.8	0.33333	2.5	15	0.8	0.33333	2.5	15	0.8	0.33333	2.5	15	0	0.16667	0.16667	0.16667	0.16667	0.16667	0.16667	0.16667	0.16667	0.16667	0.16667	0.16667	0.16667	0.16667	0.16667	0.16667	0.16667	0.16667
10000	2.7641	0.001	0.02	1	1	0.66614	0.8	0.24745	2.5	30	0.8	0.24745	2.5	30	0.8	0.24745	2.5	30	0.8	0.24745	2.5	30	0	0.8	0.24745	2.5	30	0.8	0.24745	2.5	30	0.8	0.24745	2.5	30	0.8	0.24745	2.5	30	0	0.1	0.1	0.1	0.1	0.1	0.1	0.1	0.1	0.1	0.1	0.1	0.1	0.1	0.1	0.1	0.1	0.1
10000	2.8317	0.0087414	0.021948	1	1	0.77326	1.9249	1.6717	3.4649	15.852	1.9249	1.6717	3.4649	15.852	1.9249	1.6717	3.4649	15.852	1.9249	1.6717	3.4649	15.852	-0.10619	0.86965	0.75528	1.5654	7.1618	0.86965	0.75528	1.5654	7.1618	0.86965	0.75528	1.5654	7.1618	0.86965	0.75528	1.5654	7.1618	-0.047975	0.1697	0.1697	0.1697	0.1697	0.1697	0.1697	0.1697	0.1697	0.1697	0.1697	0.1697	0.1697	0.1697	0.1697	0.1697	0.1697	0.1697
10000	5.3657	0.003	0.01	1	1	1.7676	1.3074	0.3	3.5	15	1.3074	0.3	3.5	15	1.3074	0.3	3.5	15	1.3074	0.3	3.5	15	0.33333	1.3075	0.3	3.5	15	1.3075	0.3	3.5	15	1.3075	0.3	3.5	15	1.3075	0.3	3.5	15	0.33334	0.17758	0.17758	0.17758	0.17758	0.17758	0.17758	0.17758	0.17758	0.17758	0.17758	0.17758	0.17758	0.17758	0.17758	0.17758	0.17758	0.17758
10000	3.0139	0.0016658	0.02	1	1	1.6	0.74912	0.3	3.3333	15	0.74912	0.3	3.3333	15	0.74912	0.3	3.3333	15	0.74912	0.3	3.3333	15	0	0.74912	0.3	3.3333	15	0.74912	0.3	3.3333	15	0.74912	0.3	3.3333	15	0.74912	0.3	3.3333	15	0	0.2	0.2	0.2	0.2	0.2	0.2	0.2	0.2	0.2	0.2	0.2	0.2	0.2	0.2	0.2	0.2	0.2
10000	3	0.0019381	0.02	1	1	1.6	1.1216	0.25564	2.5	15	1.1216	0.25564	2.5	15	1.1216	0.25564	2.5	15	1.1216	0.25564	2.5	15	0	1.1216	0.25564	2.5	15	1.1216	0.25564	2.5	15	1.1216	0.25564	2.5	15	1.1216	0.25564	2.5	15	0	0.1	0.1	0.1	0.1	0.1	0.1	0.1	0.1	0.1	0.1	0.1	0.1	0.1	0.1	0.1	0.1	0.1
10000	3	0.005	0.02	1	1	1.6	1.1477	0.3	2.5	180	1.1477	0.3	2.5	180	1.1477	0.3	2.5	180	1.1477	0.3	2.5	180	0	1.1477	0.3	2.5	180	1.1477	0.3	2.5	180	1.1477	0.3	2.5	180	1.1477	0.3	2.5	180	0	0.1	0.1	0.1	0.1	0.1	0.1	0.1	0.1	0.1	0.1	0.1	0.1	0.1	0.1	0.1	0.1	0.1
10000	3	0.001	0.022887	1	1	2	1.5141	0.11885	3.4353	20	1.5141	0.11885	3.4353	20	1.5141	0.11885	3.4353	20	1.5141	0.11885	3.4353	20	0	0.55784	0.043788	1.2657	7.3686	0.55784	0.043788	1.2657	7.3686	0.55784	0.043788	1.2657	7.3686	0.55784	0.043788	1.2657	7.3686	0	0.21917	0.21917	0.21917	0.21917	0.21917	0.21917	0.21917	0.21917	0.21917	0.21917	0.21917	0.21917	0.21917	0.21917	0.21917	0.21917	0.21917
10000	5.286	0.001	0.016429	1	1	1.1562	1.1508	0.29398	4.6875	19.903	1.1508	0.29398	4.6875	19.903	1.1508	0.29398	4.6875	19.903	1.1508	0.29398	4.6875	19.903	0.33796	1.0715	0.27373	4.3645	18.532	1.0715	0.27373	4.3645	18.532	1.0715	0.27373	4.3645	18.532	1.0715	0.27373	4.3645	18.532	0.31468	0.17062	0.17062	0.17062	0.17062	0.17062	0.17062	0.17062	0.17062	0.17062	0.17062	0.17062	0.17062	0.17062	0.17062	0.17062	0.17062	0.17062
10000	7.4405	0.0038889	0.02	1	1	1.2296	0.8	0.3	5	32	0.8	0.3	5	32	0.8	0.3	5	32	0.8	0.3	5	32	0.33333	0.8	0.3	5	32	0.8	0.3	5	32	0.8	0.3	5	32	0.8	0.3	5	32	0.33333	0.19218	0.19218	0.19218	0.19218	0.19218	0.19218	0.19218	0.19218	0.19218	0.19218	0.19218	0.19218	0.19218	0.19218	0.19218	0.19218	0.19218
10000	5.065	0.001	0.022446	1	1	1.2199	0.72452	0	3.4278	15	0.72452	0	3.4278	15	0.72452	0	3.4278	15	0.72452	0	3.4278	15	0	0.69433	0	3.285	14.375	0.69433	0	3.285	14.375	0.69433	0	3.285	14.375	0.69433	0	3.285	14.375	0	0.2	0.2	0.2	0.2	0.2	0.2	0.2	0.2	0.2	0.2	0.2	0.2	0.2	0.2	0.2	0.2	0.2
10000	3.2778	0.001	0.017508	1	1	1.3537	0.98839	0.28672	3.5	15	0.98839	0.28672	3.5	15	0.98839	0.28672	3.5	15	0.98839	0.28672	3.5	15	0	0.86701	0.25151	3.0702	13.158	0.86701	0.25151	3.0702	13.158	0.86701	0.25151	3.0702	13.158	0.86701	0.25151	3.0702	13.158	0	0.16667	0.16667	0.16667	0.16667	0.16667	0.16667	0.16667	0.16667	0.16667	0.16667	0.16667	0.16667	0.16667	0.16667	0.16667	0.16667	0.16667
10000	2.9002	0.0012859	0.037347	1	1	1.2795	0.8033	0.41592	3.6454	178.57	0.8033	0.41592	3.6454	178.57	0.8033	0.41592	3.6454	178.57	0.8033	0.41592	3.6454	178.57	0.19573	0.32264	0.16705	1.4642	71.723	0.32264	0.16705	1.4642	71.723	0.32264	0.16705	1.4642	71.723	0.32264	0.16705	1.4642	71.723	0.078615	0.17239	0.17239	0.17239	0.17239	0.17239	0.17239	0.17239	0.17239	0.17239	0.17239	0.17239	0.17239	0.17239	0.17239	0.17239	0.17239	0.17239
10000	3.0927	0.001	0.017871	1	1	1.1072	1.1347	0.3	3.3333	15	1.1347	0.3	3.3333	15	1.1347	0.3	3.3333	15	1.1347	0.3	3.3333	15	0	0.97461	0.25768	2.8631	12.884	0.97461	0.25768	2.8631	12.884	0.97461	0.25768	2.8631	12.884	0.97461	0.25768	2.8631	12.884	0	0.3	0.3	0.3	0.3	0.3	0.3	0.3	0.3	0.3	0.3	0.3	0.3	0.3	0.3	0.3	0.3	0.3
10000	2.1127	0.001	0.02	1	1	1	2	0.6	4.2222	30	2	0.6	4.2222	30	2	0.6	4.2222	30	2	0.6	4.2222	30	0	1	0.3	2.1111	15	1	0.3	2.1111	15	1	0.3	2.1111	15	1	0.3	2.1111	15	0	0.1	0.1	0.1	0.1	0.1	0.1	0.1	0.1	0.1	0.1	0.1	0.1	0.1	0.1	0.1	0.1	0.1
10000	4.2954	0.001	0.03	1	1	1.0896	1	0.4	3.263	15	1	0.4	3.263	15	1	0.4	3.263	15	1	0.4	3.263	15	0	1	0.4	3.263	15	1	0.4	3.263	15	1	0.4	3.263	15	1	0.4	3.263	15	0	0.18889	0.18889	0.18889	0.18889	0.18889	0.18889	0.18889	0.18889	0.18889	0.18889	0.18889	0.18889	0.18889	0.18889	0.18889	0.18889	0.18889
10000	3.9962	0.005	0.019815	1	1	0.75417	1	0.4	2.5	20	1	0.4	2.5	20	1	0.4	2.5	20	1	0.4	2.5	20	0	0.99508	0.39803	2.4877	19.902	0.99508	0.39803	2.4877	19.902	0.99508	0.39803	2.4877	19.902	0.99508	0.39803	2.4877	19.902	0	0.094444	0.094444	0.094444	0.094444	0.094444	0.094444	0.094444	0.094444	0.094444	0.094444	0.094444	0.094444	0.094444	0.094444	0.094444	0.094444	0.094444
10000	4.1096	0.0042083	0.01	1	1	1	1.0413	0.3	3.1667	9.5779	1.0413	0.3	3.1667	9.5779	1.0413	0.3	3.1667	9.5779	1.0413	0.3	3.1667	9.5779	0	1.0269	0.29583	3.1227	9.4448	1.0269	0.29583	3.1227	9.4448	1.0269	0.29583	3.1227	9.4448	1.0269	0.29583	3.1227	9.4448	0	0.16667	0.16667	0.16667	0.16667	0.16667	0.16667	0.16667	0.16667	0.16667	0.16667	0.16667	0.16667	0.16667	0.16667	0.16667	0.16667	0.16667
10000	2.866	0.001	0.01	1	1	0.99691	0.99691	0.49769	2.4946	14.975	0.99691	0.49769	2.4946	14.975	0.99691	0.49769	2.4946	14.975	0.99691	0.49769	2.4946	14.975	-0.0015432	0.68765	0.34329	1.7207	10.33	0.68765	0.34329	1.7207	10.33	0.68765	0.34329	1.7207	10.33	0.68765	0.34329	1.7207	10.33	-0.0010645	0.10062	0.10062	0.10062	0.10062	0.10062	0.10062	0.10062	0.10062	0.10062	0.10062	0.10062	0.10062	0.10062	0.10062	0.10062	0.10062	0.10062
10000	4.4286	0.001	0.02	1	1	0.86743	1	0.2557	2.5	15	1	0.2557	2.5	15	1	0.2557	2.5	15	1	0.2557	2.5	15	0	0.84765	0.21674	2.1191	12.715	0.84765	0.21674	2.1191	12.715	0.84765	0.21674	2.1191	12.715	0.84765	0.21674	2.1191	12.715	0	0.2	0.2	0.2	0.2	0.2	0.2	0.2	0.2	0.2	0.2	0.2	0.2	0.2	0.2	0.2	0.2	0.2
10000	5.0656	0.001	0.021385	1	1	1.1986	1.5206	0.34078	2.981	20.889	1.5206	0.34078	2.981	20.889	1.5206	0.34078	2.981	20.889	1.5206	0.34078	2.981	20.889	-0.063772	1.4097	0.31593	2.7636	19.366	1.4097	0.31593	2.7636	19.366	1.4097	0.31593	2.7636	19.366	1.4097	0.31593	2.7636	19.366	-0.059122	0.1308	0.1308	0.1308	0.1308	0.1308	0.1308	0.1308	0.1308	0.1308	0.1308	0.1308	0.1308	0.1308	0.1308	0.1308	0.1308	0.1308
10000	9.6667	0.001	0.01931	1	1	1	2	1.3333	3.5931	15	2	1.3333	3.5931	15	2	1.3333	3.5931	15	2	1.3333	3.5931	15	0	1	0.66667	1.7966	7.5	1	0.66667	1.7966	7.5	1	0.66667	1.7966	7.5	1	0.66667	1.7966	7.5	0	0.1	0.1	0.1	0.1	0.1	0.1	0.1	0.1	0.1	0.1	0.1	0.1	0.1	0.1	0.1	0.1	0.1
10000	4.5599	0.005	0.024544	1	1	1.1173	1	0.2824	2.5	15	1	0.2824	2.5	15	1	0.2824	2.5	15	1	0.2824	2.5	15	0.2372	1	0.2824	2.5	15	1	0.2824	2.5	15	1	0.2824	2.5	15	1	0.2824	2.5	15	0.2372	0.13333	0.13333	0.13333	0.13333	0.13333	0.13333	0.13333	0.13333	0.13333	0.13333	0.13333	0.13333	0.13333	0.13333	0.13333	0.13333	0.13333
10000	3	0.001	0.02	1	1	1.0667	1	0.3	2.5	7.4731	1	0.3	2.5	7.4731	1	0.3	2.5	7.4731	1	0.3	2.5	7.4731	6.0555e-06	0.99999	0.3	2.5	7.473	0.99999	0.3	2.5	7.473	0.99999	0.3	2.5	7.473	0.99999	0.3	2.5	7.473	6.0554e-06	0.2	0.2	0.2	0.2	0.2	0.2	0.2	0.2	0.2	0.2	0.2	0.2	0.2	0.2	0.2	0.2	0.2
10000	5	0.001	0.028758	1	1	1	1.1428	0.3	3.7037	18.333	1.1428	0.3	3.7037	18.333	1.1428	0.3	3.7037	18.333	1.1428	0.3	3.7037	18.333	-0.095954	0.99998	0.2625	3.2407	16.042	0.99998	0.2625	3.2407	16.042	0.99998	0.2625	3.2407	16.042	0.99998	0.2625	3.2407	16.042	-0.08396	0.26354	0.26354	0.26354	0.26354	0.26354	0.26354	0.26354	0.26354	0.26354	0.26354	0.26354	0.26354	0.26354	0.26354	0.26354	0.26354	0.26354
10000	3	0.0075	0.015	1	1	1.069	1.172	0.4	2.964	20.485	1.172	0.4	2.964	20.485	1.172	0.4	2.964	20.485	1.172	0.4	2.964	20.485	-0.38709	1.1469	0.39145	2.9007	20.047	1.1469	0.39145	2.9007	20.047	1.1469	0.39145	2.9007	20.047	1.1469	0.39145	2.9007	20.047	-0.37881	0.2	0.2	0.2	0.2	0.2	0.2	0.2	0.2	0.2	0.2	0.2	0.2	0.2	0.2	0.2	0.2	0.2
10000	2.7826	0.001	0.019306	1	1	0.78932	1.0362	0.10358	2.5	11.8	1.0362	0.10358	2.5	11.8	1.0362	0.10358	2.5	11.8	1.0362	0.10358	2.5	11.8	8.5604e-06	1.0492	0.10488	2.5313	11.948	1.0492	0.10488	2.5313	11.948	1.0492	0.10488	2.5313	11.948	1.0492	0.10488	2.5313	11.948	8.6677e-06	0.096702	0.096702	0.096702	0.096702	0.096702	0.096702	0.096702	0.096702	0.096702	0.096702	0.096702	0.096702	0.096702	0.096702	0.096702	0.096702	0.096702
10000	3	0.001	0.02	1	1	0.8	1	0.3	2.5	15	1	0.3	2.5	15	1	0.3	2.5	15	1	0.3	2.5	15	0	1	0.3	2.5	15	1	0.3	2.5	15	1	0.3	2.5	15	1	0.3	2.5	15	0	0.20522	0.20522	0.20522	0.20522	0.20522	0.20522	0.20522	0.20522	0.20522	0.20522	0.20522	0.20522	0.20522	0.20522	0.20522	0.20522	0.20522
