10000	10000	0.0099572	0.020048	1	0.50178	-0.16298	1.0024	0.30155	2.5042	11.072	1.0024	0.30155	2.5042	11.072	1.0024	0.30155	2.5042	11.072	1.0024	0.30155	2.5042	11.072	0	1.0003	0.30092	2.499	11.049	1.0003	0.30092	2.499	11.049	1.0003	0.30092	2.499	11.049	1.0003	0.30092	2.499	11.049	0	0.22812	0.22812	0.22812	0.22812	0.22812	0.22812	0.22812	0.22812	0.22812	0.22812	0.22812	0.22812	0.22812	0.22812	0.22812	0.22812	0.22812
10000	10000	0.073641	0.01	1	0.41667	0.57489	0.8	-6.0555e-06	3.197	20	0.8	-6.0555e-06	3.197	20	0.8	-6.0555e-06	3.197	20	0.8	-6.0555e-06	3.197	20	0	1.6	-1.2111e-05	6.3939	40	1.6	-1.2111e-05	6.3939	40	1.6	-1.2111e-05	6.3939	40	1.6	-1.2111e-05	6.3939	40	0	0.28333	0.28333	0.28333	0.28333	0.28333	0.28333	0.28333	0.28333	0.28333	0.28333	0.28333	0.28333	0.28333	0.28333	0.28333	0.28333	0.28333
10000	10000	0.3511	0.01	1	5.3952e-07	0.49732	0.96433	-0.084413	2.5994	29.938	0.96433	-0.084413	2.5994	29.938	0.96433	-0.084413	2.5994	29.938	0.96433	-0.084413	2.5994	29.938	0	1.0906	-0.095467	2.9398	33.858	1.0906	-0.095467	2.9398	33.858	1.0906	-0.095467	2.9398	33.858	1.0906	-0.095467	2.9398	33.858	0	0.28286	0.28286	0.28286	0.28286	0.28286	0.28286	0.28286	0.28286	0.28286	0.28286	0.28286	0.28286	0.28286	0.28286	0.28286	0.28286	0.28286
10000	10000	0.27086	0.018829	1	0.33333	0.48969	0.99991	0.19994	3.6786	20.001	0.99991	0.19994	3.6786	20.001	0.99991	0.19994	3.6786	20.001	0.99991	0.19994	3.6786	20.001	0	1.1058	0.22112	4.0682	22.119	1.1058	0.22112	4.0682	22.119	1.1058	0.22112	4.0682	22.119	1.1058	0.22112	4.0682	22.119	0	0.21786	0.21786	0.21786	0.21786	0.21786	0.21786	0.21786	0.21786	0.21786	0.21786	0.21786	0.21786	0.21786	0.21786	0.21786	0.21786	0.21786
10000	10000	0.020006	0.01	1	0.49987	0.79985	0.52012	0.091464	2.5003	14.101	0.52012	0.091464	2.5003	14.101	0.52012	0.091464	2.5003	14.101	0.52012	0.091464	2.5003	14.101	0	0.55332	0.097303	2.6599	15.002	0.55332	0.097303	2.6599	15.002	0.55332	0.097303	2.6599	15.002	0.55332	0.097303	2.6599	15.002	0	0.19993	0.19993	0.19993	0.19993	0.19993	0.19993	0.19993	0.19993	0.19993	0.19993	0.19993	0.19993	0.19993	0.19993	0.19993	0.19993	0.19993
10000	10000	0.1459	0.029487	1	0.012131	0.69357	0.86965	0.21623	3.0815	8.7471	0.86965	0.21623	3.0815	8.7471	0.86965	0.21623	3.0815	8.7471	0.86965	0.21623	3.0815	8.7471	0	0.77462	0.1926	2.7448	7.7913	0.77462	0.1926	2.7448	7.7913	0.77462	0.1926	2.7448	7.7913	0.77462	0.1926	2.7448	7.7913	0	0.22581	0.22581	0.22581	0.22581	0.22581	0.22581	0.22581	0.22581	0.22581	0.22581	0.22581	0.22581	0.22581	0.22581	0.22581	0.22581	0.22581
10000	10000	0.015229	0.02	1	0.27778	0.85232	1.037	0.097281	3.7778	15	1.037	0.097281	3.7778	15	1.037	0.097281	3.7778	15	1.037	0.097281	3.7778	15	0	1.0403	0.097582	3.7894	15.046	1.0403	0.097582	3.7894	15.046	1.0403	0.097582	3.7894	15.046	1.0403	0.097582	3.7894	15.046	0	0.37376	0.37376	0.37376	0.37376	0.37376	0.37376	0.37376	0.37376	0.37376	0.37376	0.37376	0.37376	0.37376	0.37376	0.37376	0.37376	0.37376
10000	10000	0.010172	0.01	1	7.2466e-06	0.42004	0.93292	0.33379	2.2695	13.946	0.93292	0.33379	2.2695	13.946	0.93292	0.33379	2.2695	13.946	0.93292	0.33379	2.2695	13.946	0	0.82542	0.29533	2.008	12.339	0.82542	0.29533	2.008	12.339	0.82542	0.29533	2.008	12.339	0.82542	0.29533	2.008	12.339	0	0.21298	0.21298	0.21298	0.21298	0.21298	0.21298	0.21298	0.21298	0.21298	0.21298	0.21298	0.21298	0.21298	0.21298	0.21298	0.21298	0.21298
10000	10000	0.021661	0.03	1	0.5	0.62072	0.91979	0.55556	3.4461	18.333	0.91979	0.55556	3.4461	18.333	0.91979	0.55556	3.4461	18.333	0.91979	0.55556	3.4461	18.333	0	0.88104	0.53215	3.3009	17.561	0.88104	0.53215	3.3009	17.561	0.88104	0.53215	3.3009	17.561	0.88104	0.53215	3.3009	17.561	0	0.19413	0.19413	0.19413	0.19413	0.19413	0.19413	0.19413	0.19413	0.19413	0.19413	0.19413	0.19413	0.19413	0.19413	0.19413	0.19413	0.19413
10000	10000	1	0.02691	1	0.29772	0.14439	1.1586	0.40309	4.7225	13.731	1.1586	0.40309	4.7225	13.731	1.1586	0.40309	4.7225	13.731	1.1586	0.40309	4.7225	13.731	0	0.77162	0.26846	3.1452	9.145	0.77162	0.26846	3.1452	9.145	0.77162	0.26846	3.1452	9.145	0.77162	0.26846	3.1452	9.145	0	0.13172	0.13172	0.13172	0.13172	0.13172	0.13172	0.13172	0.13172	0.13172	0.13172	0.13172	0.13172	0.13172	0.13172	0.13172	0.13172	0.13172
10000	10000	0.0057049	0.02	1	1	0.4	0.99999	0.3	2.9999	15	0.99999	0.3	2.9999	15	0.99999	0.3	2.9999	15	0.99999	0.3	2.9999	15	0	0.89881	0.26964	2.6963	13.482	0.89881	0.26964	2.6963	13.482	0.89881	0.26964	2.6963	13.482	0.89881	0.26964	2.6963	13.482	0	0.22029	0.22029	0.22029	0.22029	0.22029	0.22029	0.22029	0.22029	0.22029	0.22029	0.22029	0.22029	0.22029	0.22029	0.22029	0.22029	0.22029
10000	10000	0.0087674	0.02	1	1.3796	0.21892	1.4318	1	4.6667	40	1.4318	1	4.6667	40	1.4318	1	4.6667	40	1.4318	1	4.6667	40	0	0.84549	0.59049	2.7556	23.62	0.84549	0.59049	2.7556	23.62	0.84549	0.59049	2.7556	23.62	0.84549	0.59049	2.7556	23.62	0	0.28333	0.28333	0.28333	0.28333	0.28333	0.28333	0.28333	0.28333	0.28333	0.28333	0.28333	0.28333	0.28333	0.28333	0.28333	0.28333	0.28333
10000	10000	0.00975	0.019722	1	0.46181	0.6546	1.3194	0.29097	3.4688	15.111	1.3194	0.29097	3.4688	15.111	1.3194	0.29097	3.4688	15.111	1.3194	0.29097	3.4688	15.111	0	1.1385	0.25106	2.993	13.039	1.1385	0.25106	2.993	13.039	1.1385	0.25106	2.993	13.039	1.1385	0.25106	2.993	13.039	0	0.28516	0.28516	0.28516	0.28516	0.28516	0.28516	0.28516	0.28516	0.28516	0.28516	0.28516	0.28516	0.28516	0.28516	0.28516	0.28516	0.28516
10000	10000	0.016077	0.022142	1	0.75578	0.63447	1.0743	0.3002	3.5013	31.703	1.0743	0.3002	3.5013	31.703	1.0743	0.3002	3.5013	31.703	1.0743	0.3002	3.5013	31.703	0	0.70066	0.1958	2.2836	20.678	0.70066	0.1958	2.2836	20.678	0.70066	0.1958	2.2836	20.678	0.70066	0.1958	2.2836	20.678	0	0.20217	0.20217	0.20217	0.20217	0.20217	0.20217	0.20217	0.20217	0.20217	0.20217	0.20217	0.20217	0.20217	0.20217	0.20217	0.20217	0.20217
10000	10000	0.50589	0.02	1	0	0.4	1	0.3	3.5	15	1	0.3	3.5	15	1	0.3	3.5	15	1	0.3	3.5	15	0	0.95232	0.2857	3.3331	14.285	0.95232	0.2857	3.3331	14.285	0.95232	0.2857	3.3331	14.285	0.95232	0.2857	3.3331	14.285	0	0.3	0.3	0.3	0.3	0.3	0.3	0.3	0.3	0.3	0.3	0.3	0.3	0.3	0.3	0.3	0.3	0.3
10000	10000	0.32214	0.017887	1	0.59209	0.5007	1.0235	0.96084	4.0836	20.188	1.0235	0.96084	4.0836	20.188	1.0235	0.96084	4.0836	20.188	1.0235	0.96084	4.0836	20.188	0	0.44622	0.41892	1.7804	8.8017	0.44622	0.41892	1.7804	8.8017	0.44622	0.41892	1.7804	8.8017	0.44622	0.41892	1.7804	8.8017	0	0.30577	0.30577	0.30577	0.30577	0.30577	0.30577	0.30577	0.30577	0.30577	0.30577	0.30577	0.30577	0.30577	0.30577	0.30577	0.30577	0.30577
10000	10000	0.0054475	0.020485	1	0.47222	0.77892	0.65835	0.38889	2.615	14.259	0.65835	0.38889	2.615	14.259	0.65835	0.38889	2.615	14.259	0.65835	0.38889	2.615	14.259	0	0.7087	0.41864	2.8151	15.35	0.7087	0.41864	2.8151	15.35	0.7087	0.41864	2.8151	15.35	0.7087	0.41864	2.8151	15.35	0	0.29444	0.29444	0.29444	0.29444	0.29444	0.29444	0.29444	0.29444	0.29444	0.29444	0.29444	0.29444	0.29444	0.29444	0.29444	0.29444	0.29444
10000	10000	0.026767	0.026667	1	0.47974	0.85926	0.5806	0.3	2.5	13.889	0.5806	0.3	2.5	13.889	0.5806	0.3	2.5	13.889	0.5806	0.3	2.5	13.889	0	0.2933	0.15155	1.2629	7.0162	0.2933	0.15155	1.2629	7.0162	0.2933	0.15155	1.2629	7.0162	0.2933	0.15155	1.2629	7.0162	0	0.18428	0.18428	0.18428	0.18428	0.18428	0.18428	0.18428	0.18428	0.18428	0.18428	0.18428	0.18428	0.18428	0.18428	0.18428	0.18428	0.18428
10000	10000	0.0052263	0.021296	1	0.51605	0.85512	0.58275	0.3	2.5	12.485	0.58275	0.3	2.5	12.485	0.58275	0.3	2.5	12.485	0.58275	0.3	2.5	12.485	0	0.57823	0.29767	2.4806	12.388	0.57823	0.29767	2.4806	12.388	0.57823	0.29767	2.4806	12.388	0.57823	0.29767	2.4806	12.388	0	0.21105	0.21105	0.21105	0.21105	0.21105	0.21105	0.21105	0.21105	0.21105	0.21105	0.21105	0.21105	0.21105	0.21105	0.21105	0.21105	0.21105
10000	10000	0.013333	0.02	1	0.5	1	0.8	1.3404	3.5	15	0.8	1.3404	3.5	15	0.8	1.3404	3.5	15	0.8	1.3404	3.5	15	0	0.4334	0.72615	1.8961	8.1262	0.4334	0.72615	1.8961	8.1262	0.4334	0.72615	1.8961	8.1262	0.4334	0.72615	1.8961	8.1262	0	0.2	0.2	0.2	0.2	0.2	0.2	0.2	0.2	0.2	0.2	0.2	0.2	0.2	0.2	0.2	0.2	0.2
10000	10000	0.010452	0.01	1	0.90081	0.97696	1.5	0.58202	6.875	24	1.5	0.58202	6.875	24	1.5	0.58202	6.875	24	1.5	0.58202	6.875	24	0	0.375	0.1455	1.7187	6	0.375	0.1455	1.7187	6	0.375	0.1455	1.7187	6	0.375	0.1455	1.7187	6	0	0.51183	0.51183	0.51183	0.51183	0.51183	0.51183	0.51183	0.51183	0.51183	0.51183	0.51183	0.51183	0.51183	0.51183	0.51183	0.51183	0.51183
10000	10000	0.010151	0.01	1	0.66496	0.40571	0.79477	0.40647	2.4838	11.608	0.79477	0.40647	2.4838	11.608	0.79477	0.40647	2.4838	11.608	0.79477	0.40647	2.4838	11.608	0	0.3088	0.15793	0.96508	4.5103	0.3088	0.15793	0.96508	4.5103	0.3088	0.15793	0.96508	4.5103	0.3088	0.15793	0.96508	4.5103	0	0.2987	0.2987	0.2987	0.2987	0.2987	0.2987	0.2987	0.2987	0.2987	0.2987	0.2987	0.2987	0.2987	0.2987	0.2987	0.2987	0.2987
10000	10000	0.52085	0.027953	1	0	0.43582	1.0512	0.43326	3.2438	30.409	1.0512	0.43326	3.2438	30.409	1.0512	0.43326	3.2438	30.409	1.0512	0.43326	3.2438	30.409	0	0.26279	0.10831	0.81095	7.6023	0.26279	0.10831	0.81095	7.6023	0.26279	0.10831	0.81095	7.6023	0.26279	0.10831	0.81095	7.6023	0	0.28008	0.28008	0.28008	0.28008	0.28008	0.28008	0.28008	0.28008	0.28008	0.28008	0.28008	0.28008	0.28008	0.28008	0.28008	0.28008	0.28008
10000	10000	0.011667	0.023333	1	0.42336	0.4	1	0.62222	3.0952	40	1	0.62222	3.0952	40	1	0.62222	3.0952	40	1	0.62222	3.0952	40	0	0.5	0.31111	1.5476	20	0.5	0.31111	1.5476	20	0.5	0.31111	1.5476	20	0.5	0.31111	1.5476	20	0	0.38087	0.38087	0.38087	0.38087	0.38087	0.38087	0.38087	0.38087	0.38087	0.38087	0.38087	0.38087	0.38087	0.38087	0.38087	0.38087	0.38087
10000	10000	0.011667	0.01	1	10	0.54598	0.8	0.6	2.5	15	0.8	0.6	2.5	15	0.8	0.6	2.5	15	0.8	0.6	2.5	15	0	0.4	0.3	1.25	7.5	0.4	0.3	1.25	7.5	0.4	0.3	1.25	7.5	0.4	0.3	1.25	7.5	0	0.28632	0.28632	0.28632	0.28632	0.28632	0.28632	0.28632	0.28632	0.28632	0.28632	0.28632	0.28632	0.28632	0.28632	0.28632	0.28632	0.28632
10000	10000	0.013327	0.020007	1	4.0408e-06	0.8003	0.8003	0.30022	2.4994	14.997	0.8003	0.30022	2.4994	14.997	0.8003	0.30022	2.4994	14.997	0.8003	0.30022	2.4994	14.997	0	0.3326	0.12477	1.0387	6.2328	0.3326	0.12477	1.0387	6.2328	0.3326	0.12477	1.0387	6.2328	0.3326	0.12477	1.0387	6.2328	0	0.42065	0.42065	0.42065	0.42065	0.42065	0.42065	0.42065	0.42065	0.42065	0.42065	0.42065	0.42065	0.42065	0.42065	0.42065	0.42065	0.42065
10000	10000	0.026667	0.02	1	0.5	1	0.8	0.3	3.3334	15	0.8	0.3	3.3334	15	0.8	0.3	3.3334	15	0.8	0.3	3.3334	15	0	0.4	0.15	1.6667	7.5	0.4	0.15	1.6667	7.5	0.4	0.15	1.6667	7.5	0.4	0.15	1.6667	7.5	0	0.57412	0.57412	0.57412	0.57412	0.57412	0.57412	0.57412	0.57412	0.57412	0.57412	0.57412	0.57412	0.57412	0.57412	0.57412	0.57412	0.57412
10000	10000	0.01875	0.020678	1	0.96543	0.83112	0.39564	0.27861	3.3938	14.737	0.39564	0.27861	3.3938	14.737	0.39564	0.27861	3.3938	14.737	0.39564	0.27861	3.3938	14.737	0	0.40761	0.28704	3.4965	15.183	0.40761	0.28704	3.4965	15.183	0.40761	0.28704	3.4965	15.183	0.40761	0.28704	3.4965	15.183	0	0.62693	0.62693	0.62693	0.62693	0.62693	0.62693	0.62693	0.62693	0.62693	0.62693	0.62693	0.62693	0.62693	0.62693	0.62693	0.62693	0.62693
10000	10000	0.0076016	0.21055	1	0.47202	0.99884	0.40197	0.50011	2.8866	16.767	0.40197	0.50011	2.8866	16.767	0.40197	0.50011	2.8866	16.767	0.40197	0.50011	2.8866	16.767	0	0.25748	0.32034	1.849	10.74	0.25748	0.32034	1.849	10.74	0.25748	0.32034	1.849	10.74	0.25748	0.32034	1.849	10.74	0	0.21628	0.21628	0.21628	0.21628	0.21628	0.21628	0.21628	0.21628	0.21628	0.21628	0.21628	0.21628	0.21628	0.21628	0.21628	0.21628	0.21628
10000	10000	0.02	0.02	1	0.41667	0.99999	1	1	5	15	1	1	5	15	1	1	5	15	1	1	5	15	0	0.58333	0.58333	2.9166	8.75	0.58333	0.58333	2.9166	8.75	0.58333	0.58333	2.9166	8.75	0.58333	0.58333	2.9166	8.75	0	0.61967	0.61967	0.61967	0.61967	0.61967	0.61967	0.61967	0.61967	0.61967	0.61967	0.61967	0.61967	0.61967	0.61967	0.61967	0.61967	0.61967
10000	10000	0.020947	0.019979	1	1.0275	1.0005	1.3314	0.77407	3.9573	20.015	1.3314	0.77407	3.9573	20.015	1.3314	0.77407	3.9573	20.015	1.3314	0.77407	3.9573	20.015	0	0.66649	0.38749	1.981	10.019	0.66649	0.38749	1.981	10.019	0.66649	0.38749	1.981	10.019	0.66649	0.38749	1.981	10.019	0	0.20019	0.20019	0.20019	0.20019	0.20019	0.20019	0.20019	0.20019	0.20019	0.20019	0.20019	0.20019	0.20019	0.20019	0.20019	0.20019	0.20019
10000	10000	0.022222	0.035772	1	1	0.8	1	0.29672	3.7531	14.815	1	0.29672	3.7531	14.815	1	0.29672	3.7531	14.815	1	0.29672	3.7531	14.815	0	0.53254	0.15802	1.9987	7.8895	0.53254	0.15802	1.9987	7.8895	0.53254	0.15802	1.9987	7.8895	0.53254	0.15802	1.9987	7.8895	0	0.25251	0.25251	0.25251	0.25251	0.25251	0.25251	0.25251	0.25251	0.25251	0.25251	0.25251	0.25251	0.25251	0.25251	0.25251	0.25251	0.25251
10000	10000	0.011667	0.01	1	0.99999	0.8	1.3333	1.4858	4.6667	15	1.3333	1.4858	4.6667	15	1.3333	1.4858	4.6667	15	1.3333	1.4858	4.6667	15	0	0.66816	0.74457	2.3386	7.5168	0.66816	0.74457	2.3386	7.5168	0.66816	0.74457	2.3386	7.5168	0.66816	0.74457	2.3386	7.5168	0	0.31667	0.31667	0.31667	0.31667	0.31667	0.31667	0.31667	0.31667	0.31667	0.31667	0.31667	0.31667	0.31667	0.31667	0.31667	0.31667	0.31667
10000	10000	0.017203	0.020034	1	0.78344	0.52678	0.94869	1.294	2.8265	25.372	0.94869	1.294	2.8265	25.372	0.94869	1.294	2.8265	25.372	0.94869	1.294	2.8265	25.372	0	0.4361	0.59483	1.2993	11.663	0.4361	0.59483	1.2993	11.663	0.4361	0.59483	1.2993	11.663	0.4361	0.59483	1.2993	11.663	0	0.098514	0.098514	0.098514	0.098514	0.098514	0.098514	0.098514	0.098514	0.098514	0.098514	0.098514	0.098514	0.098514	0.098514	0.098514	0.098514	0.098514
10000	10000	0.005	0.03	1	5.2208	0.8	0.8	0.44451	3.5	15	0.8	0.44451	3.5	15	0.8	0.44451	3.5	15	0.8	0.44451	3.5	15	0	0.34253	0.19033	1.4986	6.4225	0.34253	0.19033	1.4986	6.4225	0.34253	0.19033	1.4986	6.4225	0.34253	0.19033	1.4986	6.4225	0	0.14282	0.14282	0.14282	0.14282	0.14282	0.14282	0.14282	0.14282	0.14282	0.14282	0.14282	0.14282	0.14282	0.14282	0.14282	0.14282	0.14282
10000	10000	0.51354	0.015	1	0.65914	0.47693	1.3333	0.4	5	30	1.3333	0.4	5	30	1.3333	0.4	5	30	1.3333	0.4	5	30	0	0.66666	0.2	2.5	15	0.66666	0.2	2.5	15	0.66666	0.2	2.5	15	0.66666	0.2	2.5	15	0	0.17565	0.17565	0.17565	0.17565	0.17565	0.17565	0.17565	0.17565	0.17565	0.17565	0.17565	0.17565	0.17565	0.17565	0.17565	0.17565	0.17565
10000	10000	0.061952	0.02	1	0.41817	0.4	0.8	0.33333	3.5	20	0.8	0.33333	3.5	20	0.8	0.33333	3.5	20	0.8	0.33333	3.5	20	0	0.4	0.16667	1.75	10	0.4	0.16667	1.75	10	0.4	0.16667	1.75	10	0.4	0.16667	1.75	10	0	0.2	0.2	0.2	0.2	0.2	0.2	0.2	0.2	0.2	0.2	0.2	0.2	0.2	0.2	0.2	0.2	0.2
10000	10000	0.036425	0.031234	1	0.96639	0.45035	0.75416	0.3436	2.5541	14.752	0.75416	0.3436	2.5541	14.752	0.75416	0.3436	2.5541	14.752	0.75416	0.3436	2.5541	14.752	0	0.5328	0.24275	1.8044	10.422	0.5328	0.24275	1.8044	10.422	0.5328	0.24275	1.8044	10.422	0.5328	0.24275	1.8044	10.422	0	0.1876	0.1876	0.1876	0.1876	0.1876	0.1876	0.1876	0.1876	0.1876	0.1876	0.1876	0.1876	0.1876	0.1876	0.1876	0.1876	0.1876
10000	10000	1	0.022849	1	1.2252	0.67376	1.5671	0.90778	3.4924	13.119	1.5671	0.90778	3.4924	13.119	1.5671	0.90778	3.4924	13.119	1.5671	0.90778	3.4924	13.119	0	0.70022	0.40562	1.5605	5.8619	0.70022	0.40562	1.5605	5.8619	0.70022	0.40562	1.5605	5.8619	0.70022	0.40562	1.5605	5.8619	0	0.33355	0.33355	0.33355	0.33355	0.33355	0.33355	0.33355	0.33355	0.33355	0.33355	0.33355	0.33355	0.33355	0.33355	0.33355	0.33355	0.33355
10000	10000	0.001	0.016818	1	0.99149	0.45264	0.81022	0.29262	3.9166	12.579	0.81022	0.29262	3.9166	12.579	0.81022	0.29262	3.9166	12.579	0.81022	0.29262	3.9166	12.579	0	0.53038	0.19155	2.5639	8.2345	0.53038	0.19155	2.5639	8.2345	0.53038	0.19155	2.5639	8.2345	0.53038	0.19155	2.5639	8.2345	0	0.19546	0.19546	0.19546	0.19546	0.19546	0.19546	0.19546	0.19546	0.19546	0.19546	0.19546	0.19546	0.19546	0.19546	0.19546	0.19546	0.19546
10000	10000	0.001	0.036374	1	0.7576	0.75	1.25	0.64561	3.375	19	1.25	0.64561	3.375	19	1.25	0.64561	3.375	19	1.25	0.64561	3.375	19	0	0.55348	0.28586	1.4944	8.4129	0.55348	0.28586	1.4944	8.4129	0.55348	0.28586	1.4944	8.4129	0.55348	0.28586	1.4944	8.4129	0	0.027441	0.027441	0.027441	0.027441	0.027441	0.027441	0.027441	0.027441	0.027441	0.027441	0.027441	0.027441	0.027441	0.027441	0.027441	0.027441	0.027441
10000	10000	0.0097542	0.021796	1	2.0557	0.41003	0.95296	0.71472	3.5322	40.292	0.95296	0.71472	3.5322	40.292	0.95296	0.71472	3.5322	40.292	0.95296	0.71472	3.5322	40.292	0	0.36608	0.27456	1.3569	15.478	0.36608	0.27456	1.3569	15.478	0.36608	0.27456	1.3569	15.478	0.36608	0.27456	1.3569	15.478	0	0.011311	0.011311	0.011311	0.011311	0.011311	0.011311	0.011311	0.011311	0.011311	0.011311	0.011311	0.011311	0.011311	0.011311	0.011311	0.011311	0.011311
10000	10000	0.0079493	0.03	1	0.66088	0.99999	1	0.93167	5	150.03	1	0.93167	5	150.03	1	0.93167	5	150.03	1	0.93167	5	150.03	0	0.25	0.23292	1.25	37.509	0.25	0.23292	1.25	37.509	0.25	0.23292	1.25	37.509	0.25	0.23292	1.25	37.509	0	0	0	0	0	0	0	0	0	0	0	0	0	0	0	0	0	0
10000	10000	0.055402	0.03	1	1	0.8	1	0.66667	3.5	30	1	0.66667	3.5	30	1	0.66667	3.5	30	1	0.66667	3.5	30	0	0.5	0.33333	1.75	15	0.5	0.33333	1.75	15	0.5	0.33333	1.75	15	0.5	0.33333	1.75	15	0	0.14273	0.14273	0.14273	0.14273	0.14273	0.14273	0.14273	0.14273	0.14273	0.14273	0.14273	0.14273	0.14273	0.14273	0.14273	0.14273	0.14273
10000	10000	0.12	0.03	1	1	0.8	1	0.5	3.5	20	1	0.5	3.5	20	1	0.5	3.5	20	1	0.5	3.5	20	0	0.25	0.125	0.875	5	0.25	0.125	0.875	5	0.25	0.125	0.875	5	0.25	0.125	0.875	5	0	0.088367	0.088367	0.088367	0.088367	0.088367	0.088367	0.088367	0.088367	0.088367	0.088367	0.088367	0.088367	0.088367	0.088367	0.088367	0.088367	0.088367
10000	10000	0.01	0.01	1	0.5	1	1	0.3	2.5	15	1	0.3	2.5	15	1	0.3	2.5	15	1	0.3	2.5	15	0	0.51177	0.15353	1.2794	7.6766	0.51177	0.15353	1.2794	7.6766	0.51177	0.15353	1.2794	7.6766	0.51177	0.15353	1.2794	7.6766	0	0.2	0.2	0.2	0.2	0.2	0.2	0.2	0.2	0.2	0.2	0.2	0.2	0.2	0.2	0.2	0.2	0.2
10000	10000	0.50385	0.02	1	1	1	0.86206	0.33333	3.3333	15	0.86206	0.33333	3.3333	15	0.86206	0.33333	3.3333	15	0.86206	0.33333	3.3333	15	0	0.43103	0.16667	1.6667	7.5	0.43103	0.16667	1.6667	7.5	0.43103	0.16667	1.6667	7.5	0.43103	0.16667	1.6667	7.5	0	0.2	0.2	0.2	0.2	0.2	0.2	0.2	0.2	0.2	0.2	0.2	0.2	0.2	0.2	0.2	0.2	0.2
10000	10000	0.02087	0.03	1	2.6729	0.93333	1	0.48889	2.2778	15	1	0.48889	2.2778	15	1	0.48889	2.2778	15	1	0.48889	2.2778	15	0	0.5472	0.26752	1.2464	8.208	0.5472	0.26752	1.2464	8.208	0.5472	0.26752	1.2464	8.208	0.5472	0.26752	1.2464	8.208	0	0.21326	0.21326	0.21326	0.21326	0.21326	0.21326	0.21326	0.21326	0.21326	0.21326	0.21326	0.21326	0.21326	0.21326	0.21326	0.21326	0.21326
10000	10000	0.075399	0.01	1	0.6744	0.88379	1.3333	0.3	2.5	15	1.3333	0.3	2.5	15	1.3333	0.3	2.5	15	1.3333	0.3	2.5	15	0	1.1786	0.26518	2.2098	13.259	1.1786	0.26518	2.2098	13.259	1.1786	0.26518	2.2098	13.259	1.1786	0.26518	2.2098	13.259	0	0.2	0.2	0.2	0.2	0.2	0.2	0.2	0.2	0.2	0.2	0.2	0.2	0.2	0.2	0.2	0.2	0.2
10000	10000	0.013309	0.014164	1	3.1037	1.1931	1.2562	0.40759	2.4083	12.829	1.2562	0.40759	2.4083	12.829	1.2562	0.40759	2.4083	12.829	1.2562	0.40759	2.4083	12.829	0	0.8407	0.27277	1.6117	8.5852	0.8407	0.27277	1.6117	8.5852	0.8407	0.27277	1.6117	8.5852	0.8407	0.27277	1.6117	8.5852	0	0.17655	0.17655	0.17655	0.17655	0.17655	0.17655	0.17655	0.17655	0.17655	0.17655	0.17655	0.17655	0.17655	0.17655	0.17655	0.17655	0.17655
10000	10000	0.011046	0.040987	1	0.9025	1.2747	1.5042	0.47854	2.9807	17.197	1.5042	0.47854	2.9807	17.197	1.5042	0.47854	2.9807	17.197	1.5042	0.47854	2.9807	17.197	0	1.1427	0.36353	2.2643	13.064	1.1427	0.36353	2.2643	13.064	1.1427	0.36353	2.2643	13.064	1.1427	0.36353	2.2643	13.064	0	0.46481	0.46481	0.46481	0.46481	0.46481	0.46481	0.46481	0.46481	0.46481	0.46481	0.46481	0.46481	0.46481	0.46481	0.46481	0.46481	0.46481
10000	10000	0.011688	0.019992	1	0.53144	1.1074	1.3529	0.03237	3.0425	18.189	1.3529	0.03237	3.0425	18.189	1.3529	0.03237	3.0425	18.189	1.3529	0.03237	3.0425	18.189	0	0.62008	0.014836	1.3945	8.3368	0.62008	0.014836	1.3945	8.3368	0.62008	0.014836	1.3945	8.3368	0.62008	0.014836	1.3945	8.3368	0	0.31655	0.31655	0.31655	0.31655	0.31655	0.31655	0.31655	0.31655	0.31655	0.31655	0.31655	0.31655	0.31655	0.31655	0.31655	0.31655	0.31655
10000	10000	0.009686	0.016667	1	0.71994	1.0377	1.1372	0.3	2.5	30	1.1372	0.3	2.5	30	1.1372	0.3	2.5	30	1.1372	0.3	2.5	30	0	0.72799	0.19205	1.6004	19.205	0.72799	0.19205	1.6004	19.205	0.72799	0.19205	1.6004	19.205	0.72799	0.19205	1.6004	19.205	0	0.17697	0.17697	0.17697	0.17697	0.17697	0.17697	0.17697	0.17697	0.17697	0.17697	0.17697	0.17697	0.17697	0.17697	0.17697	0.17697	0.17697
10000	10000	0.01	0.03	1	0.47222	1.2465	1.3333	0.3	3.5	15	1.3333	0.3	3.5	15	1.3333	0.3	3.5	15	1.3333	0.3	3.5	15	0	0.66667	0.15	1.75	7.5	0.66667	0.15	1.75	7.5	0.66667	0.15	1.75	7.5	0.66667	0.15	1.75	7.5	0	0.3	0.3	0.3	0.3	0.3	0.3	0.3	0.3	0.3	0.3	0.3	0.3	0.3	0.3	0.3	0.3	0.3
10000	10000	0.0077748	0.019987	1	0.59576	0.8	1.3859	0.33507	2.5	14.994	1.3859	0.33507	2.5	14.994	1.3859	0.33507	2.5	14.994	1.3859	0.33507	2.5	14.994	0	1.3868	0.33528	2.5016	15.004	1.3868	0.33528	2.5016	15.004	1.3868	0.33528	2.5016	15.004	1.3868	0.33528	2.5016	15.004	0	0.37912	0.37912	0.37912	0.37912	0.37912	0.37912	0.37912	0.37912	0.37912	0.37912	0.37912	0.37912	0.37912	0.37912	0.37912	0.37912	0.37912
10000	10000	0.02	0.015	1	1	1.0552	1	0.3	2.5	15	1	0.3	2.5	15	1	0.3	2.5	15	1	0.3	2.5	15	0	1.0556	0.31667	2.6389	15.833	1.0556	0.31667	2.6389	15.833	1.0556	0.31667	2.6389	15.833	1.0556	0.31667	2.6389	15.833	0	0.19416	0.19416	0.19416	0.19416	0.19416	0.19416	0.19416	0.19416	0.19416	0.19416	0.19416	0.19416	0.19416	0.19416	0.19416	0.19416	0.19416
10000	10000	0.047068	0.04	1	0.5	1.6	1	0.6	3.3183	20	1	0.6	3.3183	20	1	0.6	3.3183	20	1	0.6	3.3183	20	0	0.8191	0.49146	2.718	16.382	0.8191	0.49146	2.718	16.382	0.8191	0.49146	2.718	16.382	0.8191	0.49146	2.718	16.382	0	0.1	0.1	0.1	0.1	0.1	0.1	0.1	0.1	0.1	0.1	0.1	0.1	0.1	0.1	0.1	0.1	0.1
10000	10000	0.031748	0.02	1	1	1	1	0.4	3.5	20	1	0.4	3.5	20	1	0.4	3.5	20	1	0.4	3.5	20	0	0.5	0.2	1.75	10	0.5	0.2	1.75	10	0.5	0.2	1.75	10	0.5	0.2	1.75	10	0	0.030873	0.030873	0.030873	0.030873	0.030873	0.030873	0.030873	0.030873	0.030873	0.030873	0.030873	0.030873	0.030873	0.030873	0.030873	0.030873	0.030873
10000	10000	0.044611	0.02	1	0.99999	1.3834	1	0.3	2.7141	15	1	0.3	2.7141	15	1	0.3	2.7141	15	1	0.3	2.7141	15	0	0.4991	0.14973	1.3546	7.4864	0.4991	0.14973	1.3546	7.4864	0.4991	0.14973	1.3546	7.4864	0.4991	0.14973	1.3546	7.4864	0	0.2	0.2	0.2	0.2	0.2	0.2	0.2	0.2	0.2	0.2	0.2	0.2	0.2	0.2	0.2	0.2	0.2
10000	10000	0.010443	0.020432	1	1.4005	0.79999	1.019	0.4	3.3333	36.667	1.019	0.4	3.3333	36.667	1.019	0.4	3.3333	36.667	1.019	0.4	3.3333	36.667	0	0.71506	0.28068	2.339	25.729	0.71506	0.28068	2.339	25.729	0.71506	0.28068	2.339	25.729	0.71506	0.28068	2.339	25.729	0	0.2	0.2	0.2	0.2	0.2	0.2	0.2	0.2	0.2	0.2	0.2	0.2	0.2	0.2	0.2	0.2	0.2
10000	10000	0.0058244	0.03168	1	0.50202	0.41679	1.0853	0.29564	2.4549	24.899	1.0853	0.29564	2.4549	24.899	1.0853	0.29564	2.4549	24.899	1.0853	0.29564	2.4549	24.899	0	0.81874	0.22302	1.8519	18.783	0.81874	0.22302	1.8519	18.783	0.81874	0.22302	1.8519	18.783	0.81874	0.22302	1.8519	18.783	0	0.19542	0.19542	0.19542	0.19542	0.19542	0.19542	0.19542	0.19542	0.19542	0.19542	0.19542	0.19542	0.19542	0.19542	0.19542	0.19542	0.19542
10000	10000	0.0049706	0.020074	1	0.49965	0.50055	1.0037	0.57566	2.2961	15.03	1.0037	0.57566	2.2961	15.03	1.0037	0.57566	2.2961	15.03	1.0037	0.57566	2.2961	15.03	0	0.85939	0.4929	1.966	12.869	0.85939	0.4929	1.966	12.869	0.85939	0.4929	1.966	12.869	0.85939	0.4929	1.966	12.869	0	0.26423	0.26423	0.26423	0.26423	0.26423	0.26423	0.26423	0.26423	0.26423	0.26423	0.26423	0.26423	0.26423	0.26423	0.26423	0.26423	0.26423
10000	10000	0.0088519	0.03	1	0.87501	0.27342	1.5436	0	3.375	11	1.5436	0	3.375	11	1.5436	0	3.375	11	1.5436	0	3.375	11	0	0.86829	0	1.8984	6.1875	0.86829	0	1.8984	6.1875	0.86829	0	1.8984	6.1875	0.86829	0	1.8984	6.1875	0	0.19098	0.19098	0.19098	0.19098	0.19098	0.19098	0.19098	0.19098	0.19098	0.19098	0.19098	0.19098	0.19098	0.19098	0.19098	0.19098	0.19098
10000	10000	0.041687	0.01	1	0.65963	0.63445	1.0057	0.25878	2.5	14.259	1.0057	0.25878	2.5	14.259	1.0057	0.25878	2.5	14.259	1.0057	0.25878	2.5	14.259	0	0.8287	0.21325	2.0601	11.75	0.8287	0.21325	2.0601	11.75	0.8287	0.21325	2.0601	11.75	0.8287	0.21325	2.0601	11.75	0	0.2	0.2	0.2	0.2	0.2	0.2	0.2	0.2	0.2	0.2	0.2	0.2	0.2	0.2	0.2	0.2	0.2
10000	10000	0.009	0.01	1	0.84226	0.05	1.5	0.87501	3.375	19	1.5	0.87501	3.375	19	1.5	0.87501	3.375	19	1.5	0.87501	3.375	19	0	0.84374	0.49219	1.8984	10.687	0.84374	0.49219	1.8984	10.687	0.84374	0.49219	1.8984	10.687	0.84374	0.49219	1.8984	10.687	0	0.080964	0.080964	0.080964	0.080964	0.080964	0.080964	0.080964	0.080964	0.080964	0.080964	0.080964	0.080964	0.080964	0.080964	0.080964	0.080964	0.080964
10000	10000	0.31326	0.030002	1	0.68904	0.40009	1.3332	0.50009	3.4997	19.999	1.3332	0.50009	3.4997	19.999	1.3332	0.50009	3.4997	19.999	1.3332	0.50009	3.4997	19.999	0	0.66652	0.25002	1.7496	9.9981	0.66652	0.25002	1.7496	9.9981	0.66652	0.25002	1.7496	9.9981	0.66652	0.25002	1.7496	9.9981	0	0.13373	0.13373	0.13373	0.13373	0.13373	0.13373	0.13373	0.13373	0.13373	0.13373	0.13373	0.13373	0.13373	0.13373	0.13373	0.13373	0.13373
10000	10000	0.014845	0.01	1	1.1545	0.36766	0.96627	0.31716	2.5647	34.73	0.96627	0.31716	2.5647	34.73	0.96627	0.31716	2.5647	34.73	0.96627	0.31716	2.5647	34.73	0	0.88662	0.29101	2.3532	31.867	0.88662	0.29101	2.3532	31.867	0.88662	0.29101	2.3532	31.867	0.88662	0.29101	2.3532	31.867	0	0.16303	0.16303	0.16303	0.16303	0.16303	0.16303	0.16303	0.16303	0.16303	0.16303	0.16303	0.16303	0.16303	0.16303	0.16303	0.16303	0.16303
10000	10000	0.0055617	0.02	1	1.051	0.44288	1.1049	0.3	2.5	15	1.1049	0.3	2.5	15	1.1049	0.3	2.5	15	1.1049	0.3	2.5	15	0	0.8638	0.23454	1.9545	11.727	0.8638	0.23454	1.9545	11.727	0.8638	0.23454	1.9545	11.727	0.8638	0.23454	1.9545	11.727	0	0.28757	0.28757	0.28757	0.28757	0.28757	0.28757	0.28757	0.28757	0.28757	0.28757	0.28757	0.28757	0.28757	0.28757	0.28757	0.28757	0.28757
10000	10000	0.026886	0.022368	1	0.5	0.4	1.0424	0.3	2.5	15	1.0424	0.3	2.5	15	1.0424	0.3	2.5	15	1.0424	0.3	2.5	15	0	0.80607	0.23199	1.9332	11.599	0.80607	0.23199	1.9332	11.599	0.80607	0.23199	1.9332	11.599	0.80607	0.23199	1.9332	11.599	0	0.1797	0.1797	0.1797	0.1797	0.1797	0.1797	0.1797	0.1797	0.1797	0.1797	0.1797	0.1797	0.1797	0.1797	0.1797	0.1797	0.1797
10000	10000	0.79962	0.02772	1	0.49979	0.4004	1.0006	0.30029	3.1655	15.005	1.0006	0.30029	3.1655	15.005	1.0006	0.30029	3.1655	15.005	1.0006	0.30029	3.1655	15.005	0	0.5	0.15006	1.5818	7.498	0.5	0.15006	1.5818	7.498	0.5	0.15006	1.5818	7.498	0.5	0.15006	1.5818	7.498	0	0.069529	0.069529	0.069529	0.069529	0.069529	0.069529	0.069529	0.069529	0.069529	0.069529	0.069529	0.069529	0.069529	0.069529	0.069529	0.069529	0.069529
10000	10000	0.013667	0.0223	1	1.0451	0.45199	0.99999	0.25807	2.5	15	0.99999	0.25807	2.5	15	0.99999	0.25807	2.5	15	0.99999	0.25807	2.5	15	0	1.0587	0.27322	2.6467	15.88	1.0587	0.27322	2.6467	15.88	1.0587	0.27322	2.6467	15.88	1.0587	0.27322	2.6467	15.88	0	0.14641	0.14641	0.14641	0.14641	0.14641	0.14641	0.14641	0.14641	0.14641	0.14641	0.14641	0.14641	0.14641	0.14641	0.14641	0.14641	0.14641
10000	10000	0.0073865	0.02	1	0.5	0.38442	1	0.17018	2.5	8.3507	1	0.17018	2.5	8.3507	1	0.17018	2.5	8.3507	1	0.17018	2.5	8.3507	0	1	0.17018	2.5	8.3507	1	0.17018	2.5	8.3507	1	0.17018	2.5	8.3507	1	0.17018	2.5	8.3507	0	0.2	0.2	0.2	0.2	0.2	0.2	0.2	0.2	0.2	0.2	0.2	0.2	0.2	0.2	0.2	0.2	0.2
10000	10000	0.276	0.012042	1	0.63566	0.47209	1.3643	0.30593	3.1376	17.915	1.3643	0.30593	3.1376	17.915	1.3643	0.30593	3.1376	17.915	1.3643	0.30593	3.1376	17.915	0	0.92939	0.2084	2.1373	12.204	0.92939	0.2084	2.1373	12.204	0.92939	0.2084	2.1373	12.204	0.92939	0.2084	2.1373	12.204	0	0.26307	0.26307	0.26307	0.26307	0.26307	0.26307	0.26307	0.26307	0.26307	0.26307	0.26307	0.26307	0.26307	0.26307	0.26307	0.26307	0.26307
10000	10000	0.02	0.021427	1	0.3348	0.42092	0.7357	0.3	2.5	15	0.7357	0.3	2.5	15	0.7357	0.3	2.5	15	0.7357	0.3	2.5	15	0	0.7054	0.28764	2.397	14.382	0.7054	0.28764	2.397	14.382	0.7054	0.28764	2.397	14.382	0.7054	0.28764	2.397	14.382	0	0.099999	0.099999	0.099999	0.099999	0.099999	0.099999	0.099999	0.099999	0.099999	0.099999	0.099999	0.099999	0.099999	0.099999	0.099999	0.099999	0.099999
10000	10000	0.01	0.016261	1	0.25	-0.5823	1.3333	0.13606	2.5	15	1.3333	0.13606	2.5	15	1.3333	0.13606	2.5	15	1.3333	0.13606	2.5	15	0	1.3333	0.13606	2.5	15	1.3333	0.13606	2.5	15	1.3333	0.13606	2.5	15	1.3333	0.13606	2.5	15	0	0.2	0.2	0.2	0.2	0.2	0.2	0.2	0.2	0.2	0.2	0.2	0.2	0.2	0.2	0.2	0.2	0.2
10000	10000	0.014557	0.02	1	1	0.88889	1.3014	0.3	5	30	1.3014	0.3	5	30	1.3014	0.3	5	30	1.3014	0.3	5	30	0	0.81336	0.1875	3.125	18.75	0.81336	0.1875	3.125	18.75	0.81336	0.1875	3.125	18.75	0.81336	0.1875	3.125	18.75	0	0.19157	0.19157	0.19157	0.19157	0.19157	0.19157	0.19157	0.19157	0.19157	0.19157	0.19157	0.19157	0.19157	0.19157	0.19157	0.19157	0.19157
10000	10000	0.0099926	0.02	1	0.99959	0.80037	2.0004	0.60027	4.6657	20.003	2.0004	0.60027	4.6657	20.003	2.0004	0.60027	4.6657	20.003	2.0004	0.60027	4.6657	20.003	0	0.75037	0.22516	1.7501	7.5033	0.75037	0.22516	1.7501	7.5033	0.75037	0.22516	1.7501	7.5033	0.75037	0.22516	1.7501	7.5033	0	0.14301	0.14301	0.14301	0.14301	0.14301	0.14301	0.14301	0.14301	0.14301	0.14301	0.14301	0.14301	0.14301	0.14301	0.14301	0.14301	0.14301
10000	10000	0.001	0.02	1	0.52216	0.8	1	0.24666	3.5	15	1	0.24666	3.5	15	1	0.24666	3.5	15	1	0.24666	3.5	15	0	0.98055	0.24186	3.4319	14.708	0.98055	0.24186	3.4319	14.708	0.98055	0.24186	3.4319	14.708	0.98055	0.24186	3.4319	14.708	0	0.3	0.3	0.3	0.3	0.3	0.3	0.3	0.3	0.3	0.3	0.3	0.3	0.3	0.3	0.3	0.3	0.3
10000	10000	0.011545	0.01537	1	0.53806	0.80009	1.0001	0.23446	2.5002	9.9994	1.0001	0.23446	2.5002	9.9994	1.0001	0.23446	2.5002	9.9994	1.0001	0.23446	2.5002	9.9994	0	0.9678	0.22689	2.4194	9.6765	0.9678	0.22689	2.4194	9.6765	0.9678	0.22689	2.4194	9.6765	0.9678	0.22689	2.4194	9.6765	0	0.23899	0.23899	0.23899	0.23899	0.23899	0.23899	0.23899	0.23899	0.23899	0.23899	0.23899	0.23899	0.23899	0.23899	0.23899	0.23899	0.23899
10000	10000	0.02	0.01342	1	0.69206	0.71111	1.2395	0.3	3.7885	15	1.2395	0.3	3.7885	15	1.2395	0.3	3.7885	15	1.2395	0.3	3.7885	15	0	0.78573	0.19017	2.4016	9.5086	0.78573	0.19017	2.4016	9.5086	0.78573	0.19017	2.4016	9.5086	0.78573	0.19017	2.4016	9.5086	0	0.2	0.2	0.2	0.2	0.2	0.2	0.2	0.2	0.2	0.2	0.2	0.2	0.2	0.2	0.2	0.2	0.2
10000	10000	0.025571	0.02	1	0.83333	0.8	1.1118	0.3	3.5	15	1.1118	0.3	3.5	15	1.1118	0.3	3.5	15	1.1118	0.3	3.5	15	0	0.55588	0.15	1.75	7.5	0.55588	0.15	1.75	7.5	0.55588	0.15	1.75	7.5	0.55588	0.15	1.75	7.5	0	0.083333	0.083333	0.083333	0.083333	0.083333	0.083333	0.083333	0.083333	0.083333	0.083333	0.083333	0.083333	0.083333	0.083333	0.083333	0.083333	0.083333
10000	10000	0.013638	0.01	1	0.92485	0.56614	0.89098	0.49722	4.1117	22.249	0.89098	0.49722	4.1117	22.249	0.89098	0.49722	4.1117	22.249	0.89098	0.49722	4.1117	22.249	0	0.50745	0.28319	2.3418	12.672	0.50745	0.28319	2.3418	12.672	0.50745	0.28319	2.3418	12.672	0.50745	0.28319	2.3418	12.672	0	0.17268	0.17268	0.17268	0.17268	0.17268	0.17268	0.17268	0.17268	0.17268	0.17268	0.17268	0.17268	0.17268	0.17268	0.17268	0.17268	0.17268
10000	10000	0.019522	0.023661	1	0.65654	0.74766	1.0125	0.30788	4.9791	20.1	1.0125	0.30788	4.9791	20.1	1.0125	0.30788	4.9791	20.1	1.0125	0.30788	4.9791	20.1	0	0.67055	0.2039	3.2975	13.312	0.67055	0.2039	3.2975	13.312	0.67055	0.2039	3.2975	13.312	0.67055	0.2039	3.2975	13.312	0	0.2898	0.2898	0.2898	0.2898	0.2898	0.2898	0.2898	0.2898	0.2898	0.2898	0.2898	0.2898	0.2898	0.2898	0.2898	0.2898	0.2898
10000	10000	1	0.04	1	0.50001	0.8	1.3333	0.3	5	20	1.3333	0.3	5	20	1.3333	0.3	5	20	1.3333	0.3	5	20	0	0.66667	0.15	2.5	9.9999	0.66667	0.15	2.5	9.9999	0.66667	0.15	2.5	9.9999	0.66667	0.15	2.5	9.9999	0	0.15863	0.15863	0.15863	0.15863	0.15863	0.15863	0.15863	0.15863	0.15863	0.15863	0.15863	0.15863	0.15863	0.15863	0.15863	0.15863	0.15863
10000	10000	0.0075	0.02	1	1	0.8	0.8	0.3	2.5	20	0.8	0.3	2.5	20	0.8	0.3	2.5	20	0.8	0.3	2.5	20	0	0.8	0.3	2.5	20	0.8	0.3	2.5	20	0.8	0.3	2.5	20	0.8	0.3	2.5	20	0	0.2	0.2	0.2	0.2	0.2	0.2	0.2	0.2	0.2	0.2	0.2	0.2	0.2	0.2	0.2	0.2	0.2
10000	10000	0.015	0.019458	1	0.55785	0.4	1	0.3	2.6704	15	1	0.3	2.6704	15	1	0.3	2.6704	15	1	0.3	2.6704	15	0	1	0.3	2.6704	15	1	0.3	2.6704	15	1	0.3	2.6704	15	1	0.3	2.6704	15	0	0.2	0.2	0.2	0.2	0.2	0.2	0.2	0.2	0.2	0.2	0.2	0.2	0.2	0.2	0.2	0.2	0.2
10000	10000	0.005	0.020735	1	0.5	0.8	1	0.3	3.5	15	1	0.3	3.5	15	1	0.3	3.5	15	1	0.3	3.5	15	0	0.875	0.2625	3.0625	13.125	0.875	0.2625	3.0625	13.125	0.875	0.2625	3.0625	13.125	0.875	0.2625	3.0625	13.125	0	0.3	0.3	0.3	0.3	0.3	0.3	0.3	0.3	0.3	0.3	0.3	0.3	0.3	0.3	0.3	0.3	0.3
10000	10000	0.022392	0.021696	1	0.5	0.4	0.59471	0.20796	2.5	15	0.59471	0.20796	2.5	15	0.59471	0.20796	2.5	15	0.59471	0.20796	2.5	15	0	0.59471	0.20796	2.5	15	0.59471	0.20796	2.5	15	0.59471	0.20796	2.5	15	0.59471	0.20796	2.5	15	0	0.2	0.2	0.2	0.2	0.2	0.2	0.2	0.2	0.2	0.2	0.2	0.2	0.2	0.2	0.2	0.2	0.2
10000	10000	0.01	0.03	1	1	0.61074	0.8	0.3	2.5	15	0.8	0.3	2.5	15	0.8	0.3	2.5	15	0.8	0.3	2.5	15	0	0.8	0.3	2.5	15	0.8	0.3	2.5	15	0.8	0.3	2.5	15	0.8	0.3	2.5	15	0	0.18889	0.18889	0.18889	0.18889	0.18889	0.18889	0.18889	0.18889	0.18889	0.18889	0.18889	0.18889	0.18889	0.18889	0.18889	0.18889	0.18889
10000	10000	0.0080424	0.025653	1	0.5	0.8	0.39598	0.4	2.5	13.278	0.39598	0.4	2.5	13.278	0.39598	0.4	2.5	13.278	0.39598	0.4	2.5	13.278	0	0.47449	0.47931	2.9957	15.911	0.47449	0.47931	2.9957	15.911	0.47449	0.47931	2.9957	15.911	0.47449	0.47931	2.9957	15.911	0	0.29444	0.29444	0.29444	0.29444	0.29444	0.29444	0.29444	0.29444	0.29444	0.29444	0.29444	0.29444	0.29444	0.29444	0.29444	0.29444	0.29444
10000	10000	0.0042222	0.017539	1	10	0.39289	0.95555	0.33333	2.5	15	0.95555	0.33333	2.5	15	0.95555	0.33333	2.5	15	0.95555	0.33333	2.5	15	0	0.23889	0.083333	0.625	3.75	0.23889	0.083333	0.625	3.75	0.23889	0.083333	0.625	3.75	0.23889	0.083333	0.625	3.75	0	0.14069	0.14069	0.14069	0.14069	0.14069	0.14069	0.14069	0.14069	0.14069	0.14069	0.14069	0.14069	0.14069	0.14069	0.14069	0.14069	0.14069
10000	10000	0.02318	0.01	1	2.8168	0.3924	1.3713	1.2356	3.4	14.605	1.3713	1.2356	3.4	14.605	1.3713	1.2356	3.4	14.605	1.3713	1.2356	3.4	14.605	0	0.41473	0.37367	1.0282	4.4169	0.41473	0.37367	1.0282	4.4169	0.41473	0.37367	1.0282	4.4169	0.41473	0.37367	1.0282	4.4169	0	0.021367	0.021367	0.021367	0.021367	0.021367	0.021367	0.021367	0.021367	0.021367	0.021367	0.021367	0.021367	0.021367	0.021367	0.021367	0.021367	0.021367
10000	10000	1	0.01	1	0.73302	0.2625	0.93333	0.78337	3.7037	15	0.93333	0.78337	3.7037	15	0.93333	0.78337	3.7037	15	0.93333	0.78337	3.7037	15	0	0.38453	0.32275	1.5259	6.18	0.38453	0.32275	1.5259	6.18	0.38453	0.32275	1.5259	6.18	0.38453	0.32275	1.5259	6.18	0	0.13333	0.13333	0.13333	0.13333	0.13333	0.13333	0.13333	0.13333	0.13333	0.13333	0.13333	0.13333	0.13333	0.13333	0.13333	0.13333	0.13333
10000	10000	0.005	0.010833	1	0.41667	0.4	0.8	0.3	2.5	15	0.8	0.3	2.5	15	0.8	0.3	2.5	15	0.8	0.3	2.5	15	0	0.29836	0.11188	0.93236	5.5942	0.29836	0.11188	0.93236	5.5942	0.29836	0.11188	0.93236	5.5942	0.29836	0.11188	0.93236	5.5942	0	0.3	0.3	0.3	0.3	0.3	0.3	0.3	0.3	0.3	0.3	0.3	0.3	0.3	0.3	0.3	0.3	0.3
10000	10000	0.005391	0.019993	1	6.0555e-06	0.39986	0.79996	0.40028	3.1661	14.998	0.79996	0.40028	3.1661	14.998	0.79996	0.40028	3.1661	14.998	0.79996	0.40028	3.1661	14.998	0	0.33332	0.16678	1.3192	6.249	0.33332	0.16678	1.3192	6.249	0.33332	0.16678	1.3192	6.249	0.33332	0.16678	1.3192	6.249	0	0.13684	0.13684	0.13684	0.13684	0.13684	0.13684	0.13684	0.13684	0.13684	0.13684	0.13684	0.13684	0.13684	0.13684	0.13684	0.13684	0.13684
10000	10000	0.041027	0.018214	1	0.56696	0.4625	1.0893	0.56696	2.6563	19.063	1.0893	0.56696	2.6563	19.063	1.0893	0.56696	2.6563	19.063	1.0893	0.56696	2.6563	19.063	0	0.4328	0.22527	1.0554	7.5741	0.4328	0.22527	1.0554	7.5741	0.4328	0.22527	1.0554	7.5741	0.4328	0.22527	1.0554	7.5741	0	0.24643	0.24643	0.24643	0.24643	0.24643	0.24643	0.24643	0.24643	0.24643	0.24643	0.24643	0.24643	0.24643	0.24643	0.24643	0.24643	0.24643
10000	10000	0.010185	0.03	1	0.5	0.71093	1	0.3	2.5	15	1	0.3	2.5	15	1	0.3	2.5	15	1	0.3	2.5	15	0	0.25	0.075	0.625	3.75	0.25	0.075	0.625	3.75	0.25	0.075	0.625	3.75	0.25	0.075	0.625	3.75	0	0.3	0.3	0.3	0.3	0.3	0.3	0.3	0.3	0.3	0.3	0.3	0.3	0.3	0.3	0.3	0.3	0.3
10000	10000	0.0045947	0.016501	1	6.7344	0.41589	0.75946	1.0338	3.3987	15.027	0.75946	1.0338	3.3987	15.027	0.75946	1.0338	3.3987	15.027	0.75946	1.0338	3.3987	15.027	0	0.32948	0.44849	1.4745	6.5193	0.32948	0.44849	1.4745	6.5193	0.32948	0.44849	1.4745	6.5193	0.32948	0.44849	1.4745	6.5193	0	0.22803	0.22803	0.22803	0.22803	0.22803	0.22803	0.22803	0.22803	0.22803	0.22803	0.22803	0.22803	0.22803	0.22803	0.22803	0.22803	0.22803
10000	10000	0.1495	0.01	1	0.39818	0.575	1.25	0.6875	2.9375	13	1.25	0.6875	2.9375	13	1.25	0.6875	2.9375	13	1.25	0.6875	2.9375	13	0	0.3125	0.17187	0.73438	3.25	0.3125	0.17187	0.73438	3.25	0.3125	0.17187	0.73438	3.25	0.3125	0.17187	0.73438	3.25	0	0.1	0.1	0.1	0.1	0.1	0.1	0.1	0.1	0.1	0.1	0.1	0.1	0.1	0.1	0.1	0.1	0.1
10000	10000	0.26908	0.021473	1	0.42813	0.37566	1.9299	0.27565	4.5473	15	1.9299	0.27565	4.5473	15	1.9299	0.27565	4.5473	15	1.9299	0.27565	4.5473	15	0	0.48247	0.068913	1.1368	3.75	0.48247	0.068913	1.1368	3.75	0.48247	0.068913	1.1368	3.75	0.48247	0.068913	1.1368	3.75	0	0.36593	0.36593	0.36593	0.36593	0.36593	0.36593	0.36593	0.36593	0.36593	0.36593	0.36593	0.36593	0.36593	0.36593	0.36593	0.36593	0.36593
10000	10000	0.001	0.014986	1	2.461	0.5022	0.94735	0.41401	3.3169	19.828	0.94735	0.41401	3.3169	19.828	0.94735	0.41401	3.3169	19.828	0.94735	0.41401	3.3169	19.828	0	0.48777	0.21317	1.7078	10.209	0.48777	0.21317	1.7078	10.209	0.48777	0.21317	1.7078	10.209	0.48777	0.21317	1.7078	10.209	0	0.17012	0.17012	0.17012	0.17012	0.17012	0.17012	0.17012	0.17012	0.17012	0.17012	0.17012	0.17012	0.17012	0.17012	0.17012	0.17012	0.17012
10000	10000	0.027422	0.024596	1	0.38442	0.36166	1.2579	0.86496	3.8128	31.112	1.2579	0.86496	3.8128	31.112	1.2579	0.86496	3.8128	31.112	1.2579	0.86496	3.8128	31.112	0	0.54149	0.37235	1.6414	13.393	0.54149	0.37235	1.6414	13.393	0.54149	0.37235	1.6414	13.393	0.54149	0.37235	1.6414	13.393	0	0.068184	0.068184	0.068184	0.068184	0.068184	0.068184	0.068184	0.068184	0.068184	0.068184	0.068184	0.068184	0.068184	0.068184	0.068184	0.068184	0.068184
10000	10000	0.02	0.02	1	0.41667	0.50064	0.49117	0.38762	1.3699	69.273	0.49117	0.38762	1.3699	69.273	0.49117	0.38762	1.3699	69.273	0.49117	0.38762	1.3699	69.273	0	0.49117	0.38762	1.3699	69.273	0.49117	0.38762	1.3699	69.273	0.49117	0.38762	1.3699	69.273	0.49117	0.38762	1.3699	69.273	0	0.19041	0.19041	0.19041	0.19041	0.19041	0.19041	0.19041	0.19041	0.19041	0.19041	0.19041	0.19041	0.19041	0.19041	0.19041	0.19041	0.19041
10000	10000	0.01	0.022523	1	0.72502	0.38656	0.70911	0.21603	2.5	15	0.70911	0.21603	2.5	15	0.70911	0.21603	2.5	15	0.70911	0.21603	2.5	15	0	0.32152	0.097949	1.1335	6.8011	0.32152	0.097949	1.1335	6.8011	0.32152	0.097949	1.1335	6.8011	0.32152	0.097949	1.1335	6.8011	0	0.3	0.3	0.3	0.3	0.3	0.3	0.3	0.3	0.3	0.3	0.3	0.3	0.3	0.3	0.3	0.3	0.3
10000	10000	0.006616	0.029949	1	0.50639	0.40596	1.0679	0.50639	2.5149	26.756	1.0679	0.50639	2.5149	26.756	1.0679	0.50639	2.5149	26.756	1.0679	0.50639	2.5149	26.756	0	0.4589	0.21761	1.0807	11.498	0.4589	0.21761	1.0807	11.498	0.4589	0.21761	1.0807	11.498	0.4589	0.21761	1.0807	11.498	0	0.15615	0.15615	0.15615	0.15615	0.15615	0.15615	0.15615	0.15615	0.15615	0.15615	0.15615	0.15615	0.15615	0.15615	0.15615	0.15615	0.15615
10000	10000	0.010007	0.020047	1	0.35898	0.59126	0.99764	0.30153	2.5041	30.019	0.99764	0.30153	2.5041	30.019	0.99764	0.30153	2.5041	30.019	0.99764	0.30153	2.5041	30.019	0	0.24941	0.075384	0.62603	7.5047	0.24941	0.075384	0.62603	7.5047	0.24941	0.075384	0.62603	7.5047	0.24941	0.075384	0.62603	7.5047	0	0.30027	0.30027	0.30027	0.30027	0.30027	0.30027	0.30027	0.30027	0.30027	0.30027	0.30027	0.30027	0.30027	0.30027	0.30027	0.30027	0.30027
10000	10000	0.010573	0.017625	1	1.9484	0.43647	0.96834	0.44135	2.7926	19.954	0.96834	0.44135	2.7926	19.954	0.96834	0.44135	2.7926	19.954	0.96834	0.44135	2.7926	19.954	0	0.42085	0.19181	1.2137	8.6721	0.42085	0.19181	1.2137	8.6721	0.42085	0.19181	1.2137	8.6721	0.42085	0.19181	1.2137	8.6721	0	0.28898	0.28898	0.28898	0.28898	0.28898	0.28898	0.28898	0.28898	0.28898	0.28898	0.28898	0.28898	0.28898	0.28898	0.28898	0.28898	0.28898
10000	10000	0.013892	0.020142	1	0.50666	0.79379	0.77655	0.40577	2.5155	18.248	0.77655	0.40577	2.5155	18.248	0.77655	0.40577	2.5155	18.248	0.77655	0.40577	2.5155	18.248	0	0.35899	0.18758	1.1629	8.4355	0.35899	0.18758	1.1629	8.4355	0.35899	0.18758	1.1629	8.4355	0.35899	0.18758	1.1629	8.4355	0	0.1832	0.1832	0.1832	0.1832	0.1832	0.1832	0.1832	0.1832	0.1832	0.1832	0.1832	0.1832	0.1832	0.1832	0.1832	0.1832	0.1832
10000	10000	0.02	0.024918	1	1	0.69684	0.52839	0.3	2.5	15	0.52839	0.3	2.5	15	0.52839	0.3	2.5	15	0.52839	0.3	2.5	15	0	0.23188	0.13165	1.0971	6.5827	0.23188	0.13165	1.0971	6.5827	0.23188	0.13165	1.0971	6.5827	0.23188	0.13165	1.0971	6.5827	0	0.26009	0.26009	0.26009	0.26009	0.26009	0.26009	0.26009	0.26009	0.26009	0.26009	0.26009	0.26009	0.26009	0.26009	0.26009	0.26009	0.26009
10000	10000	0.0045068	0.06	1	0.55318	0.69747	1.3333	0.6	4.6667	20	1.3333	0.6	4.6667	20	1.3333	0.6	4.6667	20	1.3333	0.6	4.6667	20	0	0.44444	0.2	1.5556	6.6667	0.44444	0.2	1.5556	6.6667	0.44444	0.2	1.5556	6.6667	0.44444	0.2	1.5556	6.6667	0	0.30506	0.30506	0.30506	0.30506	0.30506	0.30506	0.30506	0.30506	0.30506	0.30506	0.30506	0.30506	0.30506	0.30506	0.30506	0.30506	0.30506
10000	10000	0.001	0.087382	1	0.25008	0.4443	0.8604	0.099867	2.4996	15.002	0.8604	0.099867	2.4996	15.002	0.8604	0.099867	2.4996	15.002	0.8604	0.099867	2.4996	15.002	0	0.34257	0.039762	0.99523	5.9728	0.34257	0.039762	0.99523	5.9728	0.34257	0.039762	0.99523	5.9728	0.34257	0.039762	0.99523	5.9728	0	0.30857	0.30857	0.30857	0.30857	0.30857	0.30857	0.30857	0.30857	0.30857	0.30857	0.30857	0.30857	0.30857	0.30857	0.30857	0.30857	0.30857
10000	10000	0.0044515	0.02119	1	0.33257	0.25592	1.3333	0.23333	2.5	15	1.3333	0.23333	2.5	15	1.3333	0.23333	2.5	15	1.3333	0.23333	2.5	15	0	0.36083	0.063145	0.67656	4.0593	0.36083	0.063145	0.67656	4.0593	0.36083	0.063145	0.67656	4.0593	0.36083	0.063145	0.67656	4.0593	0	0.3	0.3	0.3	0.3	0.3	0.3	0.3	0.3	0.3	0.3	0.3	0.3	0.3	0.3	0.3	0.3	0.3
10000	10000	0.0066924	0.023189	1	0.5017	0.31154	0.95227	0.16562	3.5583	15.003	0.95227	0.16562	3.5583	15.003	0.95227	0.16562	3.5583	15.003	0.95227	0.16562	3.5583	15.003	0	0.32555	0.056621	1.2164	5.1291	0.32555	0.056621	1.2164	5.1291	0.32555	0.056621	1.2164	5.1291	0.32555	0.056621	1.2164	5.1291	0	0.37254	0.37254	0.37254	0.37254	0.37254	0.37254	0.37254	0.37254	0.37254	0.37254	0.37254	0.37254	0.37254	0.37254	0.37254	0.37254	0.37254
10000	10000	0.0047778	0.03	1	0.5	0.4	0.8	-0.42563	2	20	0.8	-0.42563	2	20	0.8	-0.42563	2	20	0.8	-0.42563	2	20	0	0.2	-0.10641	0.5	5	0.2	-0.10641	0.5	5	0.2	-0.10641	0.5	5	0.2	-0.10641	0.5	5	0	0.3	0.3	0.3	0.3	0.3	0.3	0.3	0.3	0.3	0.3	0.3	0.3	0.3	0.3	0.3	0.3	0.3
10000	10000	0.13137	0.022701	1	0.5	0.30246	0.58322	0.36667	2.5	30	0.58322	0.36667	2.5	30	0.58322	0.36667	2.5	30	0.58322	0.36667	2.5	30	0	0.17207	0.10818	0.7376	8.8512	0.17207	0.10818	0.7376	8.8512	0.17207	0.10818	0.7376	8.8512	0.17207	0.10818	0.7376	8.8512	0	0.1	0.1	0.1	0.1	0.1	0.1	0.1	0.1	0.1	0.1	0.1	0.1	0.1	0.1	0.1	0.1	0.1
10000	10000	0.004	0.01	1	0.58333	0.30666	0.3154	0.26288	2.7778	14.021	0.3154	0.26288	2.7778	14.021	0.3154	0.26288	2.7778	14.021	0.3154	0.26288	2.7778	14.021	0	0.32124	0.26775	2.8292	14.281	0.32124	0.26775	2.8292	14.281	0.32124	0.26775	2.8292	14.281	0.32124	0.26775	2.8292	14.281	0	0.29549	0.29549	0.29549	0.29549	0.29549	0.29549	0.29549	0.29549	0.29549	0.29549	0.29549	0.29549	0.29549	0.29549	0.29549	0.29549	0.29549
10000	10000	0.021814	0.02	1	0.5	0.21249	1	0.3	3.3207	26.667	1	0.3	3.3207	26.667	1	0.3	3.3207	26.667	1	0.3	3.3207	26.667	0	0.5	0.15	1.6603	13.333	0.5	0.15	1.6603	13.333	0.5	0.15	1.6603	13.333	0.5	0.15	1.6603	13.333	0	0.16667	0.16667	0.16667	0.16667	0.16667	0.16667	0.16667	0.16667	0.16667	0.16667	0.16667	0.16667	0.16667	0.16667	0.16667	0.16667	0.16667
10000	10000	0.017209	0.019635	1	3.5352	0.49314	1.0032	0.2	4.2469	15.708	1.0032	0.2	4.2469	15.708	1.0032	0.2	4.2469	15.708	1.0032	0.2	4.2469	15.708	0	0.25081	0.049999	1.0617	3.9271	0.25081	0.049999	1.0617	3.9271	0.25081	0.049999	1.0617	3.9271	0.25081	0.049999	1.0617	3.9271	0	0.23554	0.23554	0.23554	0.23554	0.23554	0.23554	0.23554	0.23554	0.23554	0.23554	0.23554	0.23554	0.23554	0.23554	0.23554	0.23554	0.23554
10000	10000	0.054444	0.026667	1	0.33333	0.4	1	0.5	4	15	1	0.5	4	15	1	0.5	4	15	1	0.5	4	15	0	0.5	0.25	2	7.5	0.5	0.25	2	7.5	0.5	0.25	2	7.5	0.5	0.25	2	7.5	0	0.31397	0.31397	0.31397	0.31397	0.31397	0.31397	0.31397	0.31397	0.31397	0.31397	0.31397	0.31397	0.31397	0.31397	0.31397	0.31397	0.31397
10000	10000	0.0095849	0.019778	1	0.63937	0.29539	0.88531	0.32366	2.8743	17.396	0.88531	0.32366	2.8743	17.396	0.88531	0.32366	2.8743	17.396	0.88531	0.32366	2.8743	17.396	0	0.4762	0.17409	1.5461	9.3569	0.4762	0.17409	1.5461	9.3569	0.4762	0.17409	1.5461	9.3569	0.4762	0.17409	1.5461	9.3569	0	0.36507	0.36507	0.36507	0.36507	0.36507	0.36507	0.36507	0.36507	0.36507	0.36507	0.36507	0.36507	0.36507	0.36507	0.36507	0.36507	0.36507
10000	10000	0.045	0.02	1	0.5	0.8	0.8699	0.3	3.3333	15	0.8699	0.3	3.3333	15	0.8699	0.3	3.3333	15	0.8699	0.3	3.3333	15	0	0.50744	0.175	1.9444	8.75	0.50744	0.175	1.9444	8.75	0.50744	0.175	1.9444	8.75	0.50744	0.175	1.9444	8.75	0	0.07482	0.07482	0.07482	0.07482	0.07482	0.07482	0.07482	0.07482	0.07482	0.07482	0.07482	0.07482	0.07482	0.07482	0.07482	0.07482	0.07482
10000	10000	0.01	0.02	1	1	1	0.48186	1	2.5	15	0.48186	1	2.5	15	0.48186	1	2.5	15	0.48186	1	2.5	15	0	0.24093	0.5	1.25	7.5	0.24093	0.5	1.25	7.5	0.24093	0.5	1.25	7.5	0.24093	0.5	1.25	7.5	0	0.3	0.3	0.3	0.3	0.3	0.3	0.3	0.3	0.3	0.3	0.3	0.3	0.3	0.3	0.3	0.3	0.3
10000	10000	0.02	0.01	1	0.6348	0.4	0.53384	0.4	2.5	15	0.53384	0.4	2.5	15	0.53384	0.4	2.5	15	0.53384	0.4	2.5	15	0	0.27459	0.20575	1.2859	7.7155	0.27459	0.20575	1.2859	7.7155	0.27459	0.20575	1.2859	7.7155	0.27459	0.20575	1.2859	7.7155	0	0.2	0.2	0.2	0.2	0.2	0.2	0.2	0.2	0.2	0.2	0.2	0.2	0.2	0.2	0.2	0.2	0.2
10000	10000	0.011667	0.02	1	0.53979	0.8	0.52216	0.3	5	15	0.52216	0.3	5	15	0.52216	0.3	5	15	0.52216	0.3	5	15	0	0.26108	0.15	2.5	7.5	0.26108	0.15	2.5	7.5	0.26108	0.15	2.5	7.5	0.26108	0.15	2.5	7.5	0	0.05	0.05	0.05	0.05	0.05	0.05	0.05	0.05	0.05	0.05	0.05	0.05	0.05	0.05	0.05	0.05	0.05
10000	10000	0.01	0.015	1	0.25	0.62511	0.40903	0.6	2.5	7.3531	0.40903	0.6	2.5	7.3531	0.40903	0.6	2.5	7.3531	0.40903	0.6	2.5	7.3531	0	0.40903	0.6	2.5	7.3531	0.40903	0.6	2.5	7.3531	0.40903	0.6	2.5	7.3531	0.40903	0.6	2.5	7.3531	0	0.4	0.4	0.4	0.4	0.4	0.4	0.4	0.4	0.4	0.4	0.4	0.4	0.4	0.4	0.4	0.4	0.4
10000	10000	0.002935	0.056663	1	0.44094	0.85598	0.89545	0.22086	2.8508	14.666	0.89545	0.22086	2.8508	14.666	0.89545	0.22086	2.8508	14.666	0.89545	0.22086	2.8508	14.666	0	0.4664	0.11503	1.4848	7.639	0.4664	0.11503	1.4848	7.639	0.4664	0.11503	1.4848	7.639	0.4664	0.11503	1.4848	7.639	0	0.2815	0.2815	0.2815	0.2815	0.2815	0.2815	0.2815	0.2815	0.2815	0.2815	0.2815	0.2815	0.2815	0.2815	0.2815	0.2815	0.2815
10000	10000	0.0074202	0.028074	1	0.4847	0.67202	1.1132	0.46859	3.7872	27.925	1.1132	0.46859	3.7872	27.925	1.1132	0.46859	3.7872	27.925	1.1132	0.46859	3.7872	27.925	0	0.56513	0.23789	1.9227	14.177	0.56513	0.23789	1.9227	14.177	0.56513	0.23789	1.9227	14.177	0.56513	0.23789	1.9227	14.177	0	0.31123	0.31123	0.31123	0.31123	0.31123	0.31123	0.31123	0.31123	0.31123	0.31123	0.31123	0.31123	0.31123	0.31123	0.31123	0.31123	0.31123
10000	10000	0.001	0.01	1	0.61717	0.8	0.8	0.3	2.5	20	0.8	0.3	2.5	20	0.8	0.3	2.5	20	0.8	0.3	2.5	20	0	0.8	0.3	2.5	20	0.8	0.3	2.5	20	0.8	0.3	2.5	20	0.8	0.3	2.5	20	0	0.3309	0.3309	0.3309	0.3309	0.3309	0.3309	0.3309	0.3309	0.3309	0.3309	0.3309	0.3309	0.3309	0.3309	0.3309	0.3309	0.3309
10000	10000	0.0075	0.01	1	1	1	0.61801	0.3	3.5	20	0.61801	0.3	3.5	20	0.61801	0.3	3.5	20	0.61801	0.3	3.5	20	0	0.30901	0.15	1.75	10	0.30901	0.15	1.75	10	0.30901	0.15	1.75	10	0.30901	0.15	1.75	10	0	0.29942	0.29942	0.29942	0.29942	0.29942	0.29942	0.29942	0.29942	0.29942	0.29942	0.29942	0.29942	0.29942	0.29942	0.29942	0.29942	0.29942
10000	10000	0.01	0.043588	1	0.5	0.8	0.82565	0.3	3.3333	15	0.82565	0.3	3.3333	15	0.82565	0.3	3.3333	15	0.82565	0.3	3.3333	15	0	0.40136	0.14583	1.6204	7.2917	0.40136	0.14583	1.6204	7.2917	0.40136	0.14583	1.6204	7.2917	0.40136	0.14583	1.6204	7.2917	0	0.3	0.3	0.3	0.3	0.3	0.3	0.3	0.3	0.3	0.3	0.3	0.3	0.3	0.3	0.3	0.3	0.3
10000	10000	0.007943	0.01	1	1	0.8	1	0.3	2.5	15	1	0.3	2.5	15	1	0.3	2.5	15	1	0.3	2.5	15	0	0.5	0.15	1.25	7.5	0.5	0.15	1.25	7.5	0.5	0.15	1.25	7.5	0.5	0.15	1.25	7.5	0	0.2	0.2	0.2	0.2	0.2	0.2	0.2	0.2	0.2	0.2	0.2	0.2	0.2	0.2	0.2	0.2	0.2
10000	10000	0.016256	0.02	1	1	0.8	1	0.3	2.5	15	1	0.3	2.5	15	1	0.3	2.5	15	1	0.3	2.5	15	0	0.7889	0.23667	1.9723	11.834	0.7889	0.23667	1.9723	11.834	0.7889	0.23667	1.9723	11.834	0.7889	0.23667	1.9723	11.834	0	0.21164	0.21164	0.21164	0.21164	0.21164	0.21164	0.21164	0.21164	0.21164	0.21164	0.21164	0.21164	0.21164	0.21164	0.21164	0.21164	0.21164
10000	10000	0.01	0.01	1	0.47375	0.8	1	1	3.3333	15	1	1	3.3333	15	1	1	3.3333	15	1	1	3.3333	15	0	0.5	0.5	1.6667	7.5	0.5	0.5	1.6667	7.5	0.5	0.5	1.6667	7.5	0.5	0.5	1.6667	7.5	0	0.28333	0.28333	0.28333	0.28333	0.28333	0.28333	0.28333	0.28333	0.28333	0.28333	0.28333	0.28333	0.28333	0.28333	0.28333	0.28333	0.28333
10000	10000	0.0056131	0.015	1	0.41667	0.71285	0.8	0.4	2.5	30	0.8	0.4	2.5	30	0.8	0.4	2.5	30	0.8	0.4	2.5	30	0	0.4	0.2	1.25	15	0.4	0.2	1.25	15	0.4	0.2	1.25	15	0.4	0.2	1.25	15	0	0.2	0.2	0.2	0.2	0.2	0.2	0.2	0.2	0.2	0.2	0.2	0.2	0.2	0.2	0.2	0.2	0.2
10000	10000	0.005	0.02	1	0.5	0.8	1	0.3	2.5	15	1	0.3	2.5	15	1	0.3	2.5	15	1	0.3	2.5	15	0	1	0.3	2.5	15	1	0.3	2.5	15	1	0.3	2.5	15	1	0.3	2.5	15	0	0.2	0.2	0.2	0.2	0.2	0.2	0.2	0.2	0.2	0.2	0.2	0.2	0.2	0.2	0.2	0.2	0.2
10000	10000	0.0043047	0.02016	1	0	1.008	0.67554	-0.0039923	3.3194	30.064	0.67554	-0.0039923	3.3194	30.064	0.67554	-0.0039923	3.3194	30.064	0.67554	-0.0039923	3.3194	30.064	0	0.34047	-0.0020121	1.6729	15.152	0.34047	-0.0020121	1.6729	15.152	0.34047	-0.0020121	1.6729	15.152	0.34047	-0.0020121	1.6729	15.152	0	0.1833	0.1833	0.1833	0.1833	0.1833	0.1833	0.1833	0.1833	0.1833	0.1833	0.1833	0.1833	0.1833	0.1833	0.1833	0.1833	0.1833
10000	10000	0.012366	0.022061	1	0.5	0.8	0.64506	0.3	2.5	15	0.64506	0.3	2.5	15	0.64506	0.3	2.5	15	0.64506	0.3	2.5	15	0	0.70423	0.32752	2.7293	16.376	0.70423	0.32752	2.7293	16.376	0.70423	0.32752	2.7293	16.376	0.70423	0.32752	2.7293	16.376	0	0.34708	0.34708	0.34708	0.34708	0.34708	0.34708	0.34708	0.34708	0.34708	0.34708	0.34708	0.34708	0.34708	0.34708	0.34708	0.34708	0.34708
10000	10000	0.050184	0.011793	1	0.47243	0.45825	1.0536	0.27401	3.3483	20.081	1.0536	0.27401	3.3483	20.081	1.0536	0.27401	3.3483	20.081	1.0536	0.27401	3.3483	20.081	0	1.1048	0.28731	3.5109	21.056	1.1048	0.28731	3.5109	21.056	1.1048	0.28731	3.5109	21.056	1.1048	0.28731	3.5109	21.056	0	0.31557	0.31557	0.31557	0.31557	0.31557	0.31557	0.31557	0.31557	0.31557	0.31557	0.31557	0.31557	0.31557	0.31557	0.31557	0.31557	0.31557
10000	10000	0.04	0.02	1	1	0.8	0.8	0.6	3.5	20	0.8	0.6	3.5	20	0.8	0.6	3.5	20	0.8	0.6	3.5	20	0	0.8	0.6	3.5	20	0.8	0.6	3.5	20	0.8	0.6	3.5	20	0.8	0.6	3.5	20	0	0.32656	0.32656	0.32656	0.32656	0.32656	0.32656	0.32656	0.32656	0.32656	0.32656	0.32656	0.32656	0.32656	0.32656	0.32656	0.32656	0.32656
10000	10000	0.0057448	0.03056	1	1.9997	0.71997	1.0095	0.40541	3.2016	14.927	1.0095	0.40541	3.2016	14.927	1.0095	0.40541	3.2016	14.927	1.0095	0.40541	3.2016	14.927	0	0.62528	0.25111	1.9831	9.2457	0.62528	0.25111	1.9831	9.2457	0.62528	0.25111	1.9831	9.2457	0.62528	0.25111	1.9831	9.2457	0	0.082013	0.082013	0.082013	0.082013	0.082013	0.082013	0.082013	0.082013	0.082013	0.082013	0.082013	0.082013	0.082013	0.082013	0.082013	0.082013	0.082013
10000	10000	0.0050001	0.03	1	0.5	0.56282	0.50866	0.3	2.5	15	0.50866	0.3	2.5	15	0.50866	0.3	2.5	15	0.50866	0.3	2.5	15	0	0.47938	0.28273	2.3561	14.137	0.47938	0.28273	2.3561	14.137	0.47938	0.28273	2.3561	14.137	0.47938	0.28273	2.3561	14.137	0	0.32761	0.32761	0.32761	0.32761	0.32761	0.32761	0.32761	0.32761	0.32761	0.32761	0.32761	0.32761	0.32761	0.32761	0.32761	0.32761	0.32761
10000	10000	0.014047	0.01	1	0.5	0.54784	1	1.14	2.5	15	1	1.14	2.5	15	1	1.14	2.5	15	1	1.14	2.5	15	0	0.50122	0.57139	1.2531	7.5184	0.50122	0.57139	1.2531	7.5184	0.50122	0.57139	1.2531	7.5184	0.50122	0.57139	1.2531	7.5184	0	0.2	0.2	0.2	0.2	0.2	0.2	0.2	0.2	0.2	0.2	0.2	0.2	0.2	0.2	0.2	0.2	0.2
10000	10000	0.001	0.03	1	0.5	0.49798	0.48739	0.24803	2.5	20	0.48739	0.24803	2.5	20	0.48739	0.24803	2.5	20	0.48739	0.24803	2.5	20	0	0.45542	0.23177	2.336	18.688	0.45542	0.23177	2.336	18.688	0.45542	0.23177	2.336	18.688	0.45542	0.23177	2.336	18.688	0	0.2	0.2	0.2	0.2	0.2	0.2	0.2	0.2	0.2	0.2	0.2	0.2	0.2	0.2	0.2	0.2	0.2
10000	10000	0.011667	0.01	1	0.5	0.53333	1	0.3	2.5	15	1	0.3	2.5	15	1	0.3	2.5	15	1	0.3	2.5	15	0	0.5	0.15	1.25	7.5	0.5	0.15	1.25	7.5	0.5	0.15	1.25	7.5	0.5	0.15	1.25	7.5	0	0.2	0.2	0.2	0.2	0.2	0.2	0.2	0.2	0.2	0.2	0.2	0.2	0.2	0.2	0.2	0.2	0.2
10000	10000	0.0072366	0.01	1	0.49692	0.88889	0.46359	0.3	3.4785	16.667	0.46359	0.3	3.4785	16.667	0.46359	0.3	3.4785	16.667	0.46359	0.3	3.4785	16.667	0	0.4274	0.27658	3.2069	15.365	0.4274	0.27658	3.2069	15.365	0.4274	0.27658	3.2069	15.365	0.4274	0.27658	3.2069	15.365	0	0.3	0.3	0.3	0.3	0.3	0.3	0.3	0.3	0.3	0.3	0.3	0.3	0.3	0.3	0.3	0.3	0.3
10000	10000	0.005	0.01	1	0.3226	0.57149	0.48668	0	2.5	15	0.48668	0	2.5	15	0.48668	0	2.5	15	0.48668	0	2.5	15	0	0.39417	0	2.0248	12.149	0.39417	0	2.0248	12.149	0.39417	0	2.0248	12.149	0.39417	0	2.0248	12.149	0	0.3	0.3	0.3	0.3	0.3	0.3	0.3	0.3	0.3	0.3	0.3	0.3	0.3	0.3	0.3	0.3	0.3
10000	10000	0.012595	0.015	1	7	0.66415	1	0.74458	4.6667	774.72	1	0.74458	4.6667	774.72	1	0.74458	4.6667	774.72	1	0.74458	4.6667	774.72	0	0.4985	0.37117	2.3263	386.2	0.4985	0.37117	2.3263	386.2	0.4985	0.37117	2.3263	386.2	0.4985	0.37117	2.3263	386.2	0	0.32452	0.32452	0.32452	0.32452	0.32452	0.32452	0.32452	0.32452	0.32452	0.32452	0.32452	0.32452	0.32452	0.32452	0.32452	0.32452	0.32452
10000	10000	0.37415	0.016226	1	0.56619	0.39986	1.0865	0.29987	4.4688	18.932	1.0865	0.29987	4.4688	18.932	1.0865	0.29987	4.4688	18.932	1.0865	0.29987	4.4688	18.932	0	0.58659	0.1619	2.4126	10.221	0.58659	0.1619	2.4126	10.221	0.58659	0.1619	2.4126	10.221	0.58659	0.1619	2.4126	10.221	0	0.26035	0.26035	0.26035	0.26035	0.26035	0.26035	0.26035	0.26035	0.26035	0.26035	0.26035	0.26035	0.26035	0.26035	0.26035	0.26035	0.26035
10000	10000	0.12461	0.030487	1	0.23908	0.67167	0.87092	0.28581	3.8333	20.175	0.87092	0.28581	3.8333	20.175	0.87092	0.28581	3.8333	20.175	0.87092	0.28581	3.8333	20.175	0	0.42606	0.13982	1.8753	9.8697	0.42606	0.13982	1.8753	9.8697	0.42606	0.13982	1.8753	9.8697	0.42606	0.13982	1.8753	9.8697	0	0.1947	0.1947	0.1947	0.1947	0.1947	0.1947	0.1947	0.1947	0.1947	0.1947	0.1947	0.1947	0.1947	0.1947	0.1947	0.1947	0.1947
10000	10000	0.12215	0.014606	1	0.61639	0.43466	0.77396	0.36336	4.5744	19.887	0.77396	0.36336	4.5744	19.887	0.77396	0.36336	4.5744	19.887	0.77396	0.36336	4.5744	19.887	0	0.36282	0.17034	2.1444	9.3228	0.36282	0.17034	2.1444	9.3228	0.36282	0.17034	2.1444	9.3228	0.36282	0.17034	2.1444	9.3228	0	0.21512	0.21512	0.21512	0.21512	0.21512	0.21512	0.21512	0.21512	0.21512	0.21512	0.21512	0.21512	0.21512	0.21512	0.21512	0.21512	0.21512
10000	10000	0.022753	0.016667	1	0	0.8	0.66291	0.6	2.5	15	0.66291	0.6	2.5	15	0.66291	0.6	2.5	15	0.66291	0.6	2.5	15	0	0.33843	0.30631	1.2763	7.6578	0.33843	0.30631	1.2763	7.6578	0.33843	0.30631	1.2763	7.6578	0.33843	0.30631	1.2763	7.6578	0	0.045664	0.045664	0.045664	0.045664	0.045664	0.045664	0.045664	0.045664	0.045664	0.045664	0.045664	0.045664	0.045664	0.045664	0.045664	0.045664	0.045664
10000	10000	0.12754	0.018889	1	0	0.51676	0.80001	2.2046	5	180	0.80001	2.2046	5	180	0.80001	2.2046	5	180	0.80001	2.2046	5	180	0	0.3933	1.0838	2.4581	88.491	0.3933	1.0838	2.4581	88.491	0.3933	1.0838	2.4581	88.491	0.3933	1.0838	2.4581	88.491	0	0.066669	0.066669	0.066669	0.066669	0.066669	0.066669	0.066669	0.066669	0.066669	0.066669	0.066669	0.066669	0.066669	0.066669	0.066669	0.066669	0.066669
10000	10000	0.0065818	0.020737	1	0.49403	0.7666	0.5916	0.343	3.9068	18.27	0.5916	0.343	3.9068	18.27	0.5916	0.343	3.9068	18.27	0.5916	0.343	3.9068	18.27	0	0.29815	0.17287	1.9689	9.2075	0.29815	0.17287	1.9689	9.2075	0.29815	0.17287	1.9689	9.2075	0.29815	0.17287	1.9689	9.2075	0	0.19152	0.19152	0.19152	0.19152	0.19152	0.19152	0.19152	0.19152	0.19152	0.19152	0.19152	0.19152	0.19152	0.19152	0.19152	0.19152	0.19152
10000	10000	0.02	0.01643	1	0.5	0.61244	0.8	0.3	3.5	15	0.8	0.3	3.5	15	0.8	0.3	3.5	15	0.8	0.3	3.5	15	0	0.4	0.15	1.75	7.5	0.4	0.15	1.75	7.5	0.4	0.15	1.75	7.5	0.4	0.15	1.75	7.5	0	0.2	0.2	0.2	0.2	0.2	0.2	0.2	0.2	0.2	0.2	0.2	0.2	0.2	0.2	0.2	0.2	0.2
10000	10000	0.015589	0.015605	1	0.41476	0.68949	1.3006	0.60183	3.8593	19.135	1.3006	0.60183	3.8593	19.135	1.3006	0.60183	3.8593	19.135	1.3006	0.60183	3.8593	19.135	0	0.45483	0.21047	1.3497	6.692	0.45483	0.21047	1.3497	6.692	0.45483	0.21047	1.3497	6.692	0.45483	0.21047	1.3497	6.692	0	0.10623	0.10623	0.10623	0.10623	0.10623	0.10623	0.10623	0.10623	0.10623	0.10623	0.10623	0.10623	0.10623	0.10623	0.10623	0.10623	0.10623
10000	10000	0.015317	0.012556	1	0.21224	0.43276	0.64412	0	2.4162	15.748	0.64412	0	2.4162	15.748	0.64412	0	2.4162	15.748	0.64412	0	2.4162	15.748	0	0.38414	0	1.441	9.3917	0.38414	0	1.441	9.3917	0.38414	0	1.441	9.3917	0.38414	0	1.441	9.3917	0	0.16498	0.16498	0.16498	0.16498	0.16498	0.16498	0.16498	0.16498	0.16498	0.16498	0.16498	0.16498	0.16498	0.16498	0.16498	0.16498	0.16498
10000	10000	0.010557	0.031647	1	0.47482	0.82928	0.50549	0.62115	3.3903	15.268	0.50549	0.62115	3.3903	15.268	0.50549	0.62115	3.3903	15.268	0.50549	0.62115	3.3903	15.268	0	0.24452	0.30047	1.64	7.3858	0.24452	0.30047	1.64	7.3858	0.24452	0.30047	1.64	7.3858	0.24452	0.30047	1.64	7.3858	0	0	0	0	0	0	0	0	0	0	0	0	0	0	0	0	0	0
10000	10000	0.0081482	0.033641	1	0	0.8	0.94543	0.99999	3.5	13.704	0.94543	0.99999	3.5	13.704	0.94543	0.99999	3.5	13.704	0.94543	0.99999	3.5	13.704	0	0.48364	0.51156	1.7905	7.0103	0.48364	0.51156	1.7905	7.0103	0.48364	0.51156	1.7905	7.0103	0.48364	0.51156	1.7905	7.0103	0	0.16061	0.16061	0.16061	0.16061	0.16061	0.16061	0.16061	0.16061	0.16061	0.16061	0.16061	0.16061	0.16061	0.16061	0.16061	0.16061	0.16061
10000	10000	0.027164	0.035165	1	0.49738	0.85525	0.81711	0.76788	3.7336	13.967	0.81711	0.76788	3.7336	13.967	0.81711	0.76788	3.7336	13.967	0.81711	0.76788	3.7336	13.967	0	0.55865	0.525	2.5526	9.5491	0.55865	0.525	2.5526	9.5491	0.55865	0.525	2.5526	9.5491	0.55865	0.525	2.5526	9.5491	0	0.18544	0.18544	0.18544	0.18544	0.18544	0.18544	0.18544	0.18544	0.18544	0.18544	0.18544	0.18544	0.18544	0.18544	0.18544	0.18544	0.18544
10000	10000	0.016463	0.01	1	0.5	0.8	0.8	0.3	3.5	15	0.8	0.3	3.5	15	0.8	0.3	3.5	15	0.8	0.3	3.5	15	0	0.42788	0.16046	1.872	8.0228	0.42788	0.16046	1.872	8.0228	0.42788	0.16046	1.872	8.0228	0.42788	0.16046	1.872	8.0228	0	0.028178	0.028178	0.028178	0.028178	0.028178	0.028178	0.028178	0.028178	0.028178	0.028178	0.028178	0.028178	0.028178	0.028178	0.028178	0.028178	0.028178
10000	10000	0.001	0.015	1	0.38188	0.63217	0.92862	0.9617	3.3333	20	0.92862	0.9617	3.3333	20	0.92862	0.9617	3.3333	20	0.92862	0.9617	3.3333	20	0	0.46431	0.48085	1.6667	9.9998	0.46431	0.48085	1.6667	9.9998	0.46431	0.48085	1.6667	9.9998	0.46431	0.48085	1.6667	9.9998	0	0.14054	0.14054	0.14054	0.14054	0.14054	0.14054	0.14054	0.14054	0.14054	0.14054	0.14054	0.14054	0.14054	0.14054	0.14054	0.14054	0.14054
10000	10000	0.012941	0.019707	1	0.42648	0.40902	0.73811	0.43793	2.4752	20.07	0.73811	0.43793	2.4752	20.07	0.73811	0.43793	2.4752	20.07	0.73811	0.43793	2.4752	20.07	0	0.37267	0.22111	1.2497	10.133	0.37267	0.22111	1.2497	10.133	0.37267	0.22111	1.2497	10.133	0.37267	0.22111	1.2497	10.133	0	0	0	0	0	0	0	0	0	0	0	0	0	0	0	0	0	0
10000	10000	0.042786	0.040193	1	0.50241	0.77481	0.76136	1.2399	3.4928	15.026	0.76136	1.2399	3.4928	15.026	0.76136	1.2399	3.4928	15.026	0.76136	1.2399	3.4928	15.026	0	0.38086	0.62027	1.7472	7.5165	0.38086	0.62027	1.7472	7.5165	0.38086	0.62027	1.7472	7.5165	0.38086	0.62027	1.7472	7.5165	0	0	0	0	0	0	0	0	0	0	0	0	0	0	0	0	0	0
10000	10000	0.021173	0.02	1	0.63148	0.4	1.1171	1.2288	4.6667	15	1.1171	1.2288	4.6667	15	1.1171	1.2288	4.6667	15	1.1171	1.2288	4.6667	15	0	0.55853	0.61441	2.3333	7.5	0.55853	0.61441	2.3333	7.5	0.55853	0.61441	2.3333	7.5	0.55853	0.61441	2.3333	7.5	0	0.2	0.2	0.2	0.2	0.2	0.2	0.2	0.2	0.2	0.2	0.2	0.2	0.2	0.2	0.2	0.2	0.2
10000	10000	0.0089983	0.023324	1	1.2059	0.88855	1.067	1.3643	3.703	17.04	1.067	1.3643	3.703	17.04	1.067	1.3643	3.703	17.04	1.067	1.3643	3.703	17.04	0	0.55738	0.71269	1.9344	8.9016	0.55738	0.71269	1.9344	8.9016	0.55738	0.71269	1.9344	8.9016	0.55738	0.71269	1.9344	8.9016	0	0.14283	0.14283	0.14283	0.14283	0.14283	0.14283	0.14283	0.14283	0.14283	0.14283	0.14283	0.14283	0.14283	0.14283	0.14283	0.14283	0.14283
10000	10000	0.005	0.04	1	0.5	0.8	1	0.3	2.5	15	1	0.3	2.5	15	1	0.3	2.5	15	1	0.3	2.5	15	0	0.25	0.075	0.625	3.75	0.25	0.075	0.625	3.75	0.25	0.075	0.625	3.75	0.25	0.075	0.625	3.75	0	0.38083	0.38083	0.38083	0.38083	0.38083	0.38083	0.38083	0.38083	0.38083	0.38083	0.38083	0.38083	0.38083	0.38083	0.38083	0.38083	0.38083
10000	10000	0.011878	0.029588	1	0	0.40253	0.86231	0.2552	2.4934	14.97	0.86231	0.2552	2.4934	14.97	0.86231	0.2552	2.4934	14.97	0.86231	0.2552	2.4934	14.97	0	0.29173	0.086337	0.84355	5.0646	0.29173	0.086337	0.84355	5.0646	0.29173	0.086337	0.84355	5.0646	0.29173	0.086337	0.84355	5.0646	0	0.19832	0.19832	0.19832	0.19832	0.19832	0.19832	0.19832	0.19832	0.19832	0.19832	0.19832	0.19832	0.19832	0.19832	0.19832	0.19832	0.19832
10000	10000	0.001	0.049315	1	1.0073	0.40115	1.2726	0.52487	3.4579	13.803	1.2726	0.52487	3.4579	13.803	1.2726	0.52487	3.4579	13.803	1.2726	0.52487	3.4579	13.803	0	0.31814	0.13122	0.86448	3.4508	0.31814	0.13122	0.86448	3.4508	0.31814	0.13122	0.86448	3.4508	0.31814	0.13122	0.86448	3.4508	0	0.33682	0.33682	0.33682	0.33682	0.33682	0.33682	0.33682	0.33682	0.33682	0.33682	0.33682	0.33682	0.33682	0.33682	0.33682	0.33682	0.33682
10000	10000	0.006219	0.13115	1	3.8276	0.47451	0.95599	1.0913	2.7767	39.082	0.95599	1.0913	2.7767	39.082	0.95599	1.0913	2.7767	39.082	0.95599	1.0913	2.7767	39.082	0	0.33359	0.38079	0.96891	13.638	0.33359	0.38079	0.96891	13.638	0.33359	0.38079	0.96891	13.638	0.33359	0.38079	0.96891	13.638	0	0.31638	0.31638	0.31638	0.31638	0.31638	0.31638	0.31638	0.31638	0.31638	0.31638	0.31638	0.31638	0.31638	0.31638	0.31638	0.31638	0.31638
10000	10000	0.99999	0.02	1	0.5	0.44626	0.85259	0.4	2.5	7.8958	0.85259	0.4	2.5	7.8958	0.85259	0.4	2.5	7.8958	0.85259	0.4	2.5	7.8958	0	0.21315	0.1	0.625	1.974	0.21315	0.1	0.625	1.974	0.21315	0.1	0.625	1.974	0.21315	0.1	0.625	1.974	0	0.2	0.2	0.2	0.2	0.2	0.2	0.2	0.2	0.2	0.2	0.2	0.2	0.2	0.2	0.2	0.2	0.2
10000	10000	0.0068176	0.020237	1	0.49112	0.15839	0.33092	0.39231	2.4793	15.095	0.33092	0.39231	2.4793	15.095	0.33092	0.39231	2.4793	15.095	0.33092	0.39231	2.4793	15.095	0	0.19416	0.23017	1.4546	8.8561	0.19416	0.23017	1.4546	8.8561	0.19416	0.23017	1.4546	8.8561	0.19416	0.23017	1.4546	8.8561	0	0.20404	0.20404	0.20404	0.20404	0.20404	0.20404	0.20404	0.20404	0.20404	0.20404	0.20404	0.20404	0.20404	0.20404	0.20404	0.20404	0.20404
10000	10000	0.001	0.03	1	1.2642	0.33781	0.20027	0.16385	2.086	15	0.20027	0.16385	2.086	15	0.20027	0.16385	2.086	15	0.20027	0.16385	2.086	15	0	0.107	0.087541	1.1145	8.0139	0.107	0.087541	1.1145	8.0139	0.107	0.087541	1.1145	8.0139	0.107	0.087541	1.1145	8.0139	0	0.34679	0.34679	0.34679	0.34679	0.34679	0.34679	0.34679	0.34679	0.34679	0.34679	0.34679	0.34679	0.34679	0.34679	0.34679	0.34679	0.34679
10000	10000	0.001	0.015	1	0.5	0.4	-0.38669	0.3	2.5	10	-0.38669	0.3	2.5	10	-0.38669	0.3	2.5	10	-0.38669	0.3	2.5	10	0	-0.17586	0.13644	1.137	4.5479	-0.17586	0.13644	1.137	4.5479	-0.17586	0.13644	1.137	4.5479	-0.17586	0.13644	1.137	4.5479	0	0.28922	0.28922	0.28922	0.28922	0.28922	0.28922	0.28922	0.28922	0.28922	0.28922	0.28922	0.28922	0.28922	0.28922	0.28922	0.28922	0.28922
10000	10000	0.001	0.01	1	1.7537	0.42499	0.46453	0.29976	2.4986	15.003	0.46453	0.29976	2.4986	15.003	0.46453	0.29976	2.4986	15.003	0.46453	0.29976	2.4986	15.003	0	0.11613	0.074941	0.62464	3.7508	0.11613	0.074941	0.62464	3.7508	0.11613	0.074941	0.62464	3.7508	0.11613	0.074941	0.62464	3.7508	0	0.26337	0.26337	0.26337	0.26337	0.26337	0.26337	0.26337	0.26337	0.26337	0.26337	0.26337	0.26337	0.26337	0.26337	0.26337	0.26337	0.26337
10000	10000	0.010387	0.021466	1	0.49643	0.26843	0.8666	1.3841	2.7221	14.999	0.8666	1.3841	2.7221	14.999	0.8666	1.3841	2.7221	14.999	0.8666	1.3841	2.7221	14.999	0	0.21665	0.34602	0.68052	3.7499	0.21665	0.34602	0.68052	3.7499	0.21665	0.34602	0.68052	3.7499	0.21665	0.34602	0.68052	3.7499	0	0.2026	0.2026	0.2026	0.2026	0.2026	0.2026	0.2026	0.2026	0.2026	0.2026	0.2026	0.2026	0.2026	0.2026	0.2026	0.2026	0.2026
10000	10000	0.036279	0.021946	1	0	0.26125	0.85421	0.40833	3.2083	13.667	0.85421	0.40833	3.2083	13.667	0.85421	0.40833	3.2083	13.667	0.85421	0.40833	3.2083	13.667	0	0.21355	0.10208	0.80209	3.4167	0.21355	0.10208	0.80209	3.4167	0.21355	0.10208	0.80209	3.4167	0.21355	0.10208	0.80209	3.4167	0	0.23247	0.23247	0.23247	0.23247	0.23247	0.23247	0.23247	0.23247	0.23247	0.23247	0.23247	0.23247	0.23247	0.23247	0.23247	0.23247	0.23247
10000	10000	0.005	0.030707	1	1.2111e-05	0.28896	0.89399	0.3	1.5895	14.267	0.89399	0.3	1.5895	14.267	0.89399	0.3	1.5895	14.267	0.89399	0.3	1.5895	14.267	0	0.588	0.19732	1.0455	9.3834	0.588	0.19732	1.0455	9.3834	0.588	0.19732	1.0455	9.3834	0.588	0.19732	1.0455	9.3834	0	0.30955	0.30955	0.30955	0.30955	0.30955	0.30955	0.30955	0.30955	0.30955	0.30955	0.30955	0.30955	0.30955	0.30955	0.30955	0.30955	0.30955
10000	10000	0.023333	0.046944	1	0.48181	0.4	1	0.86667	2.5	15	1	0.86667	2.5	15	1	0.86667	2.5	15	1	0.86667	2.5	15	0	0.43653	0.37832	1.0913	6.5479	0.43653	0.37832	1.0913	6.5479	0.43653	0.37832	1.0913	6.5479	0.43653	0.37832	1.0913	6.5479	0	0.37012	0.37012	0.37012	0.37012	0.37012	0.37012	0.37012	0.37012	0.37012	0.37012	0.37012	0.37012	0.37012	0.37012	0.37012	0.37012	0.37012
10000	10000	0.12	0.02072	1	0.5	0.4	0.86304	0.3	2.5	-53.907	0.86304	0.3	2.5	-53.907	0.86304	0.3	2.5	-53.907	0.86304	0.3	2.5	-53.907	0	0.43152	0.15	1.25	-26.953	0.43152	0.15	1.25	-26.953	0.43152	0.15	1.25	-26.953	0.43152	0.15	1.25	-26.953	0	0.18057	0.18057	0.18057	0.18057	0.18057	0.18057	0.18057	0.18057	0.18057	0.18057	0.18057	0.18057	0.18057	0.18057	0.18057	0.18057	0.18057
10000	10000	0.01	0.02	1	2.2632	0.25785	1	0.5	2.5	4.7891	1	0.5	2.5	4.7891	1	0.5	2.5	4.7891	1	0.5	2.5	4.7891	0	0.51344	0.25672	1.2836	2.4589	0.51344	0.25672	1.2836	2.4589	0.51344	0.25672	1.2836	2.4589	0.51344	0.25672	1.2836	2.4589	0	0.27512	0.27512	0.27512	0.27512	0.27512	0.27512	0.27512	0.27512	0.27512	0.27512	0.27512	0.27512	0.27512	0.27512	0.27512	0.27512	0.27512
10000	10000	0.020088	0.01	1	0.49555	0.60327	0.99406	0.69288	3.764	19.953	0.99406	0.69288	3.764	19.953	0.99406	0.69288	3.764	19.953	0.99406	0.69288	3.764	19.953	0	0.48601	0.33876	1.8403	9.7551	0.48601	0.33876	1.8403	9.7551	0.48601	0.33876	1.8403	9.7551	0.48601	0.33876	1.8403	9.7551	0	0.26805	0.26805	0.26805	0.26805	0.26805	0.26805	0.26805	0.26805	0.26805	0.26805	0.26805	0.26805	0.26805	0.26805	0.26805	0.26805	0.26805
10000	10000	0.025744	0.01	1	0.98148	0.8	1	0.3	5	40	1	0.3	5	40	1	0.3	5	40	1	0.3	5	40	0	0.33333	0.1	1.6667	13.333	0.33333	0.1	1.6667	13.333	0.33333	0.1	1.6667	13.333	0.33333	0.1	1.6667	13.333	0	0.2955	0.2955	0.2955	0.2955	0.2955	0.2955	0.2955	0.2955	0.2955	0.2955	0.2955	0.2955	0.2955	0.2955	0.2955	0.2955	0.2955
10000	10000	0.10031	0.01	1	0.47725	0.47097	0.78495	0.66477	2.4456	16.68	0.78495	0.66477	2.4456	16.68	0.78495	0.66477	2.4456	16.68	0.78495	0.66477	2.4456	16.68	0	0.40682	0.34454	1.2675	8.6447	0.40682	0.34454	1.2675	8.6447	0.40682	0.34454	1.2675	8.6447	0.40682	0.34454	1.2675	8.6447	0	0.26089	0.26089	0.26089	0.26089	0.26089	0.26089	0.26089	0.26089	0.26089	0.26089	0.26089	0.26089	0.26089	0.26089	0.26089	0.26089	0.26089
10000	10000	0.0095092	0.010836	1	0.49969	0.76977	1.0006	0.43352	4.443	19.995	1.0006	0.43352	4.443	19.995	1.0006	0.43352	4.443	19.995	1.0006	0.43352	4.443	19.995	0	0.4113	0.1782	1.8263	8.219	0.4113	0.1782	1.8263	8.219	0.4113	0.1782	1.8263	8.219	0.4113	0.1782	1.8263	8.219	0	0.28665	0.28665	0.28665	0.28665	0.28665	0.28665	0.28665	0.28665	0.28665	0.28665	0.28665	0.28665	0.28665	0.28665	0.28665	0.28665	0.28665
10000	10000	0.0083749	0.011635	1	0	0.75225	0.39294	0.27777	2.7778	15	0.39294	0.27777	2.7778	15	0.39294	0.27777	2.7778	15	0.39294	0.27777	2.7778	15	0	0.34092	0.24099	2.41	13.014	0.34092	0.24099	2.41	13.014	0.34092	0.24099	2.41	13.014	0.34092	0.24099	2.41	13.014	0	0.3	0.3	0.3	0.3	0.3	0.3	0.3	0.3	0.3	0.3	0.3	0.3	0.3	0.3	0.3	0.3	0.3
10000	10000	0.019977	0.01	1	10	0.80252	1.0028	0.60145	3.5451	15.004	1.0028	0.60145	3.5451	15.004	1.0028	0.60145	3.5451	15.004	1.0028	0.60145	3.5451	15.004	0	0.50106	0.30053	1.7714	7.4972	0.50106	0.30053	1.7714	7.4972	0.50106	0.30053	1.7714	7.4972	0.50106	0.30053	1.7714	7.4972	0	0.30167	0.30167	0.30167	0.30167	0.30167	0.30167	0.30167	0.30167	0.30167	0.30167	0.30167	0.30167	0.30167	0.30167	0.30167	0.30167	0.30167
10000	10000	0.028007	0.030387	1	0.91918	0.54361	0.93712	0.41228	2.9986	12.721	0.93712	0.41228	2.9986	12.721	0.93712	0.41228	2.9986	12.721	0.93712	0.41228	2.9986	12.721	0	0.49491	0.21773	1.5836	6.7182	0.49491	0.21773	1.5836	6.7182	0.49491	0.21773	1.5836	6.7182	0.49491	0.21773	1.5836	6.7182	0	0.15	0.15	0.15	0.15	0.15	0.15	0.15	0.15	0.15	0.15	0.15	0.15	0.15	0.15	0.15	0.15	0.15
10000	10000	0.001	0.023935	1	0.64352	0.825	1.3056	0.28194	3.7149	33.579	1.3056	0.28194	3.7149	33.579	1.3056	0.28194	3.7149	33.579	1.3056	0.28194	3.7149	33.579	0	1.309	0.2827	3.7248	33.668	1.309	0.2827	3.7248	33.668	1.309	0.2827	3.7248	33.668	1.309	0.2827	3.7248	33.668	0	0.61805	0.61805	0.61805	0.61805	0.61805	0.61805	0.61805	0.61805	0.61805	0.61805	0.61805	0.61805	0.61805	0.61805	0.61805	0.61805	0.61805
10000	10000	0.32993	0.016667	1	1.279e-07	0.59446	0.80187	0.40713	3.4903	13.329	0.80187	0.40713	3.4903	13.329	0.80187	0.40713	3.4903	13.329	0.80187	0.40713	3.4903	13.329	0	0.37931	0.19259	1.651	6.3049	0.37931	0.19259	1.651	6.3049	0.37931	0.19259	1.651	6.3049	0.37931	0.19259	1.651	6.3049	0	0.20016	0.20016	0.20016	0.20016	0.20016	0.20016	0.20016	0.20016	0.20016	0.20016	0.20016	0.20016	0.20016	0.20016	0.20016	0.20016	0.20016
10000	10000	0.02	0.016164	1	6.0555e-06	0.8	1	0.3	3.5	15	1	0.3	3.5	15	1	0.3	3.5	15	1	0.3	3.5	15	0	0.6126	0.18378	2.1441	9.189	0.6126	0.18378	2.1441	9.189	0.6126	0.18378	2.1441	9.189	0.6126	0.18378	2.1441	9.189	0	0.44716	0.44716	0.44716	0.44716	0.44716	0.44716	0.44716	0.44716	0.44716	0.44716	0.44716	0.44716	0.44716	0.44716	0.44716	0.44716	0.44716
10000	10000	0.017521	0.021818	1	0.33345	0.44432	0.80015	0.71967	3.333	12.777	0.80015	0.71967	3.333	12.777	0.80015	0.71967	3.333	12.777	0.80015	0.71967	3.333	12.777	0	0.4622	0.41571	1.9253	7.3804	0.4622	0.41571	1.9253	7.3804	0.4622	0.41571	1.9253	7.3804	0.4622	0.41571	1.9253	7.3804	0	0.25904	0.25904	0.25904	0.25904	0.25904	0.25904	0.25904	0.25904	0.25904	0.25904	0.25904	0.25904	0.25904	0.25904	0.25904	0.25904	0.25904
10000	10000	0.023333	0.01	1	0.5	0.4	0.8	0.4	3.3333	15	0.8	0.4	3.3333	15	0.8	0.4	3.3333	15	0.8	0.4	3.3333	15	0	0.36667	0.18333	1.5278	6.875	0.36667	0.18333	1.5278	6.875	0.36667	0.18333	1.5278	6.875	0.36667	0.18333	1.5278	6.875	0	0.3	0.3	0.3	0.3	0.3	0.3	0.3	0.3	0.3	0.3	0.3	0.3	0.3	0.3	0.3	0.3	0.3
10000	10000	0.024445	0.030551	1	0.91652	0.45822	0.72124	0.15842	2.3544	17.54	0.72124	0.15842	2.3544	17.54	0.72124	0.15842	2.3544	17.54	0.72124	0.15842	2.3544	17.54	0	0.39063	0.085803	1.2752	9.4999	0.39063	0.085803	1.2752	9.4999	0.39063	0.085803	1.2752	9.4999	0.39063	0.085803	1.2752	9.4999	0	0.24992	0.24992	0.24992	0.24992	0.24992	0.24992	0.24992	0.24992	0.24992	0.24992	0.24992	0.24992	0.24992	0.24992	0.24992	0.24992	0.24992
10000	10000	1	0.01	1	0.59375	0.50522	0.73833	0.38125	5.2188	16	0.73833	0.38125	5.2188	16	0.73833	0.38125	5.2188	16	0.73833	0.38125	5.2188	16	0	0.32302	0.1668	2.2832	7	0.32302	0.1668	2.2832	7	0.32302	0.1668	2.2832	7	0.32302	0.1668	2.2832	7	0	0.31288	0.31288	0.31288	0.31288	0.31288	0.31288	0.31288	0.31288	0.31288	0.31288	0.31288	0.31288	0.31288	0.31288	0.31288	0.31288	0.31288
10000	10000	0.020942	0.026667	1	0.4375	0.34167	1.1973	0.35417	3.4792	10.727	1.1973	0.35417	3.4792	10.727	1.1973	0.35417	3.4792	10.727	1.1973	0.35417	3.4792	10.727	0	0.59928	0.17727	1.7414	5.3693	0.59928	0.17727	1.7414	5.3693	0.59928	0.17727	1.7414	5.3693	0.59928	0.17727	1.7414	5.3693	0	0.32903	0.32903	0.32903	0.32903	0.32903	0.32903	0.32903	0.32903	0.32903	0.32903	0.32903	0.32903	0.32903	0.32903	0.32903	0.32903	0.32903
10000	10000	0.1008	0.023333	1	0.5	1	1	0.3	2.8638	15	1	0.3	2.8638	15	1	0.3	2.8638	15	1	0.3	2.8638	15	0	1	0.3	2.8638	15	1	0.3	2.8638	15	1	0.3	2.8638	15	1	0.3	2.8638	15	0	0.38537	0.38537	0.38537	0.38537	0.38537	0.38537	0.38537	0.38537	0.38537	0.38537	0.38537	0.38537	0.38537	0.38537	0.38537	0.38537	0.38537
10000	10000	0.99999	0.03	1	0.66667	0.75709	1	0.3	5	6.8823	1	0.3	5	6.8823	1	0.3	5	6.8823	1	0.3	5	6.8823	0	0.5	0.15	2.5	3.4411	0.5	0.15	2.5	3.4411	0.5	0.15	2.5	3.4411	0.5	0.15	2.5	3.4411	0	0.19286	0.19286	0.19286	0.19286	0.19286	0.19286	0.19286	0.19286	0.19286	0.19286	0.19286	0.19286	0.19286	0.19286	0.19286	0.19286	0.19286
10000	10000	0.31216	0.031918	1	0.96577	0.96964	1.2071	0.43462	4.6375	16.657	1.2071	0.43462	4.6375	16.657	1.2071	0.43462	4.6375	16.657	1.2071	0.43462	4.6375	16.657	0	0.99495	0.35823	3.8224	13.729	0.99495	0.35823	3.8224	13.729	0.99495	0.35823	3.8224	13.729	0.99495	0.35823	3.8224	13.729	0	0.50539	0.50539	0.50539	0.50539	0.50539	0.50539	0.50539	0.50539	0.50539	0.50539	0.50539	0.50539	0.50539	0.50539	0.50539	0.50539	0.50539
10000	10000	0.72707	0.032098	1	0.87963	0.75066	1	0.3	5	15	1	0.3	5	15	1	0.3	5	15	1	0.3	5	15	0	0.65823	0.19747	3.2912	9.8735	0.65823	0.19747	3.2912	9.8735	0.65823	0.19747	3.2912	9.8735	0.65823	0.19747	3.2912	9.8735	0	0.3	0.3	0.3	0.3	0.3	0.3	0.3	0.3	0.3	0.3	0.3	0.3	0.3	0.3	0.3	0.3	0.3
10000	10000	0.015759	0.019973	1	3.4184	0.8012	0.99849	0.30047	4.6626	15.011	0.99849	0.30047	4.6626	15.011	0.99849	0.30047	4.6626	15.011	0.99849	0.30047	4.6626	15.011	0	0.52772	0.15881	2.4643	7.9334	0.52772	0.15881	2.4643	7.9334	0.52772	0.15881	2.4643	7.9334	0.52772	0.15881	2.4643	7.9334	0	0.19403	0.19403	0.19403	0.19403	0.19403	0.19403	0.19403	0.19403	0.19403	0.19403	0.19403	0.19403	0.19403	0.19403	0.19403	0.19403	0.19403
10000	10000	0.0054778	0.02	1	0.5	0.8	0.83867	0.3	2.5	15	0.83867	0.3	2.5	15	0.83867	0.3	2.5	15	0.83867	0.3	2.5	15	0	0.66572	0.23813	1.9844	11.907	0.66572	0.23813	1.9844	11.907	0.66572	0.23813	1.9844	11.907	0.66572	0.23813	1.9844	11.907	0	0.34435	0.34435	0.34435	0.34435	0.34435	0.34435	0.34435	0.34435	0.34435	0.34435	0.34435	0.34435	0.34435	0.34435	0.34435	0.34435	0.34435
10000	10000	0.017118	0.024866	1	0.39007	0.7716	0.88889	0.4	5	15	0.88889	0.4	5	15	0.88889	0.4	5	15	0.88889	0.4	5	15	0	0.55555	0.25	3.125	9.375	0.55555	0.25	3.125	9.375	0.55555	0.25	3.125	9.375	0.55555	0.25	3.125	9.375	0	0.29774	0.29774	0.29774	0.29774	0.29774	0.29774	0.29774	0.29774	0.29774	0.29774	0.29774	0.29774	0.29774	0.29774	0.29774	0.29774	0.29774
10000	10000	0.02	0.02	1	0.5	0.8196	1	0.10397	3.6181	15	1	0.10397	3.6181	15	1	0.10397	3.6181	15	1	0.10397	3.6181	15	0	0.79023	0.082165	2.8591	11.854	0.79023	0.082165	2.8591	11.854	0.79023	0.082165	2.8591	11.854	0.79023	0.082165	2.8591	11.854	0	0.3	0.3	0.3	0.3	0.3	0.3	0.3	0.3	0.3	0.3	0.3	0.3	0.3	0.3	0.3	0.3	0.3
10000	10000	0.14935	0.02	1	0	0.53333	1.2255	-0.31841	5	87.913	1.2255	-0.31841	5	87.913	1.2255	-0.31841	5	87.913	1.2255	-0.31841	5	87.913	0	0.61274	-0.15921	2.5	43.956	0.61274	-0.15921	2.5	43.956	0.61274	-0.15921	2.5	43.956	0.61274	-0.15921	2.5	43.956	0	0.3	0.3	0.3	0.3	0.3	0.3	0.3	0.3	0.3	0.3	0.3	0.3	0.3	0.3	0.3	0.3	0.3
10000	10000	0.005	0.016667	1	0.39528	0.8	0.99999	0.25047	5	20	0.99999	0.25047	5	20	0.99999	0.25047	5	20	0.99999	0.25047	5	20	0	0.87499	0.21916	4.375	17.5	0.87499	0.21916	4.375	17.5	0.87499	0.21916	4.375	17.5	0.87499	0.21916	4.375	17.5	0	0.3	0.3	0.3	0.3	0.3	0.3	0.3	0.3	0.3	0.3	0.3	0.3	0.3	0.3	0.3	0.3	0.3
10000	10000	0.019787	0.016499	1	0.5	0.72753	1	0.2633	2.5	10	1	0.2633	2.5	10	1	0.2633	2.5	10	1	0.2633	2.5	10	0	1	0.2633	2.5	10	1	0.2633	2.5	10	1	0.2633	2.5	10	1	0.2633	2.5	10	0	0.31008	0.31008	0.31008	0.31008	0.31008	0.31008	0.31008	0.31008	0.31008	0.31008	0.31008	0.31008	0.31008	0.31008	0.31008	0.31008	0.31008
10000	10000	0.023071	0.016663	1	0.76937	0.69649	0.80321	0.29478	2.793	39.863	0.80321	0.29478	2.793	39.863	0.80321	0.29478	2.793	39.863	0.80321	0.29478	2.793	39.863	0	0.7674	0.28164	2.6684	38.086	0.7674	0.28164	2.6684	38.086	0.7674	0.28164	2.6684	38.086	0.7674	0.28164	2.6684	38.086	0	0.21645	0.21645	0.21645	0.21645	0.21645	0.21645	0.21645	0.21645	0.21645	0.21645	0.21645	0.21645	0.21645	0.21645	0.21645	0.21645	0.21645
10000	10000	0.0090611	0.032086	1	0.96088	1.0197	1.0522	-1.0473	2.5913	9.7131	1.0522	-1.0473	2.5913	9.7131	1.0522	-1.0473	2.5913	9.7131	1.0522	-1.0473	2.5913	9.7131	0	0.87262	-0.86862	2.1491	8.0557	0.87262	-0.86862	2.1491	8.0557	0.87262	-0.86862	2.1491	8.0557	0.87262	-0.86862	2.1491	8.0557	0	0.30179	0.30179	0.30179	0.30179	0.30179	0.30179	0.30179	0.30179	0.30179	0.30179	0.30179	0.30179	0.30179	0.30179	0.30179	0.30179	0.30179
10000	10000	0.06	0.02	1	0.5	0.8	1	0.3	2.5	30	1	0.3	2.5	30	1	0.3	2.5	30	1	0.3	2.5	30	0	1	0.3	2.5	30	1	0.3	2.5	30	1	0.3	2.5	30	1	0.3	2.5	30	0	0.2	0.2	0.2	0.2	0.2	0.2	0.2	0.2	0.2	0.2	0.2	0.2	0.2	0.2	0.2	0.2	0.2
10000	10000	0.013667	0.03	1	1	0.93333	1	0.3	2.8333	12.528	1	0.3	2.8333	12.528	1	0.3	2.8333	12.528	1	0.3	2.8333	12.528	0	0.98107	0.29432	2.7797	12.291	0.98107	0.29432	2.7797	12.291	0.98107	0.29432	2.7797	12.291	0.98107	0.29432	2.7797	12.291	0	0.31099	0.31099	0.31099	0.31099	0.31099	0.31099	0.31099	0.31099	0.31099	0.31099	0.31099	0.31099	0.31099	0.31099	0.31099	0.31099	0.31099
10000	10000	0.0046705	0.01	1	0.99999	0.85974	1	0.3	2.5	16.667	1	0.3	2.5	16.667	1	0.3	2.5	16.667	1	0.3	2.5	16.667	0	0.5	0.15	1.25	8.3333	0.5	0.15	1.25	8.3333	0.5	0.15	1.25	8.3333	0.5	0.15	1.25	8.3333	0	0.21459	0.21459	0.21459	0.21459	0.21459	0.21459	0.21459	0.21459	0.21459	0.21459	0.21459	0.21459	0.21459	0.21459	0.21459	0.21459	0.21459
10000	10000	0.01558	0.01	1	0.66608	0.77609	1.0735	0.49948	3.446	17.784	1.0735	0.49948	3.446	17.784	1.0735	0.49948	3.446	17.784	1.0735	0.49948	3.446	17.784	0	0.51468	0.23946	1.6521	8.5264	0.51468	0.23946	1.6521	8.5264	0.51468	0.23946	1.6521	8.5264	0.51468	0.23946	1.6521	8.5264	0	0.199	0.199	0.199	0.199	0.199	0.199	0.199	0.199	0.199	0.199	0.199	0.199	0.199	0.199	0.199	0.199	0.199
10000	10000	0.005	0.01	1	0.99022	0.89191	1.0458	0.3	4.4444	15	1.0458	0.3	4.4444	15	1.0458	0.3	4.4444	15	1.0458	0.3	4.4444	15	0	0.43616	0.12512	1.8536	6.2558	0.43616	0.12512	1.8536	6.2558	0.43616	0.12512	1.8536	6.2558	0.43616	0.12512	1.8536	6.2558	0	0.3	0.3	0.3	0.3	0.3	0.3	0.3	0.3	0.3	0.3	0.3	0.3	0.3	0.3	0.3	0.3	0.3
10000	10000	0.0070196	0.031231	1	0.80997	0.69363	1.0321	0.32202	3.7659	15.318	1.0321	0.32202	3.7659	15.318	1.0321	0.32202	3.7659	15.318	1.0321	0.32202	3.7659	15.318	0	0.43641	0.13617	1.5924	6.4771	0.43641	0.13617	1.5924	6.4771	0.43641	0.13617	1.5924	6.4771	0.43641	0.13617	1.5924	6.4771	0	0.30947	0.30947	0.30947	0.30947	0.30947	0.30947	0.30947	0.30947	0.30947	0.30947	0.30947	0.30947	0.30947	0.30947	0.30947	0.30947	0.30947
10000	10000	0.005	0.01	1	10	0.8	1.3333	0.3	3.6622	15	1.3333	0.3	3.6622	15	1.3333	0.3	3.6622	15	1.3333	0.3	3.6622	15	0	0.33333	0.075	0.91556	3.75	0.33333	0.075	0.91556	3.75	0.33333	0.075	0.91556	3.75	0.33333	0.075	0.91556	3.75	0	0.16505	0.16505	0.16505	0.16505	0.16505	0.16505	0.16505	0.16505	0.16505	0.16505	0.16505	0.16505	0.16505	0.16505	0.16505	0.16505	0.16505
10000	10000	0.51408	0.01	1	0.65705	0.33622	1.4583	0.89868	5.2188	29.386	1.4583	0.89868	5.2188	29.386	1.4583	0.89868	5.2188	29.386	1.4583	0.89868	5.2188	29.386	0	0.56309	0.347	2.0151	11.346	0.56309	0.347	2.0151	11.346	0.56309	0.347	2.0151	11.346	0.56309	0.347	2.0151	11.346	0	0.17143	0.17143	0.17143	0.17143	0.17143	0.17143	0.17143	0.17143	0.17143	0.17143	0.17143	0.17143	0.17143	0.17143	0.17143	0.17143	0.17143
10000	10000	0.0025282	0.020012	1	0.49863	0.4142	0.99818	0.49956	3.5041	19.994	0.99818	0.49956	3.5041	19.994	0.99818	0.49956	3.5041	19.994	0.99818	0.49956	3.5041	19.994	0	0.48609	0.24327	1.7064	9.7363	0.48609	0.24327	1.7064	9.7363	0.48609	0.24327	1.7064	9.7363	0.48609	0.24327	1.7064	9.7363	0	0.19081	0.19081	0.19081	0.19081	0.19081	0.19081	0.19081	0.19081	0.19081	0.19081	0.19081	0.19081	0.19081	0.19081	0.19081	0.19081	0.19081
10000	10000	0.003962	0.016186	1	1	0.41466	1	0.6	2.5	15	1	0.6	2.5	15	1	0.6	2.5	15	1	0.6	2.5	15	0	0.5	0.3	1.25	7.5	0.5	0.3	1.25	7.5	0.5	0.3	1.25	7.5	0.5	0.3	1.25	7.5	0	0.2	0.2	0.2	0.2	0.2	0.2	0.2	0.2	0.2	0.2	0.2	0.2	0.2	0.2	0.2	0.2	0.2
10000	10000	0.0041042	0.021248	1	0.50169	0.72191	1.3627	1.5098	3.512	19.837	1.3627	1.5098	3.512	19.837	1.3627	1.5098	3.512	19.837	1.3627	1.5098	3.512	19.837	0	0.50727	0.56204	1.3074	7.3847	0.50727	0.56204	1.3074	7.3847	0.50727	0.56204	1.3074	7.3847	0.50727	0.56204	1.3074	7.3847	0	0.18729	0.18729	0.18729	0.18729	0.18729	0.18729	0.18729	0.18729	0.18729	0.18729	0.18729	0.18729	0.18729	0.18729	0.18729	0.18729	0.18729
10000	10000	0.001	0.032222	1	0.48096	0.35	1.7179	0.625	3.7714	19	1.7179	0.625	3.7714	19	1.7179	0.625	3.7714	19	1.7179	0.625	3.7714	19	0	0.76167	0.2771	1.6721	8.424	0.76167	0.2771	1.6721	8.424	0.76167	0.2771	1.6721	8.424	0.76167	0.2771	1.6721	8.424	0	0.14885	0.14885	0.14885	0.14885	0.14885	0.14885	0.14885	0.14885	0.14885	0.14885	0.14885	0.14885	0.14885	0.14885	0.14885	0.14885	0.14885
10000	10000	0.0068742	0.021663	1	0.77768	0.30303	1.0284	0.54803	4.9995	20.001	1.0284	0.54803	4.9995	20.001	1.0284	0.54803	4.9995	20.001	1.0284	0.54803	4.9995	20.001	0	0.39987	0.21309	1.944	7.777	0.39987	0.21309	1.944	7.777	0.39987	0.21309	1.944	7.777	0.39987	0.21309	1.944	7.777	0	0.24534	0.24534	0.24534	0.24534	0.24534	0.24534	0.24534	0.24534	0.24534	0.24534	0.24534	0.24534	0.24534	0.24534	0.24534	0.24534	0.24534
10000	10000	0.0059729	0.032389	1	0.42424	0.41071	1.1556	0.36289	2.8371	15.689	1.1556	0.36289	2.8371	15.689	1.1556	0.36289	2.8371	15.689	1.1556	0.36289	2.8371	15.689	0	0.41369	0.1299	1.0156	5.6161	0.41369	0.1299	1.0156	5.6161	0.41369	0.1299	1.0156	5.6161	0.41369	0.1299	1.0156	5.6161	0	0.14978	0.14978	0.14978	0.14978	0.14978	0.14978	0.14978	0.14978	0.14978	0.14978	0.14978	0.14978	0.14978	0.14978	0.14978	0.14978	0.14978
10000	10000	0.23468	0.015	1	0.46935	0.225	0.75	0.1375	2.8958	18	0.75	0.1375	2.8958	18	0.75	0.1375	2.8958	18	0.75	0.1375	2.8958	18	0	0.24744	0.045365	0.9554	5.9386	0.24744	0.045365	0.9554	5.9386	0.24744	0.045365	0.9554	5.9386	0.24744	0.045365	0.9554	5.9386	0	0.1	0.1	0.1	0.1	0.1	0.1	0.1	0.1	0.1	0.1	0.1	0.1	0.1	0.1	0.1	0.1	0.1
10000	10000	0.01046	0.01	1	0.59507	-0.10591	1.3416	0.21761	3.2951	16.014	1.3416	0.21761	3.2951	16.014	1.3416	0.21761	3.2951	16.014	1.3416	0.21761	3.2951	16.014	0	0.60076	0.097448	1.4756	7.1712	0.60076	0.097448	1.4756	7.1712	0.60076	0.097448	1.4756	7.1712	0.60076	0.097448	1.4756	7.1712	0	0.21151	0.21151	0.21151	0.21151	0.21151	0.21151	0.21151	0.21151	0.21151	0.21151	0.21151	0.21151	0.21151	0.21151	0.21151	0.21151	0.21151
10000	10000	0.13523	0.047086	1	0.33469	-0.028814	0.95362	0.69818	3.572	18.256	0.95362	0.69818	3.572	18.256	0.95362	0.69818	3.572	18.256	0.95362	0.69818	3.572	18.256	0	0.38	0.27822	1.4234	7.2749	0.38	0.27822	1.4234	7.2749	0.38	0.27822	1.4234	7.2749	0.38	0.27822	1.4234	7.2749	0	0	0	0	0	0	0	0	0	0	0	0	0	0	0	0	0	0
10000	10000	0.019944	0.013952	1	2.0148e-05	0.8154	1.9021	0.43126	3.0629	17.742	1.9021	0.43126	3.0629	17.742	1.9021	0.43126	3.0629	17.742	1.9021	0.43126	3.0629	17.742	0	0.47552	0.10781	0.76573	4.4355	0.47552	0.10781	0.76573	4.4355	0.47552	0.10781	0.76573	4.4355	0.47552	0.10781	0.76573	4.4355	0	0	0	0	0	0	0	0	0	0	0	0	0	0	0	0	0	0
10000	10000	0.0034444	0.036439	1	3.5846	1.1944	2.2161	0.57673	3.6379	20.092	2.2161	0.57673	3.6379	20.092	2.2161	0.57673	3.6379	20.092	2.2161	0.57673	3.6379	20.092	0	0.55403	0.14418	0.90947	5.0229	0.55403	0.14418	0.90947	5.0229	0.55403	0.14418	0.90947	5.0229	0.55403	0.14418	0.90947	5.0229	0	0.28816	0.28816	0.28816	0.28816	0.28816	0.28816	0.28816	0.28816	0.28816	0.28816	0.28816	0.28816	0.28816	0.28816	0.28816	0.28816	0.28816
10000	10000	0.0053619	0.025153	1	0.69325	0.77226	1.6999	-0.28251	3.7843	17.939	1.6999	-0.28251	3.7843	17.939	1.6999	-0.28251	3.7843	17.939	1.6999	-0.28251	3.7843	17.939	0	0.56702	-0.094237	1.2623	5.9837	0.56702	-0.094237	1.2623	5.9837	0.56702	-0.094237	1.2623	5.9837	0.56702	-0.094237	1.2623	5.9837	0	0.1454	0.1454	0.1454	0.1454	0.1454	0.1454	0.1454	0.1454	0.1454	0.1454	0.1454	0.1454	0.1454	0.1454	0.1454	0.1454	0.1454
10000	10000	0.0062248	0.021579	1	1.4558	0.90119	2.5222	0.38204	5.5359	21.633	2.5222	0.38204	5.5359	21.633	2.5222	0.38204	5.5359	21.633	2.5222	0.38204	5.5359	21.633	0	0.63055	0.09551	1.384	5.4083	0.63055	0.09551	1.384	5.4083	0.63055	0.09551	1.384	5.4083	0.63055	0.09551	1.384	5.4083	0	0.22284	0.22284	0.22284	0.22284	0.22284	0.22284	0.22284	0.22284	0.22284	0.22284	0.22284	0.22284	0.22284	0.22284	0.22284	0.22284	0.22284
10000	10000	0.010026	0.01	1	1.0014	0.79938	2.5746	0.50108	2.4975	29.989	2.5746	0.50108	2.4975	29.989	2.5746	0.50108	2.4975	29.989	2.5746	0.50108	2.4975	29.989	0	0.64366	0.12527	0.62437	7.4971	0.64366	0.12527	0.62437	7.4971	0.64366	0.12527	0.62437	7.4971	0.64366	0.12527	0.62437	7.4971	0	0.19477	0.19477	0.19477	0.19477	0.19477	0.19477	0.19477	0.19477	0.19477	0.19477	0.19477	0.19477	0.19477	0.19477	0.19477	0.19477	0.19477
10000	10000	0.0066759	0.02	1	0.5	0.8	1	0.3	3.5	15	1	0.3	3.5	15	1	0.3	3.5	15	1	0.3	3.5	15	0	0.25	0.075001	0.87501	3.75	0.25	0.075001	0.87501	3.75	0.25	0.075001	0.87501	3.75	0.25	0.075001	0.87501	3.75	0	0	0	0	0	0	0	0	0	0	0	0	0	0	0	0	0	0
10000	10000	1	0.023221	1	0.5	0.64388	1.0489	0.6	3.5	15	1.0489	0.6	3.5	15	1.0489	0.6	3.5	15	1.0489	0.6	3.5	15	0	0.26223	0.15	0.875	3.75	0.26223	0.15	0.875	3.75	0.26223	0.15	0.875	3.75	0.26223	0.15	0.875	3.75	0	0.2	0.2	0.2	0.2	0.2	0.2	0.2	0.2	0.2	0.2	0.2	0.2	0.2	0.2	0.2	0.2	0.2
10000	10000	0.0050488	0.016758	1	9.9999	0.61727	0.99485	0.30196	2.5107	14.951	0.99485	0.30196	2.5107	14.951	0.99485	0.30196	2.5107	14.951	0.99485	0.30196	2.5107	14.951	0	0.24871	0.075491	0.62767	3.7378	0.24871	0.075491	0.62767	3.7378	0.24871	0.075491	0.62767	3.7378	0.24871	0.075491	0.62767	3.7378	0	0	0	0	0	0	0	0	0	0	0	0	0	0	0	0	0	0
10000	10000	0.0080158	0.030204	1	6.0555e-06	0.55268	0.996	0.041667	3.5139	72.958	0.996	0.041667	3.5139	72.958	0.996	0.041667	3.5139	72.958	0.996	0.041667	3.5139	72.958	0	0.36686	0.015347	1.2943	26.873	0.36686	0.015347	1.2943	26.873	0.36686	0.015347	1.2943	26.873	0.36686	0.015347	1.2943	26.873	0	0.055541	0.055541	0.055541	0.055541	0.055541	0.055541	0.055541	0.055541	0.055541	0.055541	0.055541	0.055541	0.055541	0.055541	0.055541	0.055541	0.055541
10000	10000	0.014615	0.01	1	0.46575	0.65979	1.5126	0.27916	4.6997	9.3215	1.5126	0.27916	4.6997	9.3215	1.5126	0.27916	4.6997	9.3215	1.5126	0.27916	4.6997	9.3215	0	0.49629	0.091593	1.542	3.0585	0.49629	0.091593	1.542	3.0585	0.49629	0.091593	1.542	3.0585	0.49629	0.091593	1.542	3.0585	0	0.12125	0.12125	0.12125	0.12125	0.12125	0.12125	0.12125	0.12125	0.12125	0.12125	0.12125	0.12125	0.12125	0.12125	0.12125	0.12125	0.12125
10000	10000	0.0050397	0.01	1	0.99678	0.80568	1.0825	0.25399	4.1452	15.09	1.0825	0.25399	4.1452	15.09	1.0825	0.25399	4.1452	15.09	1.0825	0.25399	4.1452	15.09	0	0.36083	0.084663	1.3817	5.0299	0.36083	0.084663	1.3817	5.0299	0.36083	0.084663	1.3817	5.0299	0.36083	0.084663	1.3817	5.0299	0	0.33913	0.33913	0.33913	0.33913	0.33913	0.33913	0.33913	0.33913	0.33913	0.33913	0.33913	0.33913	0.33913	0.33913	0.33913	0.33913	0.33913
10000	10000	0.0050005	0.029997	1	0.99998	0.80006	0.99994	0.14409	2.5001	9.9996	0.99994	0.14409	2.5001	9.9996	0.99994	0.14409	2.5001	9.9996	0.99994	0.14409	2.5001	9.9996	0	0.49994	0.07204	1.25	4.9995	0.49994	0.07204	1.25	4.9995	0.49994	0.07204	1.25	4.9995	0.49994	0.07204	1.25	4.9995	0	0.30004	0.30004	0.30004	0.30004	0.30004	0.30004	0.30004	0.30004	0.30004	0.30004	0.30004	0.30004	0.30004	0.30004	0.30004	0.30004	0.30004
10000	10000	0.010462	0.019999	1	0.91283	0.77808	1.3333	0.65315	2.5001	29.999	1.3333	0.65315	2.5001	29.999	1.3333	0.65315	2.5001	29.999	1.3333	0.65315	2.5001	29.999	0	0.46119	0.22593	0.86481	10.377	0.46119	0.22593	0.86481	10.377	0.46119	0.22593	0.86481	10.377	0.46119	0.22593	0.86481	10.377	0	0.18618	0.18618	0.18618	0.18618	0.18618	0.18618	0.18618	0.18618	0.18618	0.18618	0.18618	0.18618	0.18618	0.18618	0.18618	0.18618	0.18618
10000	10000	0.16079	0.014001	1	0.65297	0.70003	1.07	0.10502	3.0249	23.15	1.07	0.10502	3.0249	23.15	1.07	0.10502	3.0249	23.15	1.07	0.10502	3.0249	23.15	0	0.37451	0.03676	1.0588	8.1028	0.37451	0.03676	1.0588	8.1028	0.37451	0.03676	1.0588	8.1028	0.37451	0.03676	1.0588	8.1028	0	0.080013	0.080013	0.080013	0.080013	0.080013	0.080013	0.080013	0.080013	0.080013	0.080013	0.080013	0.080013	0.080013	0.080013	0.080013	0.080013	0.080013
10000	10000	0.005	0.023333	1	10	0.72731	1.3333	0.3	3.5	30	1.3333	0.3	3.5	30	1.3333	0.3	3.5	30	1.3333	0.3	3.5	30	0	0.64815	0.14583	1.7014	14.583	0.64815	0.14583	1.7014	14.583	0.64815	0.14583	1.7014	14.583	0.64815	0.14583	1.7014	14.583	0	0.3	0.3	0.3	0.3	0.3	0.3	0.3	0.3	0.3	0.3	0.3	0.3	0.3	0.3	0.3	0.3	0.3
10000	10000	0.71079	0.014002	1	0.61936	0.3857	0.94609	0.72992	3.6832	13.401	0.94609	0.72992	3.6832	13.401	0.94609	0.72992	3.6832	13.401	0.94609	0.72992	3.6832	13.401	0	0.38103	0.29397	1.4833	5.3971	0.38103	0.29397	1.4833	5.3971	0.38103	0.29397	1.4833	5.3971	0.38103	0.29397	1.4833	5.3971	0	0.23102	0.23102	0.23102	0.23102	0.23102	0.23102	0.23102	0.23102	0.23102	0.23102	0.23102	0.23102	0.23102	0.23102	0.23102	0.23102	0.23102
10000	10000	0.06	0.026667	1	0	0.32106	0.88889	1.1111	4.6667	46.569	0.88889	1.1111	4.6667	46.569	0.88889	1.1111	4.6667	46.569	0.88889	1.1111	4.6667	46.569	0	0.44444	0.55556	2.3333	23.284	0.44444	0.55556	2.3333	23.284	0.44444	0.55556	2.3333	23.284	0.44444	0.55556	2.3333	23.284	0	0.31596	0.31596	0.31596	0.31596	0.31596	0.31596	0.31596	0.31596	0.31596	0.31596	0.31596	0.31596	0.31596	0.31596	0.31596	0.31596	0.31596
10000	10000	0.22613	0.021706	1	0.51733	0.3166	0.75017	0.51986	3.4155	15.104	0.75017	0.51986	3.4155	15.104	0.75017	0.51986	3.4155	15.104	0.75017	0.51986	3.4155	15.104	0	0.34676	0.2403	1.5788	6.9817	0.34676	0.2403	1.5788	6.9817	0.34676	0.2403	1.5788	6.9817	0.34676	0.2403	1.5788	6.9817	0	0.21533	0.21533	0.21533	0.21533	0.21533	0.21533	0.21533	0.21533	0.21533	0.21533	0.21533	0.21533	0.21533	0.21533	0.21533	0.21533	0.21533
10000	10000	0.0066281	0.026588	1	0	0.28474	0.99996	0.80535	3.4999	15	0.99996	0.80535	3.4999	15	0.99996	0.80535	3.4999	15	0.99996	0.80535	3.4999	15	0	0.5	0.40269	1.75	7.5005	0.5	0.40269	1.75	7.5005	0.5	0.40269	1.75	7.5005	0.5	0.40269	1.75	7.5005	0	0.25016	0.25016	0.25016	0.25016	0.25016	0.25016	0.25016	0.25016	0.25016	0.25016	0.25016	0.25016	0.25016	0.25016	0.25016	0.25016	0.25016
10000	10000	0.0048822	0.040346	1	0.43936	0.40178	0.64712	0.60172	3.4941	14.979	0.64712	0.60172	3.4941	14.979	0.64712	0.60172	3.4941	14.979	0.64712	0.60172	3.4941	14.979	0	0.24742	0.23006	1.3359	5.727	0.24742	0.23006	1.3359	5.727	0.24742	0.23006	1.3359	5.727	0.24742	0.23006	1.3359	5.727	0	0.19104	0.19104	0.19104	0.19104	0.19104	0.19104	0.19104	0.19104	0.19104	0.19104	0.19104	0.19104	0.19104	0.19104	0.19104	0.19104	0.19104
10000	10000	0.0086594	0.015999	1	0.5	0.4	0.56545	0.43704	2.5	10.664	0.56545	0.43704	2.5	10.664	0.56545	0.43704	2.5	10.664	0.56545	0.43704	2.5	10.664	0	0.32984	0.25494	1.4583	6.2207	0.32984	0.25494	1.4583	6.2207	0.32984	0.25494	1.4583	6.2207	0.32984	0.25494	1.4583	6.2207	0	0.2	0.2	0.2	0.2	0.2	0.2	0.2	0.2	0.2	0.2	0.2	0.2	0.2	0.2	0.2	0.2	0.2
10000	10000	0.24	0.02	1	0.5	0.8	1	0.6	2.5	20	1	0.6	2.5	20	1	0.6	2.5	20	1	0.6	2.5	20	0	0.5	0.3	1.25	10	0.5	0.3	1.25	10	0.5	0.3	1.25	10	0.5	0.3	1.25	10	0	0.3	0.3	0.3	0.3	0.3	0.3	0.3	0.3	0.3	0.3	0.3	0.3	0.3	0.3	0.3	0.3	0.3
10000	10000	0.0066666	0.01	1	0.62725	0.69646	0.69894	0.4	2.5	20.375	0.69894	0.4	2.5	20.375	0.69894	0.4	2.5	20.375	0.69894	0.4	2.5	20.375	0	0.46185	0.26432	1.652	13.464	0.46185	0.26432	1.652	13.464	0.46185	0.26432	1.652	13.464	0.46185	0.26432	1.652	13.464	0	0.29497	0.29497	0.29497	0.29497	0.29497	0.29497	0.29497	0.29497	0.29497	0.29497	0.29497	0.29497	0.29497	0.29497	0.29497	0.29497	0.29497
10000	10000	0.01	0.021422	1	0.54906	0.51616	1	0.5	2.5	15	1	0.5	2.5	15	1	0.5	2.5	15	1	0.5	2.5	15	0	1	0.5	2.5	15	1	0.5	2.5	15	1	0.5	2.5	15	1	0.5	2.5	15	0	0.3	0.3	0.3	0.3	0.3	0.3	0.3	0.3	0.3	0.3	0.3	0.3	0.3	0.3	0.3	0.3	0.3
10000	10000	0.01	0.023333	1	6.0555e-06	0.38705	1	0.4	2.5	15	1	0.4	2.5	15	1	0.4	2.5	15	1	0.4	2.5	15	0	0.5	0.2	1.25	7.5	0.5	0.2	1.25	7.5	0.5	0.2	1.25	7.5	0.5	0.2	1.25	7.5	0	0.23576	0.23576	0.23576	0.23576	0.23576	0.23576	0.23576	0.23576	0.23576	0.23576	0.23576	0.23576	0.23576	0.23576	0.23576	0.23576	0.23576
