10000	3.2476	0.010478	0.026538	1	1	0.55328	0.5964	0.29736	3.4909	8.3408	0.58601	0.29218	3.4301	8.1955	0.66499	0.33156	3.8923	9.3	0.66499	0.33156	3.8923	9.3	0	0.59428	0.2963	3.4785	8.3111	0.58393	0.29114	3.4179	8.1664	0.66262	0.33038	3.8785	9.267	0.66262	0.33038	3.8785	9.267	0	0.16802	0.16802	0.16802	0.16802	0.16802	0.16802	0.16802	0.16802	0.16802	0.16802	0.16802	0.16802	0.16802	0.16802	0.16802	0.16802	0.16802
10000	7	0.019112	0.021111	1	1	0.19103	0.57328	0.4	3.8408	15	0.57328	0.4	3.8408	15	0.60982	0.4255	4.0857	15.956	0.60982	0.4255	4.0857	15.956	0	0.66883	0.46667	4.481	17.5	0.66883	0.46667	4.481	17.5	0.71147	0.49642	4.7666	18.616	0.71147	0.49642	4.7666	18.616	0	0.29128	0.29128	0.29128	0.29128	0.29128	0.29128	0.29128	0.29128	0.29128	0.29128	0.29128	0.29128	0.29128	0.29128	0.29128	0.29128	0.29128
10000	10	0.01	0.03	1	1	0.4	0.46345	0.5	3.3333	18.889	0.41478	0.44749	2.9833	16.905	0.46345	0.5	3.3333	18.889	0.46345	0.5	3.3333	18.889	0	0.61794	0.66667	4.4444	25.185	0.55304	0.59665	3.9777	22.54	0.61793	0.66667	4.4444	25.185	0.61793	0.66667	4.4444	25.185	0	0.27948	0.27948	0.27948	0.27948	0.27948	0.27948	0.27948	0.27948	0.27948	0.27948	0.27948	0.27948	0.27948	0.27948	0.27948	0.27948	0.27948
10000	7.0017	0.011657	0.015004	1	1	-0.14529	0.54924	0.29972	3.7345	19.997	0.52657	0.28734	3.5804	19.171	0.54941	0.29981	3.7357	20.003	0.54941	0.29981	3.7357	20.003	0	0.54945	0.29983	3.7359	20.004	0.52677	0.28745	3.5817	19.178	0.54962	0.29992	3.7371	20.01	0.54962	0.29992	3.7371	20.01	0	0.43131	0.43131	0.43131	0.43131	0.43131	0.43131	0.43131	0.43131	0.43131	0.43131	0.43131	0.43131	0.43131	0.43131	0.43131	0.43131	0.43131
10000	5.5064	0.010556	0.021831	1	1	0.18721	0.66166	0.3	3.5	15	0.66166	0.3	3.5	15	0.66166	0.3	3.5	15	0.66166	0.3	3.5	15	0	0.66166	0.3	3.5	15	0.66166	0.3	3.5	15	0.66166	0.3	3.5	15	0.66166	0.3	3.5	15	0	0.47614	0.47614	0.47614	0.47614	0.47614	0.47614	0.47614	0.47614	0.47614	0.47614	0.47614	0.47614	0.47614	0.47614	0.47614	0.47614	0.47614
10000	4.5208	0.025522	0.18224	1	1	0.38227	0.36115	0.41197	3.9131	21.222	0.30096	0.34331	3.2609	17.684	0.36225	0.41323	3.925	21.286	0.36225	0.41323	3.925	21.286	0	0.32738	0.37345	3.5472	19.237	0.27281	0.31121	2.9559	16.031	0.32838	0.37459	3.558	19.296	0.32838	0.37459	3.558	19.296	0	0.17288	0.17288	0.17288	0.17288	0.17288	0.17288	0.17288	0.17288	0.17288	0.17288	0.17288	0.17288	0.17288	0.17288	0.17288	0.17288	0.17288
10000	6.1048	0.029475	0.01	1	1	0.39469	0.44555	0.34188	4.0373	49.461	0.46335	0.35554	4.1986	51.438	0.47439	0.36401	4.2986	52.663	0.47439	0.36401	4.2986	52.663	0	0.4715	0.36179	4.2725	52.343	0.49034	0.37625	4.4432	54.435	0.50202	0.38521	4.549	55.731	0.50202	0.38521	4.549	55.731	0	0.41769	0.41769	0.41769	0.41769	0.41769	0.41769	0.41769	0.41769	0.41769	0.41769	0.41769	0.41769	0.41769	0.41769	0.41769	0.41769	0.41769
10000	4.8379	0.02	0.02	1	1	0.4	0.37716	0.5	4.6667	20	0.37716	0.5	4.6667	20	0.17461	0.23147	2.1605	9.2591	0.17461	0.23147	2.1605	9.2591	0	0.37716	0.5	4.6667	20	0.37716	0.5	4.6667	20	0.17461	0.23147	2.1605	9.2591	0.17461	0.23147	2.1605	9.2591	0	0.48636	0.48636	0.48636	0.48636	0.48636	0.48636	0.48636	0.48636	0.48636	0.48636	0.48636	0.48636	0.48636	0.48636	0.48636	0.48636	0.48636
10000	7	0.014336	0.015	1	1	0.4	-0.01367	0.3	2.5	15	-0.01367	0.3	2.5	15	-0.015948	0.35	2.9167	17.5	-0.015948	0.35	2.9167	17.5	0	-0.018185	0.39908	3.3256	19.954	-0.018185	0.39908	3.3256	19.954	-0.021215	0.46559	3.8799	23.279	-0.021215	0.46559	3.8799	23.279	0	0.2701	0.2701	0.2701	0.2701	0.2701	0.2701	0.2701	0.2701	0.2701	0.2701	0.2701	0.2701	0.2701	0.2701	0.2701	0.2701	0.2701
10000	5.6423	0.022826	0.038519	1	1	0.15458	0.43775	0.48606	3.5555	29.802	0.50126	0.55657	4.0713	34.126	0.44105	0.48972	3.5823	30.027	0.44105	0.48972	3.5823	30.027	0	0.66474	0.73809	5.3992	45.256	0.76117	0.84516	6.1824	51.821	0.66975	0.74366	5.4399	45.597	0.66975	0.74366	5.4399	45.597	0	0.61575	0.61575	0.61575	0.61575	0.61575	0.61575	0.61575	0.61575	0.61575	0.61575	0.61575	0.61575	0.61575	0.61575	0.61575	0.61575	0.61575
10000	3.9449	0.019484	0.01602	1	1	0.37861	0.80555	0.64707	4.0887	14.413	0.80867	0.64957	4.1045	14.469	0.8068	0.64807	4.0951	14.435	0.8068	0.64807	4.0951	14.435	0	0.823	0.66108	4.1772	14.725	0.82617	0.66363	4.1934	14.782	0.82427	0.6621	4.1837	14.748	0.82427	0.6621	4.1837	14.748	0	0.38723	0.38723	0.38723	0.38723	0.38723	0.38723	0.38723	0.38723	0.38723	0.38723	0.38723	0.38723	0.38723	0.38723	0.38723	0.38723	0.38723
10000	5.1083	0.010019	0.01	1	1	0.097277	0.40546	-0.052818	2.7121	20.011	0.42898	-0.055881	2.8693	21.172	0.40584	-0.052867	2.7146	20.03	0.40584	-0.052867	2.7146	20.03	0	0.54099	-0.070473	3.6186	26.7	0.57237	-0.07456	3.8285	28.249	0.54149	-0.070539	3.622	26.725	0.54149	-0.070539	3.622	26.725	0	0.43824	0.43824	0.43824	0.43824	0.43824	0.43824	0.43824	0.43824	0.43824	0.43824	0.43824	0.43824	0.43824	0.43824	0.43824	0.43824	0.43824
10000	0.69613	0.29274	0.01	1	1	0.21862	0.67399	0.19018	2.8209	18.499	0.77237	0.21794	3.2326	21.199	0.60624	0.17106	2.5373	16.639	0.60624	0.17106	2.5373	16.639	0	0.27278	0.07697	1.1417	7.4868	0.31259	0.088204	1.3083	8.5796	0.24536	0.069232	1.0269	6.7341	0.24536	0.069232	1.0269	6.7341	0	0.10823	0.10823	0.10823	0.10823	0.10823	0.10823	0.10823	0.10823	0.10823	0.10823	0.10823	0.10823	0.10823	0.10823	0.10823	0.10823	0.10823
10000	5.2867	0.01	0.02	1	1	0.1638	0.44543	0.3	3.5	15	0.44682	0.30094	3.5109	15.047	0.44543	0.3	3.5	15	0.44543	0.3	3.5	15	0	0.44543	0.3	3.5	15	0.44682	0.30094	3.5109	15.047	0.44543	0.3	3.5	15	0.44543	0.3	3.5	15	0	0.4	0.4	0.4	0.4	0.4	0.4	0.4	0.4	0.4	0.4	0.4	0.4	0.4	0.4	0.4	0.4	0.4
10000	4.001	0.001	0.01	1	1	0.1164	-0.80566	-0.20599	4.5188	25.99	-1.159	-0.29633	6.5007	37.389	-0.4523	-0.11564	2.5369	14.591	-0.4523	-0.11564	2.5369	14.591	0	-0.4526	-0.11572	2.5385	14.601	-0.6511	-0.16647	3.6519	21.004	-0.25409	-0.064966	1.4252	8.1969	-0.25409	-0.064966	1.4252	8.1969	0	0.3995	0.3995	0.3995	0.3995	0.3995	0.3995	0.3995	0.3995	0.3995	0.3995	0.3995	0.3995	0.3995	0.3995	0.3995	0.3995	0.3995
10000	5.2589	0.012243	0.013387	1	1	0.84897	0.83872	0.50483	3.8629	13.71	1.7958	1.0809	8.2709	29.354	0.95708	0.57607	4.408	15.644	0.95708	0.57607	4.408	15.644	0	1.3107	0.7889	6.0365	21.424	2.8063	1.6891	12.925	45.872	1.4956	0.90022	6.8884	24.448	1.4956	0.90022	6.8884	24.448	0	0.59878	0.59878	0.59878	0.59878	0.59878	0.59878	0.59878	0.59878	0.59878	0.59878	0.59878	0.59878	0.59878	0.59878	0.59878	0.59878	0.59878
10000	7.4838	0.0097667	0.019751	1	1	0.52349	-0.2003	-0.61574	5.0218	40.146	-0.20248	-0.62244	5.0763	40.583	-0.20248	-0.62244	5.0763	40.583	-0.20248	-0.62244	5.0763	40.583	0	-0.19784	-0.60817	4.96	39.653	-0.19999	-0.61478	5.0139	40.084	-0.19999	-0.61479	5.0139	40.084	-0.19999	-0.61479	5.0139	40.084	0	0.39157	0.39157	0.39157	0.39157	0.39157	0.39157	0.39157	0.39157	0.39157	0.39157	0.39157	0.39157	0.39157	0.39157	0.39157	0.39157	0.39157
10000	8.1457	0.0061129	0.025178	1	1	0.28556	0.53135	0.35112	3.9467	31.588	0.62364	0.4121	4.6322	37.075	0.5664	0.37428	4.207	33.672	0.5664	0.37428	4.207	33.672	0	1.2077	0.79806	8.9705	71.798	1.4175	0.93668	10.529	84.269	1.2874	0.85071	9.5623	76.534	1.2874	0.85071	9.5623	76.534	0	0.53082	0.53082	0.53082	0.53082	0.53082	0.53082	0.53082	0.53082	0.53082	0.53082	0.53082	0.53082	0.53082	0.53082	0.53082	0.53082	0.53082
10000	9.1851	0.020717	0.022186	1	1	0.80404	1.0476	0.2099	3.673	15.381	1.0101	0.20239	3.5415	14.83	1.004	0.20116	3.52	14.74	1.004	0.20116	3.52	14.74	0	2.7948	0.55998	9.799	41.033	2.6947	0.53993	9.448	39.564	2.6784	0.53665	9.3907	39.323	2.6784	0.53665	9.3907	39.323	0	0.49854	0.49854	0.49854	0.49854	0.49854	0.49854	0.49854	0.49854	0.49854	0.49854	0.49854	0.49854	0.49854	0.49854	0.49854	0.49854	0.49854
10000	4.9445	0.0068487	0.022855	1	1	0.38996	0.29036	1.3457e-06	3.5	15	0.29036	1.3457e-06	3.5	15	0.25406	1.1774e-06	3.0625	13.125	0.25406	1.1774e-06	3.0625	13.125	0	0.29408	1.3629e-06	3.5448	15.192	0.29408	1.3629e-06	3.5448	15.192	0.25732	1.1925e-06	3.1017	13.293	0.25732	1.1925e-06	3.1017	13.293	0	0.26256	0.26256	0.26256	0.26256	0.26256	0.26256	0.26256	0.26256	0.26256	0.26256	0.26256	0.26256	0.26256	0.26256	0.26256	0.26256	0.26256
10000	6	0.001	0.018685	1	1	0.8	0.54794	-0.012967	5	15	0.54794	-0.012967	5	15	0.43909	-0.010391	4.0067	12.02	0.43909	-0.010391	4.0067	12.02	0	0.54794	-0.012967	5	15	0.54794	-0.012967	5	15	0.43909	-0.010391	4.0067	12.02	0.43909	-0.010391	4.0067	12.02	0	0.39541	0.39541	0.39541	0.39541	0.39541	0.39541	0.39541	0.39541	0.39541	0.39541	0.39541	0.39541	0.39541	0.39541	0.39541	0.39541	0.39541
10000	3	0.02	0.027406	1	1	0.69348	0.5965	0.3	5	15	0.67641	0.34019	5.6698	17.009	0.56234	0.28282	4.7136	14.141	0.56234	0.28282	4.7136	14.141	0	0.22369	0.1125	1.875	5.625	0.25365	0.12757	2.1262	6.3785	0.21088	0.10606	1.7676	5.3028	0.21088	0.10606	1.7676	5.3028	0	0.30696	0.30696	0.30696	0.30696	0.30696	0.30696	0.30696	0.30696	0.30696	0.30696	0.30696	0.30696	0.30696	0.30696	0.30696	0.30696	0.30696
10000	5.4665	0.0090869	0.01	1	1	0.39996	0.59613	0.17255	3.8137	14.416	0.63127	0.18273	4.0385	15.266	0.68341	0.19782	4.3721	16.527	0.68341	0.19782	4.3721	16.527	0	0.70004	0.20263	4.4785	16.93	0.74131	0.21458	4.7425	17.928	0.80254	0.2323	5.1342	19.408	0.80254	0.2323	5.1342	19.408	0	0.3889	0.3889	0.3889	0.3889	0.3889	0.3889	0.3889	0.3889	0.3889	0.3889	0.3889	0.3889	0.3889	0.3889	0.3889	0.3889	0.3889
10000	4.3395	0.0042005	0.01	1	1	0.22641	0.24003	0.20604	3.7673	16.984	0.32493	0.27891	5.0998	22.991	0.28781	0.24705	4.5172	20.365	0.28781	0.24705	4.5172	20.365	0	0.19139	0.16428	3.0039	13.542	0.25908	0.22239	4.0663	18.332	0.22948	0.19698	3.6018	16.238	0.22948	0.19698	3.6018	16.238	0	0.42826	0.42826	0.42826	0.42826	0.42826	0.42826	0.42826	0.42826	0.42826	0.42826	0.42826	0.42826	0.42826	0.42826	0.42826	0.42826	0.42826
10000	4.4761	0.0154	0.021509	1	1	0.54081	0.44841	0.29835	3.7591	11.605	0.59332	0.39478	4.9739	15.355	0.44458	0.29581	3.727	11.506	0.44458	0.29581	3.727	11.506	0	0.41417	0.27558	3.4721	10.719	0.54803	0.36464	4.5942	14.183	0.41064	0.27322	3.4424	10.627	0.41064	0.27322	3.4424	10.627	0	0.35178	0.35178	0.35178	0.35178	0.35178	0.35178	0.35178	0.35178	0.35178	0.35178	0.35178	0.35178	0.35178	0.35178	0.35178	0.35178	0.35178
10000	4.7283	0.0016667	0.020003	1	1	0.79985	1.0505	0.29996	2.5003	12.057	1.0722	0.30616	2.552	12.307	1.0506	0.3	2.5007	12.059	1.0506	0.3	2.5007	12.059	0	1.0506	0.3	2.5007	12.059	1.0724	0.30621	2.5524	12.308	1.0508	0.30005	2.501	12.061	1.0508	0.30005	2.501	12.061	0	0.17639	0.17639	0.17639	0.17639	0.17639	0.17639	0.17639	0.17639	0.17639	0.17639	0.17639	0.17639	0.17639	0.17639	0.17639	0.17639	0.17639
10000	3	0.001	0.01	1	1	0.4	0.99999	0.66667	2.8333	13.333	1.0323	0.6882	2.9248	13.764	0.99999	0.66667	2.8333	13.333	0.99999	0.66667	2.8333	13.333	0	0.95814	0.63876	2.7147	12.775	0.98908	0.65939	2.8024	13.188	0.95814	0.63876	2.7147	12.775	0.95814	0.63876	2.7147	12.775	0	0.19426	0.19426	0.19426	0.19426	0.19426	0.19426	0.19426	0.19426	0.19426	0.19426	0.19426	0.19426	0.19426	0.19426	0.19426	0.19426	0.19426
10000	3.0209	0.001	0.021053	1	1	0.40115	0.83879	0.59954	2.5012	29.994	0.83841	0.59927	2.5001	29.981	0.83931	0.59992	2.5028	30.013	0.83931	0.59992	2.5028	30.013	0	0.83909	0.59976	2.5021	30.005	0.8387	0.59948	2.501	29.991	0.83961	0.60013	2.5037	30.024	0.83961	0.60013	2.5037	30.024	0	0.094312	0.094312	0.094312	0.094312	0.094312	0.094312	0.094312	0.094312	0.094312	0.094312	0.094312	0.094312	0.094312	0.094312	0.094312	0.094312	0.094312
10000	5.8906	0.001	0.01	1	1	0.61675	0.81823	0.55937	2.6094	9.6562	0.77349	0.52878	2.4667	9.1282	0.77349	0.52878	2.4667	9.1282	0.77349	0.52878	2.4667	9.1282	0	0.86298	0.58997	2.7521	10.184	0.81579	0.5577	2.6016	9.6274	0.81579	0.5577	2.6016	9.6274	0.81579	0.5577	2.6016	9.6274	0	0.175	0.175	0.175	0.175	0.175	0.175	0.175	0.175	0.175	0.175	0.175	0.175	0.175	0.175	0.175	0.175	0.175
10000	2.977	0.001	0.020053	1	1	0.40988	1.3622	0.37561	2.5196	12.963	1.6649	0.45908	3.0795	15.844	1.5085	0.41594	2.7901	14.355	1.5085	0.41594	2.7901	14.355	0	0.60299	0.16626	1.1153	5.738	0.73698	0.20321	1.3631	7.0131	0.66772	0.18411	1.235	6.354	0.66772	0.18411	1.235	6.354	0	0.2	0.2	0.2	0.2	0.2	0.2	0.2	0.2	0.2	0.2	0.2	0.2	0.2	0.2	0.2	0.2	0.2
10000	2.9796	0.001	0.01	1	1	1.0761	0.98952	0.30681	3.9483	15.084	0.94052	0.29162	3.7528	14.337	0.98045	0.304	3.9121	14.946	0.98045	0.304	3.9121	14.946	0	0.92161	0.28576	3.6774	14.049	0.87598	0.27161	3.4953	13.353	0.91316	0.28314	3.6437	13.92	0.91316	0.28314	3.6437	13.92	0	0.19383	0.19383	0.19383	0.19383	0.19383	0.19383	0.19383	0.19383	0.19383	0.19383	0.19383	0.19383	0.19383	0.19383	0.19383	0.19383	0.19383
10000	1.1437	0.0041114	0.021962	1	1	1.0436	1	0.44352	3.9165	22.725	0.87507	0.38809	3.427	19.885	1	0.4435	3.9163	22.724	1	0.4435	3.9163	22.724	0	0.54167	0.24023	2.1213	12.309	0.47397	0.21021	1.8562	10.771	0.54165	0.24022	2.1213	12.308	0.54165	0.24022	2.1213	12.308	0	0.089949	0.089949	0.089949	0.089949	0.089949	0.089949	0.089949	0.089949	0.089949	0.089949	0.089949	0.089949	0.089949	0.089949	0.089949	0.089949	0.089949
10000	0.96837	0.0045193	0.024126	1	1	0.91281	1.3433	0.65439	3.782	20.69	1.196	0.58261	3.3672	18.42	1.4907	0.72617	4.1969	22.959	1.4907	0.72617	4.1969	22.959	0	0.58746	0.28618	1.654	9.0482	0.52303	0.25479	1.4726	8.0557	0.6519	0.31757	1.8354	10.041	0.6519	0.31757	1.8354	10.041	0	0.14986	0.14986	0.14986	0.14986	0.14986	0.14986	0.14986	0.14986	0.14986	0.14986	0.14986	0.14986	0.14986	0.14986	0.14986	0.14986	0.14986
10000	1.2627	0.003409	0.01	1	1	1.1994	1.7492	0.50291	6.5145	17.594	1.4196	0.40814	5.287	14.279	1.8357	0.52778	6.8367	18.464	1.8357	0.52778	6.8367	18.464	0	0.70023	0.20132	2.6078	7.0432	0.56829	0.16339	2.1165	5.7161	0.73486	0.21128	2.7368	7.3915	0.73486	0.21128	2.7368	7.3915	0	0.27975	0.27975	0.27975	0.27975	0.27975	0.27975	0.27975	0.27975	0.27975	0.27975	0.27975	0.27975	0.27975	0.27975	0.27975	0.27975	0.27975
10000	1.2992	0.0042062	0.01933	1	1	1	1.4307	0.4537	4.6667	17.778	1.4307	0.4537	4.6667	17.778	1.451	0.46013	4.7328	18.03	1.451	0.46013	4.7328	18.03	0	0.71535	0.22685	2.3333	8.8889	0.71535	0.22685	2.3333	8.8889	0.72549	0.23007	2.3664	9.0149	0.72549	0.23007	2.3664	9.0149	0	0.21111	0.21111	0.21111	0.21111	0.21111	0.21111	0.21111	0.21111	0.21111	0.21111	0.21111	0.21111	0.21111	0.21111	0.21111	0.21111	0.21111
10000	2.4899	0.0024815	0.015	1	1	1.0269	1.25	0.34312	2.8958	22.625	1.7318	0.47537	4.0119	31.345	0.82032	0.22518	1.9004	14.848	0.82032	0.22518	1.9004	14.848	0	0.40517	0.11122	0.93863	7.3335	0.56132	0.15408	1.3004	10.16	0.26589	0.072987	0.61598	4.8126	0.26589	0.072987	0.61598	4.8126	0	0.05	0.05	0.05	0.05	0.05	0.05	0.05	0.05	0.05	0.05	0.05	0.05	0.05	0.05	0.05	0.05	0.05
10000	1.5023	0.001	0.019373	1	1	1.1959	1	0.38889	2.5	17.037	1	0.38889	2.5	17.037	1	0.38889	2.5	17.037	1	0.38889	2.5	17.037	0	0.48611	0.18904	1.2153	8.2819	0.48611	0.18904	1.2153	8.2819	0.48611	0.18904	1.2153	8.2819	0.48611	0.18904	1.2153	8.2819	0	0.11667	0.11667	0.11667	0.11667	0.11667	0.11667	0.11667	0.11667	0.11667	0.11667	0.11667	0.11667	0.11667	0.11667	0.11667	0.11667	0.11667
10000	5	0.001	0.02	1	1	1.2029	0.8511	0.3	3.3333	15	0.8511	0.3	3.3333	15	0.8511	0.3	3.3333	15	0.8511	0.3	3.3333	15	0	0.85109	0.3	3.3333	15	0.85109	0.3	3.3333	15	0.85109	0.3	3.3333	15	0.85109	0.3	3.3333	15	0	0.18306	0.18306	0.18306	0.18306	0.18306	0.18306	0.18306	0.18306	0.18306	0.18306	0.18306	0.18306	0.18306	0.18306	0.18306	0.18306	0.18306
10000	2.5131	0.001	0.010818	1	1	0.88796	1.0233	0.29405	2.516	15.073	1.3742	0.39487	3.3787	20.242	0.95276	0.27377	2.3426	14.034	0.95276	0.27377	2.3426	14.034	0	0.73918	0.2124	1.8174	10.888	0.99263	0.28523	2.4406	14.621	0.68822	0.19776	1.6921	10.137	0.68822	0.19776	1.6921	10.137	0	0.19989	0.19989	0.19989	0.19989	0.19989	0.19989	0.19989	0.19989	0.19989	0.19989	0.19989	0.19989	0.19989	0.19989	0.19989	0.19989	0.19989
10000	3.0011	0.0037473	0.020011	1	1	1.1227	0.99943	0.40037	3.3323	15.005	0.99952	0.40041	3.3327	15.006	0.99894	0.40017	3.3307	14.997	0.99894	0.40017	3.3307	14.997	0	0.99993	0.40057	3.334	15.012	1	0.40061	3.3343	15.013	0.99944	0.40037	3.3324	15.005	0.99944	0.40037	3.3324	15.005	0	0.29987	0.29987	0.29987	0.29987	0.29987	0.29987	0.29987	0.29987	0.29987	0.29987	0.29987	0.29987	0.29987	0.29987	0.29987	0.29987	0.29987
10000	1.0169	0.001	0.02	1	1	1.0375	1.5	0.3	4.2778	895.93	1.5117	0.30233	4.311	902.89	1.4375	0.2875	4.0995	858.59	1.4375	0.2875	4.0995	858.59	0	0.73812	0.14762	2.105	440.86	0.74385	0.14877	2.1214	444.29	0.70736	0.14147	2.0173	422.49	0.70736	0.14147	2.0173	422.49	0	0.13734	0.13734	0.13734	0.13734	0.13734	0.13734	0.13734	0.13734	0.13734	0.13734	0.13734	0.13734	0.13734	0.13734	0.13734	0.13734	0.13734
10000	3.1667	0.001	0.01	1	1	1.1574	0.91999	0.3	2.8976	30	0.91999	0.3	2.8976	30	0.88165	0.2875	2.7768	28.75	0.88165	0.2875	2.7768	28.75	0	0.90157	0.29399	2.8396	29.399	0.90157	0.29399	2.8396	29.399	0.86401	0.28175	2.7213	28.175	0.86401	0.28175	2.7213	28.175	0	0.15	0.15	0.15	0.15	0.15	0.15	0.15	0.15	0.15	0.15	0.15	0.15	0.15	0.15	0.15	0.15	0.15
10000	2.2864	0.001	0.011106	1	1	1.176	1.602	0.50166	4.6617	20.368	1.6051	0.50262	4.6707	20.407	1.6051	0.50262	4.6707	20.407	1.6051	0.50262	4.6707	20.407	0	0.79963	0.2504	2.3269	10.167	0.80117	0.25088	2.3314	10.186	0.80117	0.25088	2.3314	10.186	0.80117	0.25088	2.3314	10.186	0	0.094169	0.094169	0.094169	0.094169	0.094169	0.094169	0.094169	0.094169	0.094169	0.094169	0.094169	0.094169	0.094169	0.094169	0.094169	0.094169	0.094169
10000	3.1447	0.001	0.01	1	1	1.1371	1	0	3.6102	14.217	1.5	0	5.4153	21.326	1	0	3.6102	14.217	1	0	3.6102	14.217	0	0.5	0	1.8051	7.1087	0.75	0	2.7076	10.663	0.5	0	1.8051	7.1087	0.5	0	1.8051	7.1087	0	0.1257	0.1257	0.1257	0.1257	0.1257	0.1257	0.1257	0.1257	0.1257	0.1257	0.1257	0.1257	0.1257	0.1257	0.1257	0.1257	0.1257
10000	4.159	0.001	0.01	1	1	1.3999	1.0207	0.52098	3.932	33.54	1.0049	0.51294	3.8713	33.022	1.1081	0.56562	4.2689	36.413	1.1081	0.56562	4.2689	36.413	0	0.84737	0.43253	3.2644	27.845	0.83429	0.42585	3.214	27.415	0.91997	0.46959	3.5441	30.231	0.91997	0.46959	3.5441	30.231	0	0.10353	0.10353	0.10353	0.10353	0.10353	0.10353	0.10353	0.10353	0.10353	0.10353	0.10353	0.10353	0.10353	0.10353	0.10353	0.10353	0.10353
10000	5.0017	0.001	0.020011	1	1	0.96158	1.3341	0.30036	2.501	14.996	1.5557	0.35025	2.9164	17.487	1.3347	0.30051	2.5022	15.003	1.3347	0.30051	2.5022	15.003	0	1.3026	0.29329	2.442	14.643	1.519	0.342	2.8477	17.075	1.3033	0.29343	2.4432	14.65	1.3033	0.29343	2.4432	14.65	0	0.096112	0.096112	0.096112	0.096112	0.096112	0.096112	0.096112	0.096112	0.096112	0.096112	0.096112	0.096112	0.096112	0.096112	0.096112	0.096112	0.096112
10000	5.275	0.001	0.01	1	1	0.8	1.0821	0.6	2.5	15	1.0821	0.6	2.5	15	1.0821	0.6	2.5	15	1.0821	0.6	2.5	15	0	0.87837	0.48705	2.0294	12.176	0.87837	0.48705	2.0294	12.176	0.87836	0.48705	2.0294	12.176	0.87836	0.48705	2.0294	12.176	0	0.1	0.1	0.1	0.1	0.1	0.1	0.1	0.1	0.1	0.1	0.1	0.1	0.1	0.1	0.1	0.1	0.1
10000	5	0.001	0.01	1	1	0.8	1	0.3	2.5	8.1735	1.0401	0.31204	2.6004	8.5016	1	0.3	2.5	8.1735	1	0.3	2.5	8.1735	0	0.62696	0.18809	1.5674	5.1245	0.65213	0.19564	1.6303	5.3302	0.62696	0.18809	1.5674	5.1245	0.62696	0.18809	1.5674	5.1245	0	2.0185e-06	2.0185e-06	2.0185e-06	2.0185e-06	2.0185e-06	2.0185e-06	2.0185e-06	2.0185e-06	2.0185e-06	2.0185e-06	2.0185e-06	2.0185e-06	2.0185e-06	2.0185e-06	2.0185e-06	2.0185e-06	2.0185e-06
10000	7	0.001	0.02	1	1	0.89153	1	0.3	2.5	15	1	0.3	2.5	15	1.1667	0.35	2.9167	17.5	1.1667	0.35	2.9167	17.5	0	0.5	0.15	1.25	7.5	0.5	0.15	1.25	7.5	0.58333	0.175	1.4583	8.7501	0.58333	0.175	1.4583	8.7501	0	0.1	0.1	0.1	0.1	0.1	0.1	0.1	0.1	0.1	0.1	0.1	0.1	0.1	0.1	0.1	0.1	0.1
10000	7.9865	0.001	0.02	1	1	1	1	0.4	2.5	15	1.1111	0.44443	2.7777	16.666	1.0343	0.41373	2.5858	15.515	1.0343	0.41373	2.5858	15.515	0	0.99999	0.4	2.5	15	1.1111	0.44443	2.7777	16.666	1.0343	0.41373	2.5858	15.515	1.0343	0.41373	2.5858	15.515	0	0	0	0	0	0	0	0	0	0	0	0	0	0	0	0	0	0
10000	4.6977	0.010087	0.01	1	1	0.13993	0.70482	1.2426	2.7601	7.0398	0.1762	0.31065	0.69001	1.7599	0.70482	1.2426	2.7601	7.0398	0.70482	1.2426	2.7601	7.0398	0	0.41388	0.72967	1.6208	4.1339	0.10347	0.18242	0.40519	1.0335	0.41388	0.72967	1.6208	4.1339	0.41388	0.72967	1.6208	4.1339	0	0.12576	0.12576	0.12576	0.12576	0.12576	0.12576	0.12576	0.12576	0.12576	0.12576	0.12576	0.12576	0.12576	0.12576	0.12576	0.12576	0.12576
10000	1.575	0.001	0.048043	1	1	-0.21021	0.5	0.625	2.125	11	0.28125	0.35156	1.1953	6.1875	0.71875	0.89844	3.0547	15.812	0.71875	0.89844	3.0547	15.812	0	0.50476	0.63095	2.1452	11.105	0.28393	0.35491	1.2067	6.2464	0.72559	0.90699	3.0838	15.963	0.72559	0.90699	3.0838	15.963	0	0.28486	0.28486	0.28486	0.28486	0.28486	0.28486	0.28486	0.28486	0.28486	0.28486	0.28486	0.28486	0.28486	0.28486	0.28486	0.28486	0.28486
10000	6.6576	0.001	0.018118	1	1	-0.24828	0.72198	0.45364	2.6511	8.4258	0.75529	0.47458	2.7734	8.8147	0.58604	0.36823	2.1519	6.8394	0.58604	0.36823	2.1519	6.8394	0	0.66984	0.42088	2.4596	7.8174	0.70075	0.44031	2.5731	8.1782	0.54372	0.34164	1.9965	6.3455	0.54372	0.34164	1.9965	6.3455	0	0.23402	0.23402	0.23402	0.23402	0.23402	0.23402	0.23402	0.23402	0.23402	0.23402	0.23402	0.23402	0.23402	0.23402	0.23402	0.23402	0.23402
10000	3	0.005	0.03	1	1	-0.1814	0.61908	0.92347	2.5	11.667	0.64071	0.95572	2.5873	12.074	0.59329	0.88499	2.3958	11.181	0.59329	0.88499	2.3958	11.181	0	0.61908	0.92347	2.5	11.667	0.64071	0.95572	2.5873	12.074	0.59329	0.88499	2.3958	11.181	0.59329	0.88499	2.3958	11.181	0	0.2	0.2	0.2	0.2	0.2	0.2	0.2	0.2	0.2	0.2	0.2	0.2	0.2	0.2	0.2	0.2	0.2
10000	2.7882	0.010444	0.020034	1	1	-0.36852	0.85869	1.0642	2.5	7.1541	0.85538	1.0601	2.4903	7.1265	0.86827	1.0761	2.5279	7.2339	0.86827	1.0761	2.5279	7.2339	0	0.78713	0.97551	2.2917	6.5579	0.78409	0.97174	2.2828	6.5326	0.79591	0.98639	2.3172	6.6311	0.79591	0.98639	2.3172	6.6311	0	0.098148	0.098148	0.098148	0.098148	0.098148	0.098148	0.098148	0.098148	0.098148	0.098148	0.098148	0.098148	0.098148	0.098148	0.098148	0.098148	0.098148
10000	4.49	0.001	0.020671	1	1	0.39016	0.40528	0.80071	3.5323	1326.4	0.40346	0.79713	3.5164	1320.5	0.40592	0.80199	3.5379	1328.5	0.40592	0.80199	3.5379	1328.5	0	0.33192	0.65578	2.8929	1086.3	0.33043	0.65284	2.8799	1081.5	0.33245	0.65683	2.8975	1088.1	0.33245	0.65683	2.8975	1088.1	0	0.2507	0.2507	0.2507	0.2507	0.2507	0.2507	0.2507	0.2507	0.2507	0.2507	0.2507	0.2507	0.2507	0.2507	0.2507	0.2507	0.2507
10000	3.7423	0.018757	0.019291	1	1	0.34049	0.65676	1.1194	4.6667	17.684	0.64271	1.0954	4.5669	17.306	0.49257	0.83953	3.5	13.263	0.49257	0.83953	3.5	13.263	0	0.35026	0.59698	2.4888	9.4314	0.34277	0.58422	2.4356	9.2297	0.26269	0.44774	1.8666	7.0735	0.26269	0.44774	1.8666	7.0735	0	0.2	0.2	0.2	0.2	0.2	0.2	0.2	0.2	0.2	0.2	0.2	0.2	0.2	0.2	0.2	0.2	0.2
10000	4.9404	0.001	0.01	1	1	0.50143	-0.02748	0.29398	3.9298	15.074	-0.031972	0.34203	4.5721	17.538	-0.027618	0.29545	3.9495	15.15	-0.027618	0.29545	3.9495	15.15	0	-0.017064	0.18255	2.4402	9.3602	-0.019853	0.21238	2.839	10.89	-0.017149	0.18346	2.4524	9.4071	-0.017149	0.18346	2.4524	9.4071	0	0.27996	0.27996	0.27996	0.27996	0.27996	0.27996	0.27996	0.27996	0.27996	0.27996	0.27996	0.27996	0.27996	0.27996	0.27996	0.27996	0.27996
10000	6.2257	0.010401	0.023179	1	1	0.15957	0.57386	1.2057	4.7793	26.185	0.5987	1.2579	4.9861	27.318	0.51005	1.0717	4.2478	23.273	0.51005	1.0717	4.2478	23.273	0	0.27203	0.57155	2.2655	12.412	0.2838	0.59628	2.3636	12.949	0.24178	0.50799	2.0136	11.032	0.24178	0.50799	2.0136	11.032	0	0.10198	0.10198	0.10198	0.10198	0.10198	0.10198	0.10198	0.10198	0.10198	0.10198	0.10198	0.10198	0.10198	0.10198	0.10198	0.10198	0.10198
10000	6.1541	0.006145	0.01544	1	1	0.25008	0.28555	0.4464	4.601	16.742	0.34164	0.53408	5.5047	20.03	0.23116	0.36137	3.7246	13.553	0.23116	0.36137	3.7246	13.553	0	0.17378	0.27166	2.8	10.188	0.20791	0.32502	3.35	12.19	0.14067	0.21992	2.2666	8.2477	0.14067	0.21992	2.2666	8.2477	0	0.2912	0.2912	0.2912	0.2912	0.2912	0.2912	0.2912	0.2912	0.2912	0.2912	0.2912	0.2912	0.2912	0.2912	0.2912	0.2912	0.2912
10000	4.3312	0.0039095	0.038241	1	1	0.22851	0.94056	0.3	2.9444	13.235	0.97539	0.31111	3.0535	13.725	0.94056	0.3	2.9444	13.235	0.94056	0.3	2.9444	13.235	0	0.8974	0.28624	2.8094	12.628	0.93064	0.29684	2.9134	13.095	0.8974	0.28624	2.8093	12.628	0.8974	0.28624	2.8093	12.628	0	0.31667	0.31667	0.31667	0.31667	0.31667	0.31667	0.31667	0.31667	0.31667	0.31667	0.31667	0.31667	0.31667	0.31667	0.31667	0.31667	0.31667
10000	3.086	0.012667	0.01	1	1	0.4713	0.95591	0.41557	2.5771	29.665	0.99279	0.4316	2.6766	30.809	1.0288	0.44726	2.7737	31.927	1.0288	0.44726	2.7737	31.927	0	0.99279	0.4316	2.6766	30.809	1.0311	0.44825	2.7798	31.998	1.0685	0.46451	2.8807	33.158	1.0685	0.46451	2.8807	33.158	0	0.18236	0.18236	0.18236	0.18236	0.18236	0.18236	0.18236	0.18236	0.18236	0.18236	0.18236	0.18236	0.18236	0.18236	0.18236	0.18236	0.18236
10000	2.5778	0.013667	0.021405	1	1	0.36739	0.99986	1.1045	3.2224	14.999	0.97878	1.0813	3.1545	14.683	0.99998	1.1047	3.2228	15.001	0.99998	1.1047	3.2228	15.001	0	0.88911	0.9822	2.8655	13.338	0.87037	0.96149	2.8051	13.056	0.88922	0.98232	2.8659	13.339	0.88922	0.98232	2.8659	13.339	0	0.16667	0.16667	0.16667	0.16667	0.16667	0.16667	0.16667	0.16667	0.16667	0.16667	0.16667	0.16667	0.16667	0.16667	0.16667	0.16667	0.16667
10000	3.0022	0.001	0.01	1	1	0.25587	0.79899	0.39927	2.502	19.988	0.79822	0.39888	2.4996	19.969	0.63854	0.31909	1.9995	15.974	0.63854	0.31909	1.9995	15.974	0	0.79977	0.39966	2.5044	20.008	0.79901	0.39928	2.502	19.989	0.63917	0.3194	2.0015	15.99	0.63917	0.3194	2.0015	15.99	0	0.19976	0.19976	0.19976	0.19976	0.19976	0.19976	0.19976	0.19976	0.19976	0.19976	0.19976	0.19976	0.19976	0.19976	0.19976	0.19976	0.19976
10000	6	0.005	0.01	1	1	0.33373	0.7424	0.5	3.5	20	0.7424	0.5	3.5	20	0.7424	0.5	3.5	20	0.7424	0.5	3.5	20	0	0.71146	0.47917	3.3542	19.167	0.71146	0.47917	3.3542	19.167	0.71146	0.47917	3.3542	19.167	0.71146	0.47917	3.3542	19.167	0	0.35	0.35	0.35	0.35	0.35	0.35	0.35	0.35	0.35	0.35	0.35	0.35	0.35	0.35	0.35	0.35	0.35
10000	4.0416	0.01	0.02	1	1	0.8	1	0.3	2.5	15	1	0.3	2.5	15	1	0.3	2.5	15	1	0.3	2.5	15	0	1	0.3	2.5	15	1	0.3	2.5	15	1	0.3	2.5	15	1	0.3	2.5	15	0	0.05	0.05	0.05	0.05	0.05	0.05	0.05	0.05	0.05	0.05	0.05	0.05	0.05	0.05	0.05	0.05	0.05
10000	3.3739	0.001	0.04	1	1	0.70238	1.1278	0.4	2.5	15	1.2658	0.44893	2.8058	16.835	0.70488	0.25	1.5625	9.375	0.70488	0.25	1.5625	9.375	0	1.1278	0.4	2.5	15	1.2658	0.44893	2.8058	16.835	0.70488	0.25	1.5625	9.3749	0.70488	0.25	1.5625	9.3749	0	0.2	0.2	0.2	0.2	0.2	0.2	0.2	0.2	0.2	0.2	0.2	0.2	0.2	0.2	0.2	0.2	0.2
10000	3.3489	0.0039285	0.020042	1	1	0.72925	0.79935	0.40047	2.5013	30.006	0.79986	0.40073	2.5029	30.025	0.78355	0.39255	2.4518	29.413	0.78355	0.39255	2.4518	29.413	0	0.79986	0.40073	2.5029	30.025	0.80037	0.40098	2.5045	30.044	0.78404	0.3928	2.4534	29.431	0.78404	0.3928	2.4534	29.431	0	0.094878	0.094878	0.094878	0.094878	0.094878	0.094878	0.094878	0.094878	0.094878	0.094878	0.094878	0.094878	0.094878	0.094878	0.094878	0.094878	0.094878
10000	3	0.0031897	0.02	1	1	0.8716	1	0.3	2.5	15	1	0.3	2.5	15	1	0.3	2.5	15	1	0.3	2.5	15	0	1	0.3	2.5	15	1	0.3	2.5	15	0.99999	0.3	2.5	15	0.99999	0.3	2.5	15	0	0.1	0.1	0.1	0.1	0.1	0.1	0.1	0.1	0.1	0.1	0.1	0.1	0.1	0.1	0.1	0.1	0.1
10000	5	0.0037148	0.017698	1	1	0.48912	1	0.3	2.921	15	1	0.3	2.921	15	0.92666	0.278	2.7068	13.9	0.92666	0.278	2.7068	13.9	0	1	0.3	2.921	15	1	0.3	2.921	15	0.92666	0.278	2.7068	13.9	0.92666	0.278	2.7068	13.9	0	0.1	0.1	0.1	0.1	0.1	0.1	0.1	0.1	0.1	0.1	0.1	0.1	0.1	0.1	0.1	0.1	0.1
10000	6	0.0044238	0.023314	1	1	0.4	1	0.4	2.5	15	1	0.4	2.5	15	1	0.4	2.5	15	1	0.4	2.5	15	0	0.95833	0.38333	2.3958	14.375	0.95833	0.38333	2.3958	14.375	0.95833	0.38333	2.3958	14.375	0.95833	0.38333	2.3958	14.375	0	0.13454	0.13454	0.13454	0.13454	0.13454	0.13454	0.13454	0.13454	0.13454	0.13454	0.13454	0.13454	0.13454	0.13454	0.13454	0.13454	0.13454
10000	3.0008	0.010357	0.024315	1	1	0.63448	0.99959	0.72775	2.8403	14.997	1.111	0.80888	3.1569	16.668	1.0823	0.78797	3.0753	16.237	1.0823	0.78797	3.0753	16.237	0	0.9576	0.69718	2.721	14.367	1.0643	0.7749	3.0243	15.968	1.0368	0.75487	2.9461	15.555	1.0368	0.75487	2.9461	15.555	0	0.20602	0.20602	0.20602	0.20602	0.20602	0.20602	0.20602	0.20602	0.20602	0.20602	0.20602	0.20602	0.20602	0.20602	0.20602	0.20602	0.20602
10000	5	0.0045699	0.02	1	1	0.64221	1	0.3	2.5	15	1	0.3	2.5	15	1	0.3	2.5	15	1	0.3	2.5	15	0	1	0.3	2.5	15	1	0.3	2.5	15	1	0.3	2.5	15	1	0.3	2.5	15	0	0.2	0.2	0.2	0.2	0.2	0.2	0.2	0.2	0.2	0.2	0.2	0.2	0.2	0.2	0.2	0.2	0.2
10000	3	0.01	0.02	1	1	0.4	0.8	0.5	2.5	15	0.8	0.5	2.5	15	0.8	0.5	2.5	15	0.8	0.5	2.5	15	0	0.8	0.5	2.5	15	0.8	0.5	2.5	15	0.8	0.5	2.5	15	0.8	0.5	2.5	15	0	0.1	0.1	0.1	0.1	0.1	0.1	0.1	0.1	0.1	0.1	0.1	0.1	0.1	0.1	0.1	0.1	0.1
10000	5.0552	0.007597	0.03	1	1	0.4786	1	0.3	2.8333	8.2553	1	0.3	2.8333	8.2552	0.9715	0.29145	2.7526	8.02	0.9715	0.29145	2.7526	8.02	0	1.4406	0.43218	4.0817	11.893	1.4406	0.43218	4.0817	11.893	1.3996	0.41986	3.9654	11.554	1.3996	0.41986	3.9654	11.554	0	0.2	0.2	0.2	0.2	0.2	0.2	0.2	0.2	0.2	0.2	0.2	0.2	0.2	0.2	0.2	0.2	0.2
10000	3.9965	0.001	0.01	1	1	0.8	1.0368	0.3	2.5	15	0.99359	0.2875	2.3958	14.375	1.1774	0.34069	2.8391	17.035	1.1774	0.34069	2.8391	17.035	0	0.64668	0.18712	1.5593	9.3559	0.61973	0.17932	1.4943	8.9661	0.7344	0.2125	1.7708	10.625	0.7344	0.2125	1.7708	10.625	0	0.066667	0.066667	0.066667	0.066667	0.066667	0.066667	0.066667	0.066667	0.066667	0.066667	0.066667	0.066667	0.066667	0.066667	0.066667	0.066667	0.066667
10000	10	0.001	0.020023	1	1	0.80104	0.99885	0.29996	2.498	14.993	1.3261	0.39824	3.3164	19.905	0.99982	0.30025	2.5004	15.007	0.99982	0.30025	2.5004	15.007	0	0.99784	0.29965	2.4955	14.978	1.3248	0.39784	3.3131	19.885	0.99882	0.29995	2.4979	14.992	0.99882	0.29995	2.4979	14.992	0	0.20032	0.20032	0.20032	0.20032	0.20032	0.20032	0.20032	0.20032	0.20032	0.20032	0.20032	0.20032	0.20032	0.20032	0.20032	0.20032	0.20032
10000	10	0.001	0.01	1	1	0.8	1	0.3	2.5	15	0.99999	0.3	2.5	15	0.99999	0.3	2.5	15	0.99999	0.3	2.5	15	0	1.1667	0.35	2.9167	17.5	1.1667	0.35	2.9166	17.5	1.1667	0.35	2.9166	17.5	1.1667	0.35	2.9166	17.5	0	0.3	0.3	0.3	0.3	0.3	0.3	0.3	0.3	0.3	0.3	0.3	0.3	0.3	0.3	0.3	0.3	0.3
10000	4.8308	0.001	0.031666	1	1	0.8	0.6694	0.3	2.5	15	0.66939	0.3	2.5	15	0.99355	0.44528	3.7106	22.264	0.99355	0.44528	3.7106	22.264	0	0.60594	0.27156	2.263	13.578	0.60593	0.27156	2.263	13.578	0.89936	0.40306	3.3589	20.153	0.89936	0.40306	3.3589	20.153	0	0.18156	0.18156	0.18156	0.18156	0.18156	0.18156	0.18156	0.18156	0.18156	0.18156	0.18156	0.18156	0.18156	0.18156	0.18156	0.18156	0.18156
10000	10	0.001	0.01	1	1	0.86393	0.86791	0.42401	2.947	15.568	1.0856	0.53038	3.6863	19.474	1.2214	0.59672	4.1473	21.909	1.2214	0.59672	4.1473	21.909	0	0.91648	0.44774	3.1119	16.439	1.1464	0.56006	3.8926	20.564	1.2898	0.63011	4.3794	23.136	1.2898	0.63011	4.3794	23.136	0	0.22841	0.22841	0.22841	0.22841	0.22841	0.22841	0.22841	0.22841	0.22841	0.22841	0.22841	0.22841	0.22841	0.22841	0.22841	0.22841	0.22841
10000	4.1983	0.003463	0.020588	1	1	0.7119	0.59997	0.41043	3.7498	8.7963	0.58903	0.40294	3.6814	8.6358	0.56414	0.38591	3.5258	8.2709	0.56414	0.38591	3.5258	8.2709	0	0.52861	0.36161	3.3038	7.75	0.51897	0.35501	3.2435	7.6086	0.49704	0.34001	3.1064	7.2871	0.49704	0.34001	3.1064	7.2871	0	0.099692	0.099692	0.099692	0.099692	0.099692	0.099692	0.099692	0.099692	0.099692	0.099692	0.099692	0.099692	0.099692	0.099692	0.099692	0.099692	0.099692
10000	3.3957	0.001	0.012462	1	1	0.33098	1.0699	0.29581	3.6199	31.77	1.0392	0.28731	3.516	30.857	1.1695	0.32335	3.9569	34.727	1.1695	0.32335	3.9569	34.727	0	0.89233	0.24672	3.0192	26.497	0.86671	0.23963	2.9325	25.737	0.9754	0.26969	3.3002	28.964	0.9754	0.26969	3.3002	28.964	0	0.14582	0.14582	0.14582	0.14582	0.14582	0.14582	0.14582	0.14582	0.14582	0.14582	0.14582	0.14582	0.14582	0.14582	0.14582	0.14582	0.14582
10000	2.5167	0.001	0.02	1	1	0.4	1.0734	0.3	3.8168	55.181	0.93919	0.2625	3.3397	48.283	1.0286	0.2875	3.6578	52.881	1.0286	0.2875	3.6578	52.881	0	0.53668	0.15	1.9084	27.59	0.4696	0.13125	1.6698	24.142	0.51432	0.14375	1.8289	26.441	0.51432	0.14375	1.8289	26.441	0	0.034699	0.034699	0.034699	0.034699	0.034699	0.034699	0.034699	0.034699	0.034699	0.034699	0.034699	0.034699	0.034699	0.034699	0.034699	0.034699	0.034699
10000	4.9244	0.001	0.022077	1	1	0.56431	0.99406	0.3	3.7555	14.223	0.99406	0.3	3.7555	14.223	0.99406	0.3	3.7555	14.223	0.99406	0.3	3.7555	14.223	0	0.95091	0.28698	3.5925	13.605	0.95091	0.28698	3.5925	13.605	0.95091	0.28698	3.5925	13.605	0.95091	0.28698	3.5925	13.605	0	0.1277	0.1277	0.1277	0.1277	0.1277	0.1277	0.1277	0.1277	0.1277	0.1277	0.1277	0.1277	0.1277	0.1277	0.1277	0.1277	0.1277
10000	3.4508	0.001	0.017566	1	1	0.59995	1.0678	0.67743	3.531	50.729	1.3411	0.85079	4.4347	63.711	1.1623	0.73739	3.8436	55.219	1.1623	0.73739	3.8436	55.219	0	1.0042	0.6371	3.3208	47.709	1.2612	0.80014	4.1707	59.918	1.0931	0.69349	3.6148	51.932	1.0931	0.69349	3.6148	51.932	0	0.17164	0.17164	0.17164	0.17164	0.17164	0.17164	0.17164	0.17164	0.17164	0.17164	0.17164	0.17164	0.17164	0.17164	0.17164	0.17164	0.17164
10000	2.9893	0.0034036	0.01	1	1	0.72748	0.99956	0.29971	3.501	14.996	1.3405	0.40195	4.6953	20.112	0.99942	0.29967	3.5005	14.994	0.99942	0.29967	3.5005	14.994	0	0.99994	0.29983	3.5024	15.002	1.3411	0.40211	4.6971	20.12	0.99981	0.29979	3.5019	15	0.99981	0.29979	3.5019	15	0	0.088121	0.088121	0.088121	0.088121	0.088121	0.088121	0.088121	0.088121	0.088121	0.088121	0.088121	0.088121	0.088121	0.088121	0.088121	0.088121	0.088121
10000	2.816	0.001	0.02212	1	1	0.16346	1.0478	0.14132	4.9496	11.343	1.8937	0.2554	8.9451	20.499	0.88724	0.11966	4.1911	9.6044	0.88724	0.11966	4.1911	9.6044	0	0.87785	0.1184	4.1467	9.5028	1.5865	0.21397	7.4942	17.174	0.74333	0.10025	3.5113	8.0465	0.74333	0.10025	3.5113	8.0465	0	0.051176	0.051176	0.051176	0.051176	0.051176	0.051176	0.051176	0.051176	0.051176	0.051176	0.051176	0.051176	0.051176	0.051176	0.051176	0.051176	0.051176
10000	2.9606	0.0049592	0.029796	1	1	0.46602	1.0051	0.19227	3.3423	14.959	2.0057	0.38368	6.6696	29.851	0.97732	0.18696	3.2499	14.546	0.97732	0.18696	3.2499	14.546	0	1.0096	0.19313	3.3572	15.026	2.0147	0.38539	6.6994	29.985	0.98169	0.18779	3.2644	14.611	0.98169	0.18779	3.2644	14.611	0	0.20204	0.20204	0.20204	0.20204	0.20204	0.20204	0.20204	0.20204	0.20204	0.20204	0.20204	0.20204	0.20204	0.20204	0.20204	0.20204	0.20204
10000	3.9819	0.0012222	0.017608	1	1	0.70833	0.8301	0.054167	4.0625	17.375	1.4786	0.096484	7.2363	30.949	1.0857	0.070845	5.3133	22.725	1.0857	0.070845	5.3133	22.725	0	0.95466	0.062294	4.6721	19.982	1.7005	0.11096	8.3221	35.593	1.2486	0.081475	6.1106	26.135	1.2486	0.081475	6.1106	26.135	0	0.15508	0.15508	0.15508	0.15508	0.15508	0.15508	0.15508	0.15508	0.15508	0.15508	0.15508	0.15508	0.15508	0.15508	0.15508	0.15508	0.15508
10000	3.0172	0.0052377	0.03	1	1	0.17504	1.0452	0.21646	3.3333	20	1.3935	0.28861	4.4445	26.667	1.0306	0.21345	3.2871	19.722	1.0306	0.21345	3.2871	19.722	0	1.1618	0.24063	3.7055	22.233	1.5491	0.32083	4.9406	29.644	1.1457	0.23728	3.654	21.924	1.1457	0.23728	3.654	21.924	0	0.094444	0.094444	0.094444	0.094444	0.094444	0.094444	0.094444	0.094444	0.094444	0.094444	0.094444	0.094444	0.094444	0.094444	0.094444	0.094444	0.094444
10000	5.1735	0.001	0.017042	1	1	0.56452	1	0.3	3.3333	20	1	0.3	3.3333	20	1	0.3	3.3333	20	1	0.3	3.3333	20	0	1.1658	0.34975	3.8861	23.316	1.1658	0.34975	3.8861	23.316	1.1658	0.34975	3.8861	23.316	1.1658	0.34975	3.8861	23.316	0	0.1909	0.1909	0.1909	0.1909	0.1909	0.1909	0.1909	0.1909	0.1909	0.1909	0.1909	0.1909	0.1909	0.1909	0.1909	0.1909	0.1909
10000	6.5741	0.001	0.01	1	1	0.47288	1.2198	0.52732	3.6346	12.369	1.3301	0.575	3.9632	13.487	1.7592	0.7605	5.2418	17.838	1.7592	0.7605	5.2418	17.838	0	1.1787	0.50954	3.512	11.952	1.2853	0.55561	3.8295	13.032	1.6999	0.73486	5.065	17.237	1.6999	0.73486	5.065	17.237	0	0.065148	0.065148	0.065148	0.065148	0.065148	0.065148	0.065148	0.065148	0.065148	0.065148	0.065148	0.065148	0.065148	0.065148	0.065148	0.065148	0.065148
10000	7	0.001	0.01	1	1	0.54428	1.3121	0.4	6.9844	15	1.733	0.5283	9.2246	19.811	1.4871	0.45334	7.9159	17	1.4871	0.45334	7.9159	17	0	0.75802	0.23108	4.0349	8.6656	1.0012	0.3052	5.3291	11.445	0.85911	0.2619	4.573	9.8212	0.85911	0.2619	4.573	9.8212	0	0.1	0.1	0.1	0.1	0.1	0.1	0.1	0.1	0.1	0.1	0.1	0.1	0.1	0.1	0.1	0.1	0.1
10000	6.0144	0.001	0.020147	1	1	0.61034	0.99603	0.39493	5.1513	15.059	0.98961	0.39239	5.118	14.962	0.95719	0.37953	4.9504	14.472	0.95719	0.37953	4.9504	14.472	0	0.98342	0.38993	5.0861	14.868	0.97708	0.38742	5.0533	14.772	0.94508	0.37473	4.8877	14.289	0.94508	0.37473	4.8877	14.289	0	0.10289	0.10289	0.10289	0.10289	0.10289	0.10289	0.10289	0.10289	0.10289	0.10289	0.10289	0.10289	0.10289	0.10289	0.10289	0.10289	0.10289
10000	5	0.001	0.01	1	1	0.8	1	0.6	4.6667	20	1	0.6	4.6667	20	1.3193	0.79158	6.1567	26.386	1.3193	0.79158	6.1567	26.386	0	1	0.6	4.6667	20	1	0.6	4.6667	20	1.3193	0.79158	6.1567	26.386	1.3193	0.79158	6.1567	26.386	0	0.1	0.1	0.1	0.1	0.1	0.1	0.1	0.1	0.1	0.1	0.1	0.1	0.1	0.1	0.1	0.1	0.1
10000	9.3639	0.001	0.01	1	1	0.8	0.80689	0.4145	3.5982	7.0233	0.80689	0.4145	3.5982	7.0233	0.80689	0.4145	3.5982	7.0233	0.80689	0.4145	3.5982	7.0233	0	0.80689	0.4145	3.5982	7.0233	0.80689	0.4145	3.5982	7.0233	0.80689	0.4145	3.5982	7.0233	0.80689	0.4145	3.5982	7.0233	0	0.2	0.2	0.2	0.2	0.2	0.2	0.2	0.2	0.2	0.2	0.2	0.2	0.2	0.2	0.2	0.2	0.2
10000	9.9999	0.001	0.01	1	1	0.45925	0.70673	0.59983	2.4984	29.998	0.70584	0.59907	2.4952	29.96	0.59171	0.5022	2.0918	25.115	0.59171	0.5022	2.0918	25.115	0	0.82436	0.69966	2.9142	34.99	0.82331	0.69877	2.9105	34.946	0.69019	0.58579	2.4399	29.295	0.69019	0.58579	2.4399	29.295	0	0.10019	0.10019	0.10019	0.10019	0.10019	0.10019	0.10019	0.10019	0.10019	0.10019	0.10019	0.10019	0.10019	0.10019	0.10019	0.10019	0.10019
10000	7	0.001	0.02	1	1	0.61783	0.99999	0.3	3.5437	20	0.84051	0.25216	2.9786	16.81	0.99999	0.3	3.5437	20	0.99999	0.3	3.5437	20	0	1.1718	0.35154	4.1525	23.436	0.98491	0.29548	3.4903	19.698	1.1718	0.35154	4.1525	23.436	1.1718	0.35154	4.1525	23.436	0	0.2	0.2	0.2	0.2	0.2	0.2	0.2	0.2	0.2	0.2	0.2	0.2	0.2	0.2	0.2	0.2	0.2
10000	3.6382	0.0013069	0.01	1	1	0.53836	1.0566	-6.4609e-05	3.3079	15.634	1.4835	-9.0707e-05	4.644	21.949	0.62983	-3.8512e-05	1.9717	9.319	0.62983	-3.8512e-05	1.9717	9.319	0	0.28443	-1.7392e-05	0.89041	4.2084	0.39932	-2.4417e-05	1.2501	5.9084	0.16954	-1.0367e-05	0.53075	2.5085	0.16954	-1.0367e-05	0.53075	2.5085	0	0.0076724	0.0076724	0.0076724	0.0076724	0.0076724	0.0076724	0.0076724	0.0076724	0.0076724	0.0076724	0.0076724	0.0076724	0.0076724	0.0076724	0.0076724	0.0076724	0.0076724
10000	5.3661	0.001	0.018756	1	1	0.66722	0.80354	0.29974	3.5009	16.67	0.50232	0.18738	2.1885	10.421	0.73988	0.27599	3.2235	15.349	0.73988	0.27599	3.2235	15.349	0	0.80326	0.29964	3.4997	16.664	0.50215	0.18731	2.1878	10.417	0.73962	0.2759	3.2224	15.344	0.73962	0.2759	3.2224	15.344	0	0.12948	0.12948	0.12948	0.12948	0.12948	0.12948	0.12948	0.12948	0.12948	0.12948	0.12948	0.12948	0.12948	0.12948	0.12948	0.12948	0.12948
10000	2.2531	0.001	0.032027	1	1	1	1	0.27682	3.6921	22.162	1.2165	0.33677	4.4916	26.961	0.99395	0.27515	3.6697	22.028	0.99395	0.27515	3.6697	22.028	0	0.92964	0.25734	3.4323	20.602	1.1309	0.31307	4.1755	25.064	0.92401	0.25579	3.4115	20.478	0.92401	0.25579	3.4115	20.478	0	0.069444	0.069444	0.069444	0.069444	0.069444	0.069444	0.069444	0.069444	0.069444	0.069444	0.069444	0.069444	0.069444	0.069444	0.069444	0.069444	0.069444
10000	6.4691	0.0031674	0.021872	1	1	0.90638	0.87405	0.22197	3.4199	14.251	0.82105	0.20851	3.2125	13.387	0.83338	0.21164	3.2607	13.588	0.83338	0.21164	3.2607	13.588	0	0.35694	0.090647	1.3966	5.8197	0.33529	0.08515	1.3119	5.4668	0.34033	0.086429	1.3316	5.5489	0.34033	0.086429	1.3316	5.5489	0	0.095604	0.095604	0.095604	0.095604	0.095604	0.095604	0.095604	0.095604	0.095604	0.095604	0.095604	0.095604	0.095604	0.095604	0.095604	0.095604	0.095604
10000	3	0.01	0.02	1	1	0.53333	1	0	3.5	15	1	0	3.5	15	1.4757	0	5.1648	22.135	1.4757	0	5.1648	22.135	0	0.5	0	1.75	7.5	0.5	0	1.75	7.5	0.73783	0	2.5824	11.067	0.73783	0	2.5824	11.067	0	0.14519	0.14519	0.14519	0.14519	0.14519	0.14519	0.14519	0.14519	0.14519	0.14519	0.14519	0.14519	0.14519	0.14519	0.14519	0.14519	0.14519
10000	4.3268	0.0044825	0.022222	1	1	0.89989	0.98819	0.29869	3.7497	17.647	0.89222	0.26969	3.3856	15.933	1.0842	0.3277	4.1139	19.361	1.0842	0.3277	4.1139	19.361	0	0.78918	0.23854	2.9946	14.093	0.71254	0.21538	2.7038	12.724	0.86582	0.26171	3.2854	15.462	0.86582	0.26171	3.2854	15.462	0	0.12162	0.12162	0.12162	0.12162	0.12162	0.12162	0.12162	0.12162	0.12162	0.12162	0.12162	0.12162	0.12162	0.12162	0.12162	0.12162	0.12162
10000	6.0381	0.001	0.031497	1	1	0.78243	1.0195	0.28731	2.4658	14.844	1.5119	0.42605	3.6566	22.012	1.1806	0.33271	2.8555	17.189	1.1806	0.33271	2.8555	17.189	0	0.49981	0.14085	1.2088	7.277	0.74117	0.20887	1.7926	10.791	0.57878	0.1631	1.3998	8.4268	0.57878	0.1631	1.3998	8.4268	0	0	0	0	0	0	0	0	0	0	0	0	0	0	0	0	0	0
10000	6	0.005	0.01	1	1	1	1	0.5	3.5	15	1	0.5	3.5	15	1	0.5	3.5	15	1	0.5	3.5	15	0	0.5	0.25	1.75	7.5	0.5	0.25	1.75	7.5	0.5	0.25	1.75	7.5	0.5	0.25	1.75	7.5	0	0.1	0.1	0.1	0.1	0.1	0.1	0.1	0.1	0.1	0.1	0.1	0.1	0.1	0.1	0.1	0.1	0.1
10000	4.2035	0.001	0.017536	1	1	1.1351	0.99915	0.34061	3.7977	10.787	0.98412	0.33549	3.7405	10.625	1.0037	0.34216	3.8149	10.836	1.0037	0.34216	3.8149	10.836	0	0.7325	0.24971	2.7842	7.9085	0.72147	0.24595	2.7423	7.7895	0.73581	0.25084	2.7968	7.9443	0.73581	0.25084	2.7968	7.9443	0	0.1977	0.1977	0.1977	0.1977	0.1977	0.1977	0.1977	0.1977	0.1977	0.1977	0.1977	0.1977	0.1977	0.1977	0.1977	0.1977	0.1977
10000	6.8921	0.001	0.01	1	1	1.25	0.8486	-0.025	3.375	19	1.0146	-0.02989	4.0352	22.717	0.58341	-0.017187	2.3203	13.062	0.58341	-0.017187	2.3203	13.062	0	0.47734	-0.014062	1.8984	10.687	0.57071	-0.016813	2.2698	12.778	0.32817	-0.0096678	1.3052	7.3476	0.32817	-0.0096678	1.3052	7.3476	0	0.27918	0.27918	0.27918	0.27918	0.27918	0.27918	0.27918	0.27918	0.27918	0.27918	0.27918	0.27918	0.27918	0.27918	0.27918	0.27918	0.27918
10000	1.0667	0.0025084	0.019108	1	1	1.0717	1.037	0.3	4.614	15	1.037	0.3	4.6139	15	1.037	0.3	4.614	15	1.037	0.3	4.614	15	0	0.67966	0.19662	3.0239	9.8309	0.67966	0.19662	3.0239	9.8308	0.67966	0.19662	3.0239	9.8309	0.67966	0.19662	3.0239	9.8309	0	0.2	0.2	0.2	0.2	0.2	0.2	0.2	0.2	0.2	0.2	0.2	0.2	0.2	0.2	0.2	0.2	0.2
10000	7.7465	0.001	0.022936	1	1	1.0682	0.98418	0.13987	3.3676	22.082	0.97054	0.13794	3.321	21.776	0.97232	0.13819	3.327	21.816	0.97232	0.13819	3.327	21.816	0	0.55998	0.079586	1.9161	12.565	0.55222	0.078483	1.8896	12.39	0.55323	0.078626	1.893	12.413	0.55323	0.078626	1.893	12.413	0	0.29358	0.29358	0.29358	0.29358	0.29358	0.29358	0.29358	0.29358	0.29358	0.29358	0.29358	0.29358	0.29358	0.29358	0.29358	0.29358	0.29358
10000	1.2927	0.0036667	0.01	1	1	0.8	0.85035	0.43458	3.1667	276.67	1.2755	0.65186	4.75	415	1.0548	0.53908	3.9282	343.2	1.0548	0.53908	3.9282	343.2	0	0.83473	0.4266	3.1085	271.58	1.2521	0.63989	4.6627	407.37	1.0355	0.52918	3.856	336.89	1.0355	0.52918	3.856	336.89	0	0.19337	0.19337	0.19337	0.19337	0.19337	0.19337	0.19337	0.19337	0.19337	0.19337	0.19337	0.19337	0.19337	0.19337	0.19337	0.19337	0.19337
10000	5	0.001	0.023333	1	1	0.8	1	0.14547	3.3333	30	1	0.14547	3.3333	30	2	0.29095	6.6666	60	2	0.29095	6.6666	60	0	0.56569	0.082294	1.8856	16.971	0.56569	0.082294	1.8856	16.971	1.1314	0.16459	3.7713	33.942	1.1314	0.16459	3.7713	33.942	0	0.1	0.1	0.1	0.1	0.1	0.1	0.1	0.1	0.1	0.1	0.1	0.1	0.1	0.1	0.1	0.1	0.1
10000	2.9793	0.001	0.01	1	1	1.0762	0.99046	0.49391	4.6484	29.915	1.1626	0.57974	5.4561	35.114	1.1405	0.56873	5.3525	34.447	1.1405	0.56873	5.3525	34.447	0	0.98127	0.48933	4.6052	29.638	1.1518	0.57436	5.4055	34.788	1.1299	0.56345	5.3029	34.127	1.1299	0.56345	5.3029	34.127	0	0.19632	0.19632	0.19632	0.19632	0.19632	0.19632	0.19632	0.19632	0.19632	0.19632	0.19632	0.19632	0.19632	0.19632	0.19632	0.19632	0.19632
10000	2.8389	0.001	0.01	1	1	0.68838	0.98854	0.3	3.5	15	0.98854	0.3	3.5	15	1.5275	0.46357	5.4083	23.179	1.5275	0.46357	5.4083	23.179	0	0.78439	0.23804	2.7772	11.902	0.78439	0.23804	2.7772	11.902	1.2121	0.36783	4.2914	18.392	1.2121	0.36783	4.2914	18.392	0	0.1	0.1	0.1	0.1	0.1	0.1	0.1	0.1	0.1	0.1	0.1	0.1	0.1	0.1	0.1	0.1	0.1
10000	3	0.001	0.02	1	1	0.8	0.83361	0.3	3.5	15	0.83361	0.3	3.5	15	1.0923	0.39309	4.586	19.654	1.0923	0.39309	4.586	19.654	0	0.83361	0.3	3.5	15	0.83361	0.3	3.5	15	1.0923	0.39309	4.586	19.654	1.0923	0.39309	4.586	19.654	0	0.1	0.1	0.1	0.1	0.1	0.1	0.1	0.1	0.1	0.1	0.1	0.1	0.1	0.1	0.1	0.1	0.1
10000	6.9942	0.001	0.029942	1	1	1.0827	1.1438	0.29905	2.8869	14.988	1.2331	0.32239	3.1122	16.158	1.1427	0.29877	2.8841	14.974	1.1427	0.29877	2.8841	14.974	0	0.56676	0.14818	1.4304	7.4267	0.61099	0.15974	1.5421	8.0063	0.56623	0.14804	1.4291	7.4197	0.56623	0.14804	1.4291	7.4197	0	0.20058	0.20058	0.20058	0.20058	0.20058	0.20058	0.20058	0.20058	0.20058	0.20058	0.20058	0.20058	0.20058	0.20058	0.20058	0.20058	0.20058
10000	8.3149	0.001	0.022137	1	1	0.84145	0.88745	0.32716	3.3043	15	0.87512	0.32262	3.2584	14.792	0.85719	0.31601	3.1917	14.489	0.85719	0.31601	3.1917	14.489	0	0.7706	0.28409	2.8693	13.025	0.7599	0.28014	2.8294	12.844	0.74433	0.2744	2.7715	12.581	0.74433	0.2744	2.7715	12.581	0	0.080247	0.080247	0.080247	0.080247	0.080247	0.080247	0.080247	0.080247	0.080247	0.080247	0.080247	0.080247	0.080247	0.080247	0.080247	0.080247	0.080247
10000	5.7412	0.001	0.02	1	1	1	1.2574	0.3	3.5	20	1.2574	0.3	3.5	20	1.2574	0.3	3.5	20	1.2574	0.3	3.5	20	0	0.62869	0.15	1.75	10	0.62869	0.15	1.75	10	0.62869	0.15	1.75	10	0.62869	0.15	1.75	10	0	0.2	0.2	0.2	0.2	0.2	0.2	0.2	0.2	0.2	0.2	0.2	0.2	0.2	0.2	0.2	0.2	0.2
10000	7.9489	0.001	0.019999	1	1	1.0001	1.5001	0.36671	3.0067	14.444	1.4929	0.36497	2.9924	14.375	1.5469	0.37815	3.1005	14.895	1.5469	0.37815	3.1005	14.895	0	0.73976	0.18084	1.4827	7.123	0.73624	0.17998	1.4757	7.0891	0.76284	0.18648	1.529	7.3452	0.76284	0.18648	1.529	7.3452	0	0.2	0.2	0.2	0.2	0.2	0.2	0.2	0.2	0.2	0.2	0.2	0.2	0.2	0.2	0.2	0.2	0.2
10000	8.1379	0.0024095	0.02622	1	1	0.81917	1.3999	0.4574	3.9225	28.864	1.3681	0.44701	3.8335	28.208	1.3476	0.44031	3.776	27.785	1.3476	0.44031	3.776	27.785	0	0.7965	0.26024	2.2318	16.422	0.77841	0.25433	2.1811	16.049	0.76675	0.25052	2.1484	15.809	0.76675	0.25052	2.1484	15.809	0	0.15866	0.15866	0.15866	0.15866	0.15866	0.15866	0.15866	0.15866	0.15866	0.15866	0.15866	0.15866	0.15866	0.15866	0.15866	0.15866	0.15866
10000	2.5167	0.001	0.01	1	1	0.8	1	0.5	2.5	30	1	0.5	2.5	30	1	0.5	2.5	30	1	0.5	2.5	30	0	0.68316	0.34158	1.7079	20.495	0.68316	0.34158	1.7079	20.495	0.68316	0.34158	1.7079	20.495	0.68316	0.34158	1.7079	20.495	0	0.030565	0.030565	0.030565	0.030565	0.030565	0.030565	0.030565	0.030565	0.030565	0.030565	0.030565	0.030565	0.030565	0.030565	0.030565	0.030565	0.030565
10000	6.7495	0.0045901	0.019602	1	1	0.73866	1.0682	0.3443	5.0348	15.159	1.1058	0.35643	5.2121	15.693	1.103	0.35552	5.1989	15.653	1.103	0.35552	5.1989	15.653	0	0.94652	0.30509	4.4615	13.433	0.97985	0.31584	4.6186	13.906	0.97736	0.31503	4.6068	13.871	0.97736	0.31503	4.6068	13.871	0	0.20843	0.20843	0.20843	0.20843	0.20843	0.20843	0.20843	0.20843	0.20843	0.20843	0.20843	0.20843	0.20843	0.20843	0.20843	0.20843	0.20843
10000	6.9993	0.0023637	0.01	1	1	0.79882	0.99982	0.29988	3.5345	15.001	0.99998	0.29993	3.535	15.004	0.99966	0.29984	3.5339	14.999	0.99966	0.29984	3.5339	14.999	0	0.51741	0.15519	1.8291	7.7632	0.51749	0.15521	1.8294	7.7644	0.51733	0.15517	1.8288	7.762	0.51733	0.15517	1.8288	7.762	0	0.19993	0.19993	0.19993	0.19993	0.19993	0.19993	0.19993	0.19993	0.19993	0.19993	0.19993	0.19993	0.19993	0.19993	0.19993	0.19993	0.19993
10000	8.8059	0.001	0.016667	1	1	0.84423	1.0479	0.33194	2.586	14.607	1.0929	0.34621	2.6971	15.235	1.0974	0.34763	2.7082	15.297	1.0974	0.34763	2.7082	15.297	0	0.76549	0.24248	1.8891	10.671	0.7984	0.25291	1.9703	11.129	0.80168	0.25394	1.9784	11.175	0.80168	0.25394	1.9784	11.175	0	0.19321	0.19321	0.19321	0.19321	0.19321	0.19321	0.19321	0.19321	0.19321	0.19321	0.19321	0.19321	0.19321	0.19321	0.19321	0.19321	0.19321
10000	4.5525	0.0036667	0.036049	1	1	1.0667	0.52682	0.4	2.6538	6.8242	0.52682	0.4	2.6538	6.8242	0.84014	0.63789	4.2322	10.883	0.84014	0.63789	4.2322	10.883	0	0.52682	0.4	2.6538	6.8241	0.52682	0.4	2.6538	6.8242	0.84014	0.63789	4.2322	10.883	0.84014	0.63789	4.2322	10.883	0	0.13333	0.13333	0.13333	0.13333	0.13333	0.13333	0.13333	0.13333	0.13333	0.13333	0.13333	0.13333	0.13333	0.13333	0.13333	0.13333	0.13333
10000	7	0.0099999	0.020267	1	1	0.8	0.58418	0.6	1.9876	10	0.58418	0.6	1.9876	10	0.62694	0.64392	2.1331	10.732	0.62694	0.64392	2.1331	10.732	0	1.1842	1.2163	4.0291	20.271	1.1842	1.2163	4.0291	20.271	1.2709	1.3053	4.324	21.755	1.2709	1.3053	4.324	21.755	0	0.2992	0.2992	0.2992	0.2992	0.2992	0.2992	0.2992	0.2992	0.2992	0.2992	0.2992	0.2992	0.2992	0.2992	0.2992	0.2992	0.2992
10000	2.5167	0.010722	0.018333	1	1	0.71457	0.83448	0.6	2.5	30	0.83448	0.6	2.5	30	0.91712	0.65942	2.7476	32.971	0.91712	0.65942	2.7476	32.971	0	0.86653	0.62304	2.596	31.152	0.86653	0.62304	2.596	31.152	0.95234	0.68474	2.8531	34.237	0.95234	0.68474	2.8531	34.237	0	0.2731	0.2731	0.2731	0.2731	0.2731	0.2731	0.2731	0.2731	0.2731	0.2731	0.2731	0.2731	0.2731	0.2731	0.2731	0.2731	0.2731
10000	0.88367	0.41326	0.028647	1	1	0.58002	1.0741	1.0662	2.8993	13.682	1.3995	1.3893	3.7778	17.828	1.4859	1.475	4.0109	18.928	1.4859	1.475	4.0109	18.928	0	0.39718	0.39427	1.0721	5.0594	0.51753	0.51373	1.397	6.5923	0.54946	0.54542	1.4832	6.9991	0.54946	0.54542	1.4832	6.9991	0	0.34541	0.34541	0.34541	0.34541	0.34541	0.34541	0.34541	0.34541	0.34541	0.34541	0.34541	0.34541	0.34541	0.34541	0.34541	0.34541	0.34541
10000	3	0.001	0.02	1	1	0.71741	1	0.3	2.5	10	2	0.6	5	20	1	0.3	2.5	10	1	0.3	2.5	10	0	1	0.3	2.5	10	2	0.6	5	20	1	0.3	2.5	10	1	0.3	2.5	10	0	0.46831	0.46831	0.46831	0.46831	0.46831	0.46831	0.46831	0.46831	0.46831	0.46831	0.46831	0.46831	0.46831	0.46831	0.46831	0.46831	0.46831
10000	2.7886	0.007235	0.030806	1	1	0.74897	0.54955	0.3	2.5	8.2025	0.54955	0.3	2.5	8.2025	0.54955	0.3	2.5	8.2025	0.54955	0.3	2.5	8.2025	0	0.54955	0.3	2.5	8.2025	0.54955	0.3	2.5	8.2025	0.54955	0.3	2.5	8.2025	0.54955	0.3	2.5	8.2025	0	0.4	0.4	0.4	0.4	0.4	0.4	0.4	0.4	0.4	0.4	0.4	0.4	0.4	0.4	0.4	0.4	0.4
10000	2.8389	0.001	0.018735	1	1	0.8	0.8525	0.3	3.5	20	0.8525	0.3	3.5	20	0.9219	0.32442	3.7849	21.628	0.9219	0.32442	3.7849	21.628	0	0.8525	0.3	3.5	20	0.8525	0.3	3.5	20	0.9219	0.32442	3.785	21.628	0.9219	0.32442	3.785	21.628	0	0.3	0.3	0.3	0.3	0.3	0.3	0.3	0.3	0.3	0.3	0.3	0.3	0.3	0.3	0.3	0.3	0.3
10000	2.9942	0.001	0.01994	1	1	0.7973	0.70756	0.59987	2.4948	30.024	0.67881	0.5755	2.3934	28.804	0.70571	0.5983	2.4882	29.945	0.70571	0.5983	2.4882	29.945	0	0.70942	0.60145	2.5013	30.103	0.68059	0.577	2.3997	28.879	0.70756	0.59987	2.4947	30.024	0.70756	0.59987	2.4947	30.024	0	0.16766	0.16766	0.16766	0.16766	0.16766	0.16766	0.16766	0.16766	0.16766	0.16766	0.16766	0.16766	0.16766	0.16766	0.16766	0.16766	0.16766
10000	5.7072	0.0011975	0.02	1	1	0.78948	0.73409	0.37999	3.7524	16.667	0.85644	0.44332	4.3778	19.444	0.78678	0.40726	4.0217	17.863	0.78678	0.40726	4.0217	17.863	0	0.72884	0.37727	3.7256	16.547	0.85031	0.44015	4.3465	19.305	0.78115	0.40435	3.993	17.735	0.78115	0.40435	3.993	17.735	0	0.3	0.3	0.3	0.3	0.3	0.3	0.3	0.3	0.3	0.3	0.3	0.3	0.3	0.3	0.3	0.3	0.3
10000	5.3902	0.0053333	0.01962	1	1	0.80361	0.23066	0.27292	3.3026	14.667	0.19455	0.2302	2.7856	12.371	0.28544	0.33774	4.0869	18.15	0.28544	0.33774	4.0869	18.15	0	0.23907	0.28287	3.423	15.201	0.20165	0.23859	2.8872	12.822	0.29584	0.35005	4.2359	18.812	0.29584	0.35005	4.2359	18.812	0	0.31796	0.31796	0.31796	0.31796	0.31796	0.31796	0.31796	0.31796	0.31796	0.31796	0.31796	0.31796	0.31796	0.31796	0.31796	0.31796	0.31796
10000	7	0.0023934	0.016631	1	1	0.8	1	0.3	3.9919	15	1.1667	0.35	4.6573	17.5	1.4303	0.42909	5.7097	21.455	1.4303	0.42909	5.7097	21.455	0	0.99999	0.3	3.9919	15	1.1667	0.35	4.6572	17.5	1.4303	0.42909	5.7097	21.454	1.4303	0.42909	5.7097	21.454	0	0.41512	0.41512	0.41512	0.41512	0.41512	0.41512	0.41512	0.41512	0.41512	0.41512	0.41512	0.41512	0.41512	0.41512	0.41512	0.41512	0.41512
10000	2.9511	0.001	0.02	1	1	0.8	1	0.3	2.5	30	1	0.3	2.5	30	1	0.3	2.5	30	1	0.3	2.5	30	0	1	0.3	2.5	30	1	0.3	2.5	30	1	0.3	2.5	30	1	0.3	2.5	30	0	0.16676	0.16676	0.16676	0.16676	0.16676	0.16676	0.16676	0.16676	0.16676	0.16676	0.16676	0.16676	0.16676	0.16676	0.16676	0.16676	0.16676
10000	3	0.001	0.02	1	1	0.8	1	0.3	2.5	15	1.3565	0.40694	3.3912	20.347	1	0.3	2.5	15	1	0.3	2.5	15	0	1.0133	0.30399	2.5333	15.2	1.3745	0.41236	3.4363	20.618	1.0133	0.30399	2.5333	15.2	1.0133	0.30399	2.5333	15.2	0	0.089257	0.089257	0.089257	0.089257	0.089257	0.089257	0.089257	0.089257	0.089257	0.089257	0.089257	0.089257	0.089257	0.089257	0.089257	0.089257	0.089257
10000	0.1	1	0.01	1	1	0.8974	1.0688	0.34472	3.4537	14.45	1.3916	0.44882	4.4967	18.813	0.99954	0.32238	3.2299	13.513	0.99954	0.32238	3.2299	13.513	0	0.55491	0.17898	1.7931	7.5021	0.72249	0.23302	2.3347	9.7677	0.51895	0.16738	1.6769	7.016	0.51895	0.16738	1.6769	7.016	0	0.090439	0.090439	0.090439	0.090439	0.090439	0.090439	0.090439	0.090439	0.090439	0.090439	0.090439	0.090439	0.090439	0.090439	0.090439	0.090439	0.090439
10000	2.55	0.001	0.02	1	1	0.8	1.1707	0.3	2.5	15	2.3414	0.6	5	30	1.1707	0.3	2.5	15	1.1707	0.3	2.5	15	0	1.1707	0.3	2.5	15	2.3414	0.6	5	30	1.1707	0.3	2.5	15	1.1707	0.3	2.5	15	0	0.2	0.2	0.2	0.2	0.2	0.2	0.2	0.2	0.2	0.2	0.2	0.2	0.2	0.2	0.2	0.2	0.2
10000	4.5053	0.0013545	0.01	1	1	1.0556	1.0837	0.3	3.5	30	2.1673	0.6	7	60	1.0837	0.3	3.5	30	1.0837	0.3	3.5	30	0	1.1838	0.32772	3.8234	32.772	2.3676	0.65544	7.6469	65.544	1.1838	0.32772	3.8234	32.772	1.1838	0.32772	3.8234	32.772	0	0.31667	0.31667	0.31667	0.31667	0.31667	0.31667	0.31667	0.31667	0.31667	0.31667	0.31667	0.31667	0.31667	0.31667	0.31667	0.31667	0.31667
10000	5.0463	0.0028659	0.020314	1	1	1.0988	0.49295	0.50398	2.5558	20.126	0.49843	0.50958	2.5842	20.349	0.49582	0.50691	2.5707	20.243	0.49582	0.50691	2.5707	20.243	0	0.49973	0.5109	2.591	20.402	0.50528	0.51658	2.6198	20.629	0.50264	0.51388	2.606	20.521	0.50264	0.51388	2.606	20.521	0	0.21541	0.21541	0.21541	0.21541	0.21541	0.21541	0.21541	0.21541	0.21541	0.21541	0.21541	0.21541	0.21541	0.21541	0.21541	0.21541	0.21541
10000	3	0.001	0.02	1	1	1.1221	1	0.3	2.5	15	1	0.3	2.5	15	1	0.3	2.5	15	1	0.3	2.5	15	0	1	0.3	2.5	15	1	0.3	2.5	15	1	0.3	2.5	15	1	0.3	2.5	15	0	0.2	0.2	0.2	0.2	0.2	0.2	0.2	0.2	0.2	0.2	0.2	0.2	0.2	0.2	0.2	0.2	0.2
10000	5	0.001	0.01	1	1	1.1059	0.82324	0.3	2.5	10	0.82324	0.3	2.5	10	0.82324	0.3	2.5	10	0.82324	0.3	2.5	10	0	0.89481	0.32608	2.7174	10.869	0.89481	0.32608	2.7174	10.869	0.89481	0.32608	2.7174	10.869	0.89481	0.32608	2.7174	10.869	0	0.3	0.3	0.3	0.3	0.3	0.3	0.3	0.3	0.3	0.3	0.3	0.3	0.3	0.3	0.3	0.3	0.3
10000	6.2779	0.0027759	0.01556	1	1	1.1386	0.64566	0.16915	2.8468	16.776	0.86716	0.22717	3.8234	22.531	0.77107	0.202	3.3997	20.034	0.77107	0.202	3.3997	20.034	0	0.50227	0.13158	2.2146	13.05	0.67457	0.17672	2.9742	17.527	0.59983	0.15714	2.6447	15.585	0.59983	0.15714	2.6447	15.585	0	0.31121	0.31121	0.31121	0.31121	0.31121	0.31121	0.31121	0.31121	0.31121	0.31121	0.31121	0.31121	0.31121	0.31121	0.31121	0.31121	0.31121
10000	4.3909	0.001	0.01	1	1	1.1762	1	0.40213	2.8845	8.8714	0.83532	0.33591	2.4095	7.4105	1	0.40213	2.8845	8.8714	1	0.40213	2.8845	8.8714	0	0.99088	0.39846	2.8582	8.7905	0.82771	0.33285	2.3875	7.3429	0.99088	0.39846	2.8582	8.7905	0.99088	0.39846	2.8582	8.7905	0	0.3	0.3	0.3	0.3	0.3	0.3	0.3	0.3	0.3	0.3	0.3	0.3	0.3	0.3	0.3	0.3	0.3
10000	3.0588	0.001	0.01	1	1	0.8	1	0.5	2.5	15	1	0.5	2.5	15	1	0.5	2.5	15	1	0.5	2.5	15	0	1	0.5	2.5	15	1	0.5	2.5	15	1	0.5	2.5	15	1	0.5	2.5	15	0	0.16667	0.16667	0.16667	0.16667	0.16667	0.16667	0.16667	0.16667	0.16667	0.16667	0.16667	0.16667	0.16667	0.16667	0.16667	0.16667	0.16667
10000	3.4911	0.001	0.02002	1	1	1.0663	1.001	0.39934	2.5018	15.008	1.0001	0.39899	2.4996	14.995	1.0836	0.43228	2.7081	16.246	1.0836	0.43228	2.7081	16.246	0	0.86473	0.34498	2.1612	12.965	0.86397	0.34467	2.1593	12.953	0.93606	0.37343	2.3394	14.034	0.93606	0.37343	2.3394	14.034	0	0.1002	0.1002	0.1002	0.1002	0.1002	0.1002	0.1002	0.1002	0.1002	0.1002	0.1002	0.1002	0.1002	0.1002	0.1002	0.1002	0.1002
10000	4.1908	0.001	0.03	1	1	0.8	1.1094	0.3	2.5	15	1.1094	0.3	2.5	15	1.1094	0.3	2.5	15	1.1094	0.3	2.5	15	0	1.1094	0.3	2.5	15	1.1094	0.3	2.5	15	1.1094	0.3	2.5	15	1.1094	0.3	2.5	15	0	0.18889	0.18889	0.18889	0.18889	0.18889	0.18889	0.18889	0.18889	0.18889	0.18889	0.18889	0.18889	0.18889	0.18889	0.18889	0.18889	0.18889
10000	5.1443	0.001	0.020139	1	1	0.80627	1.1979	0.39547	2.0283	14.944	1.7789	0.58731	3.0122	22.193	1.1114	0.36691	1.8818	13.865	1.1114	0.36691	1.8818	13.865	0	0.99526	0.32858	1.6852	12.417	1.478	0.48797	2.5027	18.44	0.92338	0.30485	1.5635	11.52	0.92338	0.30485	1.5635	11.52	0	0.18522	0.18522	0.18522	0.18522	0.18522	0.18522	0.18522	0.18522	0.18522	0.18522	0.18522	0.18522	0.18522	0.18522	0.18522	0.18522	0.18522
10000	7.8926	0.001	0.039904	1	1	1.1015	1.0516	-0.03513	5.049	14.438	1.1466	-0.038302	5.5049	15.742	0.99658	-0.033292	4.7849	13.683	0.99658	-0.033292	4.7849	13.683	0	0.2629	-0.0087824	1.2622	3.6095	0.28664	-0.0095755	1.3762	3.9355	0.24914	-0.008323	1.1962	3.4207	0.24914	-0.008323	1.1962	3.4207	0	0.14036	0.14036	0.14036	0.14036	0.14036	0.14036	0.14036	0.14036	0.14036	0.14036	0.14036	0.14036	0.14036	0.14036	0.14036	0.14036	0.14036
10000	5	0.001	0.02	1	1	0.54269	0.59602	0.5	2.5	20	0.55205	0.46312	2.3156	18.525	0.59602	0.5	2.5	20	0.59602	0.5	2.5	20	0	0.66576	0.5585	2.7925	22.34	0.61664	0.5173	2.5865	20.692	0.66576	0.5585	2.7925	22.34	0.66576	0.5585	2.7925	22.34	0	0.21446	0.21446	0.21446	0.21446	0.21446	0.21446	0.21446	0.21446	0.21446	0.21446	0.21446	0.21446	0.21446	0.21446	0.21446	0.21446	0.21446
10000	2.5167	0.001	0.01	1	1	0.4	0.8	0.3	2.5	20	0.8	0.3	2.5	20	0.8	0.3	2.5	20	0.8	0.3	2.5	20	0	0.51064	0.19149	1.5958	12.766	0.51064	0.19149	1.5958	12.766	0.51064	0.19149	1.5958	12.766	0.51064	0.19149	1.5958	12.766	0	0.1	0.1	0.1	0.1	0.1	0.1	0.1	0.1	0.1	0.1	0.1	0.1	0.1	0.1	0.1	0.1	0.1
10000	1.4361	0.001	0.040999	1	1	0.46046	0.9016	1.1227	3.3601	15.767	0.96494	1.2016	3.5961	16.875	0.96672	1.2038	3.6028	16.906	0.96672	1.2038	3.6028	16.906	0	0.42651	0.53112	1.5895	7.4589	0.45648	0.56843	1.7012	7.9829	0.45732	0.56948	1.7043	7.9976	0.45732	0.56948	1.7043	7.9976	0	0.12375	0.12375	0.12375	0.12375	0.12375	0.12375	0.12375	0.12375	0.12375	0.12375	0.12375	0.12375	0.12375	0.12375	0.12375	0.12375	0.12375
10000	3.7273	0.001	0.020999	1	1	0.74203	0.65764	0.70325	2.8531	15.54	0.93392	0.9987	4.0518	22.068	0.67042	0.71692	2.9086	15.842	0.67042	0.71692	2.9086	15.842	0	0.63097	0.67473	2.7374	14.91	0.89604	0.95819	3.8875	21.173	0.64323	0.68785	2.7906	15.199	0.64323	0.68785	2.7906	15.199	0	0.22081	0.22081	0.22081	0.22081	0.22081	0.22081	0.22081	0.22081	0.22081	0.22081	0.22081	0.22081	0.22081	0.22081	0.22081	0.22081	0.22081
10000	10	0.001	0.021967	1	1	0.8	1	0.3	3.7941	15	1.5	0.45	5.6912	22.5	2	0.6	7.5882	30	2	0.6	7.5882	30	0	0.71931	0.21579	2.7291	10.79	1.079	0.32369	4.0937	16.184	1.4386	0.43158	5.4583	21.579	1.4386	0.43158	5.4583	21.579	0	0.55	0.55	0.55	0.55	0.55	0.55	0.55	0.55	0.55	0.55	0.55	0.55	0.55	0.55	0.55	0.55	0.55
10000	2.4521	0.001	0.01	1	1	0.70937	0.76792	0.50378	3.3501	7.3952	0.84257	0.55275	3.6758	8.114	0.84633	0.55522	3.6922	8.1503	0.84633	0.55522	3.6922	8.1503	0	0.55189	0.36206	2.4077	5.3148	0.60553	0.39725	2.6417	5.8314	0.60824	0.39902	2.6535	5.8574	0.60824	0.39902	2.6535	5.8574	0	0.19685	0.19685	0.19685	0.19685	0.19685	0.19685	0.19685	0.19685	0.19685	0.19685	0.19685	0.19685	0.19685	0.19685	0.19685	0.19685	0.19685
10000	2.9451	0.001	0.030047	1	1	0.79959	0.79895	1.1076	3.5026	14.991	0.79851	1.107	3.5007	14.982	0.87616	1.2146	3.8411	16.439	0.87616	1.2146	3.8411	16.439	0	0.60357	0.83674	2.6461	11.325	0.60324	0.83628	2.6446	11.318	0.66189	0.9176	2.9018	12.419	0.66189	0.9176	2.9018	12.419	0	0.15035	0.15035	0.15035	0.15035	0.15035	0.15035	0.15035	0.15035	0.15035	0.15035	0.15035	0.15035	0.15035	0.15035	0.15035	0.15035	0.15035
10000	3.4506	0.0017439	0.023363	1	1	0.80101	0.99888	0.81282	3.053	26.205	1.0127	0.82407	3.0953	26.567	1.0163	0.82696	3.1062	26.661	1.0163	0.82696	3.1062	26.661	0	0.99089	0.80633	3.0286	25.995	1.0046	0.81748	3.0705	26.355	1.0081	0.82035	3.0813	26.448	1.0081	0.82035	3.0813	26.448	0	0.18779	0.18779	0.18779	0.18779	0.18779	0.18779	0.18779	0.18779	0.18779	0.18779	0.18779	0.18779	0.18779	0.18779	0.18779	0.18779	0.18779
10000	5.0318	0.001	0.019785	1	1	0.8097	0.5405	0.293	2.5189	14.914	0.5354	0.29023	2.4951	14.773	0.53602	0.29057	2.498	14.79	0.53602	0.29057	2.498	14.79	0	0.54559	0.29576	2.5426	15.054	0.54045	0.29297	2.5186	14.912	0.54107	0.29331	2.5215	14.93	0.54107	0.29331	2.5215	14.93	0	0.19805	0.19805	0.19805	0.19805	0.19805	0.19805	0.19805	0.19805	0.19805	0.19805	0.19805	0.19805	0.19805	0.19805	0.19805	0.19805	0.19805
10000	2.9777	0.001	0.023172	1	1	0.81031	0.75707	0.60744	2.48	14.908	0.74455	0.5974	2.4389	14.662	0.74948	0.60136	2.4551	14.759	0.74948	0.60136	2.4551	14.759	0	0.76465	0.61352	2.5048	15.058	0.752	0.60337	2.4633	14.809	0.75699	0.60738	2.4797	14.907	0.75699	0.60738	2.4797	14.907	0	0.16285	0.16285	0.16285	0.16285	0.16285	0.16285	0.16285	0.16285	0.16285	0.16285	0.16285	0.16285	0.16285	0.16285	0.16285	0.16285	0.16285
10000	7.4559	0.0024355	0.022319	1	1	0.79979	0.8003	0.37266	3.4992	15.003	0.76036	0.35406	3.3246	14.254	0.80006	0.37254	3.4982	14.998	0.80006	0.37254	3.4982	14.998	0	0.80054	0.37277	3.5003	15.007	0.76059	0.35416	3.3256	14.258	0.8003	0.37266	3.4992	15.003	0.8003	0.37266	3.4992	15.003	0	0.075027	0.075027	0.075027	0.075027	0.075027	0.075027	0.075027	0.075027	0.075027	0.075027	0.075027	0.075027	0.075027	0.075027	0.075027	0.075027	0.075027
10000	5.0753	0.001	0.02	1	1	0.96686	0.56318	0.4	2.5	12.698	0.56318	0.4	2.5	12.698	0.56318	0.4	2.5	12.698	0.56318	0.4	2.5	12.698	0	0.56318	0.4	2.5	12.698	0.56318	0.4	2.5	12.698	0.56318	0.4	2.5	12.698	0.56318	0.4	2.5	12.698	0	0.37778	0.37778	0.37778	0.37778	0.37778	0.37778	0.37778	0.37778	0.37778	0.37778	0.37778	0.37778	0.37778	0.37778	0.37778	0.37778	0.37778
10000	3.0907	0.001	0.020998	1	1	0.8	0.85958	0.66667	2.5926	15	0.84764	0.6574	2.5566	14.792	0.85958	0.66667	2.5926	15	0.85958	0.66667	2.5926	15	0	0.85223	0.66097	2.5704	14.872	0.84039	0.65178	2.5347	14.665	0.85223	0.66097	2.5704	14.872	0.85223	0.66097	2.5704	14.872	0	0.089815	0.089815	0.089815	0.089815	0.089815	0.089815	0.089815	0.089815	0.089815	0.089815	0.089815	0.089815	0.089815	0.089815	0.089815	0.089815	0.089815
10000	4.935	0.001	0.01	1	1	1.25	0.5	0.625	4.2083	19	0.28637	0.35797	2.4103	10.882	0.28125	0.35156	2.3672	10.688	0.28125	0.35156	2.3672	10.688	0	0.375	0.46875	3.1563	14.25	0.21478	0.26848	1.8077	8.1617	0.21094	0.26367	1.7754	8.0156	0.21094	0.26367	1.7754	8.0156	0	0.15007	0.15007	0.15007	0.15007	0.15007	0.15007	0.15007	0.15007	0.15007	0.15007	0.15007	0.15007	0.15007	0.15007	0.15007	0.15007	0.15007
10000	5	0.001	0.03	1	1	0.8	1	1	3.5	8.255	1.1667	1.1667	4.0833	9.6309	1.1667	1.1667	4.0833	9.6309	1.1667	1.1667	4.0833	9.6309	0	1	1	3.5	8.255	1.1667	1.1667	4.0833	9.6309	1.1667	1.1667	4.0833	9.6309	1.1667	1.1667	4.0833	9.6309	0	0.25569	0.25569	0.25569	0.25569	0.25569	0.25569	0.25569	0.25569	0.25569	0.25569	0.25569	0.25569	0.25569	0.25569	0.25569	0.25569	0.25569
10000	3	0.001	0.02	1	1	0.8	0.8	0.3	2.5	12.432	0.79992	0.29997	2.4997	12.431	0.78279	0.29355	2.4462	12.165	0.78279	0.29355	2.4462	12.165	0	0.8	0.3	2.5	12.432	0.79992	0.29997	2.4997	12.431	0.78279	0.29355	2.4462	12.165	0.78279	0.29355	2.4462	12.165	0	0.3	0.3	0.3	0.3	0.3	0.3	0.3	0.3	0.3	0.3	0.3	0.3	0.3	0.3	0.3	0.3	0.3
10000	6	0.001	0.03	1	1	0.8	1	0.3	3.5	10	1	0.3	3.5	10	1	0.3	3.5	10	1	0.3	3.5	10	0	1	0.3	3.5	9.9999	1	0.3	3.5	9.9999	1	0.3	3.5	9.9999	1	0.3	3.5	9.9999	0	0.41517	0.41517	0.41517	0.41517	0.41517	0.41517	0.41517	0.41517	0.41517	0.41517	0.41517	0.41517	0.41517	0.41517	0.41517	0.41517	0.41517
10000	2.4098	0.001	0.020447	1	1	0.79882	0.83286	0.56512	2.8218	16.122	1.6638	1.1289	5.6371	32.206	0.86432	0.58646	2.9283	16.73	0.86432	0.58646	2.9283	16.73	0	0.74517	0.50562	2.5247	14.424	1.4886	1.0101	5.0436	28.815	0.77332	0.52471	2.62	14.969	0.77332	0.52471	2.62	14.969	0	0.14597	0.14597	0.14597	0.14597	0.14597	0.14597	0.14597	0.14597	0.14597	0.14597	0.14597	0.14597	0.14597	0.14597	0.14597	0.14597	0.14597
10000	3.0916	0.001	0.020021	1	1	0.80093	0.85463	1.0651	2.776	16.656	0.88601	1.1042	2.8779	17.267	0.8554	1.0661	2.7785	16.671	0.8554	1.0661	2.7785	16.671	0	0.93134	1.1607	3.0251	18.151	0.96553	1.2033	3.1362	18.817	0.93218	1.1618	3.0279	18.167	0.93218	1.1618	3.0279	18.167	0	0.20793	0.20793	0.20793	0.20793	0.20793	0.20793	0.20793	0.20793	0.20793	0.20793	0.20793	0.20793	0.20793	0.20793	0.20793	0.20793	0.20793
10000	4.9975	0.001	0.017542	1	1	0.85775	1	0.6	2.5	15	1	0.6	2.5	15	1	0.6	2.5	15	1	0.6	2.5	15	0	1	0.6	2.5	15	1	0.6	2.5	15	1	0.6	2.5	15	1	0.6	2.5	15	0	0.28375	0.28375	0.28375	0.28375	0.28375	0.28375	0.28375	0.28375	0.28375	0.28375	0.28375	0.28375	0.28375	0.28375	0.28375	0.28375	0.28375
10000	4.3612	0.001	0.03754	1	1	0.68136	0.75707	0.28753	3.8883	14.998	1.514	0.575	7.7756	29.993	0.75723	0.28759	3.8891	15.001	0.75723	0.28759	3.8891	15.001	0	0.37844	0.14373	1.9437	7.4972	0.7568	0.28743	3.8869	14.993	0.37852	0.14376	1.9441	7.4988	0.37852	0.14376	1.9441	7.4988	0	0.27024	0.27024	0.27024	0.27024	0.27024	0.27024	0.27024	0.27024	0.27024	0.27024	0.27024	0.27024	0.27024	0.27024	0.27024	0.27024	0.27024
10000	6.9767	0.0014506	0.016759	1	1	0.80625	0.52716	0.30451	5.6916	30.056	0.52396	0.30266	5.657	29.873	0.52396	0.30266	5.657	29.873	0.52396	0.30266	5.657	29.873	0	0.52396	0.30267	5.6571	29.873	0.52078	0.30083	5.6227	29.692	0.52078	0.30083	5.6227	29.692	0.52078	0.30083	5.6227	29.692	0	0.45537	0.45537	0.45537	0.45537	0.45537	0.45537	0.45537	0.45537	0.45537	0.45537	0.45537	0.45537	0.45537	0.45537	0.45537	0.45537	0.45537
10000	3.4474	0.0057144	0.016831	1	1	0.73391	0.4865	1.0683	3.521	17.16	0.52619	1.1555	3.8082	18.56	0.49716	1.0917	3.5981	17.536	0.49716	1.0917	3.5981	17.536	0	0.5445	1.1957	3.9407	19.206	0.58891	1.2932	4.2622	20.772	0.55643	1.2219	4.027	19.627	0.55643	1.2219	4.027	19.627	0	0.23883	0.23883	0.23883	0.23883	0.23883	0.23883	0.23883	0.23883	0.23883	0.23883	0.23883	0.23883	0.23883	0.23883	0.23883	0.23883	0.23883
10000	5.3345	0.0032795	0.021772	1	1	0.76495	0.4754	0.43138	3.7866	16.03	0.48106	0.43652	3.8316	16.221	0.49116	0.44568	3.912	16.561	0.49116	0.44568	3.912	16.561	0	0.53682	0.48711	4.2758	18.101	0.54321	0.49291	4.3266	18.316	0.55461	0.50326	4.4174	18.701	0.55461	0.50326	4.4174	18.701	0	0.22338	0.22338	0.22338	0.22338	0.22338	0.22338	0.22338	0.22338	0.22338	0.22338	0.22338	0.22338	0.22338	0.22338	0.22338	0.22338	0.22338
10000	5	0.001	0.01	1	1	0.8	0.68529	0.30248	3.5	8.1322	0.8789	0.38794	4.4888	10.43	0.68529	0.30248	3.5	8.1322	0.68529	0.30248	3.5	8.1322	0	0.68529	0.30248	3.5	8.1322	0.8789	0.38794	4.4888	10.43	0.68529	0.30248	3.5	8.1322	0.68529	0.30248	3.5	8.1322	0	0.32686	0.32686	0.32686	0.32686	0.32686	0.32686	0.32686	0.32686	0.32686	0.32686	0.32686	0.32686	0.32686	0.32686	0.32686	0.32686	0.32686
10000	7.0379	0.011068	0.029616	1	1	0.60819	0.9904	0.29376	2.5168	10.053	1.3281	0.39393	3.375	13.481	1.9725	0.58505	5.0125	20.021	1.9725	0.58505	5.0125	20.021	0	0.84752	0.25138	2.1537	8.6026	1.1365	0.3371	2.8882	11.536	1.6879	0.50065	4.2894	17.133	1.6879	0.50065	4.2894	17.133	0	0.3974	0.3974	0.3974	0.3974	0.3974	0.3974	0.3974	0.3974	0.3974	0.3974	0.3974	0.3974	0.3974	0.3974	0.3974	0.3974	0.3974
10000	3.1311	0.0064538	0.016054	1	1	0.62273	0.80303	0.42803	2.8452	16.578	0.94159	0.50189	3.3362	19.439	0.94143	0.5018	3.3356	19.435	0.94143	0.5018	3.3356	19.435	0	0.48072	0.25623	1.7033	9.9243	0.56367	0.30045	1.9972	11.637	0.56357	0.3004	1.9968	11.635	0.56357	0.3004	1.9968	11.635	0	0.27891	0.27891	0.27891	0.27891	0.27891	0.27891	0.27891	0.27891	0.27891	0.27891	0.27891	0.27891	0.27891	0.27891	0.27891	0.27891	0.27891
10000	1.55	0.0090527	0.018112	1	1	0.4	0.85926	0.3	2.5	57.037	1.1139	0.38889	3.2407	73.937	0.6924	0.24174	2.0145	45.961	0.6924	0.24174	2.0145	45.961	0	0.33329	0.11636	0.96971	22.124	0.43205	0.15084	1.257	28.679	0.26857	0.093768	0.7814	17.828	0.26857	0.093768	0.7814	17.828	0	0.33057	0.33057	0.33057	0.33057	0.33057	0.33057	0.33057	0.33057	0.33057	0.33057	0.33057	0.33057	0.33057	0.33057	0.33057	0.33057	0.33057
10000	5	0.01547	0.02	1	1	0.8	1.1111	0.3	2.5	15	1.0891	0.29405	2.4504	14.703	1.6667	0.45	3.75	22.5	1.6667	0.45	3.75	22.5	0	1.2963	0.35	2.9167	17.5	1.2706	0.34306	2.8588	17.153	1.9444	0.525	4.375	26.25	1.9444	0.525	4.375	26.25	0	0.50679	0.50679	0.50679	0.50679	0.50679	0.50679	0.50679	0.50679	0.50679	0.50679	0.50679	0.50679	0.50679	0.50679	0.50679	0.50679	0.50679
10000	6.1343	0.02	0.018722	1	1	0.8	0.70543	0.3	3.7484	15	0.81237	0.34548	4.3167	17.274	0.63914	0.27181	3.3962	13.591	0.63914	0.27181	3.3962	13.591	0	0.70543	0.3	3.7484	15	0.81237	0.34548	4.3167	17.274	0.63914	0.27181	3.3962	13.591	0.63914	0.27181	3.3962	13.591	0	0.24641	0.24641	0.24641	0.24641	0.24641	0.24641	0.24641	0.24641	0.24641	0.24641	0.24641	0.24641	0.24641	0.24641	0.24641	0.24641	0.24641
10000	3.281	0.002	0.032235	1	1	0.59556	0.55084	0.6	3.5	20	0.55084	0.6	3.5	20	0.55084	0.6	3.5	20	0.55084	0.6	3.5	20	0	0.50505	0.55012	3.209	18.337	0.50505	0.55012	3.209	18.337	0.50505	0.55012	3.209	18.337	0.50505	0.55012	3.209	18.337	0	0.2	0.2	0.2	0.2	0.2	0.2	0.2	0.2	0.2	0.2	0.2	0.2	0.2	0.2	0.2	0.2	0.2
10000	3	0.005	0.01	1	1	0.54708	0.36661	0.4	3.5	15	0.36661	0.4	3.5	15	0.36661	0.4	3.5	15	0.36661	0.4	3.5	15	0	0.1833	0.2	1.75	7.5	0.1833	0.2	1.75	7.5	0.1833	0.2	1.75	7.5	0.1833	0.2	1.75	7.5	0	0.2	0.2	0.2	0.2	0.2	0.2	0.2	0.2	0.2	0.2	0.2	0.2	0.2	0.2	0.2	0.2	0.2
10000	3.3843	0.001	0.01	1	1	0.69457	0.8	0.5	5.0113	15	0.8	0.5	5.0113	15	0.8	0.5	5.0114	15	0.8	0.5	5.0114	15	0	0.8	0.5	5.0113	15	0.8	0.5	5.0113	15	0.8	0.5	5.0114	15	0.8	0.5	5.0114	15	0	0.55	0.55	0.55	0.55	0.55	0.55	0.55	0.55	0.55	0.55	0.55	0.55	0.55	0.55	0.55	0.55	0.55
10000	2.8899	0.0043646	0.01	1	1	0.66735	0.64079	0.69061	2.6831	17.791	0.99787	1.0755	4.1783	27.705	0.64079	0.69062	2.6832	17.791	0.64079	0.69062	2.6832	17.791	0	0.28479	0.30694	1.1925	7.9071	0.4435	0.47798	1.857	12.313	0.2848	0.30694	1.1925	7.9072	0.2848	0.30694	1.1925	7.9072	0	0.20022	0.20022	0.20022	0.20022	0.20022	0.20022	0.20022	0.20022	0.20022	0.20022	0.20022	0.20022	0.20022	0.20022	0.20022	0.20022	0.20022
10000	2.1449	0.0056579	0.015175	1	1	0.58287	1.1139	0.76555	4.0428	14.66	1.349	0.92716	4.8963	17.755	1.349	0.92716	4.8963	17.755	1.349	0.92716	4.8963	17.755	0	0.89698	0.61648	3.2556	11.806	1.0863	0.74662	3.9429	14.298	1.0863	0.74662	3.9429	14.298	1.0863	0.74662	3.9429	14.298	0	0.31882	0.31882	0.31882	0.31882	0.31882	0.31882	0.31882	0.31882	0.31882	0.31882	0.31882	0.31882	0.31882	0.31882	0.31882	0.31882	0.31882
10000	5.143	0.001	0.016111	1	1	0.96769	0.44404	0.81194	2.623	14.873	0.26976	0.49326	1.5935	9.0356	0.4662	0.85245	2.7538	15.615	0.4662	0.85245	2.7538	15.615	0	0.2817	0.51509	1.664	9.4355	0.17113	0.31292	1.0109	5.7321	0.29575	0.54079	1.747	9.9063	0.29575	0.54079	1.747	9.9063	0	0.3	0.3	0.3	0.3	0.3	0.3	0.3	0.3	0.3	0.3	0.3	0.3	0.3	0.3	0.3	0.3	0.3
10000	6.4121	0.01	0.02	1	1	1	0.42615	1.4108	3.6385	10	0.31997	1.0593	2.7319	7.5084	0.42615	1.4108	3.6385	10	0.42615	1.4108	3.6385	10	0	0.21308	0.70542	1.8193	5	0.15999	0.52966	1.366	3.7542	0.21308	0.70542	1.8193	5	0.21308	0.70542	1.8193	5	0	0.3	0.3	0.3	0.3	0.3	0.3	0.3	0.3	0.3	0.3	0.3	0.3	0.3	0.3	0.3	0.3	0.3
10000	5	0.005	0.015	1	1	1	-0.018354	0.4	2.5	15	-0.018354	0.4	2.5	15	-0.018354	0.4	2.5	15	-0.018354	0.4	2.5	15	0	-0.0089222	0.19444	1.2153	7.2917	-0.0089222	0.19444	1.2153	7.2917	-0.0089222	0.19444	1.2153	7.2917	-0.0089222	0.19444	1.2153	7.2917	0	0.19347	0.19347	0.19347	0.19347	0.19347	0.19347	0.19347	0.19347	0.19347	0.19347	0.19347	0.19347	0.19347	0.19347	0.19347	0.19347	0.19347
10000	0.47778	0.0068056	0.01	1	1	0.8	0.16735	0.3	2.5	15	0.25102	0.45	3.75	22.5	0.16735	0.3	2.5	15	0.16735	0.3	2.5	15	0	0.08791	0.15759	1.3133	7.8797	0.13187	0.23639	1.9699	11.82	0.08791	0.15759	1.3133	7.8797	0.08791	0.15759	1.3133	7.8797	0	0	0	0	0	0	0	0	0	0	0	0	0	0	0	0	0	0
10000	2.7035	0.0023917	0.036083	1	1	0.83918	0.32744	1.484	3.8422	16.217	0.33844	1.5339	3.9713	16.761	0.28387	1.2866	3.3309	14.059	0.28387	1.2866	3.3309	14.059	0	0.28387	1.2866	3.3309	14.059	0.29341	1.3298	3.4428	14.531	0.2461	1.1154	2.8877	12.188	0.2461	1.1154	2.8877	12.188	0	0.37762	0.37762	0.37762	0.37762	0.37762	0.37762	0.37762	0.37762	0.37762	0.37762	0.37762	0.37762	0.37762	0.37762	0.37762	0.37762	0.37762
10000	3.1816	0.001	0.03	1	1	1	-0.11743	0.70837	3.3334	20	-0.091699	0.55317	2.603	15.618	-0.029357	0.17709	0.83334	5.0001	-0.029357	0.17709	0.83334	5.0001	0	-0.1421	0.85722	4.0338	24.203	-0.11097	0.66941	3.15	18.9	-0.035526	0.21431	1.0084	6.0507	-0.035526	0.21431	1.0084	6.0507	0	0.25	0.25	0.25	0.25	0.25	0.25	0.25	0.25	0.25	0.25	0.25	0.25	0.25	0.25	0.25	0.25	0.25
10000	10	0.0050018	0.01	1	1	0.86235	0.33708	1.853	5.088	20.002	0.33715	1.8534	5.0889	20.006	0.31808	1.7485	4.8011	18.874	0.31808	1.7485	4.8011	18.874	0	0.33709	1.8531	5.0881	20.003	0.33716	1.8534	5.0891	20.007	0.31809	1.7486	4.8012	18.875	0.31809	1.7486	4.8012	18.875	0	0.22246	0.22246	0.22246	0.22246	0.22246	0.22246	0.22246	0.22246	0.22246	0.22246	0.22246	0.22246	0.22246	0.22246	0.22246	0.22246	0.22246
10000	4.7163	0.0021652	0.029966	1	1	0.8512	0.11526	1.4016	3.4437	15.505	0.067117	0.81622	2.0054	9.0288	0.10207	1.2413	3.0498	13.731	0.10207	1.2413	3.0498	13.731	0	0.10917	1.3276	3.2617	14.685	0.063571	0.77309	1.8994	8.5518	0.096681	1.1757	2.8887	13.006	0.096681	1.1757	2.8887	13.006	0	0.2632	0.2632	0.2632	0.2632	0.2632	0.2632	0.2632	0.2632	0.2632	0.2632	0.2632	0.2632	0.2632	0.2632	0.2632	0.2632	0.2632
10000	0.1	0.0036494	0.02	1	1	0.8	1.0667	2.1941	5	20	1.0667	2.1941	5	20	0.26667	0.54853	1.25	5	0.26667	0.54853	1.25	5	0	0.53334	1.0971	2.5	10	0.53334	1.0971	2.5	10	0.13333	0.27426	0.625	2.5	0.13333	0.27426	0.625	2.5	0	0.18972	0.18972	0.18972	0.18972	0.18972	0.18972	0.18972	0.18972	0.18972	0.18972	0.18972	0.18972	0.18972	0.18972	0.18972	0.18972	0.18972
10000	2.9936	0.001	0.01	1	1	1.0033	0.27737	0.99752	3.4925	15.027	0.27656	0.99462	3.4824	14.983	0.27656	0.99463	3.4824	14.983	0.27656	0.99463	3.4824	14.983	0	0.13914	0.50041	1.7521	7.5381	0.13874	0.49896	1.747	7.5163	0.13874	0.49896	1.747	7.5163	0.13874	0.49896	1.747	7.5163	0	0.30199	0.30199	0.30199	0.30199	0.30199	0.30199	0.30199	0.30199	0.30199	0.30199	0.30199	0.30199	0.30199	0.30199	0.30199	0.30199	0.30199
10000	5.5567	0.0034046	0.027308	1	1	1.1298	0.63396	0.53816	1.9521	17.931	0.83665	0.71023	2.5762	23.664	0.75797	0.64343	2.3339	21.439	0.75797	0.64343	2.3339	21.439	0	0.15849	0.13454	0.48802	4.4828	0.20916	0.17756	0.64405	5.9161	0.18949	0.16086	0.58348	5.3597	0.18949	0.16086	0.58348	5.3597	0	0.053844	0.053844	0.053844	0.053844	0.053844	0.053844	0.053844	0.053844	0.053844	0.053844	0.053844	0.053844	0.053844	0.053844	0.053844	0.053844	0.053844
10000	0.66277	0.0045384	0.01	1	1	0.99999	0.67615	1.9121	7	20	0.67615	1.9121	7	20	0.59163	1.6731	6.125	17.5	0.59163	1.6731	6.125	17.5	0	0.36285	1.0261	3.7566	10.733	0.36285	1.0261	3.7566	10.733	0.3175	0.89785	3.287	9.3914	0.3175	0.89785	3.287	9.3914	0	0.3	0.3	0.3	0.3	0.3	0.3	0.3	0.3	0.3	0.3	0.3	0.3	0.3	0.3	0.3	0.3	0.3
10000	0.1	0.0019932	0.011104	1	1	0.82352	1.0034	1.485	4.8108	19.973	1.0004	1.4806	4.7966	19.914	0.81902	1.2122	3.9269	16.303	0.81902	1.2122	3.9269	16.303	0	0.50338	0.74503	2.4135	10.02	0.50189	0.74282	2.4064	9.9907	0.41089	0.60814	1.9701	8.1792	0.41089	0.60814	1.9701	8.1792	0	0.19865	0.19865	0.19865	0.19865	0.19865	0.19865	0.19865	0.19865	0.19865	0.19865	0.19865	0.19865	0.19865	0.19865	0.19865	0.19865	0.19865
10000	3	0.0014444	0.027205	1	1	0.67094	-0.26787	0.66667	3.3986	10	-0.26787	0.66667	3.3986	10	-0.26787	0.66667	3.3986	10	-0.26787	0.66667	3.3986	10	0	-0.22405	0.55761	2.8426	8.3642	-0.22405	0.55761	2.8426	8.3642	-0.22405	0.55761	2.8426	8.3642	-0.22405	0.55761	2.8426	8.3642	0	0.22491	0.22491	0.22491	0.22491	0.22491	0.22491	0.22491	0.22491	0.22491	0.22491	0.22491	0.22491	0.22491	0.22491	0.22491	0.22491	0.22491
10000	6.6323	0.001	0.017452	1	1	0.93279	0.99696	2.1569	5	10.986	0.84953	1.838	4.2606	9.3615	0.98312	2.127	4.9306	10.834	0.98312	2.127	4.9306	10.834	0	0.51269	1.1092	2.5712	5.6496	0.43687	0.94517	2.191	4.8141	0.50556	1.0938	2.5355	5.5711	0.50556	1.0938	2.5355	5.5711	0	0.33785	0.33785	0.33785	0.33785	0.33785	0.33785	0.33785	0.33785	0.33785	0.33785	0.33785	0.33785	0.33785	0.33785	0.33785	0.33785	0.33785
10000	5	0.01	0.02	1	1	0.8	0.66464	0.3	2.5	15	0.67575	0.30502	2.5418	15.251	0.86298	0.38953	3.2461	19.476	0.86298	0.38953	3.2461	19.476	0	0.70156	0.31667	2.6389	15.833	0.7133	0.32196	2.683	16.098	0.91093	0.41117	3.4264	20.559	0.91093	0.41117	3.4264	20.559	0	0.1	0.1	0.1	0.1	0.1	0.1	0.1	0.1	0.1	0.1	0.1	0.1	0.1	0.1	0.1	0.1	0.1
10000	3.3047	0.01	0.02	1	1	0.8	1.0823	0.3	5	15	1.0823	0.3	5	15	2.1647	0.6	10	30	2.1647	0.6	10	30	0	1.0823	0.3	5	15	1.0823	0.3	5	15	2.1647	0.6	10	30	2.1647	0.6	10	30	0	0.4	0.4	0.4	0.4	0.4	0.4	0.4	0.4	0.4	0.4	0.4	0.4	0.4	0.4	0.4	0.4	0.4
10000	2.9819	0.0034446	0.023519	1	1	0.80836	1.0456	0.30604	4.6457	17.138	1.0541	0.30852	4.6835	17.277	1.3134	0.38441	5.8355	21.527	1.3134	0.38441	5.8355	21.527	0	1.0204	0.29864	4.5335	16.723	1.0287	0.30107	4.5703	16.859	1.2817	0.37512	5.6945	21.006	1.2817	0.37512	5.6945	21.006	0	0.65304	0.65304	0.65304	0.65304	0.65304	0.65304	0.65304	0.65304	0.65304	0.65304	0.65304	0.65304	0.65304	0.65304	0.65304	0.65304	0.65304
10000	1.842	0.001	0.029149	1	1	1.3611	0.5	-0.040341	4.4419	-0.26219	0.71007	-0.057289	6.3081	-0.37234	1.033	-0.083347	9.1774	-0.5417	1.033	-0.083347	9.1774	-0.5417	0	0.24471	-0.019744	2.174	-0.12832	0.34753	-0.028039	3.0874	-0.18223	0.5056	-0.040793	4.4917	-0.26512	0.5056	-0.040793	4.4917	-0.26512	0	0.45796	0.45796	0.45796	0.45796	0.45796	0.45796	0.45796	0.45796	0.45796	0.45796	0.45796	0.45796	0.45796	0.45796	0.45796	0.45796	0.45796
10000	10	0.0065886	0.01	1	1	1	0.90569	0.33884	3.1924	-25.923	0.90568	0.33883	3.1924	-25.923	0.91476	0.34223	3.2244	-26.183	0.91476	0.34223	3.2244	-26.183	0	0.90569	0.33884	3.1924	-25.923	0.90568	0.33883	3.1924	-25.923	0.91476	0.34223	3.2244	-26.183	0.91476	0.34223	3.2244	-26.183	0	0.34594	0.34594	0.34594	0.34594	0.34594	0.34594	0.34594	0.34594	0.34594	0.34594	0.34594	0.34594	0.34594	0.34594	0.34594	0.34594	0.34594
10000	3.9581	0.0063671	0.11228	1	1	1.2536	0.85036	0.29984	6.6675	-273.14	0.93629	0.33014	7.3413	-300.75	0.85018	0.29978	6.6661	-273.09	0.85018	0.29978	6.6661	-273.09	0	0.85794	0.30252	6.727	-275.58	0.94464	0.33309	7.4068	-303.43	0.85776	0.30245	6.7256	-275.52	0.85776	0.30245	6.7256	-275.52	0	0.18897	0.18897	0.18897	0.18897	0.18897	0.18897	0.18897	0.18897	0.18897	0.18897	0.18897	0.18897	0.18897	0.18897	0.18897	0.18897	0.18897
10000	1.7284	0.001	0.010726	1	1	1.25	1.25	0.0011361	17.932	2.0263	1.023	0.00092977	14.676	1.6583	1.3848	0.0012586	19.866	2.2448	1.3848	0.0012586	19.866	2.2448	0	0.76942	0.00069929	11.038	1.2472	0.62971	0.00057231	9.0334	1.0208	0.85242	0.00077472	12.228	1.3818	0.85242	0.00077472	12.228	1.3818	0	0.38498	0.38498	0.38498	0.38498	0.38498	0.38498	0.38498	0.38498	0.38498	0.38498	0.38498	0.38498	0.38498	0.38498	0.38498	0.38498	0.38498
10000	2.8328	0.0056096	0.01	1	1	1.1105	0.75442	0.3	2.7778	-10.195	0.74818	0.29752	2.7548	-10.111	0.75442	0.3	2.7778	-10.195	0.75442	0.3	2.7778	-10.195	0	1.1316	0.45	4.1667	-15.293	1.1223	0.44627	4.1322	-15.167	1.1316	0.45	4.1667	-15.293	1.1316	0.45	4.1667	-15.293	0	0.3	0.3	0.3	0.3	0.3	0.3	0.3	0.3	0.3	0.3	0.3	0.3	0.3	0.3	0.3	0.3	0.3
10000	10	0.0016667	0.031781	1	1	1.0667	1.1111	0.4	4.7384	-46.667	1.1467	0.41282	4.8902	-48.163	1.1111	0.4	4.7384	-46.667	1.1111	0.4	4.7384	-46.667	0	1.0648	0.38334	4.541	-44.722	1.099	0.39563	4.6865	-46.156	1.0648	0.38334	4.541	-44.722	1.0648	0.38334	4.541	-44.722	0	0.30892	0.30892	0.30892	0.30892	0.30892	0.30892	0.30892	0.30892	0.30892	0.30892	0.30892	0.30892	0.30892	0.30892	0.30892	0.30892	0.30892
10000	3	0.0056215	0.11552	1	1	0.8	1	0.6	4.6667	-906.06	1	0.6	4.6667	-906.06	0.95391	0.57234	4.4516	-864.3	0.95391	0.57234	4.4516	-864.3	0	1.1667	0.7	5.4444	-1057.1	1.1667	0.7	5.4444	-1057.1	1.1129	0.66774	5.1935	-1008.4	1.1129	0.66774	5.1935	-1008.4	0	0.3	0.3	0.3	0.3	0.3	0.3	0.3	0.3	0.3	0.3	0.3	0.3	0.3	0.3	0.3	0.3	0.3
10000	1.27	0.0095775	0.067671	1	1	1.5595	0.53979	0.59913	8.0355	3.684	0.75784	0.84115	11.281	5.1721	0.83197	0.92343	12.385	5.678	0.83197	0.92343	12.385	5.678	0	0.32174	0.3571	4.7894	2.1958	0.4517	0.50135	6.7241	3.0828	0.49588	0.55039	7.3818	3.3843	0.49588	0.55039	7.3818	3.3843	0	0.10919	0.10919	0.10919	0.10919	0.10919	0.10919	0.10919	0.10919	0.10919	0.10919	0.10919	0.10919	0.10919	0.10919	0.10919	0.10919	0.10919
10000	3	0.001	0.02	1	1	1.1347	0.83228	0.3	5.7596	-642.25	1.0105	0.36424	6.993	-779.79	1.4174	0.5109	9.8086	-1093.8	1.4174	0.5109	9.8086	-1093.8	0	0.42384	0.15278	2.9331	-327.07	0.51461	0.18549	3.5612	-397.11	0.72181	0.26018	4.9951	-557.01	0.72181	0.26018	4.9951	-557.01	0	0.26418	0.26418	0.26418	0.26418	0.26418	0.26418	0.26418	0.26418	0.26418	0.26418	0.26418	0.26418	0.26418	0.26418	0.26418	0.26418	0.26418
10000	2.843	0.0056153	0.022364	1	1	1.0667	1	0.3	5.8864	-1785	1	0.3	5.8864	-1785	1	0.3	5.8864	-1785	1	0.3	5.8864	-1785	0	1	0.3	5.8864	-1785	1	0.3	5.8864	-1785	1	0.3	5.8864	-1785	1	0.3	5.8864	-1785	0	0.51273	0.51273	0.51273	0.51273	0.51273	0.51273	0.51273	0.51273	0.51273	0.51273	0.51273	0.51273	0.51273	0.51273	0.51273	0.51273	0.51273
10000	2.9999	0.0049997	0.01	1	1	1.0666	0.93793	0.25049	5.6751	-84.933	0.93797	0.2505	5.6753	-84.937	0.97945	0.26158	5.9263	-88.694	0.97945	0.26158	5.9263	-88.694	0	0.93797	0.2505	5.6753	-84.937	0.93801	0.25052	5.6756	-84.941	0.9795	0.26159	5.9266	-88.698	0.9795	0.26159	5.9266	-88.698	0	0.30512	0.30512	0.30512	0.30512	0.30512	0.30512	0.30512	0.30512	0.30512	0.30512	0.30512	0.30512	0.30512	0.30512	0.30512	0.30512	0.30512
10000	1.0808	0.0058333	0.013687	1	1	0.8	1.3333	0.3	7	3.3043	1.3333	0.3	7	3.3043	1.3333	0.3	7	3.3043	1.3333	0.3	7	3.3043	0	1.3333	0.3	7	3.3043	1.3333	0.3	7	3.3043	1.3333	0.3	7	3.3043	1.3333	0.3	7	3.3043	0	0.43051	0.43051	0.43051	0.43051	0.43051	0.43051	0.43051	0.43051	0.43051	0.43051	0.43051	0.43051	0.43051	0.43051	0.43051	0.43051	0.43051
10000	0.45824	0.0050592	0.014924	1	1	0.78527	1.2494	0.49609	6.983	-53.911	1.2056	0.4787	6.7382	-52.022	1.5578	0.61856	8.7069	-67.22	1.5578	0.61856	8.7069	-67.22	0	0.68924	0.27367	3.8522	-29.741	0.66508	0.26408	3.7172	-28.698	0.85939	0.34123	4.8032	-37.083	0.85939	0.34123	4.8032	-37.083	0	0.29546	0.29546	0.29546	0.29546	0.29546	0.29546	0.29546	0.29546	0.29546	0.29546	0.29546	0.29546	0.29546	0.29546	0.29546	0.29546	0.29546
10000	2.4167	0.001	0.17738	1	1	0.68416	0.99999	0.4	4.6667	15	1.0353	0.41411	4.8313	15.529	0.99999	0.4	4.6667	15	0.99999	0.4	4.6667	15	0	0.99999	0.4	4.6667	15	1.0353	0.41411	4.8313	15.529	0.99999	0.4	4.6667	15	0.99999	0.4	4.6667	15	0	0.23103	0.23103	0.23103	0.23103	0.23103	0.23103	0.23103	0.23103	0.23103	0.23103	0.23103	0.23103	0.23103	0.23103	0.23103	0.23103	0.23103
10000	3.1667	0.005	0.023016	1	1	0.8	0.85727	0.3	4.8328	-46.802	0.9608	0.33623	5.4164	-52.454	0.91994	0.32193	5.1861	-50.224	0.91994	0.32193	5.1861	-50.224	0	0.85726	0.3	4.8327	-46.802	0.96079	0.33623	5.4164	-52.454	0.91994	0.32193	5.1861	-50.224	0.91994	0.32193	5.1861	-50.224	0	0.2942	0.2942	0.2942	0.2942	0.2942	0.2942	0.2942	0.2942	0.2942	0.2942	0.2942	0.2942	0.2942	0.2942	0.2942	0.2942	0.2942
10000	3.0729	0.001	0.01	1	1	0.79971	1.0003	0.00016132	4.9994	-1785	0.95833	0.00015455	4.7896	-1710.1	1.0003	0.00016131	4.9991	-1784.9	1.0003	0.00016131	4.9991	-1784.9	0	1.0006	0.00016136	5.0009	-1785.5	0.95861	0.00015459	4.791	-1710.6	1.0005	0.00016135	5.0006	-1785.4	1.0005	0.00016135	5.0006	-1785.4	0	0.29361	0.29361	0.29361	0.29361	0.29361	0.29361	0.29361	0.29361	0.29361	0.29361	0.29361	0.29361	0.29361	0.29361	0.29361	0.29361	0.29361
10000	4.0326	0.0035252	0.019513	1	1	0.91117	0.82194	0.45579	4.2777	-133.08	0.64956	0.3602	3.3805	-105.17	0.99431	0.55138	5.1748	-160.99	0.99431	0.55138	5.1748	-160.99	0	0.99432	0.55139	5.1748	-160.99	0.78579	0.43575	4.0896	-127.23	1.2029	0.66702	6.2601	-194.76	1.2029	0.66702	6.2601	-194.76	0	0.25057	0.25057	0.25057	0.25057	0.25057	0.25057	0.25057	0.25057	0.25057	0.25057	0.25057	0.25057	0.25057	0.25057	0.25057	0.25057	0.25057
10000	2.939	0.001	0.18477	1	1	0.60512	0.8	0.6	5.8546	-68.195	1.2959	0.97195	9.484	-110.47	0.8	0.6	5.8546	-68.195	0.8	0.6	5.8546	-68.195	0	0.6015	0.45113	4.4019	-51.274	0.97438	0.73079	7.1308	-83.061	0.6015	0.45113	4.4019	-51.274	0.6015	0.45113	4.4019	-51.274	0	0.26751	0.26751	0.26751	0.26751	0.26751	0.26751	0.26751	0.26751	0.26751	0.26751	0.26751	0.26751	0.26751	0.26751	0.26751	0.26751	0.26751
10000	2.7417	0.0052813	0.01	1	1	0.59308	0.99959	0.39973	2.4993	-155.69	3.2676	1.3067	8.1701	-508.94	1.6853	0.67394	4.2137	-262.48	1.6853	0.67394	4.2137	-262.48	0	0.99923	0.39959	2.4984	-155.63	3.2665	1.3063	8.1672	-508.75	1.6847	0.6737	4.2122	-262.39	1.6847	0.6737	4.2122	-262.39	0	0.42125	0.42125	0.42125	0.42125	0.42125	0.42125	0.42125	0.42125	0.42125	0.42125	0.42125	0.42125	0.42125	0.42125	0.42125	0.42125	0.42125
10000	1.5103	0.0020556	0.025	1	1	0.575	0.75	0.4625	37.474	-96.561	1.6641	1.0262	83.145	-214.25	0.58594	0.36133	29.276	-75.438	0.58594	0.36133	29.276	-75.438	0	0.58594	0.36133	29.276	-75.438	1.3001	0.8017	64.957	-167.38	0.45776	0.28229	22.872	-58.936	0.45776	0.28229	22.872	-58.936	0	0.48784	0.48784	0.48784	0.48784	0.48784	0.48784	0.48784	0.48784	0.48784	0.48784	0.48784	0.48784	0.48784	0.48784	0.48784	0.48784	0.48784
10000	2.8209	0.0097136	0.02	1	1	0.8	0.75627	0.3	2.5	-1289.7	0.75627	0.3	2.5	-1289.7	0.75627	0.3	2.5	-1289.7	0.75627	0.3	2.5	-1289.7	0	1.1344	0.45	3.75	-1934.5	1.1344	0.45	3.75	-1934.5	1.1344	0.45	3.75	-1934.5	1.1344	0.45	3.75	-1934.5	0	0.2868	0.2868	0.2868	0.2868	0.2868	0.2868	0.2868	0.2868	0.2868	0.2868	0.2868	0.2868	0.2868	0.2868	0.2868	0.2868	0.2868
10000	2.4155	0.010299	0.01	1	1	0.90795	0.69205	0.37796	4.6926	-84.952	1.147	0.62644	7.7777	-140.8	0.69905	0.38178	4.7401	-85.81	0.69905	0.38178	4.7401	-85.81	0	0.64708	0.3534	4.3877	-79.431	1.0725	0.58573	7.2723	-131.65	0.65362	0.35697	4.432	-80.234	0.65362	0.35697	4.432	-80.234	0	0.25982	0.25982	0.25982	0.25982	0.25982	0.25982	0.25982	0.25982	0.25982	0.25982	0.25982	0.25982	0.25982	0.25982	0.25982	0.25982	0.25982
10000	7.506	0.0041111	0.021334	1	1	0.72823	1	-0.7	3.5	14.444	1.0556	-0.73889	3.6944	15.247	1.0866	-0.76064	3.8032	15.696	1.0866	-0.76064	3.8032	15.696	0	1	-0.7	3.5	14.444	1.0556	-0.73889	3.6944	15.247	1.0866	-0.76064	3.8032	15.696	1.0866	-0.76064	3.8032	15.696	0	0.30867	0.30867	0.30867	0.30867	0.30867	0.30867	0.30867	0.30867	0.30867	0.30867	0.30867	0.30867	0.30867	0.30867	0.30867	0.30867	0.30867
10000	4.0003	0.0050011	0.019047	1	1	0.79987	0.99986	0.30009	2.778	19.999	0.99998	0.30013	2.7784	20.001	1.1462	0.34402	3.1847	22.927	1.1462	0.34402	3.1847	22.927	0	0.90605	0.27194	2.5174	18.122	0.90616	0.27197	2.5177	18.125	1.0387	0.31175	2.8859	20.776	1.0387	0.31175	2.8859	20.776	0	0.14699	0.14699	0.14699	0.14699	0.14699	0.14699	0.14699	0.14699	0.14699	0.14699	0.14699	0.14699	0.14699	0.14699	0.14699	0.14699	0.14699
10000	5	0.001	0.02	1	1	0.63822	1	0.196	3.738	15	1.3409	0.26281	5.0123	20.113	1.2182	0.23877	4.5538	18.273	1.2182	0.23877	4.5538	18.273	0	0.99999	0.196	3.738	15	1.3409	0.26281	5.0123	20.113	1.2182	0.23877	4.5537	18.273	1.2182	0.23877	4.5537	18.273	0	0.26667	0.26667	0.26667	0.26667	0.26667	0.26667	0.26667	0.26667	0.26667	0.26667	0.26667	0.26667	0.26667	0.26667	0.26667	0.26667	0.26667
10000	3.8695	0.0085	0.021103	1	1	0.64738	0.91667	0.24583	3.246	14.333	0.79786	0.21397	2.8253	12.476	1.0344	0.27742	3.663	16.175	1.0344	0.27742	3.663	16.175	0	0.96323	0.25832	3.4109	15.061	0.83839	0.22484	2.9688	13.109	1.087	0.29151	3.8491	16.996	1.087	0.29151	3.8491	16.996	0	0.16667	0.16667	0.16667	0.16667	0.16667	0.16667	0.16667	0.16667	0.16667	0.16667	0.16667	0.16667	0.16667	0.16667	0.16667	0.16667	0.16667
10000	5	0.005	0.028633	1	1	0.8	1	0.3	3.3333	10	1	0.3	3.3333	10	1	0.3	3.3333	10	1	0.3	3.3333	10	0	1	0.3	3.3333	10	1	0.3	3.3333	10	1	0.3	3.3333	10	1	0.3	3.3333	10	0	0.2	0.2	0.2	0.2	0.2	0.2	0.2	0.2	0.2	0.2	0.2	0.2	0.2	0.2	0.2	0.2	0.2
10000	3.5069	0.001	0.01	1	1	0.93038	1	0.28718	2.5	31.49	1	0.28718	2.5	31.49	0.94174	0.27045	2.3544	29.655	0.94174	0.27045	2.3544	29.655	0	1	0.28718	2.5	31.49	1	0.28718	2.5	31.49	0.94174	0.27045	2.3544	29.655	0.94174	0.27045	2.3544	29.655	0	0.103	0.103	0.103	0.103	0.103	0.103	0.103	0.103	0.103	0.103	0.103	0.103	0.103	0.103	0.103	0.103	0.103
10000	3.2771	0.0029964	0.016919	1	1	1.1064	0.79919	0.58652	2.4984	14.993	0.79855	0.58606	2.4964	14.981	0.79982	0.58699	2.5004	15.005	0.79982	0.58699	2.5004	15.005	0	0.73548	0.53977	2.2993	13.797	0.73489	0.53934	2.2974	13.786	0.73606	0.54019	2.3011	13.808	0.73606	0.54019	2.3011	13.808	0	0.099082	0.099082	0.099082	0.099082	0.099082	0.099082	0.099082	0.099082	0.099082	0.099082	0.099082	0.099082	0.099082	0.099082	0.099082	0.099082	0.099082
10000	4.5717	0.001	0.022904	1	1	1.1452	0.8548	0.20562	2.7541	93.919	0.96342	0.23175	3.104	105.85	0.7462	0.1795	2.4042	81.986	0.7462	0.1795	2.4042	81.986	0	0.88423	0.2127	2.8489	97.153	0.99659	0.23973	3.2109	109.5	0.77189	0.18568	2.4869	84.809	0.77189	0.18568	2.4869	84.809	0	0.12904	0.12904	0.12904	0.12904	0.12904	0.12904	0.12904	0.12904	0.12904	0.12904	0.12904	0.12904	0.12904	0.12904	0.12904	0.12904	0.12904
10000	3	0.00788	0.02	1	1	0.8	1	0.3	2.5	15	1	0.3	2.5	15	0.95605	0.28681	2.3901	14.341	0.95605	0.28681	2.3901	14.341	0	1	0.3	2.5	15	1	0.3	2.5	15	0.95605	0.28681	2.3901	14.341	0.95605	0.28681	2.3901	14.341	0	0.2	0.2	0.2	0.2	0.2	0.2	0.2	0.2	0.2	0.2	0.2	0.2	0.2	0.2	0.2	0.2	0.2
10000	4.2861	0.001	0.017041	1	1	1.0953	0.84164	0.4	2.5	20	0.84164	0.4	2.5	20	0.84164	0.4	2.5	20	0.84164	0.4	2.5	20	0	0.80122	0.38079	2.3799	19.04	0.80122	0.38079	2.3799	19.04	0.80122	0.38079	2.3799	19.04	0.80122	0.38079	2.3799	19.04	0	0.20919	0.20919	0.20919	0.20919	0.20919	0.20919	0.20919	0.20919	0.20919	0.20919	0.20919	0.20919	0.20919	0.20919	0.20919	0.20919	0.20919
10000	10	0.0041479	0.02213	1	1	1.6012	1.6012	0.69076	3.552	17.3	1.0534	0.45444	2.3368	11.381	0.75892	0.32741	1.6836	8.1998	0.75892	0.32741	1.6836	8.1998	0	2.4434	1.0541	5.4204	26.4	1.6075	0.69348	3.566	17.368	1.1581	0.49962	2.5692	12.513	1.1581	0.49962	2.5692	12.513	0	0.1973	0.1973	0.1973	0.1973	0.1973	0.1973	0.1973	0.1973	0.1973	0.1973	0.1973	0.1973	0.1973	0.1973	0.1973	0.1973	0.1973
10000	5.0002	0.001	0.019959	1	1	0.99796	0.99796	0.29867	2.5036	14.984	0.99618	0.29814	2.4991	14.957	0.99974	0.29921	2.508	15.01	0.99974	0.29921	2.508	15.01	0	1.2249	0.36659	3.0729	18.391	1.2227	0.36594	3.0674	18.358	1.2271	0.36724	3.0783	18.424	1.2271	0.36724	3.0783	18.424	0	0.20299	0.20299	0.20299	0.20299	0.20299	0.20299	0.20299	0.20299	0.20299	0.20299	0.20299	0.20299	0.20299	0.20299	0.20299	0.20299	0.20299
10000	3.217	0.001	0.02	1	1	0.8	1	0.3	2.5	30	1.0403	0.31208	2.6007	31.208	1	0.3	2.5	30	1	0.3	2.5	30	0	1	0.3	2.5	30	1.0403	0.31208	2.6007	31.208	1	0.3	2.5	30	1	0.3	2.5	30	0	0.2	0.2	0.2	0.2	0.2	0.2	0.2	0.2	0.2	0.2	0.2	0.2	0.2	0.2	0.2	0.2	0.2
10000	4.8343	0.0036705	0.01	1	1	0.90864	1.3333	0.25412	3.4156	15	1.1358	0.21647	2.9096	12.778	1.3333	0.25412	3.4156	15	1.3333	0.25412	3.4156	15	0	1.4264	0.27185	3.654	16.047	1.215	0.23157	3.1126	13.669	1.4264	0.27185	3.654	16.047	1.4264	0.27185	3.654	16.047	0	0.10036	0.10036	0.10036	0.10036	0.10036	0.10036	0.10036	0.10036	0.10036	0.10036	0.10036	0.10036	0.10036	0.10036	0.10036	0.10036	0.10036
10000	6	0.005	0.024005	1	1	0.8	1	0.3	2.5	20	1	0.3	2.5	20	1	0.3	2.5	20	1	0.3	2.5	20	0	1	0.3	2.5	20	1	0.3	2.5	20	1	0.3	2.5	20	1	0.3	2.5	20	0	0.2	0.2	0.2	0.2	0.2	0.2	0.2	0.2	0.2	0.2	0.2	0.2	0.2	0.2	0.2	0.2	0.2
10000	4.9994	0.0022675	0.019996	1	1	0.64319	0.99981	0.12938	3.6617	15.002	0.99997	0.1294	3.6623	15.004	0.98576	0.12756	3.6102	14.791	0.98576	0.12756	3.6102	14.791	0	1.0957	0.14178	4.0127	16.44	1.0958	0.1418	4.0134	16.442	1.0803	0.13979	3.9563	16.209	1.0803	0.13979	3.9563	16.209	0	0.20008	0.20008	0.20008	0.20008	0.20008	0.20008	0.20008	0.20008	0.20008	0.20008	0.20008	0.20008	0.20008	0.20008	0.20008	0.20008	0.20008
10000	8.6602	0.001	0.01	1	1	0.8	1	-0.077385	2.5	15	1.1667	-0.090282	2.9167	17.5	1	-0.077385	2.5	15	1	-0.077385	2.5	15	0	1	-0.077385	2.5	15	1.1667	-0.090282	2.9167	17.5	1	-0.077385	2.5	15	1	-0.077385	2.5	15	0	0.022222	0.022222	0.022222	0.022222	0.022222	0.022222	0.022222	0.022222	0.022222	0.022222	0.022222	0.022222	0.022222	0.022222	0.022222	0.022222	0.022222
10000	8.5031	0.001	0.02	1	1	0.8	1	0	2.5	15	1	0	2.5	15	1	0	2.5	15	1	0	2.5	15	0	2	0	5	30	2	0	5	30	2	0	5	30	2	0	5	30	0	0.3	0.3	0.3	0.3	0.3	0.3	0.3	0.3	0.3	0.3	0.3	0.3	0.3	0.3	0.3	0.3	0.3
10000	5.9844	0.001	0.019819	1	1	0.80019	1.1109	0.29986	3.3803	19.998	1.1107	0.29981	3.3797	19.994	1.1111	0.29992	3.381	20.002	1.1111	0.29992	3.381	20.002	0	1.0764	0.29056	3.2755	19.378	1.0762	0.29051	3.2749	19.374	1.0766	0.29062	3.2762	19.381	1.0766	0.29062	3.2762	19.381	0	0.13288	0.13288	0.13288	0.13288	0.13288	0.13288	0.13288	0.13288	0.13288	0.13288	0.13288	0.13288	0.13288	0.13288	0.13288	0.13288	0.13288
10000	6.1355	0.001	0.0205	1	1	0.79328	1.0018	0.30117	3.0524	12.763	0.95237	0.28631	2.9018	12.134	0.99869	0.30023	3.0429	12.724	0.99869	0.30023	3.0429	12.724	0	1.0034	0.30164	3.0572	12.783	0.95387	0.28676	2.9064	12.153	1.0003	0.3007	3.0477	12.744	1.0003	0.3007	3.0477	12.744	0	0.066984	0.066984	0.066984	0.066984	0.066984	0.066984	0.066984	0.066984	0.066984	0.066984	0.066984	0.066984	0.066984	0.066984	0.066984	0.066984	0.066984
10000	8.1167	0.0060121	0.01	1	1	0.8	1	0.20711	5.5811	15.615	1.0076	0.20868	5.6234	15.733	1.0468	0.21681	5.8424	16.346	1.0468	0.21681	5.8424	16.346	0	1.2037	0.2493	6.718	18.795	1.2128	0.25119	6.7689	18.938	1.2601	0.26097	7.0325	19.675	1.2601	0.26097	7.0325	19.675	0	0.15461	0.15461	0.15461	0.15461	0.15461	0.15461	0.15461	0.15461	0.15461	0.15461	0.15461	0.15461	0.15461	0.15461	0.15461	0.15461	0.15461
10000	6.8804	0.005	0.01	1	1	0.53333	1.0395	0.3	5.1852	15	1.0395	0.3	5.1852	15	1.0395	0.3	5.1852	15	1.0395	0.3	5.1852	15	0	1.2127	0.35	6.0494	17.5	1.2127	0.35	6.0494	17.5	1.2127	0.35	6.0494	17.5	1.2127	0.35	6.0494	17.5	0	0.17167	0.17167	0.17167	0.17167	0.17167	0.17167	0.17167	0.17167	0.17167	0.17167	0.17167	0.17167	0.17167	0.17167	0.17167	0.17167	0.17167
10000	5	0.0024826	0.03	1	1	0.8	1	0.4	3.2935	40	1	0.4	3.2935	40	1	0.4	3.2935	40	1	0.4	3.2935	40	0	1.0685	0.42739	3.519	42.739	1.0685	0.42739	3.519	42.739	1.0685	0.42739	3.519	42.739	1.0685	0.42739	3.519	42.739	0	0.095977	0.095977	0.095977	0.095977	0.095977	0.095977	0.095977	0.095977	0.095977	0.095977	0.095977	0.095977	0.095977	0.095977	0.095977	0.095977	0.095977
10000	4.7882	0.001	0.01	1	1	0.76246	0.99911	0.32709	3.9689	7.2317	1.0817	0.35412	4.2968	7.8293	0.9927	0.32499	3.9434	7.1853	0.9927	0.32499	3.9434	7.1853	0	1.0752	0.35201	4.2713	7.7828	1.1641	0.3811	4.6242	8.4258	1.0683	0.34975	4.2438	7.7328	1.0683	0.34975	4.2438	7.7328	0	0.091658	0.091658	0.091658	0.091658	0.091658	0.091658	0.091658	0.091658	0.091658	0.091658	0.091658	0.091658	0.091658	0.091658	0.091658	0.091658	0.091658
10000	4.1066	0.005	0.035	1	1	0.74706	0.8	0.3	3.5	11.667	0.8	0.3	3.5	11.667	0.85398	0.32024	3.7362	12.454	0.85398	0.32024	3.7362	12.454	0	0.8	0.3	3.5	11.667	0.8	0.3	3.5	11.667	0.85398	0.32024	3.7362	12.454	0.85398	0.32024	3.7362	12.454	0	0.10128	0.10128	0.10128	0.10128	0.10128	0.10128	0.10128	0.10128	0.10128	0.10128	0.10128	0.10128	0.10128	0.10128	0.10128	0.10128	0.10128
