10000	0.1	0.005	0.022219	1	1	0.70973	1	0.37349	3.3333	15	1	0.37349	3.3333	15	1	0.37349	3.3333	15	1	0.37349	3.3333	15	0	0.48611	0.18156	1.6204	7.2917	0.48611	0.18156	1.6204	7.2917	0.48611	0.18156	1.6204	7.2917	0.48611	0.18156	1.6204	7.2917	0	0.2	0.28068	0.19304	0.2	0.2	0.28068	0.19304	0.2	0.2	0.28068	0.19304	0.2	0.2	0.28068	0.19304	0.2	0
10000	3.2441	0.013556	0.014754	1	1	0.57697	0.88801	0.48539	2.7394	14.265	0.88801	0.48539	2.7394	14.265	0.88801	0.48539	2.7394	14.265	0.88801	0.48539	2.7394	14.265	0	0.91237	0.49871	2.8146	14.656	0.91237	0.49871	2.8146	14.656	0.91237	0.49871	2.8146	14.656	0.91237	0.49871	2.8146	14.656	0	0.20098	0.18602	0.18611	0.23983	0.20098	0.18602	0.18611	0.23983	0.20098	0.18602	0.18611	0.23983	0.20098	0.18602	0.18611	0.23983	0
10000	3.9146	0.01	0.02	1	1	0.12434	1	0.35728	2.5	15	1	0.35728	2.5	15	1	0.35728	2.5	15	1	0.35728	2.5	15	0	1	0.35728	2.5	15	1	0.35728	2.5	15	1	0.35728	2.5	15	1	0.35728	2.5	15	0	0.2	0.2	0.2	0.2	0.2	0.2	0.2	0.2	0.2	0.2	0.2	0.2	0.2	0.2	0.2	0.2	0
10000	3.8577	0.0080323	0.020124	1	1	0.6362	0.71395	0.66667	3.5367	15	0.71395	0.66667	3.5367	15	0.71395	0.66667	3.5367	15	0.71395	0.66667	3.5367	15	0	0.6842	0.63889	3.3894	14.375	0.6842	0.63889	3.3894	14.375	0.6842	0.63889	3.3894	14.375	0.6842	0.63889	3.3894	14.375	0	0.41097	0.18429	0.16667	0.16667	0.41097	0.18429	0.16667	0.16667	0.41097	0.18429	0.16667	0.16667	0.41097	0.18429	0.16667	0.16667	0
10000	3	0.001	0.02	1	1	0.4	0.7539	0.3	2.5	15	0.7539	0.3	2.5	15	0.7539	0.3	2.5	15	0.7539	0.3	2.5	15	0	0.7539	0.3	2.5	15	0.7539	0.3	2.5	15	0.7539	0.3	2.5	15	0.7539	0.3	2.5	15	0	0.2	0.16667	0.2	0.2	0.2	0.16667	0.2	0.2	0.2	0.16667	0.2	0.2	0.2	0.16667	0.2	0.2	0
10000	9.9999	0.001	0.03	1	1	0.4	1	0.3	5.2612	7.1844	1	0.3	5.2612	7.1844	1	0.3	5.2612	7.1844	1	0.3	5.2612	7.1844	0	0.58386	0.17516	3.0718	4.1947	0.58386	0.17516	3.0718	4.1947	0.58386	0.17516	3.0718	4.1947	0.58386	0.17516	3.0718	4.1947	0	0.2	0.2	0.2	0.25046	0.2	0.2	0.2	0.25046	0.2	0.2	0.2	0.25046	0.2	0.2	0.2	0.25046	0
10000	3	0.005	0.03	1	1	0.4	1	0.4	5	12.169	1	0.4	5	12.169	1	0.4	5	12.169	1	0.4	5	12.169	0	0.77713	0.31085	3.8857	9.4573	0.77713	0.31085	3.8857	9.4573	0.77713	0.31085	3.8857	9.4573	0.77713	0.31085	3.8857	9.4573	0	0.1849	0.2	0.099999	0.19089	0.1849	0.2	0.099999	0.19089	0.1849	0.2	0.099999	0.19089	0.1849	0.2	0.099999	0.19089	0
10000	10	0.0042263	0.01	1	1	0.7093	0.69726	0.28556	4.9695	19.769	0.69726	0.28556	4.9695	19.769	0.69726	0.28556	4.9695	19.769	0.69726	0.28556	4.9695	19.769	0	0.67988	0.27844	4.8456	19.276	0.67988	0.27844	4.8456	19.276	0.67988	0.27844	4.8456	19.276	0.67988	0.27844	4.8456	19.276	0	0.18766	0.16915	0.20172	0.18165	0.18766	0.16915	0.20172	0.18165	0.18766	0.16915	0.20172	0.18165	0.18766	0.16915	0.20172	0.18165	0
10000	9.9999	0.0058333	0.02	1	1	0.4	1	0.3	5.2309	20	1	0.3	5.2309	20	1	0.3	5.2309	20	1	0.3	5.2309	20	0	1	0.3	5.2309	20	1	0.3	5.2309	20	1	0.3	5.2309	20	1	0.3	5.2309	20	0	0.2	0.3	0.24763	0.2	0.2	0.3	0.24763	0.2	0.2	0.3	0.24763	0.2	0.2	0.3	0.24763	0.2	0
10000	6.0275	0.0045294	0.036399	1	1	0.69391	0.9834	0.27713	4.1223	10.556	0.9834	0.27713	4.1223	10.556	0.9834	0.27713	4.1223	10.556	0.9834	0.27713	4.1223	10.556	0	0.92161	0.25972	3.8632	9.8922	0.92161	0.25972	3.8632	9.8922	0.92161	0.25972	3.8632	9.8922	0.92161	0.25972	3.8632	9.8922	0	0.2	0.15556	0.17037	0.21481	0.2	0.15556	0.17037	0.21481	0.2	0.15556	0.17037	0.21481	0.2	0.15556	0.17037	0.21481	0
10000	2.5477	0.0029297	0.019706	1	1	0.79844	0.99826	0.3993	4.6726	8.9859	0.99826	0.3993	4.6726	8.9859	0.99826	0.3993	4.6726	8.9859	0.99826	0.3993	4.6726	8.9859	0	1.011	0.40439	4.7322	9.1005	1.011	0.40439	4.7322	9.1005	1.011	0.40439	4.7322	9.1005	1.011	0.40439	4.7322	9.1005	0	0.16406	0	0.20069	0.2007	0.16406	0	0.20069	0.2007	0.16406	0	0.20069	0.2007	0.16406	0	0.20069	0.2007	0
10000	3	0.0074445	0.03	1	1	0.70505	0.83045	0.39545	3.3333	46.388	0.83045	0.39545	3.3333	46.388	0.83045	0.39545	3.3333	46.388	0.83045	0.39545	3.3333	46.388	0	0.90887	0.4328	3.6481	50.768	0.90887	0.4328	3.6481	50.768	0.90887	0.4328	3.6481	50.768	0.90887	0.4328	3.6481	50.768	0	0.17715	0.2	0.2	0.2	0.17715	0.2	0.2	0.2	0.17715	0.2	0.2	0.2	0.17715	0.2	0.2	0.2	0
10000	2.9782	0.0050895	0.01	1	1	0.67007	0.98882	0.52968	4.6415	15.089	0.98882	0.52968	4.6415	15.089	0.98882	0.52968	4.6415	15.089	0.98882	0.52968	4.6415	15.089	0	1.1282	0.60435	5.2958	17.217	1.1282	0.60435	5.2958	17.217	1.1282	0.60435	5.2958	17.217	1.1282	0.60435	5.2958	17.217	0	0.19553	0.30419	0.19553	0.19553	0.19553	0.30419	0.19553	0.19553	0.19553	0.30419	0.19553	0.19553	0.19553	0.30419	0.19553	0.19553	0
10000	8.2835	0.001	0.012292	1	1	0.8375	1.2186	0.27292	6.3403	9.7708	1.2186	0.27292	6.3403	9.7708	1.2186	0.27292	6.3403	9.7708	1.2186	0.27292	6.3403	9.7708	0	1.2711	0.28467	6.6134	10.192	1.2711	0.28467	6.6134	10.192	1.2711	0.28467	6.6134	10.192	1.2711	0.28467	6.6134	10.192	0	0.10185	0.15278	0.21667	0.18333	0.10185	0.15278	0.21667	0.18333	0.10185	0.15278	0.21667	0.18333	0.10185	0.15278	0.21667	0.18333	0
10000	2.5167	0.0040862	0.01	1	1	0.63137	0.99999	0.6	3.5	10	0.99999	0.6	3.5	10	0.99999	0.6	3.5	10	0.99999	0.6	3.5	10	0	1	0.6	3.5	10	1	0.6	3.5	10	1	0.6	3.5	10	1	0.6	3.5	10	0	0.1	0.1	0.15568	0.16667	0.1	0.1	0.15568	0.16667	0.1	0.1	0.15568	0.16667	0.1	0.1	0.15568	0.16667	0
10000	3.6422	0.0027186	0.021937	1	1	0.75442	0.85488	0.29026	3.4787	21.166	0.85488	0.29026	3.4787	21.166	0.85488	0.29026	3.4787	21.166	0.85488	0.29026	3.4787	21.166	0	0.88856	0.3017	3.6158	22	0.88856	0.3017	3.6158	22	0.88856	0.3017	3.6158	22	0.88856	0.3017	3.6158	22	0	0.35447	0.23103	0.16491	0.19913	0.35447	0.23103	0.16491	0.19913	0.35447	0.23103	0.16491	0.19913	0.35447	0.23103	0.16491	0.19913	0
10000	3.457	0.0014444	0.01	1	1	0.4	1.0952	0.74074	4.6667	31.464	1.0952	0.74074	4.6667	31.464	1.0952	0.74074	4.6667	31.464	1.0952	0.74074	4.6667	31.464	0	0.9436	0.63823	4.0208	27.11	0.9436	0.63823	4.0208	27.11	0.9436	0.63823	4.0208	27.11	0.9436	0.63823	4.0208	27.11	0	0.2	0.2	0.2	0.2	0.2	0.2	0.2	0.2	0.2	0.2	0.2	0.2	0.2	0.2	0.2	0.2	0
10000	4.9605	0.001	0.01	1	1	0.53333	0.55472	0.24165	3.5	15	0.55472	0.24165	3.5	15	0.55472	0.24165	3.5	15	0.55472	0.24165	3.5	15	0	0.55546	0.24198	3.5047	15.02	0.55546	0.24198	3.5047	15.02	0.55546	0.24198	3.5047	15.02	0.55546	0.24198	3.5047	15.02	0	0.025137	0	0.2	0.2	0.025137	0	0.2	0.2	0.025137	0	0.2	0.2	0.025137	0	0.2	0.2	0
10000	4.5293	0.001	0.034323	1	1	0.669	0.8	0.3	3.5	20	0.8	0.3	3.5	20	0.8	0.3	3.5	20	0.8	0.3	3.5	20	0	0.8	0.3	3.5	20	0.8	0.3	3.5	20	0.8	0.3	3.5	20	0.8	0.3	3.5	20	0	0.48733	0.18889	0.19341	0.3	0.48733	0.18889	0.19341	0.3	0.48733	0.18889	0.19341	0.3	0.48733	0.18889	0.19341	0.3	0
10000	7.3125	0.001	0.021947	1	1	0.69646	1.2006	0.3569	3.6881	20.387	1.2006	0.3569	3.6881	20.387	1.2006	0.3569	3.6881	20.387	1.2006	0.3569	3.6881	20.387	0	1.109	0.32967	3.4067	18.831	1.109	0.32967	3.4067	18.831	1.109	0.32967	3.4067	18.831	1.109	0.32967	3.4067	18.831	0	0.61959	0.11761	0.11761	0.16055	0.61959	0.11761	0.11761	0.16055	0.61959	0.11761	0.11761	0.16055	0.61959	0.11761	0.11761	0.16055	0
10000	3	0.001	0.06	1	1	0.67552	0.79072	0.6	3.3844	30	0.79072	0.6	3.3844	30	0.79072	0.6	3.3844	30	0.79072	0.6	3.3844	30	0	0.69188	0.525	2.9613	26.25	0.69188	0.525	2.9613	26.25	0.69188	0.525	2.9613	26.25	0.69188	0.525	2.9613	26.25	0	0.2	0.2	0.29779	0.2	0.2	0.2	0.29779	0.2	0.2	0.2	0.29779	0.2	0.2	0.2	0.29779	0.2	0
10000	8	0.003	0.01	1	1	0.8	1	0.3	3.5	30	1	0.3	3.5	30	1	0.3	3.5	30	1	0.3	3.5	30	0	1.1096	0.33288	3.8836	33.288	1.1096	0.33288	3.8836	33.288	1.1096	0.33288	3.8836	33.288	1.1096	0.33288	3.8836	33.288	0	0.3	0.2	0.2	0.2	0.3	0.2	0.2	0.2	0.3	0.2	0.2	0.2	0.3	0.2	0.2	0.2	0
10000	4.2288	0.001	0.017287	1	1	0.80451	0.67588	0.52039	2.4291	15.04	0.67588	0.52039	2.4291	15.04	0.67588	0.52039	2.4291	15.04	0.67588	0.52039	2.4291	15.04	0	0.97602	0.75148	3.5077	21.719	0.97602	0.75148	3.5077	21.719	0.97602	0.75148	3.5077	21.719	0.97602	0.75148	3.5077	21.719	0	0.2616	0.19799	0.19972	0.20899	0.2616	0.19799	0.19972	0.20899	0.2616	0.19799	0.19972	0.20899	0.2616	0.19799	0.19972	0.20899	0
10000	2.9986	0.001	0.01	1	1	0.57437	0.99929	1.0004	2.5012	15.006	0.99929	1.0004	2.5012	15.006	0.99929	1.0004	2.5012	15.006	0.99929	1.0004	2.5012	15.006	0	0.99867	0.99974	2.4997	14.996	0.99867	0.99974	2.4997	14.996	0.99867	0.99974	2.4997	14.996	0.99867	0.99974	2.4997	14.996	0	0.20028	0.20028	0.19972	0.20027	0.20028	0.20028	0.19972	0.20027	0.20028	0.20028	0.19972	0.20027	0.20028	0.20028	0.19972	0.20027	0
10000	6.8015	0.001	0.04	1	1	0.72427	0.8	0.3	3.5	15	0.8	0.3	3.5	15	0.8	0.3	3.5	15	0.8	0.3	3.5	15	0	0.8	0.3	3.5	15	0.8	0.3	3.5	15	0.8	0.3	3.5	15	0.8	0.3	3.5	15	0	0.3	0.2	0.2	0.2	0.3	0.2	0.2	0.2	0.3	0.2	0.2	0.2	0.3	0.2	0.2	0.2	0
10000	2.5167	0.0028293	0.01	1	1	0.4885	1	0.3	9.7175	30	1	0.3	9.7175	30	1	0.3	9.7175	30	1	0.3	9.7175	30	0	0.5	0.15	4.8588	15	0.5	0.15	4.8588	15	0.5	0.15	4.8588	15	0.5	0.15	4.8588	15	0	0.2	0.3	0.2	0.21665	0.2	0.3	0.2	0.21665	0.2	0.3	0.2	0.21665	0.2	0.3	0.2	0.21665	0
10000	3.0736	0.001	0.022575	1	1	0.61225	1.0649	0.31505	4.7007	73.982	1.0649	0.31505	4.7007	73.982	1.0649	0.31505	4.7007	73.982	1.0649	0.31505	4.7007	73.982	0	0.26623	0.078763	1.1752	18.496	0.26623	0.078763	1.1752	18.496	0.26623	0.078763	1.1752	18.496	0.26623	0.078763	1.1752	18.496	0	0.20138	0.35138	0.10065	0.15155	0.20138	0.35138	0.10065	0.15155	0.20138	0.35138	0.10065	0.15155	0.20138	0.35138	0.10065	0.15155	0
10000	0.83228	0.0080325	0.011986	1	1	0.59623	1.0702	0.35285	3.8747	32.5	1.0702	0.35285	3.8747	32.5	1.0702	0.35285	3.8747	32.5	1.0702	0.35285	3.8747	32.5	0	0.70261	0.23165	2.5438	21.336	0.70261	0.23165	2.5438	21.336	0.70261	0.23165	2.5438	21.336	0.70261	0.23165	2.5438	21.336	0	0.25487	0.18235	0.16221	0	0.25487	0.18235	0.16221	0	0.25487	0.18235	0.16221	0	0.25487	0.18235	0.16221	0	0
10000	3.4478	0.0029344	0.022754	1	1	0.43919	1.0011	0.27972	9.6275	57.95	1.0011	0.27972	9.6275	57.95	1.0011	0.27972	9.6275	57.95	1.0011	0.27972	9.6275	57.95	0	0.51922	0.14508	4.9934	30.057	0.51922	0.14508	4.9934	30.057	0.51922	0.14508	4.9934	30.057	0.51922	0.14508	4.9934	30.057	0	0.21369	0.19371	0.2108	0.18283	0.21369	0.19371	0.2108	0.18283	0.21369	0.19371	0.2108	0.18283	0.21369	0.19371	0.2108	0.18283	0
10000	1.3034	0.0099999	0.030191	1	1	0.53333	1.0468	0.14815	7	20	1.0468	0.14815	7	20	1.0468	0.14815	7	20	1.0468	0.14815	7	20	0	0.52342	0.074074	3.5	10	0.52342	0.074074	3.5	10	0.52342	0.074074	3.5	10	0.52342	0.074074	3.5	10	0	0.18268	0.26911	0.14027	0.26667	0.18268	0.26911	0.14027	0.26667	0.18268	0.26911	0.14027	0.26667	0.18268	0.26911	0.14027	0.26667	0
10000	1.55	0.001	0.02	1	1	0.4	1	2.1	7	121.33	1	2.1	7	121.33	1	2.1	7	121.33	1	2.1	7	121.33	0	0.5	1.05	3.5	60.666	0.5	1.05	3.5	60.666	0.5	1.05	3.5	60.666	0.5	1.05	3.5	60.666	0	0.1	0.2	0.2104	0.2	0.1	0.2	0.2104	0.2	0.1	0.2	0.2104	0.2	0.1	0.2	0.2104	0.2	0
10000	9.9999	0.005	0.01	1	1	0.4	0.98797	0.5	4.9737	200	0.98797	0.5	4.9737	200	0.98797	0.5	4.9737	200	0.98797	0.5	4.9737	200	0	1.0314	0.52197	5.1922	208.79	1.0314	0.52197	5.1922	208.79	1.0314	0.52197	5.1922	208.79	1.0314	0.52197	5.1922	208.79	0	0.4	0.1	0.2	0.2544	0.4	0.1	0.2	0.2544	0.4	0.1	0.2	0.2544	0.4	0.1	0.2	0.2544	0
10000	5	0.0040878	0.012222	1	1	0.58545	0.99999	1	7	104.87	0.99999	1	7	104.87	0.99999	1	7	104.87	0.99999	1	7	104.87	0	0.49999	0.5	3.5	52.435	0.49999	0.5	3.5	52.435	0.49999	0.5	3.5	52.435	0.49999	0.5	3.5	52.435	0	0.099999	0.2	0.2	0.2	0.099999	0.2	0.2	0.2	0.099999	0.2	0.2	0.2	0.099999	0.2	0.2	0.2	0
10000	10	0.0056898	0.010679	1	1	0.64358	0.75514	0.35589	6.2304	128.28	0.75514	0.35589	6.2304	128.28	0.75514	0.35589	6.2304	128.28	0.75514	0.35589	6.2304	128.28	0	0.67554	0.31838	5.5736	114.76	0.67554	0.31838	5.5736	114.76	0.67554	0.31838	5.5736	114.76	0.67554	0.31838	5.5736	114.76	0	0.11776	0.14233	0.20455	0.2113	0.11776	0.14233	0.20455	0.2113	0.11776	0.14233	0.20455	0.2113	0.11776	0.14233	0.20455	0.2113	0
10000	5	0.0035133	0.02	1	1	0.53333	1	0.3	7	200	1	0.3	7	200	1	0.3	7	200	1	0.3	7	200	0	0.65943	0.19783	4.616	131.89	0.65943	0.19783	4.616	131.89	0.65943	0.19783	4.616	131.89	0.65943	0.19783	4.616	131.89	0	0.2	0.2	0.2	0.2	0.2	0.2	0.2	0.2	0.2	0.2	0.2	0.2	0.2	0.2	0.2	0.2	0
10000	3.845	0.001	0.01	1	1	0.31376	1.1249	0.53463	4.1017	20.112	1.1249	0.53463	4.1017	20.112	1.1249	0.53463	4.1017	20.112	1.1249	0.53463	4.1017	20.112	0	0.60942	0.28965	2.2222	10.896	0.60942	0.28965	2.2222	10.896	0.60942	0.28965	2.2222	10.896	0.60942	0.28965	2.2222	10.896	0	0.18431	0.27708	0	0.061487	0.18431	0.27708	0	0.061487	0.18431	0.27708	0	0.061487	0.18431	0.27708	0	0.061487	0
10000	2.3574	0.0033152	0.019977	1	1	0.79985	0.76522	0.33391	6.9975	106.68	0.76522	0.33391	6.9975	106.68	0.76522	0.33391	6.9975	106.68	0.76522	0.33391	6.9975	106.68	0	0.33914	0.14799	3.1013	47.279	0.33914	0.14799	3.1013	47.279	0.33914	0.14799	3.1013	47.279	0.33914	0.14799	3.1013	47.279	0	0.22895	0.17316	0.088801	0.20046	0.22895	0.17316	0.088801	0.20046	0.22895	0.17316	0.088801	0.20046	0.22895	0.17316	0.088801	0.20046	0
10000	2.5458	0.002735	0.01	1	1	0.53984	1.0093	0.29397	7.0209	19.902	1.0093	0.29397	7.0209	19.902	1.0093	0.29397	7.0209	19.902	1.0093	0.29397	7.0209	19.902	0	0.51642	0.15042	3.5924	10.183	0.51642	0.15042	3.5924	10.183	0.51642	0.15042	3.5924	10.183	0.51642	0.15042	3.5924	10.183	0	0.19628	0.2538	0.00053449	0.098142	0.19628	0.2538	0.00053449	0.098142	0.19628	0.2538	0.00053449	0.098142	0.19628	0.2538	0.00053449	0.098142	0
10000	5.4199	0.001	0.01	1	1	0.3581	1.134	0.13728	5.7301	21.377	1.134	0.13728	5.7301	21.377	1.134	0.13728	5.7301	21.377	1.134	0.13728	5.7301	21.377	0	0.42507	0.051458	2.1478	8.0127	0.42507	0.051458	2.1478	8.0127	0.42507	0.051458	2.1478	8.0127	0.42507	0.051458	2.1478	8.0127	0	0.099866	0.4502	0.15007	0.099867	0.099866	0.4502	0.15007	0.099867	0.099866	0.4502	0.15007	0.099867	0.099866	0.4502	0.15007	0.099867	0
10000	3.975	0.001	0.02	1	1	1.0964	1.3108	0.63942	4.625	12.75	1.3108	0.63942	4.625	12.75	1.3108	0.63942	4.625	12.75	1.3108	0.63942	4.625	12.75	0	0.73733	0.35967	2.6016	7.1719	0.73733	0.35967	2.6016	7.1719	0.73733	0.35967	2.6016	7.1719	0.73733	0.35967	2.6016	7.1719	0	0.36667	0	0	0	0.36667	0	0	0	0.36667	0	0	0	0.36667	0	0	0	0
10000	8.0965	0.001	0.02	1	1	0.77053	0.8	0.5	7	15	0.8	0.5	7	15	0.8	0.5	7	15	0.8	0.5	7	15	0	0.58809	0.36756	5.1458	11.027	0.58809	0.36756	5.1458	11.027	0.58809	0.36756	5.1458	11.027	0.58809	0.36756	5.1458	11.027	0	0.17634	0.2	0.1	0.2	0.17634	0.2	0.1	0.2	0.17634	0.2	0.1	0.2	0.17634	0.2	0.1	0.2	0
10000	5.682	0.001	0.0202	1	1	0.7684	0.82459	0.50792	3.9493	16.492	0.82459	0.50792	3.9493	16.492	0.82459	0.50792	3.9493	16.492	0.82459	0.50792	3.9493	16.492	0	0.7756	0.47774	3.7147	15.512	0.7756	0.47774	3.7147	15.512	0.7756	0.47774	3.7147	15.512	0.7756	0.47774	3.7147	15.512	0	0.16319	0.10782	0.18922	0.1995	0.16319	0.10782	0.18922	0.1995	0.16319	0.10782	0.18922	0.1995	0.16319	0.10782	0.18922	0.1995	0
10000	5	0.0025978	0.03	1	1	0.36291	1.0072	0.5	4.6667	15	1.0072	0.5	4.6667	15	1.0072	0.5	4.6667	15	1.0072	0.5	4.6667	15	0	1.0072	0.5	4.6667	15	1.0072	0.5	4.6667	15	1.0072	0.5	4.6667	15	1.0072	0.5	4.6667	15	0	0.34753	0.2	0.27165	0.23333	0.34753	0.2	0.27165	0.23333	0.34753	0.2	0.27165	0.23333	0.34753	0.2	0.27165	0.23333	0
10000	4.9294	0.0012515	0.01	1	1	0.76088	1.1452	0.27622	3.5608	14.944	1.1452	0.27622	3.5608	14.944	1.1452	0.27622	3.5608	14.944	1.1452	0.27622	3.5608	14.944	0	0.76932	0.18556	2.3921	10.039	0.76932	0.18556	2.3921	10.039	0.76932	0.18556	2.3921	10.039	0.76932	0.18556	2.3921	10.039	0	0.19722	0.20278	0.14645	0.20278	0.19722	0.20278	0.14645	0.20278	0.19722	0.20278	0.14645	0.20278	0.19722	0.20278	0.14645	0.20278	0
10000	8.8061	0.001	0.023054	1	1	0.45294	1.1178	0.13422	3.7651	10.648	1.1178	0.13422	3.7651	10.648	1.1178	0.13422	3.7651	10.648	1.1178	0.13422	3.7651	10.648	0	1.1865	0.14247	3.9965	11.302	1.1865	0.14247	3.9965	11.302	1.1865	0.14247	3.9965	11.302	1.1865	0.14247	3.9965	11.302	0	0.35796	0.16052	0.24714	0.24714	0.35796	0.16052	0.24714	0.24714	0.35796	0.16052	0.24714	0.24714	0.35796	0.16052	0.24714	0.24714	0
10000	3.0302	0.001	0.02031	1	1	0.81395	0.9845	0.31008	3.3062	14.876	0.9845	0.31008	3.3062	14.876	0.9845	0.31008	3.3062	14.876	0.9845	0.31008	3.3062	14.876	0	0.80582	0.2538	2.7062	12.176	0.80582	0.2538	2.7062	12.176	0.80582	0.2538	2.7062	12.176	0.80582	0.2538	2.7062	12.176	0	0.20457	0.18017	0	0.2062	0.20457	0.18017	0	0.2062	0.20457	0.18017	0	0.2062	0.20457	0.18017	0	0.2062	0
10000	3	0.001	0.021779	1	1	0.67178	1.3333	0.28043	3.3333	15	1.3333	0.28043	3.3333	15	1.3333	0.28043	3.3333	15	1.3333	0.28043	3.3333	15	0	1.0793	0.227	2.6982	12.142	1.0793	0.227	2.6982	12.142	1.0793	0.227	2.6982	12.142	1.0793	0.227	2.6982	12.142	0	0.2	0.2	0.1	0.2	0.2	0.2	0.1	0.2	0.2	0.2	0.1	0.2	0.2	0.2	0.1	0.2	0
10000	7	0.001	0.022223	1	1	0.80001	1.3921	0.3194	3.5	19.705	1.3921	0.3194	3.5	19.705	1.3921	0.3194	3.5	19.705	1.3921	0.3194	3.5	19.705	0	0.74351	0.17059	1.8694	10.525	0.74351	0.17059	1.8694	10.525	0.74351	0.17059	1.8694	10.525	0.74351	0.17059	1.8694	10.525	0	0.27531	0.2	0.20001	0.2	0.27531	0.2	0.20001	0.2	0.27531	0.2	0.20001	0.2	0.27531	0.2	0.20001	0.2	0
10000	2.925	0.0017481	0.02	1	1	1.0667	1	0.4	5	20.581	1	0.4	5	20.581	1	0.4	5	20.581	1	0.4	5	20.581	0	0.74082	0.29633	3.7041	15.247	0.74082	0.29633	3.7041	15.247	0.74082	0.29633	3.7041	15.247	0.74082	0.29633	3.7041	15.247	0	0.14234	0.2	0.2	0.4	0.14234	0.2	0.2	0.4	0.14234	0.2	0.2	0.4	0.14234	0.2	0.2	0.4	0
10000	7	0.001	0.02	1	1	0.8	1.0725	0.3	3.798	15	1.0725	0.3	3.798	15	1.0725	0.3	3.798	15	1.0725	0.3	3.798	15	0	1.0484	0.29326	3.7127	14.663	1.0484	0.29326	3.7127	14.663	1.0484	0.29326	3.7127	14.663	1.0484	0.29326	3.7127	14.663	0	0.20138	0.26667	0.2	0.2	0.20138	0.26667	0.2	0.2	0.20138	0.26667	0.2	0.2	0.20138	0.26667	0.2	0.2	0
10000	6.8476	0.001	0.022148	1	1	0.46329	1.008	0.48117	3.2652	16.737	1.008	0.48117	3.2652	16.737	1.008	0.48117	3.2652	16.737	1.008	0.48117	3.2652	16.737	0	0.47771	0.22804	1.5475	7.9322	0.47771	0.22804	1.5475	7.9322	0.47771	0.22804	1.5475	7.9322	0.47771	0.22804	1.5475	7.9322	0	0.15535	0.19786	0.20319	0.17195	0.15535	0.19786	0.20319	0.17195	0.15535	0.19786	0.20319	0.17195	0.15535	0.19786	0.20319	0.17195	0
10000	5	0.001	0.01	1	1	0.8	1.234	0.3	5	30	1.234	0.3	5	30	1.234	0.3	5	30	1.234	0.3	5	30	0	0.45415	0.11041	1.8402	11.041	0.45415	0.11041	1.8402	11.041	0.45415	0.11041	1.8402	11.041	0.45415	0.11041	1.8402	11.041	0	0.3	0.2	0.2	0.2	0.3	0.2	0.2	0.2	0.3	0.2	0.2	0.2	0.3	0.2	0.2	0.2	0
10000	5	0.005	0.03	1	1	0.8	0.8	1.3201	3.6998	15	0.8	1.3201	3.6998	15	0.8	1.3201	3.6998	15	0.8	1.3201	3.6998	15	0	0.39043	0.64427	1.8056	7.3206	0.39043	0.64427	1.8056	7.3206	0.39043	0.64427	1.8056	7.3206	0.39043	0.64427	1.8056	7.3206	0	0.3	0.4	0.2	0.2	0.3	0.4	0.2	0.2	0.3	0.4	0.2	0.2	0.3	0.4	0.2	0.2	0
10000	6.4062	0.001	0.02	1	1	0.8	0.78625	0.6	3.6104	8.4002	0.78625	0.6	3.6104	8.4002	0.78625	0.6	3.6104	8.4002	0.78625	0.6	3.6104	8.4002	0	0.73099	0.55782	3.3566	7.8097	0.73099	0.55782	3.3566	7.8097	0.73099	0.55782	3.3566	7.8097	0.73099	0.55782	3.3566	7.8097	0	0.14107	0.2	0.2	0.21002	0.14107	0.2	0.2	0.21002	0.14107	0.2	0.2	0.21002	0.14107	0.2	0.2	0.21002	0
10000	5.1064	0.0033468	0.015671	1	1	0.80839	1.4411	2.3522	3.0259	29.999	1.4411	2.3522	3.0259	29.999	1.4411	2.3522	3.0259	29.999	1.4411	2.3522	3.0259	29.999	0	0.68056	1.1108	1.4289	14.167	0.68056	1.1108	1.4289	14.167	0.68056	1.1108	1.4289	14.167	0.68056	1.1108	1.4289	14.167	0	0.19421	0.19998	0.20002	0.2024	0.19421	0.19998	0.20002	0.2024	0.19421	0.19998	0.20002	0.2024	0.19421	0.19998	0.20002	0.2024	0
10000	5.3719	0.001	0.01	1	1	0.62419	1	0	3.5	16.667	1	0	3.5	16.667	1	0	3.5	16.667	1	0	3.5	16.667	0	0.9761	0	3.4164	16.268	0.9761	0	3.4164	16.268	0.9761	0	3.4164	16.268	0.9761	0	3.4164	16.268	0	0.2	0.2	0.2	0.23333	0.2	0.2	0.2	0.23333	0.2	0.2	0.2	0.23333	0.2	0.2	0.2	0.23333	0
10000	3	0.001	0.02	1	1	0.8	1	0.3	3.3333	30	1	0.3	3.3333	30	1	0.3	3.3333	30	1	0.3	3.3333	30	0	0.97736	0.29321	3.2579	29.321	0.97736	0.29321	3.2579	29.321	0.97736	0.29321	3.2579	29.321	0.97736	0.29321	3.2579	29.321	0	0.1	0.2	0.23183	0.2	0.1	0.2	0.23183	0.2	0.1	0.2	0.23183	0.2	0.1	0.2	0.23183	0.2	0
10000	5.3303	0.0012119	0.020124	1	1	0.69053	0.95378	0.28209	3.204	17.119	0.95378	0.28209	3.204	17.119	0.95378	0.28209	3.204	17.119	0.95378	0.28209	3.204	17.119	0	0.96618	0.28576	3.2456	17.342	0.96618	0.28576	3.2456	17.342	0.96618	0.28576	3.2456	17.342	0.96618	0.28576	3.2456	17.342	0	0.20496	0.2	0.23976	0.21142	0.20496	0.2	0.23976	0.21142	0.20496	0.2	0.23976	0.21142	0.20496	0.2	0.23976	0.21142	0
10000	3.264	0.001	0.01	1	1	0.70472	1	0.3	2.5	15	1	0.3	2.5	15	1	0.3	2.5	15	1	0.3	2.5	15	0	1.0153	0.30459	2.5382	15.229	1.0153	0.30459	2.5382	15.229	1.0153	0.30459	2.5382	15.229	1.0153	0.30459	2.5382	15.229	0	0.3	0.2	0.1	0.2	0.3	0.2	0.1	0.2	0.3	0.2	0.1	0.2	0.3	0.2	0.1	0.2	0
10000	5.9703	0.001	0.01	1	1	0.8	1	0.17158	3.1293	15	1	0.17158	3.1293	15	1	0.17158	3.1293	15	1	0.17158	3.1293	15	0	0.9412	0.16149	2.9453	14.118	0.9412	0.16149	2.9453	14.118	0.9412	0.16149	2.9453	14.118	0.9412	0.16149	2.9453	14.118	0	0.2	0.21111	0.1	0.2	0.2	0.21111	0.1	0.2	0.2	0.21111	0.1	0.2	0.2	0.21111	0.1	0.2	0
10000	2.6418	0.0041551	0.010159	1	1	0.61113	1.2413	0.3007	5.1586	603.55	1.2413	0.3007	5.1586	603.55	1.2413	0.3007	5.1586	603.55	1.2413	0.3007	5.1586	603.55	0	0.67709	0.16402	2.8138	329.22	0.67709	0.16402	2.8138	329.22	0.67709	0.16402	2.8138	329.22	0.67709	0.16402	2.8138	329.22	0	0.19463	0.17382	0.20104	0.18987	0.19463	0.17382	0.20104	0.18987	0.19463	0.17382	0.20104	0.18987	0.19463	0.17382	0.20104	0.18987	0
10000	3.6261	0.001	0.01	1	1	0.76596	1.3865	0.4	5	8.9108	1.3865	0.4	5	8.9108	1.3865	0.4	5	8.9108	1.3865	0.4	5	8.9108	0	0.78751	0.22719	2.8399	5.0611	0.78751	0.22719	2.8399	5.0611	0.78751	0.22719	2.8399	5.0611	0.78751	0.22719	2.8399	5.0611	0	0.4	0.28814	0.2	0.2	0.4	0.28814	0.2	0.2	0.4	0.28814	0.2	0.2	0.4	0.28814	0.2	0.2	0
10000	3.9965	0.001	0.039994	1	1	0.75269	1.0001	0.29994	3.3335	20.212	1.0001	0.29994	3.3335	20.212	1.0001	0.29994	3.3335	20.212	1.0001	0.29994	3.3335	20.212	0	1.037	0.311	3.4564	20.958	1.037	0.311	3.4564	20.958	1.037	0.311	3.4564	20.958	1.037	0.311	3.4564	20.958	0	0.15643	0.19996	0.16663	0.20004	0.15643	0.19996	0.16663	0.20004	0.15643	0.19996	0.16663	0.20004	0.15643	0.19996	0.16663	0.20004	0
10000	9.9999	0.001	0.04	1	1	0.8	0.99999	0.90024	2.635	15	0.99999	0.90024	2.635	15	0.99999	0.90024	2.635	15	0.99999	0.90024	2.635	15	0	0.8623	0.77628	2.2722	12.935	0.8623	0.77628	2.2722	12.935	0.8623	0.77628	2.2722	12.935	0.8623	0.77628	2.2722	12.935	0	0.2	0.2	0.2	0.2	0.2	0.2	0.2	0.2	0.2	0.2	0.2	0.2	0.2	0.2	0.2	0.2	0
10000	3	0.001	0.022199	1	1	0.8	1	0.5	3.3333	15	1	0.5	3.3333	15	1	0.5	3.3333	15	1	0.5	3.3333	15	0	1	0.5	3.3333	15	1	0.5	3.3333	15	1	0.5	3.3333	15	1	0.5	3.3333	15	0	0.1	0.2	0.18889	0.21111	0.1	0.2	0.18889	0.21111	0.1	0.2	0.18889	0.21111	0.1	0.2	0.18889	0.21111	0
10000	5.0579	0.001	0.025955	1	1	0.8	1.1326	0.5	3.5	15	1.1326	0.5	3.5	15	1.1326	0.5	3.5	15	1.1326	0.5	3.5	15	0	1.1326	0.5	3.5	15	1.1326	0.5	3.5	15	1.1326	0.5	3.5	15	1.1326	0.5	3.5	15	0	0.21347	0.19741	0.22087	0.2	0.21347	0.19741	0.22087	0.2	0.21347	0.19741	0.22087	0.2	0.21347	0.19741	0.22087	0.2	0
10000	3.2062	0.0015819	0.020267	1	1	0.60872	1.7272	0.49958	4.5108	13.862	1.7272	0.49958	4.5108	13.862	1.7272	0.49958	4.5108	13.862	1.7272	0.49958	4.5108	13.862	0	0.84914	0.24561	2.2176	6.8149	0.84914	0.24561	2.2176	6.8149	0.84914	0.24561	2.2176	6.8149	0.84914	0.24561	2.2176	6.8149	0	0.11801	0.31672	0.1431	0.25526	0.11801	0.31672	0.1431	0.25526	0.11801	0.31672	0.1431	0.25526	0.11801	0.31672	0.1431	0.25526	0
10000	5	0.003	0.02	1	1	0.60682	1.0473	0.3	2.5	20	1.0473	0.3	2.5	20	1.0473	0.3	2.5	20	1.0473	0.3	2.5	20	0	1.5548	0.44535	3.7113	29.69	1.5548	0.44535	3.7113	29.69	1.5548	0.44535	3.7113	29.69	1.5548	0.44535	3.7113	29.69	0	0.22193	0	0.2	0.2	0.22193	0	0.2	0.2	0.22193	0	0.2	0.2	0.22193	0	0.2	0.2	0
10000	3.3667	0.001	0.017955	1	1	0.63559	0.9182	0.3	3.5	15	0.9182	0.3	3.5	15	0.9182	0.3	3.5	15	0.9182	0.3	3.5	15	0	0.70148	0.22919	2.6739	11.46	0.70148	0.22919	2.6739	11.46	0.70148	0.22919	2.6739	11.46	0.70148	0.22919	2.6739	11.46	0	1.2111e-05	0.2	0.2	0.2	1.2111e-05	0.2	0.2	0.2	1.2111e-05	0.2	0.2	0.2	1.2111e-05	0.2	0.2	0.2	0
10000	5.6203	0.0020002	0.021727	1	1	0.88889	0.62385	0.3	2.5	15	0.62385	0.3	2.5	15	0.62385	0.3	2.5	15	0.62385	0.3	2.5	15	0	0.93577	0.45	3.75	22.5	0.93577	0.45	3.75	22.5	0.93577	0.45	3.75	22.5	0.93577	0.45	3.75	22.5	0	0.2	0.2	0.1	0.2	0.2	0.2	0.1	0.2	0.2	0.2	0.1	0.2	0.2	0.2	0.1	0.2	0
10000	5.0468	0.0015208	0.01242	1	1	0.37658	1.3542	0.2956	2.6349	20.167	1.3542	0.2956	2.6349	20.167	1.3542	0.2956	2.6349	20.167	1.3542	0.2956	2.6349	20.167	0	1.332	0.29076	2.5917	19.837	1.332	0.29076	2.5917	19.837	1.332	0.29076	2.5917	19.837	1.332	0.29076	2.5917	19.837	0	0.19167	0.18102	0.19167	0.095833	0.19167	0.18102	0.19167	0.095833	0.19167	0.18102	0.19167	0.095833	0.19167	0.18102	0.19167	0.095833	0
10000	6.5083	0.001	0.01	1	1	0.65	1.1284	0.40833	5.1667	13.667	1.1284	0.40833	5.1667	13.667	1.1284	0.40833	5.1667	13.667	1.1284	0.40833	5.1667	13.667	0	0.85025	0.30767	3.8929	10.297	0.85025	0.30767	3.8929	10.297	0.85025	0.30767	3.8929	10.297	0.85025	0.30767	3.8929	10.297	0	0.2	0.26231	0.26667	0.13333	0.2	0.26231	0.26667	0.13333	0.2	0.26231	0.26667	0.13333	0.2	0.26231	0.26667	0.13333	0
10000	6	0.001	0.018946	1	1	0.51708	1.3814	0.74074	3.7037	15	1.3814	0.74074	3.7037	15	1.3814	0.74074	3.7037	15	1.3814	0.74074	3.7037	15	0	1.3814	0.74074	3.7037	15	1.3814	0.74074	3.7037	15	1.3814	0.74074	3.7037	15	1.3814	0.74074	3.7037	15	0	0.10685	0.16667	0.19026	0.2	0.10685	0.16667	0.19026	0.2	0.10685	0.16667	0.19026	0.2	0.10685	0.16667	0.19026	0.2	0
10000	3.2684	0.0025128	0.022084	1	1	0.35616	1.2551	0.32549	2.5026	13.404	1.2551	0.32549	2.5026	13.404	1.2551	0.32549	2.5026	13.404	1.2551	0.32549	2.5026	13.404	0	1.1815	0.30641	2.3559	12.619	1.1815	0.30641	2.3559	12.619	1.1815	0.30641	2.3559	12.619	1.1815	0.30641	2.3559	12.619	0	0.20517	0.16236	0	0.19199	0.20517	0.16236	0	0.19199	0.20517	0.16236	0	0.19199	0.20517	0.16236	0	0.19199	0
10000	3.1342	0.001	0.01	1	1	0.37109	1.2331	0.4	2.5	20	1.2331	0.4	2.5	20	1.2331	0.4	2.5	20	1.2331	0.4	2.5	20	0	1.2331	0.4	2.5	20	1.2331	0.4	2.5	20	1.2331	0.4	2.5	20	1.2331	0.4	2.5	20	0	0.2	0.2	0.2	0.2	0.2	0.2	0.2	0.2	0.2	0.2	0.2	0.2	0.2	0.2	0.2	0.2	0
10000	5.9741	0.0034225	0.015883	1	1	0.72504	1.0357	0.32447	2.8094	17.925	1.0357	0.32447	2.8094	17.925	1.0357	0.32447	2.8094	17.925	1.0357	0.32447	2.8094	17.925	0	0.43648	0.13674	1.184	7.5543	0.43648	0.13674	1.184	7.5543	0.43648	0.13674	1.184	7.5543	0.43648	0.13674	1.184	7.5543	0	0.20532	0.29682	0.20532	0.19468	0.20532	0.29682	0.20532	0.19468	0.20532	0.29682	0.20532	0.19468	0.20532	0.29682	0.20532	0.19468	0
10000	2.8472	0.001	0.024774	1	1	0.60571	1.134	0.66667	5	36.667	1.134	0.66667	5	36.667	1.134	0.66667	5	36.667	1.134	0.66667	5	36.667	0	0.28349	0.16667	1.25	9.1667	0.28349	0.16667	1.25	9.1667	0.28349	0.16667	1.25	9.1667	0.28349	0.16667	1.25	9.1667	0	0.22118	0.2	0.17753	0.2	0.22118	0.2	0.17753	0.2	0.22118	0.2	0.17753	0.2	0.22118	0.2	0.17753	0.2	0
10000	2.7558	0.0042778	0.01	1	1	1	1	0.2494	7	30	1	0.2494	7	30	1	0.2494	7	30	1	0.2494	7	30	0	0.48069	0.11988	3.3648	14.421	0.48069	0.11988	3.3648	14.421	0.48069	0.11988	3.3648	14.421	0.48069	0.11988	3.3648	14.421	0	0.16667	0.22572	0.27648	0.23981	0.16667	0.22572	0.27648	0.23981	0.16667	0.22572	0.27648	0.23981	0.16667	0.22572	0.27648	0.23981	0
10000	3.5	0.0050762	0.019977	1	1	0.70785	1.0012	-0.00034396	4.5863	14.991	1.0012	-0.00034396	4.5863	14.991	1.0012	-0.00034396	4.5863	14.991	1.0012	-0.00034396	4.5863	14.991	0	1.0356	-0.0003558	4.7441	15.507	1.0356	-0.0003558	4.7441	15.507	1.0356	-0.0003558	4.7441	15.507	1.0356	-0.0003558	4.7441	15.507	0	0.1998	0.20071	0.19955	0.19954	0.1998	0.20071	0.19955	0.19954	0.1998	0.20071	0.19955	0.19954	0.1998	0.20071	0.19955	0.19954	0
10000	9.6382	0.0059479	0.018247	1	1	0.95274	1.0877	0.38482	4.6468	15.701	1.0877	0.38482	4.6468	15.701	1.0877	0.38482	4.6468	15.701	1.0877	0.38482	4.6468	15.701	0	0.61275	0.21679	2.6178	8.8455	0.61275	0.21679	2.6178	8.8455	0.61275	0.21679	2.6178	8.8455	0.61275	0.21679	2.6178	8.8455	0	0.20691	0.13744	0.19041	0.16493	0.20691	0.13744	0.19041	0.16493	0.20691	0.13744	0.19041	0.16493	0.20691	0.13744	0.19041	0.16493	0
10000	4.262	0.001	0.02	1	1	0.72736	1	0.6	3.3334	15	1	0.6	3.3334	15	1	0.6	3.3334	15	1	0.6	3.3334	15	0	1	0.6	3.3334	15	1	0.6	3.3334	15	1	0.6	3.3334	15	1	0.6	3.3334	15	0	0.2	0.2	0.2	0.2	0.2	0.2	0.2	0.2	0.2	0.2	0.2	0.2	0.2	0.2	0.2	0.2	0
10000	5.0017	0.0033002	0.039965	1	1	0.66034	1.0152	0.24276	2.726	15.005	1.0152	0.24276	2.726	15.005	1.0152	0.24276	2.726	15.005	1.0152	0.24276	2.726	15.005	0	0.88775	0.21229	2.3839	13.121	0.88775	0.21229	2.3839	13.121	0.88775	0.21229	2.3839	13.121	0.88775	0.21229	2.3839	13.121	0	0.19976	0.24809	0.16686	0.20024	0.19976	0.24809	0.16686	0.20024	0.19976	0.24809	0.16686	0.20024	0.19976	0.24809	0.16686	0.20024	0
10000	4.0616	0.001	0.01	1	1	0.46492	0.76729	0.55569	2.5003	15.001	0.76729	0.55569	2.5003	15.001	0.76729	0.55569	2.5003	15.001	0.76729	0.55569	2.5003	15.001	0	0.67128	0.48616	2.1875	13.124	0.67128	0.48616	2.1875	13.124	0.67128	0.48616	2.1875	13.124	0.67128	0.48616	2.1875	13.124	0	0.16673	0.13326	0.19993	0.20007	0.16673	0.13326	0.19993	0.20007	0.16673	0.13326	0.19993	0.20007	0.16673	0.13326	0.19993	0.20007	0
10000	5	0.001	0.01	1	1	0.36793	1.1296	1.35	3.5	7.6638	1.1296	1.35	3.5	7.6638	1.1296	1.35	3.5	7.6638	1.1296	1.35	3.5	7.6638	0	0.75732	0.90512	2.3466	5.1382	0.75732	0.90512	2.3466	5.1382	0.75732	0.90512	2.3466	5.1382	0.75732	0.90512	2.3466	5.1382	0	0.2	0.2	0.2	0.2	0.2	0.2	0.2	0.2	0.2	0.2	0.2	0.2	0.2	0.2	0.2	0.2	0
10000	5	0.001	0.01	1	1	0.3237	1	0.39271	3.0256	10.576	1	0.39271	3.0256	10.576	1	0.39271	3.0256	10.576	1	0.39271	3.0256	10.576	0	0.82143	0.32258	2.4853	8.6872	0.82143	0.32258	2.4853	8.6872	0.82143	0.32258	2.4853	8.6872	0.82143	0.32258	2.4853	8.6872	0	0.2	0.2	0.2	0.2	0.2	0.2	0.2	0.2	0.2	0.2	0.2	0.2	0.2	0.2	0.2	0.2	0
10000	6.1253	0.002	0.015586	1	1	0.8	1	0.6	2.5	15	1	0.6	2.5	15	1	0.6	2.5	15	1	0.6	2.5	15	0	0.80406	0.48244	2.0101	12.061	0.80406	0.48244	2.0101	12.061	0.80406	0.48244	2.0101	12.061	0.80406	0.48244	2.0101	12.061	0	0.2	0.2	0.2	0.2	0.2	0.2	0.2	0.2	0.2	0.2	0.2	0.2	0.2	0.2	0.2	0.2	0
10000	4.9469	0.005144	0.01	1	1	0.78616	0.98199	0.5883	3.4595	15.144	0.98199	0.5883	3.4595	15.144	0.98199	0.5883	3.4595	15.144	0.98199	0.5883	3.4595	15.144	0	0.96652	0.57903	3.405	14.905	0.96652	0.57903	3.405	14.905	0.96652	0.57903	3.405	14.905	0.96652	0.57903	3.405	14.905	0	0.1928	0.096399	0.1928	0.1928	0.1928	0.096399	0.1928	0.1928	0.1928	0.096399	0.1928	0.1928	0.1928	0.096399	0.1928	0.1928	0
10000	4.4162	0.0048333	0.019583	1	1	0.71097	0.8477	0.31354	3.8642	15.167	0.8477	0.31354	3.8642	15.167	0.8477	0.31354	3.8642	15.167	0.8477	0.31354	3.8642	15.167	0	0.86315	0.31926	3.9346	15.443	0.86315	0.31926	3.9346	15.443	0.86315	0.31926	3.9346	15.443	0.86315	0.31926	3.9346	15.443	0	0.25981	0.19167	0.20017	0.10417	0.25981	0.19167	0.20017	0.10417	0.25981	0.19167	0.20017	0.10417	0.25981	0.19167	0.20017	0.10417	0
10000	2.5167	0.001	0.01	1	1	0.75563	1.0667	0.5	3.5	15	1.0667	0.5	3.5	15	1.0667	0.5	3.5	15	1.0667	0.5	3.5	15	0	0.74593	0.34965	2.4476	10.49	0.74593	0.34965	2.4476	10.49	0.74593	0.34965	2.4476	10.49	0.74593	0.34965	2.4476	10.49	0	0.2	0.2	0.21133	0.2	0.2	0.2	0.21133	0.2	0.2	0.2	0.21133	0.2	0.2	0.2	0.21133	0.2	0
10000	7.6623	0.0069136	0.03	1	1	0.75015	1.0667	0.76141	3.3333	15	1.0667	0.76141	3.3333	15	1.0667	0.76141	3.3333	15	1.0667	0.76141	3.3333	15	0	0.56804	0.40547	1.7751	7.988	0.56804	0.40547	1.7751	7.988	0.56804	0.40547	1.7751	7.988	0.56804	0.40547	1.7751	7.988	0	0.15679	0.2	0.2	0.16667	0.15679	0.2	0.2	0.16667	0.15679	0.2	0.2	0.16667	0.15679	0.2	0.2	0.16667	0
10000	5	0.001	0.03	1	1	0.8	1	0.4	2.5	15	1	0.4	2.5	15	1	0.4	2.5	15	1	0.4	2.5	15	0	1	0.4	2.5	15	1	0.4	2.5	15	1	0.4	2.5	15	1	0.4	2.5	15	0	0.2	0.28041	0.2	0.2	0.2	0.28041	0.2	0.2	0.2	0.28041	0.2	0.2	0.2	0.28041	0.2	0.2	0
10000	8.7667	0.010219	0.01819	1	1	0.65	1.2622	0.50833	2.2083	16.333	1.2622	0.50833	2.2083	16.333	1.2622	0.50833	2.2083	16.333	1.2622	0.50833	2.2083	16.333	0	0.53468	0.21534	0.93547	6.919	0.53468	0.21534	0.93547	6.919	0.53468	0.21534	0.93547	6.919	0.53468	0.21534	0.93547	6.919	0	0.22822	0.26667	0.13333	0.13333	0.22822	0.26667	0.13333	0.13333	0.22822	0.26667	0.13333	0.13333	0.22822	0.26667	0.13333	0.13333	0
10000	5	0.001	0.01	1	1	0.8	1.0507	0.6	2.5	15	1.0507	0.6	2.5	15	1.0507	0.6	2.5	15	1.0507	0.6	2.5	15	0	1.0655	0.60843	2.5351	15.211	1.0655	0.60843	2.5351	15.211	1.0655	0.60843	2.5351	15.211	1.0655	0.60843	2.5351	15.211	0	0.16667	0.2	0.2	0.2	0.16667	0.2	0.2	0.2	0.16667	0.2	0.2	0.2	0.16667	0.2	0.2	0.2	0
10000	7	0.001	0.01	1	1	0.8	1	0.4	2.1667	15	1	0.4	2.1667	15	1	0.4	2.1667	15	1	0.4	2.1667	15	0	1	0.4	2.1667	15	1	0.4	2.1667	15	1	0.4	2.1667	15	1	0.4	2.1667	15	0	0.1	0.2	0.2	0.2	0.1	0.2	0.2	0.2	0.1	0.2	0.2	0.2	0.1	0.2	0.2	0.2	0
10000	5	0.005	0.01	1	1	0.8	1	0.4	2.5	12.774	1	0.4	2.5	12.774	1	0.4	2.5	12.774	1	0.4	2.5	12.774	0	0.99999	0.4	2.5	12.774	0.99999	0.4	2.5	12.774	0.99999	0.4	2.5	12.774	0.99999	0.4	2.5	12.774	0	0.2	0.2	0.2	0.2	0.2	0.2	0.2	0.2	0.2	0.2	0.2	0.2	0.2	0.2	0.2	0.2	0
10000	7.181	0.001	0.016255	1	1	1.2875	1	0.20811	3.3333	15	1	0.20811	3.3333	15	1	0.20811	3.3333	15	1	0.20811	3.3333	15	0	1	0.20811	3.3333	15	1	0.20811	3.3333	15	1	0.20811	3.3333	15	1	0.20811	3.3333	15	0	0.18376	0.2	0.17148	0.2	0.18376	0.2	0.17148	0.2	0.18376	0.2	0.17148	0.2	0.18376	0.2	0.17148	0.2	0
10000	6.6715	0.001	0.01	1	1	1.2009	1.0644	0.069548	2.8737	16.667	1.0644	0.069548	2.8737	16.667	1.0644	0.069548	2.8737	16.667	1.0644	0.069548	2.8737	16.667	0	0.92014	0.06012	2.4842	14.407	0.92014	0.06012	2.4842	14.407	0.92014	0.06012	2.4842	14.407	0.92014	0.06012	2.4842	14.407	0	0.15056	0.2	0.2	0.2	0.15056	0.2	0.2	0.2	0.15056	0.2	0.2	0.2	0.15056	0.2	0.2	0.2	0
10000	2.4709	0.001	0.02	1	1	1	1.4381	0.6	3.7446	15	1.4381	0.6	3.7446	15	1.4381	0.6	3.7446	15	1.4381	0.6	3.7446	15	0	0.63103	0.26328	1.6432	6.5821	0.63103	0.26328	1.6432	6.5821	0.63103	0.26328	1.6432	6.5821	0.63103	0.26328	1.6432	6.5821	0	0.2	0.22972	0.2	0.2	0.2	0.22972	0.2	0.2	0.2	0.22972	0.2	0.2	0.2	0.22972	0.2	0.2	0
10000	10	0.001	0.05	1	1	1.25	1.5	-0.025	1.625	11	1.5	-0.025	1.625	11	1.5	-0.025	1.625	11	1.5	-0.025	1.625	11	0	0.375	-0.00625	0.40625	2.75	0.375	-0.00625	0.40625	2.75	0.375	-0.00625	0.40625	2.75	0.375	-0.00625	0.40625	2.75	0	0	0.4	0	0	0	0.4	0	0	0	0.4	0	0	0	0.4	0	0	0
10000	7.0363	0.001	0.024966	1	1	1	1.4639	0.3	2.5	20	1.4639	0.3	2.5	20	1.4639	0.3	2.5	20	1.4639	0.3	2.5	20	0	0.36597	0.075	0.625	5	0.36597	0.075	0.625	5	0.36597	0.075	0.625	5	0.36597	0.075	0.625	5	0	0.2	0.2	0.2	0.2	0.2	0.2	0.2	0.2	0.2	0.2	0.2	0.2	0.2	0.2	0.2	0.2	0
10000	10	0.005	0.01	1	1	0.4	1	0.3	5.3344	15	1	0.3	5.3344	15	1	0.3	5.3344	15	1	0.3	5.3344	15	0	0.625	0.1875	3.334	9.375	0.625	0.1875	3.334	9.375	0.625	0.1875	3.334	9.375	0.625	0.1875	3.334	9.375	0	0.29792	0.2	0.2	0.2	0.29792	0.2	0.2	0.2	0.29792	0.2	0.2	0.2	0.29792	0.2	0.2	0.2	0
10000	2.5167	0.0013349	0.04	1	1	0.46075	1	0.3	4.6667	80.775	1	0.3	4.6667	80.775	1	0.3	4.6667	80.775	1	0.3	4.6667	80.775	0	0.25	0.075	1.1667	20.194	0.25	0.075	1.1667	20.194	0.25	0.075	1.1667	20.194	0.25	0.075	1.1667	20.194	0	0.2	0.16667	0.18889	0.2	0.2	0.16667	0.18889	0.2	0.2	0.16667	0.18889	0.2	0.2	0.16667	0.18889	0.2	0
10000	4.7156	0.004	0.01609	1	1	0.4	0.8	0.5	3.5	15	0.8	0.5	3.5	15	0.8	0.5	3.5	15	0.8	0.5	3.5	15	0	0.8	0.5	3.5	15	0.8	0.5	3.5	15	0.8	0.5	3.5	15	0.8	0.5	3.5	15	0	0.16667	0.2	0.2	0.2	0.16667	0.2	0.2	0.2	0.16667	0.2	0.2	0.2	0.16667	0.2	0.2	0.2	0
10000	8.4678	0.0073805	0.01	1	1	0.26406	0.68672	0.5185	4.8314	28.889	0.68672	0.5185	4.8314	28.889	0.68672	0.5185	4.8314	28.889	0.68672	0.5185	4.8314	28.889	0	0.72486	0.5473	5.0998	30.494	0.72486	0.5473	5.0998	30.494	0.72486	0.5473	5.0998	30.494	0.72486	0.5473	5.0998	30.494	0	0.16974	0.20683	0.19999	0.36666	0.16974	0.20683	0.19999	0.36666	0.16974	0.20683	0.19999	0.36666	0.16974	0.20683	0.19999	0.36666	0
10000	3.6573	0.001	0.018937	1	1	0.28333	0.83333	0.38889	3.875	11.38	0.83333	0.38889	3.875	11.38	0.83333	0.38889	3.875	11.38	0.83333	0.38889	3.875	11.38	0	0.7688	0.35878	3.5749	10.498	0.7688	0.35878	3.5749	10.498	0.7688	0.35878	3.5749	10.498	0.7688	0.35878	3.5749	10.498	0	0.30864	0.13333	0.27016	0.22368	0.30864	0.13333	0.27016	0.22368	0.30864	0.13333	0.27016	0.22368	0.30864	0.13333	0.27016	0.22368	0
10000	3	0.005	0.02	1	1	0.62305	0.8	0.95	7	30	0.8	0.95	7	30	0.8	0.95	7	30	0.8	0.95	7	30	0	0.4	0.475	3.5	15	0.4	0.475	3.5	15	0.4	0.475	3.5	15	0.4	0.475	3.5	15	0	0.3	0	0.2	0.16667	0.3	0	0.2	0.16667	0.3	0	0.2	0.16667	0.3	0	0.2	0.16667	0
10000	5.4526	0.0047318	0.0125	1	1	0.62825	0.74542	1.9037	12.28	175.79	0.74542	1.9037	12.28	175.79	0.74542	1.9037	12.28	175.79	0.74542	1.9037	12.28	175.79	0	0.39076	0.99791	6.4373	92.149	0.39076	0.99791	6.4373	92.149	0.39076	0.99791	6.4373	92.149	0.39076	0.99791	6.4373	92.149	0	0.30245	0.23333	0.2	0.2	0.30245	0.23333	0.2	0.2	0.30245	0.23333	0.2	0.2	0.30245	0.23333	0.2	0.2	0
10000	3.2241	0.0023958	0.01934	1	1	0.26389	0.91696	0.87499	4.1042	18.625	0.91696	0.87499	4.1042	18.625	0.91696	0.87499	4.1042	18.625	0.91696	0.87499	4.1042	18.625	0	0.44804	0.42753	2.0053	9.1004	0.44804	0.42753	2.0053	9.1004	0.44804	0.42753	2.0053	9.1004	0.44804	0.42753	2.0053	9.1004	0	0.375	0.13178	0.1	0.083333	0.375	0.13178	0.1	0.083333	0.375	0.13178	0.1	0.083333	0.375	0.13178	0.1	0.083333	0
10000	3.55	0.0052778	0.03	1	1	0.59871	0.62336	1	4.6667	10.5	0.62336	1	4.6667	10.5	0.62336	1	4.6667	10.5	0.62336	1	4.6667	10.5	0	0.62336	1	4.6667	10.5	0.62336	1	4.6667	10.5	0.62336	1	4.6667	10.5	0.62336	1	4.6667	10.5	0	0.2	0	0.19147	0.23538	0.2	0	0.19147	0.23538	0.2	0	0.19147	0.23538	0.2	0	0.19147	0.23538	0
10000	2.8291	0.005	0.01	1	1	0.4	0.62882	1	7	20	0.62882	1	7	20	0.62882	1	7	20	0.62882	1	7	20	0	0.35375	0.56255	3.9379	11.251	0.35375	0.56255	3.9379	11.251	0.35375	0.56255	3.9379	11.251	0.35375	0.56255	3.9379	11.251	0	0.18889	0.16667	0.20955	0.17653	0.18889	0.16667	0.20955	0.17653	0.18889	0.16667	0.20955	0.17653	0.18889	0.16667	0.20955	0.17653	0
10000	7.3829	0.001	0.01	1	1	0.51223	0.60717	0.3	5.1462	5.3582	0.60717	0.3	5.1462	5.3582	0.60717	0.3	5.1462	5.3582	0.60717	0.3	5.1462	5.3582	0	0.57434	0.28378	4.868	5.0685	0.57434	0.28378	4.868	5.0685	0.57434	0.28378	4.868	5.0685	0.57434	0.28378	4.868	5.0685	0	0.2	0.2416	0.2	0.4	0.2	0.2416	0.2	0.4	0.2	0.2416	0.2	0.4	0.2	0.2416	0.2	0.4	0
10000	2.8389	0.001	0.023333	1	1	0.68588	1.037	0.8803	4.6667	15.094	1.037	0.8803	4.6667	15.094	1.037	0.8803	4.6667	15.094	1.037	0.8803	4.6667	15.094	0	0.82099	0.6969	3.6944	11.949	0.82099	0.6969	3.6944	11.949	0.82099	0.6969	3.6944	11.949	0.82099	0.6969	3.6944	11.949	0	0.55	0.32505	0.16667	0.1	0.55	0.32505	0.16667	0.1	0.55	0.32505	0.16667	0.1	0.55	0.32505	0.16667	0.1	0
10000	2.9727	0.0042151	0.018281	1	1	0.50576	0.81433	0.60054	7.0018	984.7	0.81433	0.60054	7.0018	984.7	0.81433	0.60054	7.0018	984.7	0.81433	0.60054	7.0018	984.7	0	0.65867	0.48574	5.6635	796.48	0.65867	0.48574	5.6635	796.48	0.65867	0.48574	5.6635	796.48	0.65867	0.48574	5.6635	796.48	0	0.099835	0.16503	0.21211	0.17637	0.099835	0.16503	0.21211	0.17637	0.099835	0.16503	0.21211	0.17637	0.099835	0.16503	0.21211	0.17637	0
10000	6	0.001	0.02	1	1	0.71072	0.85126	0.9262	4.6667	40	0.85126	0.9262	4.6667	40	0.85126	0.9262	4.6667	40	0.85126	0.9262	4.6667	40	0	0.37055	0.40317	2.0314	17.412	0.37055	0.40317	2.0314	17.412	0.37055	0.40317	2.0314	17.412	0.37055	0.40317	2.0314	17.412	0	0.083333	0.3	0.2	0.1	0.083333	0.3	0.2	0.1	0.083333	0.3	0.2	0.1	0.083333	0.3	0.2	0.1	0
10000	7	0.001	0.012222	1	1	0.49869	0.45803	0.85013	8.3003	12.681	0.45803	0.85013	8.3003	12.681	0.45803	0.85013	8.3003	12.681	0.45803	0.85013	8.3003	12.681	0	0.20731	0.38477	3.7568	5.7396	0.20731	0.38477	3.7568	5.7396	0.20731	0.38477	3.7568	5.7396	0.20731	0.38477	3.7568	5.7396	0	0.42535	0.2	0.2	0.24444	0.42535	0.2	0.2	0.24444	0.42535	0.2	0.2	0.24444	0.42535	0.2	0.2	0.24444	0
10000	1.6953	0.0052778	0.02	1	1	0.4	1.0296	0.61385	4.1246	15	1.0296	0.61385	4.1246	15	1.0296	0.61385	4.1246	15	1.0296	0.61385	4.1246	15	0	0.51826	0.309	2.0762	7.5506	0.51826	0.309	2.0762	7.5506	0.51826	0.309	2.0762	7.5506	0.51826	0.309	2.0762	7.5506	0	0.38589	0.2	0.094444	0.13333	0.38589	0.2	0.094444	0.13333	0.38589	0.2	0.094444	0.13333	0.38589	0.2	0.094444	0.13333	0
10000	3.2166	0.001	0.026438	1	1	0.73411	0.74364	0.51958	5.8689	109.75	0.74364	0.51958	5.8689	109.75	0.74364	0.51958	5.8689	109.75	0.74364	0.51958	5.8689	109.75	0	0.43483	0.30381	3.4317	64.177	0.43483	0.30381	3.4317	64.177	0.43483	0.30381	3.4317	64.177	0.43483	0.30381	3.4317	64.177	0	0.28527	0.26096	0.20434	0.19928	0.28527	0.26096	0.20434	0.19928	0.28527	0.26096	0.20434	0.19928	0.28527	0.26096	0.20434	0.19928	0
10000	5.2643	0.0026355	0.01	1	1	0.44744	0.75276	0.54452	4.84	9.6333	0.75276	0.54452	4.84	9.6333	0.75276	0.54452	4.84	9.6333	0.75276	0.54452	4.84	9.6333	0	0.40009	0.28941	2.5724	5.1201	0.40009	0.28941	2.5724	5.1201	0.40009	0.28941	2.5724	5.1201	0.40009	0.28941	2.5724	5.1201	0	0.20379	0.093814	0.12589	0.18215	0.20379	0.093814	0.12589	0.18215	0.20379	0.093814	0.12589	0.18215	0.20379	0.093814	0.12589	0.18215	0
10000	1.5051	0.0043333	0.021667	1	1	0.45833	0.96389	0.5378	3.6875	20.889	0.96389	0.5378	3.6875	20.889	0.96389	0.5378	3.6875	20.889	0.96389	0.5378	3.6875	20.889	0	0.43063	0.24027	1.6474	9.3323	0.43063	0.24027	1.6474	9.3323	0.43063	0.24027	1.6474	9.3323	0.43063	0.24027	1.6474	9.3323	0	0.33499	0.23333	0.083333	0	0.33499	0.23333	0.083333	0	0.33499	0.23333	0.083333	0	0.33499	0.23333	0.083333	0	0
10000	2.5376	0.001	0.01	1	1	0.72592	1	0.48897	5.1852	17.989	1	0.48897	5.1852	17.989	1	0.48897	5.1852	17.989	1	0.48897	5.1852	17.989	0	0.50512	0.24698	2.6191	9.0867	0.50512	0.24698	2.6191	9.0867	0.50512	0.24698	2.6191	9.0867	0.50512	0.24698	2.6191	9.0867	0	0.24467	0.13333	0.2	0.2037	0.24467	0.13333	0.2	0.2037	0.24467	0.13333	0.2	0.2037	0.24467	0.13333	0.2	0.2037	0
10000	2.7988	0.0023333	0.01	1	1	0.50446	0.95159	0.35694	6.6667	40	0.95159	0.35694	6.6667	40	0.95159	0.35694	6.6667	40	0.95159	0.35694	6.6667	40	0	0.38827	0.14564	2.7201	16.321	0.38827	0.14564	2.7201	16.321	0.38827	0.14564	2.7201	16.321	0.38827	0.14564	2.7201	16.321	0	0.18856	0.2	0.2	0.2	0.18856	0.2	0.2	0.2	0.18856	0.2	0.2	0.2	0.18856	0.2	0.2	0.2	0
10000	3.5838	0.001	0.020171	1	1	0.40598	1.0086	0.32778	7.0192	40.09	1.0086	0.32778	7.0192	40.09	1.0086	0.32778	7.0192	40.09	1.0086	0.32778	7.0192	40.09	0	0.36757	0.11946	2.5582	14.611	0.36757	0.11946	2.5582	14.611	0.36757	0.11946	2.5582	14.611	0.36757	0.11946	2.5582	14.611	0	0.051668	0.16382	0.1407	0.29487	0.051668	0.16382	0.1407	0.29487	0.051668	0.16382	0.1407	0.29487	0.051668	0.16382	0.1407	0.29487	0
10000	4.2002	0.0032403	0.01	1	1	0.59259	0.72036	0.66667	4.1525	10.674	0.72036	0.66667	4.1525	10.674	0.72036	0.66667	4.1525	10.674	0.72036	0.66667	4.1525	10.674	0	0.72036	0.66667	4.1525	10.674	0.72036	0.66667	4.1525	10.674	0.72036	0.66667	4.1525	10.674	0.72036	0.66667	4.1525	10.674	0	0.18963	0.2	0.2	0.2	0.18963	0.2	0.2	0.2	0.18963	0.2	0.2	0.2	0.18963	0.2	0.2	0.2	0
10000	3	0.001	0.01	1	1	0.71661	0.48681	0.6	4.6666	20	0.48681	0.6	4.6666	20	0.48681	0.6	4.6666	20	0.48681	0.6	4.6666	20	0	0.38155	0.47027	3.6576	15.676	0.38155	0.47027	3.6576	15.676	0.38155	0.47027	3.6576	15.676	0.38155	0.47027	3.6576	15.676	0	0.16797	0.26302	0.2	0.2	0.16797	0.26302	0.2	0.2	0.16797	0.26302	0.2	0.2	0.16797	0.26302	0.2	0.2	0
10000	7	0.0027884	0.01	1	1	0.8	0.34068	0.4	2.9306	15	0.34068	0.4	2.9306	15	0.34068	0.4	2.9306	15	0.34068	0.4	2.9306	15	0	0.32649	0.38333	2.8085	14.375	0.32649	0.38333	2.8085	14.375	0.32649	0.38333	2.8085	14.375	0.32649	0.38333	2.8085	14.375	0	0.16667	0.2	0.2	0.2	0.16667	0.2	0.2	0.2	0.16667	0.2	0.2	0.2	0.16667	0.2	0.2	0.2	0
10000	2.4774	0.001	0.015	1	1	1.1874	1	-0.20151	7	40	1	-0.20151	7	40	1	-0.20151	7	40	1	-0.20151	7	40	0	0.63334	-0.12762	4.4334	25.334	0.63334	-0.12762	4.4334	25.334	0.63334	-0.12762	4.4334	25.334	0.63334	-0.12762	4.4334	25.334	0	0.083333	0.19265	0.12581	0.18889	0.083333	0.19265	0.12581	0.18889	0.083333	0.19265	0.12581	0.18889	0.083333	0.19265	0.12581	0.18889	0
10000	1.9619	0.0031785	0.011296	1	1	1.1222	0.875	0.4375	6.4703	180.67	0.875	0.4375	6.4703	180.67	0.875	0.4375	6.4703	180.67	0.875	0.4375	6.4703	180.67	0	0.55071	0.27536	4.0723	113.71	0.55071	0.27536	4.0723	113.71	0.55071	0.27536	4.0723	113.71	0.55071	0.27536	4.0723	113.71	0	0.15419	0.23333	0.19444	0.23333	0.15419	0.23333	0.19444	0.23333	0.15419	0.23333	0.19444	0.23333	0.15419	0.23333	0.19444	0.23333	0
10000	2.5171	0.001	0.045711	1	1	1.4158	0.99941	0.33345	3.1672	15.816	0.99941	0.33345	3.1672	15.816	0.99941	0.33345	3.1672	15.816	0.99941	0.33345	3.1672	15.816	0	0.99921	0.33338	3.1666	15.813	0.99921	0.33338	3.1666	15.813	0.99921	0.33338	3.1666	15.813	0.99921	0.33338	3.1666	15.813	0	0.19991	0.20024	0	0.090317	0.19991	0.20024	0	0.090317	0.19991	0.20024	0	0.090317	0.19991	0.20024	0	0.090317	0
10000	2.1888	0.0020289	0.016667	1	1	1.3849	1	0.4	4.6667	20	1	0.4	4.6667	20	1	0.4	4.6667	20	1	0.4	4.6667	20	0	1	0.4	4.6667	20	1	0.4	4.6667	20	1	0.4	4.6667	20	1	0.4	4.6667	20	0	0.2	0.16667	0.16667	0.19036	0.2	0.16667	0.16667	0.19036	0.2	0.16667	0.16667	0.19036	0.2	0.16667	0.16667	0.19036	0
10000	0.1	0.0042236	0.01	1	1	1.2705	1	0.4	6.8889	33.333	1	0.4	6.8889	33.333	1	0.4	6.8889	33.333	1	0.4	6.8889	33.333	0	0.5	0.2	3.4445	16.667	0.5	0.2	3.4445	16.667	0.5	0.2	3.4445	16.667	0.5	0.2	3.4445	16.667	0	0	0.19784	0.17934	0.23333	0	0.19784	0.17934	0.23333	0	0.19784	0.17934	0.23333	0	0.19784	0.17934	0.23333	0
10000	0.1	0.003	0.023832	1	1	1.4175	1	0.33334	4.6666	12.703	1	0.33334	4.6666	12.703	1	0.33334	4.6666	12.703	1	0.33334	4.6666	12.703	0	0.5	0.16667	2.3333	6.3516	0.5	0.16667	2.3333	6.3516	0.5	0.16667	2.3333	6.3516	0.5	0.16667	2.3333	6.3516	0	0.18213	0.05	0.2	0.3	0.18213	0.05	0.2	0.3	0.18213	0.05	0.2	0.3	0.18213	0.05	0.2	0.3	0
10000	1.55	0.001	0.01	1	1	1.6	1	0.3	5	15	1	0.3	5	15	1	0.3	5	15	1	0.3	5	15	0	0.50001	0.15	2.5	7.5	0.50001	0.15	2.5	7.5	0.50001	0.15	2.5	7.5	0.50001	0.15	2.5	7.5	0	0.2	0.2	0.2	0.4	0.2	0.2	0.2	0.4	0.2	0.2	0.2	0.4	0.2	0.2	0.2	0.4	0
10000	1.9929	0.0055146	0.015	1	1	2	1.0667	6.0555e-06	4.9002	15	1.0667	6.0555e-06	4.9002	15	1.0667	6.0555e-06	4.9002	15	1.0667	6.0555e-06	4.9002	15	0	1.0575	6.0037e-06	4.8583	14.872	1.0575	6.0037e-06	4.8583	14.872	1.0575	6.0037e-06	4.8583	14.872	1.0575	6.0037e-06	4.8583	14.872	0	0.1	0.16907	0.34258	0.16738	0.1	0.16907	0.34258	0.16738	0.1	0.16907	0.34258	0.16738	0.1	0.16907	0.34258	0.16738	0
10000	1.0886	0.0030986	0.01	1	1	1.4835	1	0.3	8.3286	15	1	0.3	8.3286	15	1	0.3	8.3286	15	1	0.3	8.3286	15	0	0.45833	0.1375	3.8173	6.875	0.45833	0.1375	3.8173	6.875	0.45833	0.1375	3.8173	6.875	0.45833	0.1375	3.8173	6.875	0	0.12705	0.1	0.3	0.1	0.12705	0.1	0.3	0.1	0.12705	0.1	0.3	0.1	0.12705	0.1	0.3	0.1	0
10000	1.1264	0.01	0.02	1	1	1.4628	0.8	-0.45292	5	47.659	0.8	-0.45292	5	47.659	0.8	-0.45292	5	47.659	0.8	-0.45292	5	47.659	0	0.46467	-0.26307	2.9042	27.682	0.46467	-0.26307	2.9042	27.682	0.46467	-0.26307	2.9042	27.682	0.46467	-0.26307	2.9042	27.682	0	0.1	0.2	0.2207	0.16667	0.1	0.2	0.2207	0.16667	0.1	0.2	0.2207	0.16667	0.1	0.2	0.2207	0.16667	0
10000	3	0.005	0.019118	1	1	1.2233	0.8	0	3.3333	7.4055	0.8	0	3.3333	7.4055	0.8	0	3.3333	7.4055	0.8	0	3.3333	7.4055	0	0.54248	0	2.2603	5.0216	0.54248	0	2.2603	5.0216	0.54248	0	2.2603	5.0216	0.54248	0	2.2603	5.0216	0	0.21111	0.2	0.2	0.25288	0.21111	0.2	0.2	0.25288	0.21111	0.2	0.2	0.25288	0.21111	0.2	0.2	0.25288	0
10000	1.2335	0.01	0.020639	1	1	1.218	1.4758	0.043731	7	20	1.4758	0.043731	7	20	1.4758	0.043731	7	20	1.4758	0.043731	7	20	0	0.81658	0.024198	3.8732	11.066	0.81658	0.024198	3.8732	11.066	0.81658	0.024198	3.8732	11.066	0.81658	0.024198	3.8732	11.066	0	0.27778	0.27256	0.1963	0.2	0.27778	0.27256	0.1963	0.2	0.27778	0.27256	0.1963	0.2	0.27778	0.27256	0.1963	0.2	0
10000	1.862	0.001	0.01	1	1	1.2117	1	0.3	2.9713	15	1	0.3	2.9713	15	1	0.3	2.9713	15	1	0.3	2.9713	15	0	1.0202	0.30606	3.0313	15.303	1.0202	0.30606	3.0313	15.303	1.0202	0.30606	3.0313	15.303	1.0202	0.30606	3.0313	15.303	0	0.2	0.2	0.16667	0.2	0.2	0.2	0.16667	0.2	0.2	0.2	0.16667	0.2	0.2	0.2	0.16667	0.2	0
10000	3	0.001	0.02	1	1	1.3333	0.88889	0	2.5	10	0.88889	0	2.5	10	0.88889	0	2.5	10	0.88889	0	2.5	10	0	0.88889	0	2.5	10	0.88889	0	2.5	10	0.88889	0	2.5	10	0.88889	0	2.5	10	0	0.2	0.23952	0.2	0.3	0.2	0.23952	0.2	0.3	0.2	0.23952	0.2	0.3	0.2	0.23952	0.2	0.3	0
10000	3.6265	0.001	0.01	1	1	1.1076	1.1446	-0.15506	3.5	10	1.1446	-0.15506	3.5	10	1.1446	-0.15506	3.5	10	1.1446	-0.15506	3.5	10	0	0.28615	-0.038766	0.875	2.5	0.28615	-0.038766	0.875	2.5	0.28615	-0.038766	0.875	2.5	0.28615	-0.038766	0.875	2.5	0	0.19105	0.20743	0.2	0.2	0.19105	0.20743	0.2	0.2	0.19105	0.20743	0.2	0.2	0.19105	0.20743	0.2	0.2	0
10000	3	0.002539	0.02	1	1	1.4433	0.86297	0.48465	5	15	0.86297	0.48465	5	15	0.86297	0.48465	5	15	0.86297	0.48465	5	15	0	0.43192	0.24257	2.5025	7.5075	0.43192	0.24257	2.5025	7.5075	0.43192	0.24257	2.5025	7.5075	0.43192	0.24257	2.5025	7.5075	0	0.26667	0.2	0.2	0.2	0.26667	0.2	0.2	0.2	0.26667	0.2	0.2	0.2	0.26667	0.2	0.2	0.2	0
10000	2.6384	0.001	0.01	1	1	1.4756	1.1641	0.3	7	20	1.1641	0.3	7	20	1.1641	0.3	7	20	1.1641	0.3	7	20	0	0.58205	0.15	3.5	10	0.58205	0.15	3.5	10	0.58205	0.15	3.5	10	0.58205	0.15	3.5	10	0	0.2	0.11961	0.2	0.21371	0.2	0.11961	0.2	0.21371	0.2	0.11961	0.2	0.21371	0.2	0.11961	0.2	0.21371	0
10000	1.5362	0.0027014	0.01	1	1	1.4385	1.1111	0.4	5.5556	20.665	1.1111	0.4	5.5556	20.665	1.1111	0.4	5.5556	20.665	1.1111	0.4	5.5556	20.665	0	0.32407	0.11667	1.6204	6.0271	0.32407	0.11667	1.6204	6.0271	0.32407	0.11667	1.6204	6.0271	0.32407	0.11667	1.6204	6.0271	0	0.16667	0.017518	0.18076	0.31667	0.16667	0.017518	0.18076	0.31667	0.16667	0.017518	0.18076	0.31667	0.16667	0.017518	0.18076	0.31667	0
10000	1.55	0.001	0.01	1	1	1.6	1.1111	0.16934	5	30	1.1111	0.16934	5	30	1.1111	0.16934	5	30	1.1111	0.16934	5	30	0	0.55556	0.084668	2.5	15	0.55556	0.084668	2.5	15	0.55556	0.084668	2.5	15	0.55556	0.084668	2.5	15	0	0.4	0	0.2	0.2	0.4	0	0.2	0.2	0.4	0	0.2	0.2	0.4	0	0.2	0.2	0
10000	2.9874	0.0036667	0.01	1	1	2.3555	1.4267	0.24088	7.7778	400	1.4267	0.24088	7.7778	400	1.4267	0.24088	7.7778	400	1.4267	0.24088	7.7778	400	0	0.72864	0.12302	3.9722	204.28	0.72864	0.12302	3.9722	204.28	0.72864	0.12302	3.9722	204.28	0.72864	0.12302	3.9722	204.28	0	0.4	0.12222	0.16667	0.2463	0.4	0.12222	0.16667	0.2463	0.4	0.12222	0.16667	0.2463	0.4	0.12222	0.16667	0.2463	0
10000	5	0.001	0.021764	1	1	1.4755	1.1111	-0.73904	2.7768	15	1.1111	-0.73904	2.7768	15	1.1111	-0.73904	2.7768	15	1.1111	-0.73904	2.7768	15	0	1.1111	-0.73904	2.7768	15	1.1111	-0.73904	2.7768	15	1.1111	-0.73904	2.7768	15	1.1111	-0.73904	2.7768	15	0	0.2	0.2	0.21111	0.24752	0.2	0.2	0.21111	0.24752	0.2	0.2	0.21111	0.24752	0.2	0.2	0.21111	0.24752	0
10000	4.0545	0.001	0.01	1	1	1.3004	1	0	3.3333	15	1	0	3.3333	15	1	0	3.3333	15	1	0	3.3333	15	0	1	0	3.3333	15	1	0	3.3333	15	1	0	3.3333	15	1	0	3.3333	15	0	0.16849	0.25709	0.21528	0.2	0.16849	0.25709	0.21528	0.2	0.16849	0.25709	0.21528	0.2	0.16849	0.25709	0.21528	0.2	0
10000	3.0536	0.0041916	0.01	1	1	1.6677	0.80097	0.00053896	3.0574	25.009	0.80097	0.00053896	3.0574	25.009	0.80097	0.00053896	3.0574	25.009	0.80097	0.00053896	3.0574	25.009	0	0.7473	0.00050285	2.8526	23.333	0.7473	0.00050285	2.8526	23.333	0.7473	0.00050285	2.8526	23.333	0.7473	0.00050285	2.8526	23.333	0	0.2844	0	0.16624	0.16163	0.2844	0	0.16624	0.16163	0.2844	0	0.16624	0.16163	0.2844	0	0.16624	0.16163	0
10000	3	0.005	0.022456	1	1	1.6	0.8	0.4	3.3333	15	0.8	0.4	3.3333	15	0.8	0.4	3.3333	15	0.8	0.4	3.3333	15	0	0.8	0.4	3.3333	15	0.8	0.4	3.3333	15	0.8	0.4	3.3333	15	0.8	0.4	3.3333	15	0	0.3	0.2	0.18718	0.2	0.3	0.2	0.18718	0.2	0.3	0.2	0.18718	0.2	0.3	0.2	0.18718	0.2	0
10000	4.0328	0.001	0.016561	1	1	2.1487	1.7267	0.35325	3.625	71.333	1.7267	0.35325	3.625	71.333	1.7267	0.35325	3.625	71.333	1.7267	0.35325	3.625	71.333	0	1.295	0.26494	2.7187	53.5	1.295	0.26494	2.7187	53.5	1.295	0.26494	2.7187	53.5	1.295	0.26494	2.7187	53.5	0	0.47818	0.3	0.17353	0.33516	0.47818	0.3	0.17353	0.33516	0.47818	0.3	0.17353	0.33516	0.47818	0.3	0.17353	0.33516	0
10000	10	0.001	0.03	1	1	0.8	1.0998	0.3	2.5	15	1.0998	0.3	2.5	15	1.0998	0.3	2.5	15	1.0998	0.3	2.5	15	0	2.2313	0.60866	5.0722	30.433	2.2313	0.60866	5.0722	30.433	2.2313	0.60866	5.0722	30.433	2.2313	0.60866	5.0722	30.433	0	0.2	0.2	0.2	0.2	0.2	0.2	0.2	0.2	0.2	0.2	0.2	0.2	0.2	0.2	0.2	0.2	0
10000	10	0.001	0.035089	1	1	0.34271	1.5314	0.3532	3.1901	14.345	1.5314	0.3532	3.1901	14.345	1.5314	0.3532	3.1901	14.345	1.5314	0.3532	3.1901	14.345	0	1.4217	0.32791	2.9616	13.318	1.4217	0.32791	2.9616	13.318	1.4217	0.32791	2.9616	13.318	1.4217	0.32791	2.9616	13.318	0	0.16726	0.16726	0.16726	0.17364	0.16726	0.16726	0.16726	0.17364	0.16726	0.16726	0.16726	0.17364	0.16726	0.16726	0.16726	0.17364	0
10000	6.6667	0.001	0.019444	1	1	0.88889	1.0373	0.5	2.5926	20	1.0373	0.5	2.5926	20	1.0373	0.5	2.5926	20	1.0373	0.5	2.5926	20	0	1.0646	0.51318	2.661	20.527	1.0646	0.51318	2.661	20.527	1.0646	0.51318	2.661	20.527	1.0646	0.51318	2.661	20.527	0	0.18889	0.12508	0.19954	0.20396	0.18889	0.12508	0.19954	0.20396	0.18889	0.12508	0.19954	0.20396	0.18889	0.12508	0.19954	0.20396	0
10000	7.4333	0.001	0.02	1	1	0.69926	1.1854	0.24074	3.3333	12.792	1.1854	0.24074	3.3333	12.792	1.1854	0.24074	3.3333	12.792	1.1854	0.24074	3.3333	12.792	0	1.1854	0.24074	3.3333	12.792	1.1854	0.24074	3.3333	12.792	1.1854	0.24074	3.3333	12.792	1.1854	0.24074	3.3333	12.792	0	0.2	0.2	0.2	0.18237	0.2	0.2	0.2	0.18237	0.2	0.2	0.2	0.18237	0.2	0.2	0.2	0.18237	0
10000	10	0.001	0.024479	1	1	0.8	1.5	0.3	2.5	15	1.5	0.3	2.5	15	1.5	0.3	2.5	15	1.5	0.3	2.5	15	0	1.5	0.3	2.5	15	1.5	0.3	2.5	15	1.5	0.3	2.5	15	1.5	0.3	2.5	15	0	0.2	0.2	0.2	0.2	0.2	0.2	0.2	0.2	0.2	0.2	0.2	0.2	0.2	0.2	0.2	0.2	0
10000	10	0.0014444	0.02	1	1	0.91358	1	-0.67989	2.5	15	1	-0.67989	2.5	15	1	-0.67989	2.5	15	1	-0.67989	2.5	15	0	1.6624	-1.1302	4.1559	24.935	1.6624	-1.1302	4.1559	24.935	1.6624	-1.1302	4.1559	24.935	1.6624	-1.1302	4.1559	24.935	0	0.2	0.2	0.3	0.2	0.2	0.2	0.3	0.2	0.2	0.2	0.3	0.2	0.2	0.2	0.3	0.2	0
10000	5.6516	0.001	0.02	1	1	1.0667	1.4471	0.4	3.3333	7.1127	1.4471	0.4	3.3333	7.1127	1.4471	0.4	3.3333	7.1127	1.4471	0.4	3.3333	7.1127	0	1.4471	0.4	3.3333	7.1127	1.4471	0.4	3.3333	7.1127	1.4471	0.4	3.3333	7.1127	1.4471	0.4	3.3333	7.1127	0	0.14279	0.17376	0.2	0.17062	0.14279	0.17376	0.2	0.17062	0.14279	0.17376	0.2	0.17062	0.14279	0.17376	0.2	0.17062	0
10000	7.2369	0.001	0.014723	1	1	1.0145	1.0912	0.5	2.5	30	1.0912	0.5	2.5	30	1.0912	0.5	2.5	30	1.0912	0.5	2.5	30	0	1.6411	0.75193	3.7597	45.116	1.6411	0.75193	3.7597	45.116	1.6411	0.75193	3.7597	45.116	1.6411	0.75193	3.7597	45.116	0	0.1	0	0.2	0.2	0.1	0	0.2	0.2	0.1	0	0.2	0.2	0.1	0	0.2	0.2	0
10000	4.4053	0.0023331	0.019998	1	1	0.80029	1.5968	0.59994	3.3339	15.001	1.5968	0.59994	3.3339	15.001	1.5968	0.59994	3.3339	15.001	1.5968	0.59994	3.3339	15.001	0	1.5303	0.57499	3.1952	14.377	1.5303	0.57499	3.1952	14.377	1.5303	0.57499	3.1952	14.377	1.5303	0.57499	3.1952	14.377	0	0.10002	0.29981	0.20013	0.20004	0.10002	0.29981	0.20013	0.20004	0.10002	0.29981	0.20013	0.20004	0.10002	0.29981	0.20013	0.20004	0
10000	7	0.001	0.01	1	1	0.8	1.5	0.5	3.3333	58.667	1.5	0.5	3.3333	58.667	1.5	0.5	3.3333	58.667	1.5	0.5	3.3333	58.667	0	1.5397	0.51324	3.4216	60.22	1.5397	0.51324	3.4216	60.22	1.5397	0.51324	3.4216	60.22	1.5397	0.51324	3.4216	60.22	0	0.1	0.2	0.18803	0.16667	0.1	0.2	0.18803	0.16667	0.1	0.2	0.18803	0.16667	0.1	0.2	0.18803	0.16667	0
10000	10	0.0014444	0.02	1	1	0.8	1.3333	0.10942	2.5	15	1.3333	0.10942	2.5	15	1.3333	0.10942	2.5	15	1.3333	0.10942	2.5	15	0	2.6667	0.21883	5	30	2.6667	0.21883	5	30	2.6667	0.21883	5	30	2.6667	0.21883	5	30	0	0.26667	0.2	0.2	0.2	0.26667	0.2	0.2	0.2	0.26667	0.2	0.2	0.2	0.26667	0.2	0.2	0.2	0
10000	7.0859	0.001	0.016585	1	1	0.8	1.3333	0.21765	2.5	15	1.3333	0.21765	2.5	15	1.3333	0.21765	2.5	15	1.3333	0.21765	2.5	15	0	1.9767	0.32267	3.7063	22.238	1.9767	0.32267	3.7063	22.238	1.9767	0.32267	3.7063	22.238	1.9767	0.32267	3.7063	22.238	0	0.2	0.26817	0.2	0.2	0.2	0.26817	0.2	0.2	0.2	0.26817	0.2	0.2	0.2	0.26817	0.2	0.2	0
10000	3.2885	0.0046791	0.02	1	1	0.8	1.4283	1.35	3.3333	30	1.4283	1.35	3.3333	30	1.4283	1.35	3.3333	30	1.4283	1.35	3.3333	30	0	1.7525	1.6564	4.0899	36.81	1.7525	1.6564	4.0899	36.81	1.7525	1.6564	4.0899	36.81	1.7525	1.6564	4.0899	36.81	0	0.16667	0.2	0.2	0	0.16667	0.2	0.2	0	0.16667	0.2	0.2	0	0.16667	0.2	0.2	0	0
10000	6.043	0.010003	0.019996	1	1	0.80019	1.3335	0.29986	2.4996	15.002	1.3335	0.29986	2.4996	15.002	1.3335	0.29986	2.4996	15.002	1.3335	0.29986	2.4996	15.002	0	2.8157	0.63313	5.2777	31.675	2.8157	0.63313	5.2777	31.675	2.8157	0.63313	5.2777	31.675	2.8157	0.63313	5.2777	31.675	0	0.26189	0.20009	0.20009	0.20009	0.26189	0.20009	0.20009	0.20009	0.26189	0.20009	0.20009	0.20009	0.26189	0.20009	0.20009	0.20009	0
10000	7.771	0.001	0.018169	1	1	0.81801	1.02	0.31301	2.465	10.247	1.02	0.31301	2.465	10.247	1.02	0.31301	2.465	10.247	1.02	0.31301	2.465	10.247	0	2.0267	0.62194	4.8978	20.36	2.0267	0.62194	4.8978	20.36	2.0267	0.62194	4.8978	20.36	2.0267	0.62194	4.8978	20.36	0	0.2127	0.20801	0.19199	0.17334	0.2127	0.20801	0.19199	0.17334	0.2127	0.20801	0.19199	0.17334	0.2127	0.20801	0.19199	0.17334	0
10000	8.2473	0.0015588	0.02	1	1	0.80666	1.4006	0.3	3.3333	7.9622	1.4006	0.3	3.3333	7.9622	1.4006	0.3	3.3333	7.9622	1.4006	0.3	3.3333	7.9622	0	2.2274	0.47711	5.3012	12.663	2.2274	0.47711	5.3012	12.663	2.2274	0.47711	5.3012	12.663	2.2274	0.47711	5.3012	12.663	0	0.2	0.2	0.2	0.2	0.2	0.2	0.2	0.2	0.2	0.2	0.2	0.2	0.2	0.2	0.2	0.2	0
10000	6.5484	0.001	0.01	1	1	0.70759	1.2725	0.26792	2.7046	24.444	1.2725	0.26792	2.7046	24.444	1.2725	0.26792	2.7046	24.444	1.2725	0.26792	2.7046	24.444	0	1.4391	0.30299	3.0586	27.644	1.4391	0.30299	3.0586	27.644	1.4391	0.30299	3.0586	27.644	1.4391	0.30299	3.0586	27.644	0	0.15681	0.21186	0.17446	0.18652	0.15681	0.21186	0.17446	0.18652	0.15681	0.21186	0.17446	0.18652	0.15681	0.21186	0.17446	0.18652	0
10000	6.0267	0.001	0.03	1	1	0.62426	1.5	0.5	2.5	9.1202	1.5	0.5	2.5	9.1202	1.5	0.5	2.5	9.1202	1.5	0.5	2.5	9.1202	0	1.8027	0.6009	3.0045	10.961	1.8027	0.6009	3.0045	10.961	1.8027	0.6009	3.0045	10.961	1.8027	0.6009	3.0045	10.961	0	0.2	0.26214	0	0.2	0.2	0.26214	0	0.2	0.2	0.26214	0	0.2	0.2	0.26214	0	0.2	0
10000	7	0.001	0.01897	1	1	0.4	1	0.14665	2.5	15	1	0.14665	2.5	15	1	0.14665	2.5	15	1	0.14665	2.5	15	0	1.783	0.26148	4.4574	26.744	1.783	0.26148	4.4574	26.744	1.783	0.26148	4.4574	26.744	1.783	0.26148	4.4574	26.744	0	0	0.2	0.16667	0.2	0	0.2	0.16667	0.2	0	0.2	0.16667	0.2	0	0.2	0.16667	0.2	0
10000	7.6118	0.001	0.01	1	1	0.76384	1	0.3	2.5	15	1	0.3	2.5	15	1	0.3	2.5	15	1	0.3	2.5	15	0	1.4287	0.42862	3.5718	21.431	1.4287	0.42862	3.5718	21.431	1.4287	0.42862	3.5718	21.431	1.4287	0.42862	3.5718	21.431	0	0.2	0.2	0.1	0.2	0.2	0.2	0.1	0.2	0.2	0.2	0.1	0.2	0.2	0.2	0.1	0.2	0
10000	7.3314	0.001	0.018228	1	1	1.0415	1.2657	0.3	2.5	21.064	1.2657	0.3	2.5	21.064	1.2657	0.3	2.5	21.064	1.2657	0.3	2.5	21.064	0	1.2657	0.3	2.5	21.064	1.2657	0.3	2.5	21.064	1.2657	0.3	2.5	21.064	1.2657	0.3	2.5	21.064	0	0.2	0.1	0.2	0.2	0.2	0.1	0.2	0.2	0.2	0.1	0.2	0.2	0.2	0.1	0.2	0.2	0
10000	10	0.0016519	0.035	1	1	0.73285	1.1131	0.41419	2.5	7.5756	1.1131	0.41419	2.5	7.5756	1.1131	0.41419	2.5	7.5756	1.1131	0.41419	2.5	7.5756	0	2.1078	0.78434	4.7342	14.346	2.1078	0.78434	4.7342	14.346	2.1078	0.78434	4.7342	14.346	2.1078	0.78434	4.7342	14.346	0	0.12115	0.1	0.2	0.2	0.12115	0.1	0.2	0.2	0.12115	0.1	0.2	0.2	0.12115	0.1	0.2	0.2	0
10000	10	0.001	0.047778	1	1	0.61667	1.0941	0.64994	2.4583	19	1.0941	0.64994	2.4583	19	1.0941	0.64994	2.4583	19	1.0941	0.64994	2.4583	19	0	1.5727	0.93429	3.5339	27.312	1.5727	0.93429	3.5339	27.312	1.5727	0.93429	3.5339	27.312	1.5727	0.93429	3.5339	27.312	0	0	0	0.38774	0.35522	0	0	0.38774	0.35522	0	0	0.38774	0.35522	0	0	0.38774	0.35522	0
10000	10	0.001	0.01	1	1	0.64724	1.0921	0.32222	2.5	9.6305	1.0921	0.32222	2.5	9.6305	1.0921	0.32222	2.5	9.6305	1.0921	0.32222	2.5	9.6305	0	1.614	0.47622	3.6948	14.233	1.614	0.47622	3.6948	14.233	1.614	0.47622	3.6948	14.233	1.614	0.47622	3.6948	14.233	0	0.13183	0.2461	0.15556	0.2	0.13183	0.2461	0.15556	0.2	0.13183	0.2461	0.15556	0.2	0.13183	0.2461	0.15556	0.2	0
10000	5.85	0.001	0.020659	1	1	0.8	1	0.3	2.5	15	1	0.3	2.5	15	1	0.3	2.5	15	1	0.3	2.5	15	0	1	0.3	2.5	15	1	0.3	2.5	15	1	0.3	2.5	15	1	0.3	2.5	15	0	0.2	0.2	0.2	0.2	0.2	0.2	0.2	0.2	0.2	0.2	0.2	0.2	0.2	0.2	0.2	0.2	0
10000	4.4979	0.0027323	0.023333	1	1	1	1	0.4	2.7986	15	1	0.4	2.7986	15	1	0.4	2.7986	15	1	0.4	2.7986	15	0	0.94925	0.3797	2.6566	14.239	0.94925	0.3797	2.6566	14.239	0.94925	0.3797	2.6566	14.239	0.94925	0.3797	2.6566	14.239	0	0.3	0.2	0.1	0.2	0.3	0.2	0.1	0.2	0.3	0.2	0.1	0.2	0.3	0.2	0.1	0.2	0
10000	5	0.0014444	0.03	1	1	1.2112	1	0.54672	2.9525	15	1	0.54672	2.9525	15	1	0.54672	2.9525	15	1	0.54672	2.9525	15	0	1	0.54672	2.9525	15	1	0.54672	2.9525	15	1	0.54672	2.9525	15	1	0.54672	2.9525	15	0	0.2	0.19719	0.1	0.2	0.2	0.19719	0.1	0.2	0.2	0.19719	0.1	0.2	0.2	0.19719	0.1	0.2	0
10000	2.8905	0.003047	0.01	1	1	0.85813	1.3333	0.3	5	11.253	1.3333	0.3	5	11.253	1.3333	0.3	5	11.253	1.3333	0.3	5	11.253	0	0.90806	0.20431	3.4052	7.6637	0.90806	0.20431	3.4052	7.6637	0.90806	0.20431	3.4052	7.6637	0.90806	0.20431	3.4052	7.6637	0	0.19364	0.2	0.2	0.2	0.19364	0.2	0.2	0.2	0.19364	0.2	0.2	0.2	0.19364	0.2	0.2	0.2	0
10000	5.524	0.001	0.03	1	1	1.0761	1	0.5	2.5	12.62	1	0.5	2.5	12.62	1	0.5	2.5	12.62	1	0.5	2.5	12.62	0	1	0.5	2.5	12.62	1	0.5	2.5	12.62	1	0.5	2.5	12.62	1	0.5	2.5	12.62	0	0.16667	0.2	0.1	0.1	0.16667	0.2	0.1	0.1	0.16667	0.2	0.1	0.1	0.16667	0.2	0.1	0.1	0
10000	7.5553	0.001	0.01	1	1	0.90133	1.0874	0.37318	3.7533	9.1052	1.0874	0.37318	3.7533	9.1052	1.0874	0.37318	3.7533	9.1052	1.0874	0.37318	3.7533	9.1052	0	1.0907	0.37432	3.7647	9.1329	1.0907	0.37432	3.7647	9.1329	1.0907	0.37432	3.7647	9.1329	1.0907	0.37432	3.7647	9.1329	0	0.15497	0.23056	0.24503	0.16723	0.15497	0.23056	0.24503	0.16723	0.15497	0.23056	0.24503	0.16723	0.15497	0.23056	0.24503	0.16723	0
10000	9.9999	0.001	0.01	1	1	1.0306	1.1774	0.27778	3.5595	21.631	1.1774	0.27778	3.5595	21.631	1.1774	0.27778	3.5595	21.631	1.1774	0.27778	3.5595	21.631	0	1.2949	0.3055	3.9146	23.789	1.2949	0.3055	3.9146	23.789	1.2949	0.3055	3.9146	23.789	1.2949	0.3055	3.9146	23.789	0	0.15055	0.26748	0.16426	0.10248	0.15055	0.26748	0.16426	0.10248	0.15055	0.26748	0.16426	0.10248	0.15055	0.26748	0.16426	0.10248	0
10000	4.5	0.0024823	0.01	1	1	1.2781	1.0705	0.3	2.84	10	1.0705	0.3	2.84	10	1.0705	0.3	2.84	10	1.0705	0.3	2.84	10	0	1.6057	0.45	4.26	15	1.6057	0.45	4.26	15	1.6057	0.45	4.26	15	1.6057	0.45	4.26	15	0	0.16667	0.2	0.2	0.2	0.16667	0.2	0.2	0.2	0.16667	0.2	0.2	0.2	0.16667	0.2	0.2	0.2	0
10000	7.5749	0.001	0.014074	1	1	1	0.93828	0.42181	3.5	21.111	0.93828	0.42181	3.5	21.111	0.93828	0.42181	3.5	21.111	0.93828	0.42181	3.5	21.111	0	0.94169	0.42335	3.5127	21.188	0.94169	0.42335	3.5127	21.188	0.94169	0.42335	3.5127	21.188	0.94169	0.42335	3.5127	21.188	0	0.1	0.21481	0.11481	0.18642	0.1	0.21481	0.11481	0.18642	0.1	0.21481	0.11481	0.18642	0.1	0.21481	0.11481	0.18642	0
10000	4.2895	0.001	0.01	1	1	1.0523	1	0.52642	2.5	15	1	0.52642	2.5	15	1	0.52642	2.5	15	1	0.52642	2.5	15	0	1	0.52642	2.5	15	1	0.52642	2.5	15	1	0.52642	2.5	15	1	0.52642	2.5	15	0	0.2	0.2	0.2	0.2	0.2	0.2	0.2	0.2	0.2	0.2	0.2	0.2	0.2	0.2	0.2	0.2	0
10000	7	0.001	0.01	1	1	1.0111	1	0.3	3.7213	30	1	0.3	3.7213	30	1	0.3	3.7213	30	1	0.3	3.7213	30	0	1.1208	0.33625	4.171	33.625	1.1208	0.33625	4.171	33.625	1.1208	0.33625	4.171	33.625	1.1208	0.33625	4.171	33.625	0	0.2	0.2	0.12841	0.3	0.2	0.2	0.12841	0.3	0.2	0.2	0.12841	0.3	0.2	0.2	0.12841	0.3	0
10000	7.5035	0.001	0.01	1	1	0.79583	1.1065	0.29699	4.2105	9.0236	1.1065	0.29699	4.2105	9.0236	1.1065	0.29699	4.2105	9.0236	1.1065	0.29699	4.2105	9.0236	0	0.90846	0.24384	3.457	7.4087	0.90846	0.24384	3.457	7.4087	0.90846	0.24384	3.457	7.4087	0.90846	0.24384	3.457	7.4087	0	0.19815	0.20185	0.19815	0.20185	0.19815	0.20185	0.19815	0.20185	0.19815	0.20185	0.19815	0.20185	0.19815	0.20185	0.19815	0.20185	0
10000	7.6869	0.0014444	0.01	1	1	0.88888	1	0.33333	2.9914	15	1	0.33333	2.9914	15	1	0.33333	2.9914	15	1	0.33333	2.9914	15	0	0.93883	0.31294	2.8084	14.082	0.93883	0.31294	2.8084	14.082	0.93883	0.31294	2.8084	14.082	0.93883	0.31294	2.8084	14.082	0	0.23073	0.21037	0.18889	0.2	0.23073	0.21037	0.18889	0.2	0.23073	0.21037	0.18889	0.2	0.23073	0.21037	0.18889	0.2	0
10000	0.1	0.005	0.010833	1	1	0.8	1.6215	0.5	6.65	20	1.6215	0.5	6.65	20	1.6215	0.5	6.65	20	1.6215	0.5	6.65	20	0	0.54051	0.16667	2.2167	6.6667	0.54051	0.16667	2.2167	6.6667	0.54051	0.16667	2.2167	6.6667	0.54051	0.16667	2.2167	6.6667	0	0.2	0.1	0	0.12539	0.2	0.1	0	0.12539	0.2	0.1	0	0.12539	0.2	0.1	0	0.12539	0
10000	8.3738	0.001	0.01	1	1	0.78379	0.98544	0.39053	2.7979	14.883	0.98544	0.39053	2.7979	14.883	0.98544	0.39053	2.7979	14.883	0.98544	0.39053	2.7979	14.883	0	0.97288	0.38555	2.7623	14.694	0.97288	0.38555	2.7623	14.694	0.97288	0.38555	2.7623	14.694	0.97288	0.38555	2.7623	14.694	0	0.19417	0.19417	0.20583	0.19417	0.19417	0.19417	0.20583	0.19417	0.19417	0.19417	0.20583	0.19417	0.19417	0.19417	0.20583	0.19417	0
10000	8	0.001	0.054183	1	1	0.8	0.84346	0.6	2.5	15	0.84346	0.6	2.5	15	0.84346	0.6	2.5	15	0.84346	0.6	2.5	15	0	0.84346	0.6	2.5	15	0.84346	0.6	2.5	15	0.84346	0.6	2.5	15	0.84346	0.6	2.5	15	0	0.2	0.2	0.2	0.2	0.2	0.2	0.2	0.2	0.2	0.2	0.2	0.2	0.2	0.2	0.2	0.2	0
10000	6.4225	0.001	0.012225	1	1	0.80058	0.80058	0.2999	2.4989	20.509	0.80058	0.2999	2.4989	20.509	0.80058	0.2999	2.4989	20.509	0.80058	0.2999	2.4989	20.509	0	0.76767	0.28757	2.3962	19.666	0.76767	0.28757	2.3962	19.666	0.76767	0.28757	2.3962	19.666	0.76767	0.28757	2.3962	19.666	0	0.24195	0.19974	0.20026	0.19974	0.24195	0.19974	0.20026	0.19974	0.24195	0.19974	0.20026	0.19974	0.24195	0.19974	0.20026	0.19974	0
10000	2.3538	0.0026524	0.014938	1	1	0.58608	1.3721	0.59595	5.0109	40.065	1.3721	0.59595	5.0109	40.065	1.3721	0.59595	5.0109	40.065	1.3721	0.59595	5.0109	40.065	0	0.51669	0.22441	1.8869	15.087	0.51669	0.22441	1.8869	15.087	0.51669	0.22441	1.8869	15.087	0.51669	0.22441	1.8869	15.087	0	0.20249	0.19751	0.19836	0.20249	0.20249	0.19751	0.19836	0.20249	0.20249	0.19751	0.19836	0.20249	0.20249	0.19751	0.19836	0.20249	0
10000	7.3592	0.001	0.01	1	1	0.8	1	0.5	3.3333	8.4969	1	0.5	3.3333	8.4969	1	0.5	3.3333	8.4969	1	0.5	3.3333	8.4969	0	1	0.5	3.3333	8.4969	1	0.5	3.3333	8.4969	1	0.5	3.3333	8.4969	1	0.5	3.3333	8.4969	0	0.16667	0.2	0.16667	0.2	0.16667	0.2	0.16667	0.2	0.16667	0.2	0.16667	0.2	0.16667	0.2	0.16667	0.2	0
10000	6	0.001	0.01	1	1	0.8	1.3747	0.3	5.1754	10	1.3747	0.3	5.1754	10	1.3747	0.3	5.1754	10	1.3747	0.3	5.1754	10	0	0.68737	0.15	2.5877	5	0.68737	0.15	2.5877	5	0.68737	0.15	2.5877	5	0.68737	0.15	2.5877	5	0	0.2	0.1	0.25773	0.2	0.2	0.1	0.25773	0.2	0.2	0.1	0.25773	0.2	0.2	0.1	0.25773	0.2	0
10000	5.9549	0.001	0.01	1	1	0.8	0.89865	0.3	2.5	15	0.89865	0.3	2.5	15	0.89865	0.3	2.5	15	0.89865	0.3	2.5	15	0	0.89865	0.3	2.5	15	0.89865	0.3	2.5	15	0.89865	0.3	2.5	15	0.89865	0.3	2.5	15	0	0.21596	0.2	0.15259	0.072327	0.21596	0.2	0.15259	0.072327	0.21596	0.2	0.15259	0.072327	0.21596	0.2	0.15259	0.072327	0
10000	7.6412	0.001	0.012697	1	1	0.66541	1	0.69883	3.5	30	1	0.69883	3.5	30	1	0.69883	3.5	30	1	0.69883	3.5	30	0	1.0072	0.70384	3.5251	30.215	1.0072	0.70384	3.5251	30.215	1.0072	0.70384	3.5251	30.215	1.0072	0.70384	3.5251	30.215	0	0.1	0.2	0.13333	0.18889	0.1	0.2	0.13333	0.18889	0.1	0.2	0.13333	0.18889	0.1	0.2	0.13333	0.18889	0
10000	8.7288	0.001	0.020002	1	1	0.80019	0.99979	0.29986	3.6706	14.998	0.99979	0.29986	3.6706	14.998	0.99979	0.29986	3.6706	14.998	0.99979	0.29986	3.6706	14.998	0	0.9996	0.29981	3.6699	14.996	0.9996	0.29981	3.6699	14.996	0.9996	0.29981	3.6699	14.996	0.9996	0.29981	3.6699	14.996	0	0.20008	0.13271	0.20006	0	0.20008	0.13271	0.20006	0	0.20008	0.13271	0.20006	0	0.20008	0.13271	0.20006	0	0
10000	10	0.0016141	0.01	1	1	0.66436	1.2785	0.3	3.5	7.3979	1.2785	0.3	3.5	7.3979	1.2785	0.3	3.5	7.3979	1.2785	0.3	3.5	7.3979	0	1.6086	0.37748	4.4039	9.3084	1.6086	0.37748	4.4039	9.3084	1.6086	0.37748	4.4039	9.3084	1.6086	0.37748	4.4039	9.3084	0	0.25503	0.22195	0.1626	0.2	0.25503	0.22195	0.1626	0.2	0.25503	0.22195	0.1626	0.2	0.25503	0.22195	0.1626	0.2	0
10000	4.1374	0.001	0.015556	1	1	0.43587	0.8	0.34841	3.5288	102.28	0.8	0.34841	3.5288	102.28	0.8	0.34841	3.5288	102.28	0.8	0.34841	3.5288	102.28	0	0.8096	0.35259	3.5711	103.51	0.8096	0.35259	3.5711	103.51	0.8096	0.35259	3.5711	103.51	0.8096	0.35259	3.5711	103.51	0	0.19753	0.26667	0.20027	0.23131	0.19753	0.26667	0.20027	0.23131	0.19753	0.26667	0.20027	0.23131	0.19753	0.26667	0.20027	0.23131	0
10000	4.7864	0.001	0.02	1	1	0.71226	0.92722	0.26121	2.5	30	0.92722	0.26121	2.5	30	0.92722	0.26121	2.5	30	0.92722	0.26121	2.5	30	0	0.92722	0.26121	2.5	30	0.92722	0.26121	2.5	30	0.92722	0.26121	2.5	30	0.92722	0.26121	2.5	30	0	0.2	0.2	0	0.1732	0.2	0.2	0	0.1732	0.2	0.2	0	0.1732	0.2	0.2	0	0.1732	0
10000	1.0667	0.016833	0.03	1	1	0.43693	1	0.3	5	13.369	1	0.3	5	13.369	1	0.3	5	13.369	1	0.3	5	13.369	0	0.375	0.1125	1.875	5.0133	0.375	0.1125	1.875	5.0133	0.375	0.1125	1.875	5.0133	0.375	0.1125	1.875	5.0133	0	0.17203	0.30859	0.24369	0.1963	0.17203	0.30859	0.24369	0.1963	0.17203	0.30859	0.24369	0.1963	0.17203	0.30859	0.24369	0.1963	0
10000	2.8527	0.017674	0.021354	1	1	0.22954	1	0.8	2.7778	9.4711	1	0.8	2.7778	9.4711	1	0.8	2.7778	9.4711	1	0.8	2.7778	9.4711	0	0.25	0.2	0.69444	2.3678	0.25	0.2	0.69444	2.3678	0.25	0.2	0.69444	2.3678	0.25	0.2	0.69444	2.3678	0	0.3	0.2	0.21111	0.2	0.3	0.2	0.21111	0.2	0.3	0.2	0.21111	0.2	0.3	0.2	0.21111	0.2	0
10000	4.2298	0.02	0.017175	1	1	0.8	1	0.4	6.5694	15	1	0.4	6.5694	15	1	0.4	6.5694	15	1	0.4	6.5694	15	0	0.25	0.1	1.6423	3.75	0.25	0.1	1.6423	3.75	0.25	0.1	1.6423	3.75	0.25	0.1	1.6423	3.75	0	0.2	0.27141	0.19242	0.2	0.2	0.27141	0.19242	0.2	0.2	0.27141	0.19242	0.2	0.2	0.27141	0.19242	0.2	0
10000	2.9761	0.0035795	0.0225	1	1	0.37533	0.91739	0.57292	2.7188	16	0.91739	0.57292	2.7188	16	0.91739	0.57292	2.7188	16	0.91739	0.57292	2.7188	16	0	0.51103	0.31914	1.5145	8.9126	0.51103	0.31914	1.5145	8.9126	0.51103	0.31914	1.5145	8.9126	0.51103	0.31914	1.5145	8.9126	0	0.15	0	0.15	0.375	0.15	0	0.15	0.375	0.15	0	0.15	0.375	0.15	0	0.15	0.375	0
10000	0.64789	0.019283	0.010839	1	1	0.37527	0.67511	1.0026	2.956	14.972	0.67511	1.0026	2.956	14.972	0.67511	1.0026	2.956	14.972	0.67511	1.0026	2.956	14.972	0	0.33636	0.49955	1.4728	7.4595	0.33636	0.49955	1.4728	7.4595	0.33636	0.49955	1.4728	7.4595	0.33636	0.49955	1.4728	7.4595	0	0.30522	0.19022	0.1495	0.2464	0.30522	0.19022	0.1495	0.2464	0.30522	0.19022	0.1495	0.2464	0.30522	0.19022	0.1495	0.2464	0
10000	2.503	0.001	0.022773	1	1	0.5336	0.93019	0.5	3.5	15	0.93019	0.5	3.5	15	0.93019	0.5	3.5	15	0.93019	0.5	3.5	15	0	0.43156	0.23198	1.6238	6.9593	0.43156	0.23198	1.6238	6.9593	0.43156	0.23198	1.6238	6.9593	0.43156	0.23198	1.6238	6.9593	0	0.2	0.2	0.15779	0.4	0.2	0.2	0.15779	0.4	0.2	0.2	0.15779	0.4	0.2	0.2	0.15779	0.4	0
10000	3	0.02	0.02	1	1	0.8	1.0693	0.3	3.3333	15	1.0693	0.3	3.3333	15	1.0693	0.3	3.3333	15	1.0693	0.3	3.3333	15	0	1.0693	0.3	3.3333	15	1.0693	0.3	3.3333	15	1.0693	0.3	3.3333	15	1.0693	0.3	3.3333	15	0	0.2	0.26667	0.2	0.2	0.2	0.26667	0.2	0.2	0.2	0.26667	0.2	0.2	0.2	0.26667	0.2	0.2	0
10000	1.0683	0.010031	0.023328	1	1	0.40119	0.99829	0.30111	3.5577	9.9906	0.99829	0.30111	3.5577	9.9906	0.99829	0.30111	3.5577	9.9906	0.99829	0.30111	3.5577	9.9906	0	0.51745	0.15607	1.8441	5.1785	0.51745	0.15607	1.8441	5.1785	0.51745	0.15607	1.8441	5.1785	0.51745	0.15607	1.8441	5.1785	0	0.22222	0.19932	0.26151	0.20068	0.22222	0.19932	0.26151	0.20068	0.22222	0.19932	0.26151	0.20068	0.22222	0.19932	0.26151	0.20068	0
10000	2.3413	0.014104	0.011117	1	1	0.55778	0.79762	0.39828	2.4954	20.028	0.79762	0.39828	2.4954	20.028	0.79762	0.39828	2.4954	20.028	0.79762	0.39828	2.4954	20.028	0	0.79736	0.39815	2.4946	20.021	0.79736	0.39815	2.4946	20.021	0.79736	0.39815	2.4946	20.021	0.79736	0.39815	2.4946	20.021	0	0.18979	0.19987	0.20032	0.40159	0.18979	0.19987	0.20032	0.40159	0.18979	0.19987	0.20032	0.40159	0.18979	0.19987	0.20032	0.40159	0
10000	4.5221	0.012181	0.021851	1	1	0.46762	0.77079	0.41754	3.5	8.1659	0.77079	0.41754	3.5	8.1659	0.77079	0.41754	3.5	8.1659	0.77079	0.41754	3.5	8.1659	0	0.77079	0.41754	3.5	8.1659	0.77079	0.41754	3.5	8.1659	0.77079	0.41754	3.5	8.1659	0.77079	0.41754	3.5	8.1659	0	0.15556	0.2	0.2	0.20391	0.15556	0.2	0.2	0.20391	0.15556	0.2	0.2	0.20391	0.15556	0.2	0.2	0.20391	0
10000	6.9709	0.0050589	0.030294	1	1	0.80662	0.99264	0.59522	3.3462	6.198	0.99264	0.59522	3.3462	6.198	0.99264	0.59522	3.3462	6.198	0.99264	0.59522	3.3462	6.198	0	0.87495	0.52465	2.9495	5.4632	0.87495	0.52465	2.9495	5.4632	0.87495	0.52465	2.9495	5.4632	0.87495	0.52465	2.9495	5.4632	0	0.21079	0.18367	0.19706	0.30442	0.21079	0.18367	0.19706	0.30442	0.21079	0.18367	0.19706	0.30442	0.21079	0.18367	0.19706	0.30442	0
10000	3	0.001	0.01	1	1	0.63091	0.82619	0.4	2.5	15	0.82619	0.4	2.5	15	0.82619	0.4	2.5	15	0.82619	0.4	2.5	15	0	0.82619	0.4	2.5	15	0.82619	0.4	2.5	15	0.82619	0.4	2.5	15	0.82619	0.4	2.5	15	0	0.2	0.3	0.2	0.2	0.2	0.3	0.2	0.2	0.2	0.3	0.2	0.2	0.2	0.3	0.2	0.2	0
10000	2.3751	0.0029897	0.026634	1	1	0.79768	0.99742	0.29833	3.4942	15.021	0.99742	0.29833	3.4942	15.021	0.99742	0.29833	3.4942	15.021	0.99742	0.29833	3.4942	15.021	0	0.99518	0.29765	3.4864	14.987	0.99518	0.29765	3.4864	14.987	0.99518	0.29765	3.4864	14.987	0.99518	0.29765	3.4864	14.987	0	0.19897	0.19897	0.20103	0.26678	0.19897	0.19897	0.20103	0.26678	0.19897	0.19897	0.20103	0.26678	0.19897	0.19897	0.20103	0.26678	0
10000	3.0951	0.001	0.019112	1	1	0.8	1	0.3	2.5	15	1	0.3	2.5	15	1	0.3	2.5	15	1	0.3	2.5	15	0	1	0.3	2.5	15	1	0.3	2.5	15	1	0.3	2.5	15	1	0.3	2.5	15	0	0.2	0.2	0.2	0.2	0.2	0.2	0.2	0.2	0.2	0.2	0.2	0.2	0.2	0.2	0.2	0.2	0
10000	2.5167	0.0043771	0.01	1	1	0.8	1	0.4	3.3333	15	1	0.4	3.3333	15	1	0.4	3.3333	15	1	0.4	3.3333	15	0	0.81391	0.32557	2.713	12.209	0.81391	0.32557	2.713	12.209	0.81391	0.32557	2.713	12.209	0.81391	0.32557	2.713	12.209	0	0.2	0.2	0.3	0.17665	0.2	0.2	0.3	0.17665	0.2	0.2	0.3	0.17665	0.2	0.2	0.3	0.17665	0
10000	1.2395	0.005	0.01	1	1	1.0667	1.5	0.5	5	150.03	1.5	0.5	5	150.03	1.5	0.5	5	150.03	1.5	0.5	5	150.03	0	0.6875	0.22917	2.2917	68.765	0.6875	0.22917	2.2917	68.765	0.6875	0.22917	2.2917	68.765	0.6875	0.22917	2.2917	68.765	0	0.2	0.4	0.2	0.2	0.2	0.4	0.2	0.2	0.2	0.4	0.2	0.2	0.2	0.4	0.2	0.2	0
10000	0.1	0.0051149	0.01	1	1	0.98563	1.518	0.11157	4.699	26.516	1.518	0.11157	4.699	26.516	1.518	0.11157	4.699	26.516	1.518	0.11157	4.699	26.516	0	0.67637	0.049712	2.0938	11.815	0.67637	0.049712	2.0938	11.815	0.67637	0.049712	2.0938	11.815	0.67637	0.049712	2.0938	11.815	0	0.20575	0.19425	0.097127	0.10287	0.20575	0.19425	0.097127	0.10287	0.20575	0.19425	0.097127	0.10287	0.20575	0.19425	0.097127	0.10287	0
10000	3	0.001	0.01	1	1	1.0667	1	0	3.9321	15	1	0	3.9321	15	1	0	3.9321	15	1	0	3.9321	15	0	0.5	0	1.966	7.5	0.5	0	1.966	7.5	0.5	0	1.966	7.5	0.5	0	1.966	7.5	0	0.1	0.2	0.1	0.2	0.1	0.2	0.1	0.2	0.1	0.2	0.1	0.2	0.1	0.2	0.1	0.2	0
10000	3.2818	0.0019676	0.03	1	1	0.8	1	0.3	2.5	15	1	0.3	2.5	15	1	0.3	2.5	15	1	0.3	2.5	15	0	1	0.3	2.5	15	1	0.3	2.5	15	1	0.3	2.5	15	1	0.3	2.5	15	0	0.2	0.2	0.2	0.3	0.2	0.2	0.2	0.3	0.2	0.2	0.2	0.3	0.2	0.2	0.2	0.3	0
10000	3.0578	0.001	0.01	1	1	0.87061	1.8882	0.17702	3.7515	134.28	1.8882	0.17702	3.7515	134.28	1.8882	0.17702	3.7515	134.28	1.8882	0.17702	3.7515	134.28	0	0.94436	0.088534	1.8763	67.157	0.94436	0.088534	1.8763	67.157	0.94436	0.088534	1.8763	67.157	0.94436	0.088534	1.8763	67.157	0	0.15654	0.22264	0.12236	0.1294	0.15654	0.22264	0.12236	0.1294	0.15654	0.22264	0.12236	0.1294	0.15654	0.22264	0.12236	0.1294	0
10000	2.8273	0.001	0.029794	1	1	0.80463	0.88604	0.39666	4.6782	15.041	0.88604	0.39666	4.6782	15.041	0.88604	0.39666	4.6782	15.041	0.88604	0.39666	4.6782	15.041	0	0.3334	0.14926	1.7603	5.6597	0.3334	0.14926	1.7603	5.6597	0.3334	0.14926	1.7603	5.6597	0.3334	0.14926	1.7603	5.6597	0	0.20206	0.29817	0.19794	0.25341	0.20206	0.29817	0.19794	0.25341	0.20206	0.29817	0.19794	0.25341	0.20206	0.29817	0.19794	0.25341	0
10000	0.70482	0.0081111	0.016667	1	1	0.8282	1	0.34032	3.7037	13.671	1	0.34032	3.7037	13.671	1	0.34032	3.7037	13.671	1	0.34032	3.7037	13.671	0	0.45833	0.15598	1.6975	6.2658	0.45833	0.15598	1.6975	6.2658	0.45833	0.15598	1.6975	6.2658	0.45833	0.15598	1.6975	6.2658	0	0.2	0.2	0.094445	0.22508	0.2	0.2	0.094445	0.22508	0.2	0.2	0.094445	0.22508	0.2	0.2	0.094445	0.22508	0
10000	10	0.0022371	0.030404	1	1	0.8	0.8	0.6	3.4359	20	0.8	0.6	3.4359	20	0.8	0.6	3.4359	20	0.8	0.6	3.4359	20	0	0.8	0.6	3.4359	20	0.8	0.6	3.4359	20	0.8	0.6	3.4359	20	0.8	0.6	3.4359	20	0	0.2456	0.2	0.19407	0.2	0.2456	0.2	0.19407	0.2	0.2456	0.2	0.19407	0.2	0.2456	0.2	0.19407	0.2	0
10000	5	0.003	0.018656	1	1	0.90173	0.8	0.5	3.2196	15	0.8	0.5	3.2196	15	0.8	0.5	3.2196	15	0.8	0.5	3.2196	15	0	0.86567	0.54104	3.4839	16.231	0.86567	0.54104	3.4839	16.231	0.86567	0.54104	3.4839	16.231	0.86567	0.54104	3.4839	16.231	0	0.12586	0	0.2	0.26207	0.12586	0	0.2	0.26207	0.12586	0	0.2	0.26207	0.12586	0	0.2	0.26207	0
10000	3.2491	0.001	0.06	1	1	0.8	1	0.6	2.5	15	1	0.6	2.5	15	1	0.6	2.5	15	1	0.6	2.5	15	0	1	0.6	2.5	15	1	0.6	2.5	15	1	0.6	2.5	15	1	0.6	2.5	15	0	0.26233	0.16667	0.2	0.2	0.26233	0.16667	0.2	0.2	0.26233	0.16667	0.2	0.2	0.26233	0.16667	0.2	0.2	0
10000	3	0.005	0.03	1	1	1.6	1.1261	0.3	2.5618	15	1.1261	0.3	2.5618	15	1.1261	0.3	2.5618	15	1.1261	0.3	2.5618	15	0	1.1261	0.3	2.5618	15	1.1261	0.3	2.5618	15	1.1261	0.3	2.5618	15	1.1261	0.3	2.5618	15	0	0.2	0	0.2	0.2	0.2	0	0.2	0.2	0.2	0	0.2	0.2	0.2	0	0.2	0.2	0
10000	2.9463	0.001	0.013704	1	1	1.3629	1.2388	0.54815	2.6526	26.792	1.2388	0.54815	2.6526	26.792	1.2388	0.54815	2.6526	26.792	1.2388	0.54815	2.6526	26.792	0	1.104	0.48851	2.364	23.877	1.104	0.48851	2.364	23.877	1.104	0.48851	2.364	23.877	1.104	0.48851	2.364	23.877	0	0.21111	0.2	0.18598	0.2	0.21111	0.2	0.18598	0.2	0.21111	0.2	0.18598	0.2	0.21111	0.2	0.18598	0.2	0
10000	3.4032	0.0062778	0.015864	1	1	1.3379	1.5401	0.16559	2.8619	16.654	1.5401	0.16559	2.8619	16.654	1.5401	0.16559	2.8619	16.654	1.5401	0.16559	2.8619	16.654	0	0.61082	0.065672	1.135	6.6052	0.61082	0.065672	1.135	6.6052	0.61082	0.065672	1.135	6.6052	0.61082	0.065672	1.135	6.6052	0	0.11728	0.28272	0.11728	0.10131	0.11728	0.28272	0.11728	0.10131	0.11728	0.28272	0.11728	0.10131	0.11728	0.28272	0.11728	0.10131	0
10000	3.3119	0.0026111	0.01	1	1	1.44	1.3088	0.5	2.5	15	1.3088	0.5	2.5	15	1.3088	0.5	2.5	15	1.3088	0.5	2.5	15	0	1.2048	0.46027	2.3013	13.808	1.2048	0.46027	2.3013	13.808	1.2048	0.46027	2.3013	13.808	1.2048	0.46027	2.3013	13.808	0	0.3	0.2	0.2	0.21418	0.3	0.2	0.2	0.21418	0.3	0.2	0.2	0.21418	0.3	0.2	0.2	0.21418	0
10000	6.0765	0.0060043	0.015712	1	1	1.7129	1.2736	0.25313	3.9927	6.9666	1.2736	0.25313	3.9927	6.9666	1.2736	0.25313	3.9927	6.9666	1.2736	0.25313	3.9927	6.9666	0	0.92375	0.18359	2.8959	5.0529	0.92375	0.18359	2.8959	5.0529	0.92375	0.18359	2.8959	5.0529	0.92375	0.18359	2.8959	5.0529	0	0.2172	0.25002	0.17625	0.2972	0.2172	0.25002	0.17625	0.2972	0.2172	0.25002	0.17625	0.2972	0.2172	0.25002	0.17625	0.2972	0
10000	3.4832	0.001	0.02	1	1	1.445	1.1673	0.62368	4.0764	104.96	1.1673	0.62368	4.0764	104.96	1.1673	0.62368	4.0764	104.96	1.1673	0.62368	4.0764	104.96	0	1.0262	0.54829	3.5836	92.272	1.0262	0.54829	3.5836	92.272	1.0262	0.54829	3.5836	92.272	1.0262	0.54829	3.5836	92.272	0	0.20475	0.13338	0.20247	0.2	0.20475	0.13338	0.20247	0.2	0.20475	0.13338	0.20247	0.2	0.20475	0.13338	0.20247	0.2	0
10000	6	0.0033819	0.03	1	1	1.4608	0.93788	0.44444	4.6667	15	0.93788	0.44444	4.6667	15	0.93788	0.44444	4.6667	15	0.93788	0.44444	4.6667	15	0	0.8988	0.42593	4.4722	14.375	0.8988	0.42593	4.4722	14.375	0.8988	0.42593	4.4722	14.375	0.8988	0.42593	4.4722	14.375	0	0.2	0.2	0.13333	0.2	0.2	0.2	0.13333	0.2	0.2	0.2	0.13333	0.2	0.2	0.2	0.13333	0.2	0
10000	3	0.001	0.01	1	1	1	1	0.3	2.9187	15	1	0.3	2.9187	15	1	0.3	2.9187	15	1	0.3	2.9187	15	0	0.79454	0.23836	2.319	11.918	0.79454	0.23836	2.319	11.918	0.79454	0.23836	2.319	11.918	0.79454	0.23836	2.319	11.918	0	0.2	0.2	0.2	0.2	0.2	0.2	0.2	0.2	0.2	0.2	0.2	0.2	0.2	0.2	0.2	0.2	0
10000	5.3012	0.001	0.013333	1	1	1.3137	0.80004	0.27777	3.3814	15	0.80004	0.27777	3.3814	15	0.80004	0.27777	3.3814	15	0.80004	0.27777	3.3814	15	0	0.81021	0.2813	3.4244	15.191	0.81021	0.2813	3.4244	15.191	0.81021	0.2813	3.4244	15.191	0.81021	0.2813	3.4244	15.191	0	0.14929	0.099993	0.22246	0.3	0.14929	0.099993	0.22246	0.3	0.14929	0.099993	0.22246	0.3	0.14929	0.099993	0.22246	0.3	0
10000	5.5009	0.001	0.02	1	1	1.1781	0.8	0.5	3.6146	97.66	0.8	0.5	3.6146	97.66	0.8	0.5	3.6146	97.66	0.8	0.5	3.6146	97.66	0	0.8	0.5	3.6146	97.66	0.8	0.5	3.6146	97.66	0.8	0.5	3.6146	97.66	0.8	0.5	3.6146	97.66	0	0.2	0.2	0.2	0.2	0.2	0.2	0.2	0.2	0.2	0.2	0.2	0.2	0.2	0.2	0.2	0.2	0
10000	3.5369	0.0022593	0.029961	1	1	1.0938	1.0278	0.31806	2.4514	30.222	1.0278	0.31806	2.4514	30.222	1.0278	0.31806	2.4514	30.222	1.0278	0.31806	2.4514	30.222	0	1.0028	0.31033	2.3918	29.488	1.0028	0.31033	2.3918	29.488	1.0028	0.31033	2.3918	29.488	1.0028	0.31033	2.3918	29.488	0	0.18889	0.21111	0.21111	0.24436	0.18889	0.21111	0.21111	0.24436	0.18889	0.21111	0.21111	0.24436	0.18889	0.21111	0.21111	0.24436	0
10000	3.4995	0.001	0.01982	1	1	0.88863	1.7396	0.11102	4.1698	17.204	1.7396	0.11102	4.1698	17.204	1.7396	0.11102	4.1698	17.204	1.7396	0.11102	4.1698	17.204	0	0.87006	0.055523	2.0855	8.6041	0.87006	0.055523	2.0855	8.6041	0.87006	0.055523	2.0855	8.6041	0.87006	0.055523	2.0855	8.6041	0	0.20359	0.16658	0.20011	0.20359	0.20359	0.16658	0.20011	0.20359	0.20359	0.16658	0.20011	0.20359	0.20359	0.16658	0.20011	0.20359	0
10000	3.3942	0.001	0.015	1	1	0.8	1	0.5	2.5	20	1	0.5	2.5	20	1	0.5	2.5	20	1	0.5	2.5	20	0	1	0.5	2.5	20	1	0.5	2.5	20	1	0.5	2.5	20	1	0.5	2.5	20	0	0.2	0.2	0.16667	0.25597	0.2	0.2	0.16667	0.25597	0.2	0.2	0.16667	0.25597	0.2	0.2	0.16667	0.25597	0
10000	3	0.001	0.01	1	1	0.8	1	0.3	2.7579	30	1	0.3	2.7579	30	1	0.3	2.7579	30	1	0.3	2.7579	30	0	1	0.3	2.7579	30	1	0.3	2.7579	30	1	0.3	2.7579	30	1	0.3	2.7579	30	0	0.1003	0.26834	0.2	0.2	0.1003	0.26834	0.2	0.2	0.1003	0.26834	0.2	0.2	0.1003	0.26834	0.2	0.2	0
10000	4.1541	0.001	0.01	1	1	1.1238	0.99938	0.3996	3.3323	20.005	0.99938	0.3996	3.3323	20.005	0.99938	0.3996	3.3323	20.005	0.99938	0.3996	3.3323	20.005	0	0.99884	0.39938	3.3305	19.994	0.99884	0.39938	3.3305	19.994	0.99884	0.39938	3.3305	19.994	0.99884	0.39938	3.3305	19.994	0	0.16687	0.15126	0.19983	0.20025	0.16687	0.15126	0.19983	0.20025	0.16687	0.15126	0.19983	0.20025	0.16687	0.15126	0.19983	0.20025	0
10000	3.0481	0.001	0.01	1	1	0.8	1.2428	0.043668	2.5	20	1.2428	0.043668	2.5	20	1.2428	0.043668	2.5	20	1.2428	0.043668	2.5	20	0	0.81959	0.028797	1.6486	13.189	0.81959	0.028797	1.6486	13.189	0.81959	0.028797	1.6486	13.189	0.81959	0.028797	1.6486	13.189	0	0.2	0.2	0.13333	0.20518	0.2	0.2	0.13333	0.20518	0.2	0.2	0.13333	0.20518	0.2	0.2	0.13333	0.20518	0
10000	5.0243	0.001	0.01	1	1	0.80678	1.5856	0.3	3.5	15	1.5856	0.3	3.5	15	1.5856	0.3	3.5	15	1.5856	0.3	3.5	15	0	1.1597	0.21943	2.56	10.971	1.1597	0.21943	2.56	10.971	1.1597	0.21943	2.56	10.971	1.1597	0.21943	2.56	10.971	0	0.2	0.27716	0.17955	0.2	0.2	0.27716	0.17955	0.2	0.2	0.27716	0.17955	0.2	0.2	0.27716	0.17955	0.2	0
10000	4.466	0.001	0.01	1	1	1.1798	1.3755	0.19553	3.6952	15	1.3755	0.19553	3.6952	15	1.3755	0.19553	3.6952	15	1.3755	0.19553	3.6952	15	0	1.2395	0.1762	3.3299	13.517	1.2395	0.1762	3.3299	13.517	1.2395	0.1762	3.3299	13.517	1.2395	0.1762	3.3299	13.517	0	0.17714	0.34272	0.2	0.2	0.17714	0.34272	0.2	0.2	0.17714	0.34272	0.2	0.2	0.17714	0.34272	0.2	0.2	0
10000	3	0.001	0.01	1	1	1	1.4963	0.38684	3.3333	16.737	1.4963	0.38684	3.3333	16.737	1.4963	0.38684	3.3333	16.737	1.4963	0.38684	3.3333	16.737	0	0.75878	0.19616	1.6903	8.487	0.75878	0.19616	1.6903	8.487	0.75878	0.19616	1.6903	8.487	0.75878	0.19616	1.6903	8.487	0	0.13333	0.2	0.2	0.2	0.13333	0.2	0.2	0.2	0.13333	0.2	0.2	0.2	0.13333	0.2	0.2	0.2	0
10000	3.1072	0.001	0.029336	1	1	1.0007	1.5674	0.54384	3.1821	20.899	1.5674	0.54384	3.1821	20.899	1.5674	0.54384	3.1821	20.899	1.5674	0.54384	3.1821	20.899	0	1.0684	0.37071	2.1691	14.246	1.0684	0.37071	2.1691	14.246	1.0684	0.37071	2.1691	14.246	1.0684	0.37071	2.1691	14.246	0	0.19366	0.23058	0.16942	0.28235	0.19366	0.23058	0.16942	0.28235	0.19366	0.23058	0.16942	0.28235	0.19366	0.23058	0.16942	0.28235	0
10000	4.0037	0.001	0.01	1	1	1.2367	1.4853	0.63459	3.4008	10.882	1.4853	0.63459	3.4008	10.882	1.4853	0.63459	3.4008	10.882	1.4853	0.63459	3.4008	10.882	0	0.85463	0.36515	1.9569	6.2616	0.85463	0.36515	1.9569	6.2616	0.85463	0.36515	1.9569	6.2616	0.85463	0.36515	1.9569	6.2616	0	0.3941	0	0.3941	0.3941	0.3941	0	0.3941	0.3941	0.3941	0	0.3941	0.3941	0.3941	0	0.3941	0.3941	0
10000	9.1899	0.001	0.014967	1	1	1.1407	1	0.16755	3.5	15	1	0.16755	3.5	15	1	0.16755	3.5	15	1	0.16755	3.5	15	0	0.94204	0.15784	3.2971	14.131	0.94204	0.15784	3.2971	14.131	0.94204	0.15784	3.2971	14.131	0.94204	0.15784	3.2971	14.131	0	0.1	0.1	0.17397	0.16667	0.1	0.1	0.17397	0.16667	0.1	0.1	0.17397	0.16667	0.1	0.1	0.17397	0.16667	0
10000	3.7139	0.001	0.01	1	1	1.116	1.1111	0.4	2.5	15	1.1111	0.4	2.5	15	1.1111	0.4	2.5	15	1.1111	0.4	2.5	15	0	1.0444	0.37598	2.3499	14.099	1.0444	0.37598	2.3499	14.099	1.0444	0.37598	2.3499	14.099	1.0444	0.37598	2.3499	14.099	0	0.2	0.2	0.2	0.2	0.2	0.2	0.2	0.2	0.2	0.2	0.2	0.2	0.2	0.2	0.2	0.2	0
10000	4.3941	0.001	0.01	1	1	1.1083	1.2029	0.22961	5.1895	20.596	1.2029	0.22961	5.1895	20.596	1.2029	0.22961	5.1895	20.596	1.2029	0.22961	5.1895	20.596	0	0.63809	0.1218	2.7529	10.926	0.63809	0.1218	2.7529	10.926	0.63809	0.1218	2.7529	10.926	0.63809	0.1218	2.7529	10.926	0	0.25667	0.16076	0.16164	0.24332	0.25667	0.16076	0.16164	0.24332	0.25667	0.16076	0.16164	0.24332	0.25667	0.16076	0.16164	0.24332	0
10000	5.5209	0.0035874	0.01	1	1	1.1766	1.0533	0.18523	4.691	28.587	1.0533	0.18523	4.691	28.587	1.0533	0.18523	4.691	28.587	1.0533	0.18523	4.691	28.587	0	0.62955	0.11071	2.8037	17.086	0.62955	0.11071	2.8037	17.086	0.62955	0.11071	2.8037	17.086	0.62955	0.11071	2.8037	17.086	0	0.12937	0.12937	0.27063	0.12937	0.12937	0.12937	0.27063	0.12937	0.12937	0.12937	0.27063	0.12937	0.12937	0.12937	0.27063	0.12937	0
