10000	3.2161	0.010896	0.017081	1	1	0.46385	1.3706	0.3644	4.691	49.889	1.3706	0.3644	4.691	49.889	1.3706	0.3644	4.691	49.889	1.3706	0.3644	4.691	49.889	0	0.34264	0.091099	1.1727	12.472	0.34264	0.091099	1.1727	12.472	0.34264	0.091099	1.1727	12.472	0.34264	0.091099	1.1727	12.472	0	0.22709	0.22709	0.22709	0.22709	0.22709	0.22709	0.22709	0.22709	0.22709	0.22709	0.22709	0.22709	0.22709	0.22709	0.22709	0.22709	0.22709
10000	5.4884	0.0061694	0.025888	1	1	0.63338	0.83661	0.6929	3.3942	15.028	0.83661	0.6929	3.3942	15.028	0.83661	0.6929	3.3942	15.028	0.83661	0.6929	3.3942	15.028	0	0.90239	0.74738	3.6611	16.209	0.90239	0.74738	3.6611	16.209	0.90239	0.74738	3.6611	16.209	0.90239	0.74738	3.6611	16.209	0	0.19636	0.19636	0.19636	0.19636	0.19636	0.19636	0.19636	0.19636	0.19636	0.19636	0.19636	0.19636	0.19636	0.19636	0.19636	0.19636	0.19636
10000	6.9574	0.013237	0.031015	1	1	0.43565	0.78421	0.81555	3.5786	16.937	0.78421	0.81555	3.5786	16.937	0.78421	0.81555	3.5786	16.937	0.78421	0.81555	3.5786	16.937	0	0.86456	0.89912	3.9452	18.672	0.86456	0.89912	3.9452	18.672	0.86456	0.89912	3.9452	18.672	0.86456	0.89912	3.9452	18.672	0	0.22045	0.22045	0.22045	0.22045	0.22045	0.22045	0.22045	0.22045	0.22045	0.22045	0.22045	0.22045	0.22045	0.22045	0.22045	0.22045	0.22045
10000	7.0513	0.022191	0.017322	1	1	0.36044	0.79993	0.83445	3.7697	15.001	0.79993	0.83445	3.7697	15.001	0.79993	0.83445	3.7697	15.001	0.79993	0.83445	3.7697	15.001	0	0.97537	1.0175	4.5965	18.291	0.97537	1.0175	4.5965	18.291	0.97537	1.0175	4.5965	18.291	0.97537	1.0175	4.5965	18.291	0	0.21758	0.21758	0.21758	0.21758	0.21758	0.21758	0.21758	0.21758	0.21758	0.21758	0.21758	0.21758	0.21758	0.21758	0.21758	0.21758	0.21758
10000	5	0.011667	0.02	1	1	0.62657	1	0.4	5	30	1	0.4	5	30	1	0.4	5	30	1	0.4	5	30	0	1	0.4	5	30	1	0.4	5	30	1	0.4	5	30	1	0.4	5	30	0	0.2	0.2	0.2	0.2	0.2	0.2	0.2	0.2	0.2	0.2	0.2	0.2	0.2	0.2	0.2	0.2	0.2
10000	10	0.01	0.02	1	1	0.63039	0.8	0.3	4.9206	15	0.8	0.3	4.9206	15	0.8	0.3	4.9206	15	0.8	0.3	4.9206	15	0	0.8	0.3	4.9206	15	0.8	0.3	4.9206	15	0.8	0.3	4.9206	15	0.8	0.3	4.9206	15	0	0.090623	0.090623	0.090623	0.090623	0.090623	0.090623	0.090623	0.090623	0.090623	0.090623	0.090623	0.090623	0.090623	0.090623	0.090623	0.090623	0.090623
10000	5.785	0.005	0.03	1	1	0.44444	1	0.3	5	15	1	0.3	5	15	1	0.3	5	15	1	0.3	5	15	0	1	0.3	5	15	1	0.3	5	15	1	0.3	5	15	1	0.3	5	15	0	0.078865	0.078865	0.078865	0.078865	0.078865	0.078865	0.078865	0.078865	0.078865	0.078865	0.078865	0.078865	0.078865	0.078865	0.078865	0.078865	0.078865
10000	7.4922	0.01918	0.016291	1	1	0.56883	0.85108	0.31312	6.9515	11.216	0.85108	0.31312	6.9515	11.216	0.85108	0.31312	6.9515	11.216	0.85108	0.31312	6.9515	11.216	0	1.7095	0.62893	13.963	22.528	1.7095	0.62893	13.963	22.528	1.7095	0.62893	13.963	22.528	1.7095	0.62893	13.963	22.528	0	0.19559	0.19559	0.19559	0.19559	0.19559	0.19559	0.19559	0.19559	0.19559	0.19559	0.19559	0.19559	0.19559	0.19559	0.19559	0.19559	0.19559
10000	6.9309	0.001	0.023343	1	1	0.51395	0.75136	0.44335	2.4287	14.674	0.75136	0.44335	2.4287	14.674	0.75136	0.44335	2.4287	14.674	0.75136	0.44335	2.4287	14.674	0	1.1294	0.6664	3.6506	22.057	1.1294	0.6664	3.6506	22.057	1.1294	0.6664	3.6506	22.057	1.1294	0.6664	3.6506	22.057	0	0.1266	0.1266	0.1266	0.1266	0.1266	0.1266	0.1266	0.1266	0.1266	0.1266	0.1266	0.1266	0.1266	0.1266	0.1266	0.1266	0.1266
10000	10	0.0098678	0.020547	1	1	0.48822	0.95521	0.33713	4.6667	15	0.95521	0.33713	4.6667	15	0.95521	0.33713	4.6667	15	0.95521	0.33713	4.6667	15	0	1.4102	0.49771	6.8895	22.145	1.4102	0.49771	6.8895	22.145	1.4102	0.49771	6.8895	22.145	1.4102	0.49771	6.8895	22.145	0	0.23333	0.23333	0.23333	0.23333	0.23333	0.23333	0.23333	0.23333	0.23333	0.23333	0.23333	0.23333	0.23333	0.23333	0.23333	0.23333	0.23333
10000	7	0.001	0.02	1	1	0.8	1	0.20283	5	7.9072	1	0.20283	5	7.9072	1	0.20283	5	7.9072	1	0.20283	5	7.9072	0	1.3244	0.26862	6.6217	10.472	1.3244	0.26862	6.6217	10.472	1.3244	0.26862	6.6217	10.472	1.3244	0.26862	6.6217	10.472	0	0.2	0.2	0.2	0.2	0.2	0.2	0.2	0.2	0.2	0.2	0.2	0.2	0.2	0.2	0.2	0.2	0.2
10000	3.0727	0.0066958	0.020398	1	1	0.84812	0.97213	0.31462	3.4212	8.8742	0.97213	0.31462	3.4212	8.8742	0.97213	0.31462	3.4212	8.8742	0.97213	0.31462	3.4212	8.8742	0	1.0199	0.33009	3.5893	9.3104	1.0199	0.33009	3.5893	9.3104	1.0199	0.33009	3.5893	9.3104	1.0199	0.33009	3.5893	9.3104	0	0.12254	0.12254	0.12254	0.12254	0.12254	0.12254	0.12254	0.12254	0.12254	0.12254	0.12254	0.12254	0.12254	0.12254	0.12254	0.12254	0.12254
10000	3.0063	0.0095381	0.023525	1	1	0.52897	1.1111	0.39846	4.1205	20.234	1.1111	0.39846	4.1205	20.234	1.1111	0.39846	4.1205	20.234	1.1111	0.39846	4.1205	20.234	0	1.1632	0.41715	4.3137	21.183	1.1632	0.41715	4.3137	21.183	1.1632	0.41715	4.3137	21.183	1.1632	0.41715	4.3137	21.183	0	0.2	0.2	0.2	0.2	0.2	0.2	0.2	0.2	0.2	0.2	0.2	0.2	0.2	0.2	0.2	0.2	0.2
10000	5.9554	0.010941	0.020595	1	1	0.77942	1.1366	0.58066	4.9479	40.312	1.1366	0.58066	4.9479	40.312	1.1366	0.58066	4.9479	40.312	1.1366	0.58066	4.9479	40.312	0	1.3774	0.70369	5.9963	48.854	1.3774	0.70369	5.9963	48.854	1.3774	0.70369	5.9963	48.854	1.3774	0.70369	5.9963	48.854	0	0.048372	0.048372	0.048372	0.048372	0.048372	0.048372	0.048372	0.048372	0.048372	0.048372	0.048372	0.048372	0.048372	0.048372	0.048372	0.048372	0.048372
10000	4	0.012604	0.016667	1	1	0.46178	1	0.4	3.5	15	1	0.4	3.5	15	1	0.4	3.5	15	1	0.4	3.5	15	0	1.1306	0.45223	3.957	16.959	1.1306	0.45223	3.957	16.959	1.1306	0.45223	3.957	16.959	1.1306	0.45223	3.957	16.959	0	0.15197	0.15197	0.15197	0.15197	0.15197	0.15197	0.15197	0.15197	0.15197	0.15197	0.15197	0.15197	0.15197	0.15197	0.15197	0.15197	0.15197
10000	5.2972	0.007253	0.017182	1	1	0.39056	0.71297	0.40032	3.1285	15.774	0.71297	0.40032	3.1285	15.774	0.71297	0.40032	3.1285	15.774	0.71297	0.40032	3.1285	15.774	0	0.73912	0.41501	3.2432	16.352	0.73912	0.41501	3.2432	16.352	0.73912	0.41501	3.2432	16.352	0.73912	0.41501	3.2432	16.352	0	0.11153	0.11153	0.11153	0.11153	0.11153	0.11153	0.11153	0.11153	0.11153	0.11153	0.11153	0.11153	0.11153	0.11153	0.11153	0.11153	0.11153
10000	7.683	0.001	0.029969	1	1	0.70901	0.80238	0.29799	3.3387	10.017	0.80238	0.29799	3.3387	10.017	0.80238	0.29799	3.3387	10.017	0.80238	0.29799	3.3387	10.017	0	0.80022	0.29719	3.3297	9.9899	0.80022	0.29719	3.3297	9.9899	0.80022	0.29719	3.3297	9.9899	0.80022	0.29719	3.3297	9.9899	0	0.11079	0.11079	0.11079	0.11079	0.11079	0.11079	0.11079	0.11079	0.11079	0.11079	0.11079	0.11079	0.11079	0.11079	0.11079	0.11079	0.11079
10000	4.6461	0.01	0.01	1	1	0.74188	1	0.84142	3.598	23.333	1	0.84142	3.598	23.333	1	0.84142	3.598	23.333	1	0.84142	3.598	23.333	0	1.0534	0.88639	3.7903	24.58	1.0534	0.88639	3.7903	24.58	1.0534	0.88639	3.7903	24.58	1.0534	0.88639	3.7903	24.58	0	0.16667	0.16667	0.16667	0.16667	0.16667	0.16667	0.16667	0.16667	0.16667	0.16667	0.16667	0.16667	0.16667	0.16667	0.16667	0.16667	0.16667
10000	4.8566	0.0088446	0.021202	1	1	0.45346	1.0601	0.52824	6.3103	78.614	1.0601	0.52824	6.3103	78.614	1.0601	0.52824	6.3103	78.614	1.0601	0.52824	6.3103	78.614	0	1.1238	0.56001	6.6897	83.341	1.1238	0.56001	6.6897	83.341	1.1238	0.56001	6.6897	83.341	1.1238	0.56001	6.6897	83.341	0	0.20077	0.20077	0.20077	0.20077	0.20077	0.20077	0.20077	0.20077	0.20077	0.20077	0.20077	0.20077	0.20077	0.20077	0.20077	0.20077	0.20077
10000	10	0.005	0.017727	1	1	0.53333	1	0.99372	4.6667	15	1	0.99372	4.6667	15	1	0.99372	4.6667	15	1	0.99372	4.6667	15	0	1	0.99372	4.6667	15	1	0.99372	4.6667	15	1	0.99372	4.6667	15	1	0.99372	4.6667	15	0	0.1	0.1	0.1	0.1	0.1	0.1	0.1	0.1	0.1	0.1	0.1	0.1	0.1	0.1	0.1	0.1	0.1
10000	7.0815	0.012564	0.025255	1	1	0.85866	0.72719	0.33431	3.507	18.958	0.72719	0.33431	3.507	18.958	0.72719	0.33431	3.507	18.958	0.72719	0.33431	3.507	18.958	0	1.4174	0.65164	6.8358	36.954	1.4174	0.65164	6.8358	36.954	1.4174	0.65164	6.8358	36.954	1.4174	0.65164	6.8358	36.954	0	0.19877	0.19877	0.19877	0.19877	0.19877	0.19877	0.19877	0.19877	0.19877	0.19877	0.19877	0.19877	0.19877	0.19877	0.19877	0.19877	0.19877
10000	6.0737	0.013195	0.02	1	1	0.8	0.95138	0.4182	4.6667	13.333	0.95138	0.4182	4.6667	13.333	0.95138	0.4182	4.6667	13.333	0.95138	0.4182	4.6667	13.333	0	1.2893	0.56675	6.3243	18.07	1.2893	0.56675	6.3243	18.07	1.2893	0.56675	6.3243	18.07	1.2893	0.56675	6.3243	18.07	0	0.2	0.2	0.2	0.2	0.2	0.2	0.2	0.2	0.2	0.2	0.2	0.2	0.2	0.2	0.2	0.2	0.2
10000	5.3671	0.0052888	0.020359	1	1	0.76877	0.92643	0.41511	3.5	20	0.92643	0.41511	3.5	20	0.92643	0.41511	3.5	20	0.92643	0.41511	3.5	20	0	1.2735	0.57064	4.8114	27.494	1.2735	0.57064	4.8114	27.494	1.2735	0.57064	4.8114	27.494	1.2735	0.57064	4.8114	27.494	0	0.19385	0.19385	0.19385	0.19385	0.19385	0.19385	0.19385	0.19385	0.19385	0.19385	0.19385	0.19385	0.19385	0.19385	0.19385	0.19385	0.19385
10000	7	0.005	0.02	1	1	0.8	0.8	0.5	3.5	15	0.8	0.5	3.5	15	0.8	0.5	3.5	15	0.8	0.5	3.5	15	0	0.8	0.5	3.5	15	0.8	0.5	3.5	15	0.8	0.5	3.5	15	0.8	0.5	3.5	15	0	0.2	0.2	0.2	0.2	0.2	0.2	0.2	0.2	0.2	0.2	0.2	0.2	0.2	0.2	0.2	0.2	0.2
10000	7	0.029341	0.02	1	1	1.0667	0.91261	0.66667	5	30	0.91261	0.66667	5	30	0.91261	0.66667	5	30	0.91261	0.66667	5	30	0	1.8252	1.3333	9.9999	60	1.8252	1.3333	9.9999	60	1.8252	1.3333	9.9999	60	1.8252	1.3333	9.9999	60	0	0.21111	0.21111	0.21111	0.21111	0.21111	0.21111	0.21111	0.21111	0.21111	0.21111	0.21111	0.21111	0.21111	0.21111	0.21111	0.21111	0.21111
10000	4.2376	0.0032827	0.02	1	1	0.53333	0.8	0.5	5.6667	19.259	0.8	0.5	5.6667	19.259	0.8	0.5	5.6667	19.259	0.8	0.5	5.6667	19.259	0	0.50786	0.31741	3.5974	12.226	0.50786	0.31741	3.5974	12.226	0.50786	0.31741	3.5974	12.226	0.50786	0.31741	3.5974	12.226	0	0.14525	0.14525	0.14525	0.14525	0.14525	0.14525	0.14525	0.14525	0.14525	0.14525	0.14525	0.14525	0.14525	0.14525	0.14525	0.14525	0.14525
10000	2.7762	0.001	0.02	1	1	0.82963	1	0.6	3.3333	16.667	1	0.6	3.3333	16.667	1	0.6	3.3333	16.667	1	0.6	3.3333	16.667	0	1.1261	0.67565	3.7536	18.768	1.1261	0.67565	3.7536	18.768	1.1261	0.67565	3.7536	18.768	1.1261	0.67565	3.7536	18.768	0	0.23999	0.23999	0.23999	0.23999	0.23999	0.23999	0.23999	0.23999	0.23999	0.23999	0.23999	0.23999	0.23999	0.23999	0.23999	0.23999	0.23999
10000	6.1113	0.005	0.015	1	1	0.64928	0.83857	0.33988	3.3333	15	0.83857	0.33988	3.3333	15	0.83857	0.33988	3.3333	15	0.83857	0.33988	3.3333	15	0	0.69501	0.2817	2.7627	12.432	0.69501	0.2817	2.7627	12.432	0.69501	0.2817	2.7627	12.432	0.69501	0.2817	2.7627	12.432	0	0.1	0.1	0.1	0.1	0.1	0.1	0.1	0.1	0.1	0.1	0.1	0.1	0.1	0.1	0.1	0.1	0.1
10000	3.0959	0.001	0.01	1	1	0.44285	1.1138	0.73062	4.9321	12.294	1.1138	0.73062	4.9321	12.294	1.1138	0.73062	4.9321	12.294	1.1138	0.73062	4.9321	12.294	0	0.89608	0.58781	3.9681	9.891	0.89608	0.58781	3.9681	9.891	0.89608	0.58781	3.9681	9.891	0.89608	0.58781	3.9681	9.891	0	0.12851	0.12851	0.12851	0.12851	0.12851	0.12851	0.12851	0.12851	0.12851	0.12851	0.12851	0.12851	0.12851	0.12851	0.12851	0.12851	0.12851
10000	2.2486	0.038963	0.030019	1	1	0.35087	0.50096	0.72563	5.8733	26.008	0.50096	0.72563	5.8733	26.008	0.50096	0.72563	5.8733	26.008	0.50096	0.72563	5.8733	26.008	0	0.28222	0.40878	3.3087	14.651	0.28222	0.40878	3.3087	14.651	0.28222	0.40878	3.3087	14.651	0.28222	0.40878	3.3087	14.651	0	0	0	0	0	0	0	0	0	0	0	0	0	0	0	0	0	0
10000	5.9238	0.0022448	0.019186	1	1	0.56381	0.8	0.81307	4.6667	30	0.8	0.81307	4.6667	30	0.8	0.81307	4.6667	30	0.8	0.81307	4.6667	30	0	0.6209	0.63104	3.6219	23.284	0.6209	0.63104	3.6219	23.284	0.6209	0.63104	3.6219	23.284	0.6209	0.63104	3.6219	23.284	0	0.13843	0.13843	0.13843	0.13843	0.13843	0.13843	0.13843	0.13843	0.13843	0.13843	0.13843	0.13843	0.13843	0.13843	0.13843	0.13843	0.13843
10000	5.6126	0.001	0.019985	1	1	0.57836	1.1139	0.58447	3.7787	15.006	1.1139	0.58447	3.7787	15.006	1.1139	0.58447	3.7787	15.006	1.1139	0.58447	3.7787	15.006	0	0.48508	0.25452	1.6455	6.5347	0.48508	0.25452	1.6455	6.5347	0.48508	0.25452	1.6455	6.5347	0.48508	0.25452	1.6455	6.5347	0	0.090504	0.090504	0.090504	0.090504	0.090504	0.090504	0.090504	0.090504	0.090504	0.090504	0.090504	0.090504	0.090504	0.090504	0.090504	0.090504	0.090504
10000	10	0.0047778	0.02	1	1	0.4	1	0.44794	7	30	1	0.44794	7	30	1	0.44794	7	30	1	0.44794	7	30	0	0.95833	0.42928	6.7083	28.75	0.95833	0.42928	6.7083	28.75	0.95833	0.42928	6.7083	28.75	0.95833	0.42928	6.7083	28.75	0	0.2	0.2	0.2	0.2	0.2	0.2	0.2	0.2	0.2	0.2	0.2	0.2	0.2	0.2	0.2	0.2	0.2
10000	7	0.005	0.01	1	1	0.4	1	0.6	6.0861	15	1	0.6	6.0861	15	1	0.6	6.0861	15	1	0.6	6.0861	15	0	1	0.6	6.0861	15	1	0.6	6.0861	15	1	0.6	6.0861	15	1	0.6	6.0861	15	0	0.15082	0.15082	0.15082	0.15082	0.15082	0.15082	0.15082	0.15082	0.15082	0.15082	0.15082	0.15082	0.15082	0.15082	0.15082	0.15082	0.15082
10000	10	0.005	0.025336	1	1	0.58013	0.87008	0.6	7	15	0.87008	0.6	7	15	0.87008	0.6	7	15	0.87008	0.6	7	15	0	0.43504	0.3	3.5	7.5	0.43504	0.3	3.5	7.5	0.43504	0.3	3.5	7.5	0.43504	0.3	3.5	7.5	0	0.090972	0.090972	0.090972	0.090972	0.090972	0.090972	0.090972	0.090972	0.090972	0.090972	0.090972	0.090972	0.090972	0.090972	0.090972	0.090972	0.090972
10000	5	0.001	0.01	1	1	0.4	1	0.25876	3.9181	20	1	0.25876	3.9181	20	1	0.25876	3.9181	20	1	0.25876	3.9181	20	0	0.625	0.16172	2.4488	12.5	0.625	0.16172	2.4488	12.5	0.625	0.16172	2.4488	12.5	0.625	0.16172	2.4488	12.5	0	0.022589	0.022589	0.022589	0.022589	0.022589	0.022589	0.022589	0.022589	0.022589	0.022589	0.022589	0.022589	0.022589	0.022589	0.022589	0.022589	0.022589
10000	8.156	0.001	0.01	1	1	0.4	0.80662	0.24616	3.5	15	0.80662	0.24616	3.5	15	0.80662	0.24616	3.5	15	0.80662	0.24616	3.5	15	0	0.80662	0.24616	3.5	15	0.80662	0.24616	3.5	15	0.80662	0.24616	3.5	15	0.80662	0.24616	3.5	15	0	0.038637	0.038637	0.038637	0.038637	0.038637	0.038637	0.038637	0.038637	0.038637	0.038637	0.038637	0.038637	0.038637	0.038637	0.038637	0.038637	0.038637
10000	6.2465	0.001	0.01	1	1	0.2919	0.66822	0.024806	4.1298	21.096	0.66822	0.024806	4.1298	21.096	0.66822	0.024806	4.1298	21.096	0.66822	0.024806	4.1298	21.096	0	0.35713	0.013258	2.2072	11.275	0.35713	0.013258	2.2072	11.275	0.35713	0.013258	2.2072	11.275	0.35713	0.013258	2.2072	11.275	0	0.016524	0.016524	0.016524	0.016524	0.016524	0.016524	0.016524	0.016524	0.016524	0.016524	0.016524	0.016524	0.016524	0.016524	0.016524	0.016524	0.016524
10000	10	0.0032525	0.01	1	1	0.47107	0.71789	0.44182	3.9909	16.755	0.71789	0.44182	3.9909	16.755	0.71789	0.44182	3.9909	16.755	0.71789	0.44182	3.9909	16.755	0	0.60071	0.3697	3.3395	14.02	0.60071	0.3697	3.3395	14.02	0.60071	0.3697	3.3395	14.02	0.60071	0.3697	3.3395	14.02	0	0.024726	0.024726	0.024726	0.024726	0.024726	0.024726	0.024726	0.024726	0.024726	0.024726	0.024726	0.024726	0.024726	0.024726	0.024726	0.024726	0.024726
10000	8.1431	0.0095048	0.02055	1	1	0.77524	1.0275	0.38212	7.0619	11.563	1.0275	0.38212	7.0619	11.563	1.0275	0.38212	7.0619	11.563	1.0275	0.38212	7.0619	11.563	0	1.0395	0.38658	7.1443	11.698	1.0395	0.38658	7.1443	11.698	1.0395	0.38658	7.1443	11.698	1.0395	0.38658	7.1443	11.698	0	0.073636	0.073636	0.073636	0.073636	0.073636	0.073636	0.073636	0.073636	0.073636	0.073636	0.073636	0.073636	0.073636	0.073636	0.073636	0.073636	0.073636
10000	8.2739	0.0089139	0.01	1	1	0.67989	1.1892	0.41094	4.603	39.703	1.1892	0.41094	4.603	39.703	1.1892	0.41094	4.603	39.703	1.1892	0.41094	4.603	39.703	0	1.1435	0.39513	4.4259	38.176	1.1435	0.39513	4.4259	38.176	1.1435	0.39513	4.4259	38.176	1.1435	0.39513	4.4259	38.176	0	0.18868	0.18868	0.18868	0.18868	0.18868	0.18868	0.18868	0.18868	0.18868	0.18868	0.18868	0.18868	0.18868	0.18868	0.18868	0.18868	0.18868
10000	7	0.01	0.01	1	1	0.42946	1	0.6	3.5	14.074	1	0.6	3.5	14.074	1	0.6	3.5	14.074	1	0.6	3.5	14.074	0	0.99537	0.59722	3.4838	14.009	0.99537	0.59722	3.4838	14.009	0.99537	0.59722	3.4838	14.009	0.99537	0.59722	3.4838	14.009	0	0.10185	0.10185	0.10185	0.10185	0.10185	0.10185	0.10185	0.10185	0.10185	0.10185	0.10185	0.10185	0.10185	0.10185	0.10185	0.10185	0.10185
10000	7.0201	0.0085217	0.010278	1	1	0.78482	0.85859	0.62098	4.3463	19.008	0.85859	0.62098	4.3463	19.008	0.85859	0.62098	4.3463	19.008	0.85859	0.62098	4.3463	19.008	0	0.8571	0.61991	4.3388	18.975	0.8571	0.61991	4.3388	18.975	0.8571	0.61991	4.3388	18.975	0.8571	0.61991	4.3388	18.975	0	0.1097	0.1097	0.1097	0.1097	0.1097	0.1097	0.1097	0.1097	0.1097	0.1097	0.1097	0.1097	0.1097	0.1097	0.1097	0.1097	0.1097
10000	8.8478	0.0036667	0.011037	1	1	0.8	0.84552	0.8	3.5	30	0.84552	0.8	3.5	30	0.84552	0.8	3.5	30	0.84552	0.8	3.5	30	0	0.81029	0.76667	3.3542	28.75	0.81029	0.76667	3.3542	28.75	0.81029	0.76667	3.3542	28.75	0.81029	0.76667	3.3542	28.75	0	0.10556	0.10556	0.10556	0.10556	0.10556	0.10556	0.10556	0.10556	0.10556	0.10556	0.10556	0.10556	0.10556	0.10556	0.10556	0.10556	0.10556
10000	7.834	0.0040238	0.01	1	1	0.78755	1.0055	0.4	4.3186	20	1.0055	0.4	4.3186	20	1.0055	0.4	4.3186	20	1.0055	0.4	4.3186	20	0	1.0055	0.4	4.3186	20	1.0055	0.4	4.3186	20	1.0055	0.4	4.3186	20	1.0055	0.4	4.3186	20	0	0.14471	0.14471	0.14471	0.14471	0.14471	0.14471	0.14471	0.14471	0.14471	0.14471	0.14471	0.14471	0.14471	0.14471	0.14471	0.14471	0.14471
10000	7	0.0029547	0.01	1	1	0.8	0.68636	0.3	3.8889	55.756	0.68636	0.3	3.8889	55.756	0.68636	0.3	3.8889	55.756	0.68636	0.3	3.8889	55.756	0	0.68635	0.3	3.8889	55.755	0.68635	0.3	3.8889	55.755	0.68635	0.3	3.8889	55.755	0.68635	0.3	3.8889	55.755	0	0.13126	0.13126	0.13126	0.13126	0.13126	0.13126	0.13126	0.13126	0.13126	0.13126	0.13126	0.13126	0.13126	0.13126	0.13126	0.13126	0.13126
10000	9.2381	0.001	0.01	1	1	0.53168	1	0.6	2.5	10	1	0.6	2.5	10	1	0.6	2.5	10	1	0.6	2.5	10	0	1	0.6	2.5	10	1	0.6	2.5	10	1	0.6	2.5	10	1	0.6	2.5	10	0	0.05	0.05	0.05	0.05	0.05	0.05	0.05	0.05	0.05	0.05	0.05	0.05	0.05	0.05	0.05	0.05	0.05
10000	6	0.001	0.020798	1	1	0.8	1.1457	0.3	2.5	15	1.1457	0.3	2.5	15	1.1457	0.3	2.5	15	1.1457	0.3	2.5	15	0	1.4327	0.37515	3.1263	18.758	1.4327	0.37515	3.1263	18.758	1.4327	0.37515	3.1263	18.758	1.4327	0.37515	3.1263	18.758	0	0.1	0.1	0.1	0.1	0.1	0.1	0.1	0.1	0.1	0.1	0.1	0.1	0.1	0.1	0.1	0.1	0.1
10000	4.9712	0.001	0.01977	1	1	0.80515	0.98849	0.79675	3.5259	8.4887	0.98849	0.79675	3.5259	8.4887	0.98849	0.79675	3.5259	8.4887	0.98849	0.79675	3.5259	8.4887	0	0.99845	0.80478	3.5614	8.5742	0.99845	0.80478	3.5614	8.5742	0.99845	0.80478	3.5614	8.5742	0.99845	0.80478	3.5614	8.5742	0	0.10442	0.10442	0.10442	0.10442	0.10442	0.10442	0.10442	0.10442	0.10442	0.10442	0.10442	0.10442	0.10442	0.10442	0.10442	0.10442	0.10442
10000	9.5938	0.001	0.024412	1	1	0.8	0.95759	0.34074	3.2973	12.694	0.95759	0.34074	3.2973	12.694	0.95759	0.34074	3.2973	12.694	0.95759	0.34074	3.2973	12.694	0	1.1068	0.39385	3.8112	14.672	1.1068	0.39385	3.8112	14.672	1.1068	0.39385	3.8112	14.672	1.1068	0.39385	3.8112	14.672	0	0.10102	0.10102	0.10102	0.10102	0.10102	0.10102	0.10102	0.10102	0.10102	0.10102	0.10102	0.10102	0.10102	0.10102	0.10102	0.10102	0.10102
10000	4.6837	0.001	0.018094	1	1	0.67269	0.86803	0.3639	3.2702	13.958	0.86803	0.3639	3.2702	13.958	0.86803	0.3639	3.2702	13.958	0.86803	0.3639	3.2702	13.958	0	0.79427	0.33298	2.9923	12.772	0.79427	0.33298	2.9923	12.772	0.79427	0.33298	2.9923	12.772	0.79427	0.33298	2.9923	12.772	0	0.16389	0.16389	0.16389	0.16389	0.16389	0.16389	0.16389	0.16389	0.16389	0.16389	0.16389	0.16389	0.16389	0.16389	0.16389	0.16389	0.16389
10000	7	0.0071959	0.023333	1	1	0.8	1	0.6	5	15	1	0.6	5	15	1	0.6	5	15	1	0.6	5	15	0	1	0.6	5	15	1	0.6	5	15	1	0.6	5	15	1	0.6	5	15	0	0.2	0.2	0.2	0.2	0.2	0.2	0.2	0.2	0.2	0.2	0.2	0.2	0.2	0.2	0.2	0.2	0.2
10000	10	0.0055664	0.01	1	1	0.69668	0.81939	0.3	3.5	15	0.81939	0.3	3.5	15	0.81939	0.3	3.5	15	0.81939	0.3	3.5	15	0	0.77287	0.28297	3.3013	14.148	0.77287	0.28297	3.3013	14.148	0.77287	0.28297	3.3013	14.148	0.77287	0.28297	3.3013	14.148	0	0.25	0.25	0.25	0.25	0.25	0.25	0.25	0.25	0.25	0.25	0.25	0.25	0.25	0.25	0.25	0.25	0.25
10000	4.5345	0.001	0.023262	1	1	0.27061	0.9305	0.625	5.875	11	0.9305	0.625	5.875	11	0.9305	0.625	5.875	11	0.9305	0.625	5.875	11	0	0.69787	0.46875	4.4062	8.25	0.69787	0.46875	4.4062	8.25	0.69787	0.46875	4.4062	8.25	0.69787	0.46875	4.4062	8.25	0	0.21914	0.21914	0.21914	0.21914	0.21914	0.21914	0.21914	0.21914	0.21914	0.21914	0.21914	0.21914	0.21914	0.21914	0.21914	0.21914	0.21914
10000	7.5104	0.004843	0.016617	1	1	0.8	1	1.3747	4.6667	26.667	1	1.3747	4.6667	26.667	1	1.3747	4.6667	26.667	1	1.3747	4.6667	26.667	0	0.5	0.68735	2.3333	13.333	0.5	0.68735	2.3333	13.333	0.5	0.68735	2.3333	13.333	0.5	0.68735	2.3333	13.333	0	0.1	0.1	0.1	0.1	0.1	0.1	0.1	0.1	0.1	0.1	0.1	0.1	0.1	0.1	0.1	0.1	0.1
10000	8.7053	0.003	0.01	1	1	0.575	1.25	0.4625	2.9375	17	1.25	0.4625	2.9375	17	1.25	0.4625	2.9375	17	1.25	0.4625	2.9375	17	0	0.97656	0.36133	2.2949	13.281	0.97656	0.36133	2.2949	13.281	0.97656	0.36133	2.2949	13.281	0.97656	0.36133	2.2949	13.281	0	0.05	0.05	0.05	0.05	0.05	0.05	0.05	0.05	0.05	0.05	0.05	0.05	0.05	0.05	0.05	0.05	0.05
10000	5	0.0013707	0.01	1	1	0.8	1	0.3	2.6573	15	1	0.3	2.6573	15	1	0.3	2.6573	15	1	0.3	2.6573	15	0	1	0.3	2.6573	15	1	0.3	2.6573	15	1	0.3	2.6573	15	1	0.3	2.6573	15	0	0.1	0.1	0.1	0.1	0.1	0.1	0.1	0.1	0.1	0.1	0.1	0.1	0.1	0.1	0.1	0.1	0.1
10000	6.3728	0.001	0.01	1	1	0.53829	1.1446	0.35623	2.5002	26.821	1.1446	0.35623	2.5002	26.821	1.1446	0.35623	2.5002	26.821	1.1446	0.35623	2.5002	26.821	0	1.0178	0.31676	2.2231	23.849	1.0178	0.31676	2.2231	23.849	1.0178	0.31676	2.2231	23.849	1.0178	0.31676	2.2231	23.849	0	0.10004	0.10004	0.10004	0.10004	0.10004	0.10004	0.10004	0.10004	0.10004	0.10004	0.10004	0.10004	0.10004	0.10004	0.10004	0.10004	0.10004
10000	5.5	0.001	0.01	1	1	0.57758	1	0.4	2.597	15	1	0.4	2.597	15	1	0.4	2.597	15	1	0.4	2.597	15	0	1	0.4	2.597	15	1	0.4	2.597	15	1	0.4	2.597	15	1	0.4	2.597	15	0	0.098923	0.098923	0.098923	0.098923	0.098923	0.098923	0.098923	0.098923	0.098923	0.098923	0.098923	0.098923	0.098923	0.098923	0.098923	0.098923	0.098923
10000	4.6989	0.0033888	0.017683	1	1	0.66016	1.1418	0.43993	2.914	15.674	1.1418	0.43993	2.914	15.674	1.1418	0.43993	2.914	15.674	1.1418	0.43993	2.914	15.674	0	0.87873	0.33858	2.2427	12.063	0.87873	0.33858	2.2427	12.063	0.87873	0.33858	2.2427	12.063	0.87873	0.33858	2.2427	12.063	0	0.12104	0.12104	0.12104	0.12104	0.12104	0.12104	0.12104	0.12104	0.12104	0.12104	0.12104	0.12104	0.12104	0.12104	0.12104	0.12104	0.12104
10000	10	0.010132	0.019201	1	1	0.8167	1.0833	0.38889	3.3062	12.013	1.0833	0.38889	3.3062	12.013	1.0833	0.38889	3.3062	12.013	1.0833	0.38889	3.3062	12.013	0	1.065	0.3823	3.2502	11.81	1.065	0.3823	3.2502	11.81	1.065	0.3823	3.2502	11.81	1.065	0.3823	3.2502	11.81	0	0.14298	0.14298	0.14298	0.14298	0.14298	0.14298	0.14298	0.14298	0.14298	0.14298	0.14298	0.14298	0.14298	0.14298	0.14298	0.14298	0.14298
10000	4.2903	0.0037583	0.022324	1	1	0.56526	1.2242	0.56279	3.3329	17.503	1.2242	0.56279	3.3329	17.503	1.2242	0.56279	3.3329	17.503	1.2242	0.56279	3.3329	17.503	0	0.91425	0.42029	2.489	13.071	0.91425	0.42029	2.489	13.071	0.91425	0.42029	2.489	13.071	0.91425	0.42029	2.489	13.071	0	0.13323	0.13323	0.13323	0.13323	0.13323	0.13323	0.13323	0.13323	0.13323	0.13323	0.13323	0.13323	0.13323	0.13323	0.13323	0.13323	0.13323
10000	7	0.0090432	0.016591	1	1	0.51657	1	0.3	5.3882	15	1	0.3	5.3882	15	1	0.3	5.3882	15	1	0.3	5.3882	15	0	1	0.3	5.3882	15	1	0.3	5.3882	15	1	0.3	5.3882	15	1	0.3	5.3882	15	0	0.2	0.2	0.2	0.2	0.2	0.2	0.2	0.2	0.2	0.2	0.2	0.2	0.2	0.2	0.2	0.2	0.2
10000	6.2192	0.0020096	0.023205	1	1	0.79566	1.0614	0.29687	2.802	7.778	1.0614	0.29687	2.802	7.778	1.0614	0.29687	2.802	7.778	1.0614	0.29687	2.802	7.778	0	1.0569	0.29562	2.7902	7.7452	1.0569	0.29562	2.7902	7.7452	1.0569	0.29562	2.7902	7.7452	1.0569	0.29562	2.7902	7.7452	0	0.24074	0.24074	0.24074	0.24074	0.24074	0.24074	0.24074	0.24074	0.24074	0.24074	0.24074	0.24074	0.24074	0.24074	0.24074	0.24074	0.24074
10000	5.9747	0.001	0.017693	1	1	0.9038	0.9644	0.47497	3.5637	20.26	0.9644	0.47497	3.5637	20.26	0.9644	0.47497	3.5637	20.26	0.9644	0.47497	3.5637	20.26	0	1.1069	0.54518	4.0905	23.254	1.1069	0.54518	4.0905	23.254	1.1069	0.54518	4.0905	23.254	1.1069	0.54518	4.0905	23.254	0	0.21172	0.21172	0.21172	0.21172	0.21172	0.21172	0.21172	0.21172	0.21172	0.21172	0.21172	0.21172	0.21172	0.21172	0.21172	0.21172	0.21172
10000	7.4856	0.020916	0.01	1	1	0.8	0.99999	0.3	3.3402	15	0.99999	0.3	3.3402	15	0.99999	0.3	3.3402	15	0.99999	0.3	3.3402	15	0	0.99999	0.3	3.3402	15	0.99999	0.3	3.3402	15	0.99999	0.3	3.3402	15	0.99999	0.3	3.3402	15	0	0.1	0.1	0.1	0.1	0.1	0.1	0.1	0.1	0.1	0.1	0.1	0.1	0.1	0.1	0.1	0.1	0.1
10000	9.9999	0.013028	0.01	1	1	0.8	1	0.3	3.5	15	1	0.3	3.5	15	1	0.3	3.5	15	1	0.3	3.5	15	0	1.2763	0.38289	4.467	19.144	1.2763	0.38289	4.467	19.144	1.2763	0.38289	4.467	19.144	1.2763	0.38289	4.467	19.144	0	0.21111	0.21111	0.21111	0.21111	0.21111	0.21111	0.21111	0.21111	0.21111	0.21111	0.21111	0.21111	0.21111	0.21111	0.21111	0.21111	0.21111
10000	8.2202	0.01	0.01	1	1	0.80276	0.99999	0.5	2.742	13.333	0.99999	0.5	2.742	13.333	0.99999	0.5	2.742	13.333	0.99999	0.5	2.742	13.333	0	1.0179	0.50895	2.791	13.572	1.0179	0.50895	2.791	13.572	1.0179	0.50895	2.791	13.572	1.0179	0.50895	2.791	13.572	0	0.1	0.1	0.1	0.1	0.1	0.1	0.1	0.1	0.1	0.1	0.1	0.1	0.1	0.1	0.1	0.1	0.1
10000	7	0.013333	0.018333	1	1	0.53138	1.1114	0.5	3.5	15	1.1114	0.5	3.5	15	1.1114	0.5	3.5	15	1.1114	0.5	3.5	15	0	1.1114	0.5	3.5	15	1.1114	0.5	3.5	15	1.1114	0.5	3.5	15	1.1114	0.5	3.5	15	0	0.083333	0.083333	0.083333	0.083333	0.083333	0.083333	0.083333	0.083333	0.083333	0.083333	0.083333	0.083333	0.083333	0.083333	0.083333	0.083333	0.083333
10000	9.9999	0.01	0.01	1	1	0.49507	1.0926	0.74305	3.3333	6.1261	1.0926	0.74305	3.3333	6.1261	1.0926	0.74305	3.3333	6.1261	1.0926	0.74305	3.3333	6.1261	0	1.0926	0.74305	3.3333	6.1261	1.0926	0.74305	3.3333	6.1261	1.0926	0.74305	3.3333	6.1261	1.0926	0.74305	3.3333	6.1261	0	0.1	0.1	0.1	0.1	0.1	0.1	0.1	0.1	0.1	0.1	0.1	0.1	0.1	0.1	0.1	0.1	0.1
10000	7	0.005	0.02	1	1	0.50195	1	0.6	2.5	15	1	0.6	2.5	15	1	0.6	2.5	15	1	0.6	2.5	15	0	1.0556	0.63333	2.6389	15.833	1.0556	0.63333	2.6389	15.833	1.0556	0.63333	2.6389	15.833	1.0556	0.63333	2.6389	15.833	0	0.121	0.121	0.121	0.121	0.121	0.121	0.121	0.121	0.121	0.121	0.121	0.121	0.121	0.121	0.121	0.121	0.121
10000	5.1631	0.001	0.018668	1	1	0.59152	1.9987	0.59965	5.0023	14.989	1.9987	0.59965	5.0023	14.989	1.9987	0.59965	5.0023	14.989	1.9987	0.59965	5.0023	14.989	0	0.99966	0.29992	2.5019	7.497	0.99966	0.29992	2.5019	7.497	0.99966	0.29992	2.5019	7.497	0.99966	0.29992	2.5019	7.497	0	0.064902	0.064902	0.064902	0.064902	0.064902	0.064902	0.064902	0.064902	0.064902	0.064902	0.064902	0.064902	0.064902	0.064902	0.064902	0.064902	0.064902
10000	5.131	0.001	0.023333	1	1	0.4	1.5	0.36667	2.7528	11.667	1.5	0.36667	2.7528	11.667	1.5	0.36667	2.7528	11.667	1.5	0.36667	2.7528	11.667	0	1.5	0.36667	2.7528	11.667	1.5	0.36667	2.7528	11.667	1.5	0.36667	2.7528	11.667	1.5	0.36667	2.7528	11.667	0	0.066667	0.066667	0.066667	0.066667	0.066667	0.066667	0.066667	0.066667	0.066667	0.066667	0.066667	0.066667	0.066667	0.066667	0.066667	0.066667	0.066667
10000	10	0.001	0.01	1	1	0.53858	1.016	0.40833	2.7917	7.3187	1.016	0.40833	2.7917	7.3187	1.016	0.40833	2.7917	7.3187	1.016	0.40833	2.7917	7.3187	0	1.1232	0.45139	3.0861	8.0905	1.1232	0.45139	3.0861	8.0905	1.1232	0.45139	3.0861	8.0905	1.1232	0.45139	3.0861	8.0905	0	0.16229	0.16229	0.16229	0.16229	0.16229	0.16229	0.16229	0.16229	0.16229	0.16229	0.16229	0.16229	0.16229	0.16229	0.16229	0.16229	0.16229
10000	9.2074	0.01	0.015	1	1	0.55319	1	0.21667	2.5	15	1	0.21667	2.5	15	1	0.21667	2.5	15	1	0.21667	2.5	15	0	1	0.21667	2.5	15	1	0.21667	2.5	15	1	0.21667	2.5	15	1	0.21667	2.5	15	0	0	0	0	0	0	0	0	0	0	0	0	0	0	0	0	0	0
10000	3.8165	0.014711	0.020027	1	1	1.0564	1.0346	0.31303	6.3654	18.422	1.0346	0.31303	6.3654	18.422	1.0346	0.31303	6.3654	18.422	1.0346	0.31303	6.3654	18.422	0	0.98434	0.29781	6.0559	17.526	0.98434	0.29781	6.0559	17.526	0.98434	0.29781	6.0559	17.526	0.98434	0.29781	6.0559	17.526	0	0.20317	0.20317	0.20317	0.20317	0.20317	0.20317	0.20317	0.20317	0.20317	0.20317	0.20317	0.20317	0.20317	0.20317	0.20317	0.20317	0.20317
10000	6.2022	0.0058333	0.019001	1	1	0.55014	1.1922	0.3	3.3333	15	1.1922	0.3	3.3333	15	1.1922	0.3	3.3333	15	1.1922	0.3	3.3333	15	0	1.1922	0.3	3.3333	15	1.1922	0.3	3.3333	15	1.1922	0.3	3.3333	15	1.1922	0.3	3.3333	15	0	0.2	0.2	0.2	0.2	0.2	0.2	0.2	0.2	0.2	0.2	0.2	0.2	0.2	0.2	0.2	0.2	0.2
10000	3	0.001	0.011111	1	1	0.8	1	0.3	3.5	20.372	1	0.3	3.5	20.372	1	0.3	3.5	20.372	1	0.3	3.5	20.372	0	1	0.3	3.5	20.372	1	0.3	3.5	20.372	1	0.3	3.5	20.372	1	0.3	3.5	20.372	0	0.15226	0.15226	0.15226	0.15226	0.15226	0.15226	0.15226	0.15226	0.15226	0.15226	0.15226	0.15226	0.15226	0.15226	0.15226	0.15226	0.15226
10000	5.6352	0.001	0.01	1	1	0.89821	1.1988	0.37093	4.809	30.873	1.1988	0.37093	4.809	30.873	1.1988	0.37093	4.809	30.873	1.1988	0.37093	4.809	30.873	0	1.2134	0.37542	4.8673	31.247	1.2134	0.37542	4.8673	31.247	1.2134	0.37542	4.8673	31.247	1.2134	0.37542	4.8673	31.247	0	0.20304	0.20304	0.20304	0.20304	0.20304	0.20304	0.20304	0.20304	0.20304	0.20304	0.20304	0.20304	0.20304	0.20304	0.20304	0.20304	0.20304
10000	3	0.005	0.02	1	1	0.73291	1	0.4	3.5	20	1	0.4	3.5	20	1	0.4	3.5	20	1	0.4	3.5	20	0	1	0.4	3.5	20	1	0.4	3.5	20	1	0.4	3.5	20	1	0.4	3.5	20	0	0.16667	0.16667	0.16667	0.16667	0.16667	0.16667	0.16667	0.16667	0.16667	0.16667	0.16667	0.16667	0.16667	0.16667	0.16667	0.16667	0.16667
10000	6.5	0.001	0.02	1	1	0.8	1	0.36492	2.5	15	1	0.36492	2.5	15	1	0.36492	2.5	15	1	0.36492	2.5	15	0	1	0.36492	2.5	15	1	0.36492	2.5	15	1	0.36492	2.5	15	1	0.36492	2.5	15	0	0.2	0.2	0.2	0.2	0.2	0.2	0.2	0.2	0.2	0.2	0.2	0.2	0.2	0.2	0.2	0.2	0.2
10000	6.7606	0.011811	0.017987	1	1	0.58787	1.1006	0.3654	2.3239	14.195	1.1006	0.3654	2.3239	14.195	1.1006	0.3654	2.3239	14.195	1.1006	0.3654	2.3239	14.195	0	1.0916	0.36242	2.305	14.079	1.0916	0.36242	2.305	14.079	1.0916	0.36242	2.305	14.079	1.0916	0.36242	2.305	14.079	0	0.15975	0.15975	0.15975	0.15975	0.15975	0.15975	0.15975	0.15975	0.15975	0.15975	0.15975	0.15975	0.15975	0.15975	0.15975	0.15975	0.15975
10000	3.0194	0.001	0.01	1	1	0.29788	1.5	0.925	3.9126	26	1.5	0.925	3.9126	26	1.5	0.925	3.9126	26	1.5	0.925	3.9126	26	0	0.375	0.23125	0.97815	6.5	0.375	0.23125	0.97815	6.5	0.375	0.23125	0.97815	6.5	0.375	0.23125	0.97815	6.5	0	0.15287	0.15287	0.15287	0.15287	0.15287	0.15287	0.15287	0.15287	0.15287	0.15287	0.15287	0.15287	0.15287	0.15287	0.15287	0.15287	0.15287
10000	4	0.005	0.03	1	1	0.8	1.1222	0.6	2.5	15	1.1222	0.6	2.5	15	1.1222	0.6	2.5	15	1.1222	0.6	2.5	15	0	0.58846	0.31462	1.3109	7.8654	0.58846	0.31462	1.3109	7.8654	0.58846	0.31462	1.3109	7.8654	0.58846	0.31462	1.3109	7.8654	0	0.1	0.1	0.1	0.1	0.1	0.1	0.1	0.1	0.1	0.1	0.1	0.1	0.1	0.1	0.1	0.1	0.1
10000	7.4149	0.003	0.023333	1	1	0.67128	1	0.4	2.5	15	1	0.4	2.5	15	1	0.4	2.5	15	1	0.4	2.5	15	0	1	0.4	2.5	15	1	0.4	2.5	15	1	0.4	2.5	15	1	0.4	2.5	15	0	0.2	0.2	0.2	0.2	0.2	0.2	0.2	0.2	0.2	0.2	0.2	0.2	0.2	0.2	0.2	0.2	0.2
10000	5.5137	0.001	0.01	1	1	0.69857	1	0.4	2.5779	15	1	0.4	2.5779	15	1	0.4	2.5779	15	1	0.4	2.5779	15	0	1	0.4	2.5779	15	1	0.4	2.5779	15	1	0.4	2.5779	15	1	0.4	2.5779	15	0	0.23333	0.23333	0.23333	0.23333	0.23333	0.23333	0.23333	0.23333	0.23333	0.23333	0.23333	0.23333	0.23333	0.23333	0.23333	0.23333	0.23333
10000	7	0.01	0.02	1	1	0.78438	0.99999	0.3	3.3606	20	0.99999	0.3	3.3606	20	0.99999	0.3	3.3606	20	0.99999	0.3	3.3606	20	0	0.94031	0.2821	3.16	18.806	0.94031	0.2821	3.16	18.806	0.94031	0.2821	3.16	18.806	0.94031	0.2821	3.16	18.806	0	0.2	0.2	0.2	0.2	0.2	0.2	0.2	0.2	0.2	0.2	0.2	0.2	0.2	0.2	0.2	0.2	0.2
10000	5.5	0.0099999	0.01	1	1	0.8	1	0.3	3.3333	15	1	0.3	3.3333	15	1	0.3	3.3333	15	1	0.3	3.3333	15	0	0.95833	0.2875	3.1944	14.375	0.95833	0.2875	3.1944	14.375	0.95833	0.2875	3.1944	14.375	0.95833	0.2875	3.1944	14.375	0	0.2	0.2	0.2	0.2	0.2	0.2	0.2	0.2	0.2	0.2	0.2	0.2	0.2	0.2	0.2	0.2	0.2
10000	6.5185	0.001	0.020579	1	1	0.79523	0.99615	0.30344	3.5119	15.042	0.99615	0.30344	3.5119	15.042	0.99615	0.30344	3.5119	15.042	0.99615	0.30344	3.5119	15.042	0	1.0928	0.33286	3.8525	16.501	1.0928	0.33286	3.8525	16.501	1.0928	0.33286	3.8525	16.501	1.0928	0.33286	3.8525	16.501	0	0.20212	0.20212	0.20212	0.20212	0.20212	0.20212	0.20212	0.20212	0.20212	0.20212	0.20212	0.20212	0.20212	0.20212	0.20212	0.20212	0.20212
10000	5.9115	0.011112	0.01	1	1	0.8	0.8	0.3	2.8087	15	0.8	0.3	2.8087	15	0.8	0.3	2.8087	15	0.8	0.3	2.8087	15	0	0.83344	0.31254	2.9261	15.627	0.83344	0.31254	2.9261	15.627	0.83344	0.31254	2.9261	15.627	0.83344	0.31254	2.9261	15.627	0	0.1	0.1	0.1	0.1	0.1	0.1	0.1	0.1	0.1	0.1	0.1	0.1	0.1	0.1	0.1	0.1	0.1
10000	5.9127	0.001	0.019382	1	1	0.8	1	0.3	2.5	15	1	0.3	2.5	15	1	0.3	2.5	15	1	0.3	2.5	15	0	0.79138	0.23741	1.9784	11.871	0.79138	0.23741	1.9784	11.871	0.79138	0.23741	1.9784	11.871	0.79138	0.23741	1.9784	11.871	0	0.14984	0.14984	0.14984	0.14984	0.14984	0.14984	0.14984	0.14984	0.14984	0.14984	0.14984	0.14984	0.14984	0.14984	0.14984	0.14984	0.14984
10000	4.1955	0.001	0.038002	1	1	0.65648	1.1256	0.16997	3.0393	13.4	1.1256	0.16997	3.0393	13.4	1.1256	0.16997	3.0393	13.4	1.1256	0.16997	3.0393	13.4	0	0.39394	0.059488	1.0637	4.6897	0.39394	0.059488	1.0637	4.6897	0.39394	0.059488	1.0637	4.6897	0.39394	0.059488	1.0637	4.6897	0	0.15998	0.15998	0.15998	0.15998	0.15998	0.15998	0.15998	0.15998	0.15998	0.15998	0.15998	0.15998	0.15998	0.15998	0.15998	0.15998	0.15998
10000	7	0.005	0.02	1	1	0.8	1	0.3	2.5	15	1	0.3	2.5	15	1	0.3	2.5	15	1	0.3	2.5	15	0	0.78563	0.23569	1.9641	11.784	0.78563	0.23569	1.9641	11.784	0.78563	0.23569	1.9641	11.784	0.78563	0.23569	1.9641	11.784	0	0.2	0.2	0.2	0.2	0.2	0.2	0.2	0.2	0.2	0.2	0.2	0.2	0.2	0.2	0.2	0.2	0.2
10000	8.0453	0.001	0.01	1	1	0.8	1	0.4	2.5	15	1	0.4	2.5	15	1	0.4	2.5	15	1	0.4	2.5	15	0	1	0.4	2.5	15	1	0.4	2.5	15	1	0.4	2.5	15	1	0.4	2.5	15	0	0.3	0.3	0.3	0.3	0.3	0.3	0.3	0.3	0.3	0.3	0.3	0.3	0.3	0.3	0.3	0.3	0.3
10000	6.6785	0.0088754	0.024906	1	1	0.84753	1.2012	0.33433	3.5708	14.578	1.2012	0.33433	3.5708	14.578	1.2012	0.33433	3.5708	14.578	1.2012	0.33433	3.5708	14.578	0	0.30029	0.083582	0.89271	3.6444	0.30029	0.083582	0.89271	3.6444	0.30029	0.083582	0.89271	3.6444	0.30029	0.083582	0.89271	3.6444	0	0.17013	0.17013	0.17013	0.17013	0.17013	0.17013	0.17013	0.17013	0.17013	0.17013	0.17013	0.17013	0.17013	0.17013	0.17013	0.17013	0.17013
10000	10	0.01	0.017674	1	1	1.1259	1	0.3	2.5	15	1	0.3	2.5	15	1	0.3	2.5	15	1	0.3	2.5	15	0	1	0.3	2.5	15	1	0.3	2.5	15	1	0.3	2.5	15	1	0.3	2.5	15	0	0.17881	0.17881	0.17881	0.17881	0.17881	0.17881	0.17881	0.17881	0.17881	0.17881	0.17881	0.17881	0.17881	0.17881	0.17881	0.17881	0.17881
10000	5.0012	0.001	0.01	1	1	1.1292	1.0005	0.19473	2.5008	8.8268	1.0005	0.19473	2.5008	8.8268	1.0005	0.19473	2.5008	8.8268	1.0005	0.19473	2.5008	8.8268	0	1.0009	0.19481	2.5018	8.8304	1.0009	0.19481	2.5018	8.8304	1.0009	0.19481	2.5018	8.8304	1.0009	0.19481	2.5018	8.8304	0	0.10006	0.10006	0.10006	0.10006	0.10006	0.10006	0.10006	0.10006	0.10006	0.10006	0.10006	0.10006	0.10006	0.10006	0.10006	0.10006	0.10006
10000	5.7095	0.0078076	0.01	1	1	1.1405	1.0237	0.011835	3.2919	14.811	1.0237	0.011835	3.2919	14.811	1.0237	0.011835	3.2919	14.811	1.0237	0.011835	3.2919	14.811	0	0.71697	0.0082889	2.3056	10.373	0.71697	0.0082889	2.3056	10.373	0.71697	0.0082889	2.3056	10.373	0.71697	0.0082889	2.3056	10.373	0	0.094048	0.094048	0.094048	0.094048	0.094048	0.094048	0.094048	0.094048	0.094048	0.094048	0.094048	0.094048	0.094048	0.094048	0.094048	0.094048	0.094048
10000	8.106	0.002472	0.031649	1	1	1.0844	1.316	0.67469	3.0528	15.292	1.316	0.67469	3.0528	15.292	1.316	0.67469	3.0528	15.292	1.316	0.67469	3.0528	15.292	0	0.95212	0.48813	2.2086	11.063	0.95212	0.48813	2.2086	11.063	0.95212	0.48813	2.2086	11.063	0.95212	0.48813	2.2086	11.063	0	0.018408	0.018408	0.018408	0.018408	0.018408	0.018408	0.018408	0.018408	0.018408	0.018408	0.018408	0.018408	0.018408	0.018408	0.018408	0.018408	0.018408
10000	3.125	0.001	0.01	1	1	1.75	0.94979	0.4625	4.5625	17.375	0.94979	0.4625	4.5625	17.375	0.94979	0.4625	4.5625	17.375	0.94979	0.4625	4.5625	17.375	0	0.29001	0.14122	1.3931	5.3054	0.29001	0.14122	1.3931	5.3054	0.29001	0.14122	1.3931	5.3054	0.29001	0.14122	1.3931	5.3054	0	0.10638	0.10638	0.10638	0.10638	0.10638	0.10638	0.10638	0.10638	0.10638	0.10638	0.10638	0.10638	0.10638	0.10638	0.10638	0.10638	0.10638
10000	5	0.011556	0.03	1	1	0.18155	0.91501	0.35363	3.7184	11.667	0.91501	0.35363	3.7184	11.667	0.91501	0.35363	3.7184	11.667	0.91501	0.35363	3.7184	11.667	0	0.91501	0.35363	3.7184	11.667	0.91501	0.35363	3.7184	11.667	0.91501	0.35363	3.7184	11.667	0.91501	0.35363	3.7184	11.667	0	0.091718	0.091718	0.091718	0.091718	0.091718	0.091718	0.091718	0.091718	0.091718	0.091718	0.091718	0.091718	0.091718	0.091718	0.091718	0.091718	0.091718
10000	5.4193	0.027143	0.028517	1	1	0.45666	0.99969	0.30721	4.2429	12.964	0.99969	0.30721	4.2429	12.964	0.99969	0.30721	4.2429	12.964	0.99969	0.30721	4.2429	12.964	0	0.99984	0.30725	4.2436	12.966	0.99984	0.30725	4.2436	12.966	0.99984	0.30725	4.2436	12.966	0.99984	0.30725	4.2436	12.966	0	0.10363	0.10363	0.10363	0.10363	0.10363	0.10363	0.10363	0.10363	0.10363	0.10363	0.10363	0.10363	0.10363	0.10363	0.10363	0.10363	0.10363
10000	6.5	0.02	0.023104	1	1	0.4	0.67053	0.3	3.3333	7.1537	0.67053	0.3	3.3333	7.1537	0.67053	0.3	3.3333	7.1537	0.67053	0.3	3.3333	7.1537	0	0.90788	0.40619	4.5132	9.6859	0.90788	0.40619	4.5132	9.6859	0.90788	0.40619	4.5132	9.6859	0.90788	0.40619	4.5132	9.6859	0	0	0	0	0	0	0	0	0	0	0	0	0	0	0	0	0	0
10000	4.9383	0.0022065	0.02	1	1	0.40001	1.0046	0.3	3.6345	1337.8	1.0046	0.3	3.6345	1337.8	1.0046	0.3	3.6345	1337.8	1.0046	0.3	3.6345	1337.8	0	0.97679	0.2917	3.534	1300.8	0.97679	0.2917	3.534	1300.8	0.97679	0.2917	3.534	1300.8	0.97679	0.2917	3.534	1300.8	0	0.2	0.2	0.2	0.2	0.2	0.2	0.2	0.2	0.2	0.2	0.2	0.2	0.2	0.2	0.2	0.2	0.2
10000	6.7973	0.0083268	0.01	1	1	0.33275	0.70201	0.5	3.5	200	0.70201	0.5	3.5	200	0.70201	0.5	3.5	200	0.70201	0.5	3.5	200	0	1.404	1	7	400	1.404	1	7	400	1.404	1	7	400	1.404	1	7	400	0	0.16667	0.16667	0.16667	0.16667	0.16667	0.16667	0.16667	0.16667	0.16667	0.16667	0.16667	0.16667	0.16667	0.16667	0.16667	0.16667	0.16667
10000	5.5	0.02	0.021656	1	1	0.60783	0.73104	1.1028	7	30	0.73104	1.1028	7	30	0.73104	1.1028	7	30	0.73104	1.1028	7	30	0	0.69234	1.0444	6.6294	28.412	0.69234	1.0444	6.6294	28.412	0.69234	1.0444	6.6294	28.412	0.69234	1.0444	6.6294	28.412	0	0.2	0.2	0.2	0.2	0.2	0.2	0.2	0.2	0.2	0.2	0.2	0.2	0.2	0.2	0.2	0.2	0.2
10000	2.9938	0.0070497	0.023223	1	1	0.44487	0.80373	1.0031	7.0056	70.842	0.80373	1.0031	7.0056	70.842	0.80373	1.0031	7.0056	70.842	0.80373	1.0031	7.0056	70.842	0	0.45174	0.56381	3.9376	39.818	0.45174	0.56381	3.9376	39.818	0.45174	0.56381	3.9376	39.818	0.45174	0.56381	3.9376	39.818	0	0.11625	0.11625	0.11625	0.11625	0.11625	0.11625	0.11625	0.11625	0.11625	0.11625	0.11625	0.11625	0.11625	0.11625	0.11625	0.11625	0.11625
10000	5.1754	0.025124	0.02001	1	1	0.30362	0.88841	1.6675	10.872	40.006	0.88841	1.6675	10.872	40.006	0.88841	1.6675	10.872	40.006	0.88841	1.6675	10.872	40.006	0	0.851	1.5973	10.415	38.321	0.851	1.5973	10.415	38.321	0.851	1.5973	10.415	38.321	0.851	1.5973	10.415	38.321	0	0.20937	0.20937	0.20937	0.20937	0.20937	0.20937	0.20937	0.20937	0.20937	0.20937	0.20937	0.20937	0.20937	0.20937	0.20937	0.20937	0.20937
10000	8.106	0.011422	0.028889	1	1	0.44607	0.42319	0.97038	4.6667	15	0.42319	0.97038	4.6667	15	0.42319	0.97038	4.6667	15	0.42319	0.97038	4.6667	15	0	0.42502	0.97458	4.6868	15.065	0.42502	0.97458	4.6868	15.065	0.42502	0.97458	4.6868	15.065	0.42502	0.97458	4.6868	15.065	0	0.15927	0.15927	0.15927	0.15927	0.15927	0.15927	0.15927	0.15927	0.15927	0.15927	0.15927	0.15927	0.15927	0.15927	0.15927	0.15927	0.15927
10000	5.345	0.003	0.052168	1	1	0.37178	0.62884	0.978	4.6518	25.982	0.62884	0.978	4.6518	25.982	0.62884	0.978	4.6518	25.982	0.62884	0.978	4.6518	25.982	0	0.59954	0.93244	4.4351	24.771	0.59954	0.93244	4.4351	24.771	0.59954	0.93244	4.4351	24.771	0.59954	0.93244	4.4351	24.771	0	0.092842	0.092842	0.092842	0.092842	0.092842	0.092842	0.092842	0.092842	0.092842	0.092842	0.092842	0.092842	0.092842	0.092842	0.092842	0.092842	0.092842
10000	7.9031	0.005	0.016667	1	1	0.69344	0.37634	0.3	4.6667	20	0.37634	0.3	4.6667	20	0.37634	0.3	4.6667	20	0.37634	0.3	4.6667	20	0	0.37634	0.3	4.6667	20	0.37634	0.3	4.6667	20	0.37634	0.3	4.6667	20	0.37634	0.3	4.6667	20	0	0.075498	0.075498	0.075498	0.075498	0.075498	0.075498	0.075498	0.075498	0.075498	0.075498	0.075498	0.075498	0.075498	0.075498	0.075498	0.075498	0.075498
10000	3.4428	0.0070671	0.014444	1	1	0.6716	0.97866	1.1109	9.3333	21.607	0.97866	1.1109	9.3333	21.607	0.97866	1.1109	9.3333	21.607	0.97866	1.1109	9.3333	21.607	0	0.58489	0.66392	5.578	12.914	0.58489	0.66392	5.578	12.914	0.58489	0.66392	5.578	12.914	0.58489	0.66392	5.578	12.914	0	0.092442	0.092442	0.092442	0.092442	0.092442	0.092442	0.092442	0.092442	0.092442	0.092442	0.092442	0.092442	0.092442	0.092442	0.092442	0.092442	0.092442
10000	6	0.001	0.015	1	1	0.4	0.86694	0.62269	3.5	20	0.86694	0.62269	3.5	20	0.86694	0.62269	3.5	20	0.86694	0.62269	3.5	20	0	1.3121	0.94243	5.2972	30.27	1.3121	0.94243	5.2972	30.27	1.3121	0.94243	5.2972	30.27	1.3121	0.94243	5.2972	30.27	0	0.1	0.1	0.1	0.1	0.1	0.1	0.1	0.1	0.1	0.1	0.1	0.1	0.1	0.1	0.1	0.1	0.1
10000	10	0.0061251	0.02	1	1	0.69249	0.48524	0.42931	10.762	20	0.48524	0.42931	10.762	20	0.48524	0.42931	10.762	20	0.48524	0.42931	10.762	20	0	0.48524	0.42931	10.762	20	0.48524	0.42931	10.762	20	0.48524	0.42931	10.762	20	0.48524	0.42931	10.762	20	0	0.2	0.2	0.2	0.2	0.2	0.2	0.2	0.2	0.2	0.2	0.2	0.2	0.2	0.2	0.2	0.2	0.2
10000	5	0.005	0.01	1	1	0.42734	1	0.73488	3.9638	15	1	0.73488	3.9638	15	1	0.73488	3.9638	15	1	0.73488	3.9638	15	0	1.1946	0.87788	4.7351	17.919	1.1946	0.87788	4.7351	17.919	1.1946	0.87788	4.7351	17.919	1.1946	0.87788	4.7351	17.919	0	0.077244	0.077244	0.077244	0.077244	0.077244	0.077244	0.077244	0.077244	0.077244	0.077244	0.077244	0.077244	0.077244	0.077244	0.077244	0.077244	0.077244
10000	4.7156	0.0053317	0.019032	1	1	0.6539	0.7929	0.4689	4.7911	20.456	0.7929	0.4689	4.7911	20.456	0.7929	0.4689	4.7911	20.456	0.7929	0.4689	4.7911	20.456	0	0.77103	0.45597	4.6589	19.892	0.77103	0.45597	4.6589	19.892	0.77103	0.45597	4.6589	19.892	0.77103	0.45597	4.6589	19.892	0	0.15953	0.15953	0.15953	0.15953	0.15953	0.15953	0.15953	0.15953	0.15953	0.15953	0.15953	0.15953	0.15953	0.15953	0.15953	0.15953	0.15953
10000	4.5497	0.0029912	0.01	1	1	0.40724	0.63796	0.63504	3.9053	9.1181	0.63796	0.63504	3.9053	9.1181	0.63796	0.63504	3.9053	9.1181	0.63796	0.63504	3.9053	9.1181	0	0.56048	0.55792	3.4311	8.0108	0.56048	0.55792	3.4311	8.0108	0.56048	0.55792	3.4311	8.0108	0.56048	0.55792	3.4311	8.0108	0	0.11758	0.11758	0.11758	0.11758	0.11758	0.11758	0.11758	0.11758	0.11758	0.11758	0.11758	0.11758	0.11758	0.11758	0.11758	0.11758	0.11758
10000	5.7542	0.0050023	0.030012	1	1	0.46249	0.79974	0.50022	3.4993	16.665	0.79974	0.50022	3.4993	16.665	0.79974	0.50022	3.4993	16.665	0.79974	0.50022	3.4993	16.665	0	0.79954	0.50009	3.4984	16.661	0.79954	0.50009	3.4984	16.661	0.79954	0.50009	3.4984	16.661	0.79954	0.50009	3.4984	16.661	0	0.067747	0.067747	0.067747	0.067747	0.067747	0.067747	0.067747	0.067747	0.067747	0.067747	0.067747	0.067747	0.067747	0.067747	0.067747	0.067747	0.067747
10000	4.9129	0.0063004	0.01	1	1	0.77118	0.99951	0.69818	9.8475	16.309	0.99951	0.69818	9.8475	16.309	0.99951	0.69818	9.8475	16.309	0.99951	0.69818	9.8475	16.309	0	1.0008	0.69906	9.8599	16.329	1.0008	0.69906	9.8599	16.329	1.0008	0.69906	9.8599	16.329	1.0008	0.69906	9.8599	16.329	0	0.19802	0.19802	0.19802	0.19802	0.19802	0.19802	0.19802	0.19802	0.19802	0.19802	0.19802	0.19802	0.19802	0.19802	0.19802	0.19802	0.19802
10000	4.8244	0.0012942	0.015259	1	1	0.44427	0.93836	0.52181	4.3899	10.996	0.93836	0.52181	4.3899	10.996	0.93836	0.52181	4.3899	10.996	0.93836	0.52181	4.3899	10.996	0	0.85295	0.47432	3.9903	9.9954	0.85295	0.47432	3.9903	9.9954	0.85295	0.47432	3.9903	9.9954	0.85295	0.47432	3.9903	9.9954	0	0.086122	0.086122	0.086122	0.086122	0.086122	0.086122	0.086122	0.086122	0.086122	0.086122	0.086122	0.086122	0.086122	0.086122	0.086122	0.086122	0.086122
10000	7	0.001	0.02	1	1	0.8	0.8	0.41364	3.5	20	0.8	0.41364	3.5	20	0.8	0.41364	3.5	20	0.8	0.41364	3.5	20	0	0.8	0.41364	3.5	20	0.8	0.41364	3.5	20	0.8	0.41364	3.5	20	0.8	0.41364	3.5	20	0	0.1	0.1	0.1	0.1	0.1	0.1	0.1	0.1	0.1	0.1	0.1	0.1	0.1	0.1	0.1	0.1	0.1
10000	5	0.007	0.022663	1	1	0.8	1	0.4	11.25	15	1	0.4	11.25	15	1	0.4	11.25	15	1	0.4	11.25	15	0	1.1439	0.45758	12.869	17.159	1.1439	0.45758	12.869	17.159	1.1439	0.45758	12.869	17.159	1.1439	0.45758	12.869	17.159	0	0.3	0.3	0.3	0.3	0.3	0.3	0.3	0.3	0.3	0.3	0.3	0.3	0.3	0.3	0.3	0.3	0.3
10000	6.8333	0.005	0.03	1	1	0.8	0.7712	0.56937	5	8.2048	0.7712	0.56937	5	8.2048	0.7712	0.56937	5	8.2048	0.7712	0.56937	5	8.2048	0	1.0958	0.80904	7.1047	11.659	1.0958	0.80904	7.1047	11.659	1.0958	0.80904	7.1047	11.659	1.0958	0.80904	7.1047	11.659	0	0.1	0.1	0.1	0.1	0.1	0.1	0.1	0.1	0.1	0.1	0.1	0.1	0.1	0.1	0.1	0.1	0.1
10000	5.8769	0.005423	0.019437	1	1	0.77466	0.72421	0.44179	5.0493	8.5896	0.72421	0.44179	5.0493	8.5896	0.72421	0.44179	5.0493	8.5896	0.72421	0.44179	5.0493	8.5896	0	1.4765	0.90068	10.294	17.512	1.4765	0.90068	10.294	17.512	1.4765	0.90068	10.294	17.512	1.4765	0.90068	10.294	17.512	0	0.19342	0.19342	0.19342	0.19342	0.19342	0.19342	0.19342	0.19342	0.19342	0.19342	0.19342	0.19342	0.19342	0.19342	0.19342	0.19342	0.19342
10000	10	0.001	0.01	1	1	0.60507	0.8	0.3	3.5	15	0.8	0.3	3.5	15	0.8	0.3	3.5	15	0.8	0.3	3.5	15	0	0.8	0.3	3.5	15	0.8	0.3	3.5	15	0.8	0.3	3.5	15	0.8	0.3	3.5	15	0	0.077809	0.077809	0.077809	0.077809	0.077809	0.077809	0.077809	0.077809	0.077809	0.077809	0.077809	0.077809	0.077809	0.077809	0.077809	0.077809	0.077809
10000	2.7213	0.011572	0.019564	1	1	1.1217	0.84632	-0.069509	7.1979	39.062	0.84632	-0.069509	7.1979	39.062	0.84632	-0.069509	7.1979	39.062	0.84632	-0.069509	7.1979	39.062	0	0.78005	-0.064065	6.6342	36.003	0.78005	-0.064065	6.6342	36.003	0.78005	-0.064065	6.6342	36.003	0.78005	-0.064065	6.6342	36.003	0	0.17423	0.17423	0.17423	0.17423	0.17423	0.17423	0.17423	0.17423	0.17423	0.17423	0.17423	0.17423	0.17423	0.17423	0.17423	0.17423	0.17423
10000	4.4239	0.002	0.01	1	1	1.1943	0.54516	0.3	2.5	15	0.54516	0.3	2.5	15	0.54516	0.3	2.5	15	0.54516	0.3	2.5	15	0	0.54516	0.3	2.5	15	0.54516	0.3	2.5	15	0.54516	0.3	2.5	15	0.54516	0.3	2.5	15	0	0.12996	0.12996	0.12996	0.12996	0.12996	0.12996	0.12996	0.12996	0.12996	0.12996	0.12996	0.12996	0.12996	0.12996	0.12996	0.12996	0.12996
10000	5	0.001	0.03	1	1	1	0.8	0	2.5	15	0.8	0	2.5	15	0.8	0	2.5	15	0.8	0	2.5	15	0	0.8	0	2.5	15	0.8	0	2.5	15	0.8	0	2.5	15	0.8	0	2.5	15	0	0.1	0.1	0.1	0.1	0.1	0.1	0.1	0.1	0.1	0.1	0.1	0.1	0.1	0.1	0.1	0.1	0.1
10000	3	0.001	0.022888	1	1	1.6	0.83419	0.23344	3.5	20	0.83419	0.23344	3.5	20	0.83419	0.23344	3.5	20	0.83419	0.23344	3.5	20	0	0.83419	0.23344	3.5	20	0.83419	0.23344	3.5	20	0.83419	0.23344	3.5	20	0.83419	0.23344	3.5	20	0	0.1	0.1	0.1	0.1	0.1	0.1	0.1	0.1	0.1	0.1	0.1	0.1	0.1	0.1	0.1	0.1	0.1
10000	3.4296	0.001	0.020017	1	1	1.4309	0.9753	0.30054	4.4425	20.182	0.9753	0.30054	4.4425	20.182	0.9753	0.30054	4.4425	20.182	0.9753	0.30054	4.4425	20.182	0	0.93537	0.28824	4.2606	19.356	0.93537	0.28824	4.2606	19.356	0.93537	0.28824	4.2606	19.356	0.93537	0.28824	4.2606	19.356	0	0.16639	0.16639	0.16639	0.16639	0.16639	0.16639	0.16639	0.16639	0.16639	0.16639	0.16639	0.16639	0.16639	0.16639	0.16639	0.16639	0.16639
10000	3.0099	0.010394	0.022749	1	1	1.3126	0.87455	-0.022867	3.5488	11.842	0.87455	-0.022867	3.5488	11.842	0.87455	-0.022867	3.5488	11.842	0.87455	-0.022867	3.5488	11.842	0	0.88538	-0.023151	3.5928	11.989	0.88538	-0.023151	3.5928	11.989	0.88538	-0.023151	3.5928	11.989	0.88538	-0.023151	3.5928	11.989	0	0.20122	0.20122	0.20122	0.20122	0.20122	0.20122	0.20122	0.20122	0.20122	0.20122	0.20122	0.20122	0.20122	0.20122	0.20122	0.20122	0.20122
10000	3.4232	0.0065314	0.02	1	1	1.4124	0.8	0	3.3333	10	0.8	0	3.3333	10	0.8	0	3.3333	10	0.8	0	3.3333	10	0	0.8	0	3.3333	10	0.8	0	3.3333	10	0.8	0	3.3333	10	0.8	0	3.3333	10	0	0.19098	0.19098	0.19098	0.19098	0.19098	0.19098	0.19098	0.19098	0.19098	0.19098	0.19098	0.19098	0.19098	0.19098	0.19098	0.19098	0.19098
10000	3.9746	0.0038386	0.015873	1	1	1.6669	0.98572	0.16587	4.6389	16.651	0.98572	0.16587	4.6389	16.651	0.98572	0.16587	4.6389	16.651	0.98572	0.16587	4.6389	16.651	0	1.1758	0.19785	5.5332	19.861	1.1758	0.19785	5.5332	19.861	1.1758	0.19785	5.5332	19.861	1.1758	0.19785	5.5332	19.861	0	0.19759	0.19759	0.19759	0.19759	0.19759	0.19759	0.19759	0.19759	0.19759	0.19759	0.19759	0.19759	0.19759	0.19759	0.19759	0.19759	0.19759
10000	5.5901	0.01	0.019731	1	1	1.4142	0.75684	0.3	7	15	0.75684	0.3	7	15	0.75684	0.3	7	15	0.75684	0.3	7	15	0	0.79888	0.31667	7.3889	15.833	0.79888	0.31667	7.3889	15.833	0.79888	0.31667	7.3889	15.833	0.79888	0.31667	7.3889	15.833	0	0.20628	0.20628	0.20628	0.20628	0.20628	0.20628	0.20628	0.20628	0.20628	0.20628	0.20628	0.20628	0.20628	0.20628	0.20628	0.20628	0.20628
10000	2.9823	0.0056193	0.018091	1	1	2.0286	0.9649	0.27061	4.8412	94.654	0.9649	0.27061	4.8412	94.654	0.9649	0.27061	4.8412	94.654	0.9649	0.27061	4.8412	94.654	0	0.92608	0.25972	4.6465	90.846	0.92608	0.25972	4.6465	90.846	0.92608	0.25972	4.6465	90.846	0.92608	0.25972	4.6465	90.846	0	0.21318	0.21318	0.21318	0.21318	0.21318	0.21318	0.21318	0.21318	0.21318	0.21318	0.21318	0.21318	0.21318	0.21318	0.21318	0.21318	0.21318
10000	3.375	0.007	0.015	1	1	1.4184	0.75	0.14824	5.4375	17	0.75	0.14824	5.4375	17	0.75	0.14824	5.4375	17	0.75	0.14824	5.4375	17	0	0.58594	0.11581	4.248	13.281	0.58594	0.11581	4.248	13.281	0.58594	0.11581	4.248	13.281	0.58594	0.11581	4.248	13.281	0	0.3	0.3	0.3	0.3	0.3	0.3	0.3	0.3	0.3	0.3	0.3	0.3	0.3	0.3	0.3	0.3	0.3
10000	5.7717	0.001	0.01	1	1	1	0.98347	0.3	2.6505	15	0.98347	0.3	2.6505	15	0.98347	0.3	2.6505	15	0.98347	0.3	2.6505	15	0	0.94869	0.28939	2.5567	14.469	0.94869	0.28939	2.5567	14.469	0.94869	0.28939	2.5567	14.469	0.94869	0.28939	2.5567	14.469	0	0.2	0.2	0.2	0.2	0.2	0.2	0.2	0.2	0.2	0.2	0.2	0.2	0.2	0.2	0.2	0.2	0.2
10000	3	0.005	0.02	1	1	1.4382	1	0.3	3.5	9.294	1	0.3	3.5	9.294	1	0.3	3.5	9.294	1	0.3	3.5	9.294	0	1	0.3	3.5	9.294	1	0.3	3.5	9.294	1	0.3	3.5	9.294	1	0.3	3.5	9.294	0	0.1	0.1	0.1	0.1	0.1	0.1	0.1	0.1	0.1	0.1	0.1	0.1	0.1	0.1	0.1	0.1	0.1
10000	3.0209	0.0097625	0.019722	1	1	1.3958	1.0139	0.40904	4.009	15.111	1.0139	0.40904	4.009	15.111	1.0139	0.40904	4.009	15.111	1.0139	0.40904	4.009	15.111	0	0.95932	0.38702	3.7932	14.298	0.95932	0.38702	3.7932	14.298	0.95932	0.38702	3.7932	14.298	0.95932	0.38702	3.7932	14.298	0	0.2518	0.2518	0.2518	0.2518	0.2518	0.2518	0.2518	0.2518	0.2518	0.2518	0.2518	0.2518	0.2518	0.2518	0.2518	0.2518	0.2518
10000	4.4902	0.0094885	0.02	1	1	1.2681	0.83282	0.26008	3.1013	16.111	0.83282	0.26008	3.1013	16.111	0.83282	0.26008	3.1013	16.111	0.83282	0.26008	3.1013	16.111	0	0.83282	0.26008	3.1013	16.111	0.83282	0.26008	3.1013	16.111	0.83282	0.26008	3.1013	16.111	0.83282	0.26008	3.1013	16.111	0	0.1287	0.1287	0.1287	0.1287	0.1287	0.1287	0.1287	0.1287	0.1287	0.1287	0.1287	0.1287	0.1287	0.1287	0.1287	0.1287	0.1287
10000	5.0836	0.012947	0.025757	1	1	1.2292	0.98609	0.27969	5.2647	15.665	0.98609	0.27969	5.2647	15.665	0.98609	0.27969	5.2647	15.665	0.98609	0.27969	5.2647	15.665	0	0.5296	0.15021	2.8275	8.4131	0.5296	0.15021	2.8275	8.4131	0.5296	0.15021	2.8275	8.4131	0.5296	0.15021	2.8275	8.4131	0	0.10495	0.10495	0.10495	0.10495	0.10495	0.10495	0.10495	0.10495	0.10495	0.10495	0.10495	0.10495	0.10495	0.10495	0.10495	0.10495	0.10495
10000	4.8041	0.01	0.01	1	1	1.4737	1.1111	0.51418	3.7319	15	1.1111	0.51418	3.7319	15	1.1111	0.51418	3.7319	15	1.1111	0.51418	3.7319	15	0	0.55556	0.25709	1.8659	7.5	0.55556	0.25709	1.8659	7.5	0.55556	0.25709	1.8659	7.5	0.55556	0.25709	1.8659	7.5	0	0.1	0.1	0.1	0.1	0.1	0.1	0.1	0.1	0.1	0.1	0.1	0.1	0.1	0.1	0.1	0.1	0.1
10000	3.3504	0.0097387	0.019998	1	1	1.8998	1.0001	0.50009	4.9998	15.001	1.0001	0.50009	4.9998	15.001	1.0001	0.50009	4.9998	15.001	1.0001	0.50009	4.9998	15.001	0	1.0001	0.5001	4.9999	15.001	1.0001	0.5001	4.9999	15.001	1.0001	0.5001	4.9999	15.001	1.0001	0.5001	4.9999	15.001	0	0.19996	0.19996	0.19996	0.19996	0.19996	0.19996	0.19996	0.19996	0.19996	0.19996	0.19996	0.19996	0.19996	0.19996	0.19996	0.19996	0.19996
10000	7.4735	0.011667	0.021143	1	1	1.7727	0.8	0.35902	5.1852	12.819	0.8	0.35902	5.1852	12.819	0.8	0.35902	5.1852	12.819	0.8	0.35902	5.1852	12.819	0	0.78347	0.35161	5.078	12.554	0.78347	0.35161	5.078	12.554	0.78347	0.35161	5.078	12.554	0.78347	0.35161	5.078	12.554	0	0.2	0.2	0.2	0.2	0.2	0.2	0.2	0.2	0.2	0.2	0.2	0.2	0.2	0.2	0.2	0.2	0.2
10000	5.0835	0.0099753	0.019944	1	1	1.7733	0.80252	0.30182	4.9951	14.978	0.80252	0.30182	4.9951	14.978	0.80252	0.30182	4.9951	14.978	0.80252	0.30182	4.9951	14.978	0	0.7176	0.26988	4.4666	13.393	0.7176	0.26988	4.4666	13.393	0.7176	0.26988	4.4666	13.393	0.7176	0.26988	4.4666	13.393	0	0.09944	0.09944	0.09944	0.09944	0.09944	0.09944	0.09944	0.09944	0.09944	0.09944	0.09944	0.09944	0.09944	0.09944	0.09944	0.09944	0.09944
10000	5	0.0099999	0.02	1	1	1.6	0.87553	0.3	3.3333	15	0.87553	0.3	3.3333	15	0.87553	0.3	3.3333	15	0.87553	0.3	3.3333	15	0	0.87553	0.3	3.3333	15	0.87553	0.3	3.3333	15	0.87553	0.3	3.3333	15	0.87553	0.3	3.3333	15	0	0.1	0.1	0.1	0.1	0.1	0.1	0.1	0.1	0.1	0.1	0.1	0.1	0.1	0.1	0.1	0.1	0.1
10000	6.3002	0.0085351	0.027395	1	1	1.4072	1	-0.91244	5	15	1	-0.91244	5	15	1	-0.91244	5	15	1	-0.91244	5	15	0	0.95833	-0.87442	4.7917	14.375	0.95833	-0.87442	4.7917	14.375	0.95833	-0.87442	4.7917	14.375	0.95833	-0.87442	4.7917	14.375	0	0.24558	0.24558	0.24558	0.24558	0.24558	0.24558	0.24558	0.24558	0.24558	0.24558	0.24558	0.24558	0.24558	0.24558	0.24558	0.24558	0.24558
10000	5.0121	0.0060334	0.020096	1	1	1.5957	0.87154	0.29687	5.0084	15.039	0.87154	0.29687	5.0084	15.039	0.87154	0.29687	5.0084	15.039	0.87154	0.29687	5.0084	15.039	0	0.94267	0.3211	5.4172	16.266	0.94267	0.3211	5.4172	16.266	0.94267	0.3211	5.4172	16.266	0.94267	0.3211	5.4172	16.266	0	0.19003	0.19003	0.19003	0.19003	0.19003	0.19003	0.19003	0.19003	0.19003	0.19003	0.19003	0.19003	0.19003	0.19003	0.19003	0.19003	0.19003
10000	3.5657	0.0072383	0.01	1	1	1.6	1	0.3	2.5	15	1	0.3	2.5	15	1	0.3	2.5	15	1	0.3	2.5	15	0	0.99999	0.3	2.5	15	0.99999	0.3	2.5	15	0.99999	0.3	2.5	15	0.99999	0.3	2.5	15	0	0.16997	0.16997	0.16997	0.16997	0.16997	0.16997	0.16997	0.16997	0.16997	0.16997	0.16997	0.16997	0.16997	0.16997	0.16997	0.16997	0.16997
10000	7.0698	0.0048565	0.01	1	1	2.0218	1.0795	0.28585	3.47	20.228	1.0795	0.28585	3.47	20.228	1.0795	0.28585	3.47	20.228	1.0795	0.28585	3.47	20.228	0	1.1001	0.2913	3.5361	20.614	1.1001	0.2913	3.5361	20.614	1.1001	0.2913	3.5361	20.614	1.1001	0.2913	3.5361	20.614	0	0.19572	0.19572	0.19572	0.19572	0.19572	0.19572	0.19572	0.19572	0.19572	0.19572	0.19572	0.19572	0.19572	0.19572	0.19572	0.19572	0.19572
10000	7	0.005	0.01	1	1	0.8	1.5	0.6	3.5	10	1.5	0.6	3.5	10	1.5	0.6	3.5	10	1.5	0.6	3.5	10	0	2.9568	1.1827	6.8991	19.712	2.9568	1.1827	6.8991	19.712	2.9568	1.1827	6.8991	19.712	2.9568	1.1827	6.8991	19.712	0	0.2	0.2	0.2	0.2	0.2	0.2	0.2	0.2	0.2	0.2	0.2	0.2	0.2	0.2	0.2	0.2	0.2
10000	7.2481	0.010376	0.01	1	1	0.96126	1.2373	0.28696	2.4605	6.284	1.2373	0.28696	2.4605	6.284	1.2373	0.28696	2.4605	6.284	1.2373	0.28696	2.4605	6.284	0	2.1421	0.49679	4.2597	10.879	2.1421	0.49679	4.2597	10.879	2.1421	0.49679	4.2597	10.879	2.1421	0.49679	4.2597	10.879	0	0.10176	0.10176	0.10176	0.10176	0.10176	0.10176	0.10176	0.10176	0.10176	0.10176	0.10176	0.10176	0.10176	0.10176	0.10176	0.10176	0.10176
10000	7.5473	0.0094451	0.01	1	1	0.94074	1.3045	0.40164	2.7445	16.251	1.3045	0.40164	2.7445	16.251	1.3045	0.40164	2.7445	16.251	1.3045	0.40164	2.7445	16.251	0	1.483	0.4566	3.1201	18.475	1.483	0.4566	3.1201	18.475	1.483	0.4566	3.1201	18.475	1.483	0.4566	3.1201	18.475	0	0.13127	0.13127	0.13127	0.13127	0.13127	0.13127	0.13127	0.13127	0.13127	0.13127	0.13127	0.13127	0.13127	0.13127	0.13127	0.13127	0.13127
10000	7	0.0099999	0.02	1	1	0.57998	1.4787	0.6	3.3333	15	1.4787	0.6	3.3333	15	1.4787	0.6	3.3333	15	1.4787	0.6	3.3333	15	0	1.6133	0.65463	3.6368	16.366	1.6133	0.65463	3.6368	16.366	1.6133	0.65463	3.6368	16.366	1.6133	0.65463	3.6368	16.366	0	0.10556	0.10556	0.10556	0.10556	0.10556	0.10556	0.10556	0.10556	0.10556	0.10556	0.10556	0.10556	0.10556	0.10556	0.10556	0.10556	0.10556
10000	8.806	0.01004	0.01	1	1	0.80105	0.93164	0.30111	2.503	15.006	0.93164	0.30111	2.503	15.006	0.93164	0.30111	2.503	15.006	0.93164	0.30111	2.503	15.006	0	2.4108	0.77917	6.477	38.831	2.4108	0.77917	6.477	38.831	2.4108	0.77917	6.477	38.831	2.4108	0.77917	6.477	38.831	0	0	0	0	0	0	0	0	0	0	0	0	0	0	0	0	0	0
10000	9.6121	0.001	0.030002	1	1	0.80004	0.99995	-2.7526e-05	2.4999	23.334	0.99995	-2.7526e-05	2.4999	23.334	0.99995	-2.7526e-05	2.4999	23.334	0.99995	-2.7526e-05	2.4999	23.334	0	2.0339	-5.599e-05	5.0849	47.462	2.0339	-5.599e-05	5.0849	47.462	2.0339	-5.599e-05	5.0849	47.462	2.0339	-5.599e-05	5.0849	47.462	0	0.096752	0.096752	0.096752	0.096752	0.096752	0.096752	0.096752	0.096752	0.096752	0.096752	0.096752	0.096752	0.096752	0.096752	0.096752	0.096752	0.096752
10000	8.1664	0.0014699	0.01	1	1	0.90004	1.5	-2.0185e-06	3.5	16.567	1.5	-2.0185e-06	3.5	16.567	1.5	-2.0185e-06	3.5	16.567	1.5	-2.0185e-06	3.5	16.567	0	1.9745	-2.6571e-06	4.6073	21.809	1.9745	-2.6571e-06	4.6073	21.809	1.9745	-2.6571e-06	4.6073	21.809	1.9745	-2.6571e-06	4.6073	21.809	0	0.0093786	0.0093786	0.0093786	0.0093786	0.0093786	0.0093786	0.0093786	0.0093786	0.0093786	0.0093786	0.0093786	0.0093786	0.0093786	0.0093786	0.0093786	0.0093786	0.0093786
10000	8.2713	0.001	0.017338	1	1	0.97407	1.5071	0.31011	2.5662	29.322	1.5071	0.31011	2.5662	29.322	1.5071	0.31011	2.5662	29.322	1.5071	0.31011	2.5662	29.322	0	2.9324	0.60338	4.9931	57.052	2.9324	0.60338	4.9931	57.052	2.9324	0.60338	4.9931	57.052	2.9324	0.60338	4.9931	57.052	0	0.18122	0.18122	0.18122	0.18122	0.18122	0.18122	0.18122	0.18122	0.18122	0.18122	0.18122	0.18122	0.18122	0.18122	0.18122	0.18122	0.18122
10000	5.8572	0.002695	0.023014	1	1	0.8	1.9866	0.3	4.6667	15	1.9866	0.3	4.6667	15	1.9866	0.3	4.6667	15	1.9866	0.3	4.6667	15	0	2.8302	0.42739	6.6482	21.369	2.8302	0.42739	6.6482	21.369	2.8302	0.42739	6.6482	21.369	2.8302	0.42739	6.6482	21.369	0	0.15238	0.15238	0.15238	0.15238	0.15238	0.15238	0.15238	0.15238	0.15238	0.15238	0.15238	0.15238	0.15238	0.15238	0.15238	0.15238	0.15238
10000	10	0.001	0.01943	1	1	0.99988	1.3867	0.46152	2.5	15.001	1.3867	0.46152	2.5	15.001	1.3867	0.46152	2.5	15.001	1.3867	0.46152	2.5	15.001	0	1.969	0.6553	3.5497	21.3	1.969	0.6553	3.5497	21.3	1.969	0.6553	3.5497	21.3	1.969	0.6553	3.5497	21.3	0	0.035663	0.035663	0.035663	0.035663	0.035663	0.035663	0.035663	0.035663	0.035663	0.035663	0.035663	0.035663	0.035663	0.035663	0.035663	0.035663	0.035663
10000	8.3866	0.0035321	0.017707	1	1	0.4	1.5486	0.3	2.7778	20	1.5486	0.3	2.7778	20	1.5486	0.3	2.7778	20	1.5486	0.3	2.7778	20	0	3.3382	0.64669	5.9879	43.113	3.3382	0.64669	5.9879	43.113	3.3382	0.64669	5.9879	43.113	3.3382	0.64669	5.9879	43.113	0	0.083333	0.083333	0.083333	0.083333	0.083333	0.083333	0.083333	0.083333	0.083333	0.083333	0.083333	0.083333	0.083333	0.083333	0.083333	0.083333	0.083333
10000	10	0.001	0.023181	1	1	0.8	1.25	0.5	2.5	15	1.25	0.5	2.5	15	1.25	0.5	2.5	15	1.25	0.5	2.5	15	0	2.3056	0.9222	4.611	27.666	2.3056	0.9222	4.611	27.666	2.3056	0.9222	4.611	27.666	2.3056	0.9222	4.611	27.666	0	0.1	0.1	0.1	0.1	0.1	0.1	0.1	0.1	0.1	0.1	0.1	0.1	0.1	0.1	0.1	0.1	0.1
10000	9.9999	0.0040323	0.01	1	1	0.8	1.097	0.35624	2.5	20	1.097	0.35624	2.5	20	1.097	0.35624	2.5	20	1.097	0.35624	2.5	20	0	2.7031	0.87782	6.1603	49.282	2.7031	0.87782	6.1603	49.282	2.7031	0.87782	6.1603	49.282	2.7031	0.87782	6.1603	49.282	0	0.1	0.1	0.1	0.1	0.1	0.1	0.1	0.1	0.1	0.1	0.1	0.1	0.1	0.1	0.1	0.1	0.1
10000	10	0.008481	0.011953	1	1	1.1611	1.558	0.32209	3.2279	16.667	1.558	0.32209	3.2279	16.667	1.558	0.32209	3.2279	16.667	1.558	0.32209	3.2279	16.667	0	2.8702	0.59336	5.9465	30.704	2.8702	0.59336	5.9465	30.704	2.8702	0.59336	5.9465	30.704	2.8702	0.59336	5.9465	30.704	0	0.14447	0.14447	0.14447	0.14447	0.14447	0.14447	0.14447	0.14447	0.14447	0.14447	0.14447	0.14447	0.14447	0.14447	0.14447	0.14447	0.14447
10000	8.7466	0.0064635	0.020236	1	1	0.51623	1.0495	0.29337	2.519	15.087	1.0495	0.29337	2.519	15.087	1.0495	0.29337	2.519	15.087	1.0495	0.29337	2.519	15.087	0	2.4309	0.67954	5.8347	34.946	2.4309	0.67954	5.8347	34.946	2.4309	0.67954	5.8347	34.946	2.4309	0.67954	5.8347	34.946	0	0.084932	0.084932	0.084932	0.084932	0.084932	0.084932	0.084932	0.084932	0.084932	0.084932	0.084932	0.084932	0.084932	0.084932	0.084932	0.084932	0.084932
10000	9.5795	0.001	0.01	1	1	0.36683	1.5636	0.35896	2.5829	12.402	1.5636	0.35896	2.5829	12.402	1.5636	0.35896	2.5829	12.402	1.5636	0.35896	2.5829	12.402	0	1.6284	0.37383	2.6899	12.915	1.6284	0.37383	2.6899	12.915	1.6284	0.37383	2.6899	12.915	1.6284	0.37383	2.6899	12.915	0	0.025821	0.025821	0.025821	0.025821	0.025821	0.025821	0.025821	0.025821	0.025821	0.025821	0.025821	0.025821	0.025821	0.025821	0.025821	0.025821	0.025821
10000	9.2391	0.001	0.01	1	1	0.4291	1.1313	-0.024897	2.5008	6.9852	1.1313	-0.024897	2.5008	6.9852	1.1313	-0.024897	2.5008	6.9852	1.1313	-0.024897	2.5008	6.9852	0	1.7726	-0.039009	3.9183	10.945	1.7726	-0.039009	3.9183	10.945	1.7726	-0.039009	3.9183	10.945	1.7726	-0.039009	3.9183	10.945	0	0.13316	0.13316	0.13316	0.13316	0.13316	0.13316	0.13316	0.13316	0.13316	0.13316	0.13316	0.13316	0.13316	0.13316	0.13316	0.13316	0.13316
10000	7.3664	0.001	0.01	1	1	0.71224	1.6545	0.00087974	2.5031	6.6927	1.6545	0.00087974	2.5031	6.6927	1.6545	0.00087974	2.5031	6.6927	1.6545	0.00087974	2.5031	6.6927	0	1.6519	0.00087838	2.4992	6.6824	1.6519	0.00087838	2.4992	6.6824	1.6519	0.00087838	2.4992	6.6824	1.6519	0.00087838	2.4992	6.6824	0	0.099648	0.099648	0.099648	0.099648	0.099648	0.099648	0.099648	0.099648	0.099648	0.099648	0.099648	0.099648	0.099648	0.099648	0.099648	0.099648	0.099648
10000	10	0.0014528	0.022468	1	1	0.575	1.6413	0.85417	3.5275	17.375	1.6413	0.85417	3.5275	17.375	1.6413	0.85417	3.5275	17.375	1.6413	0.85417	3.5275	17.375	0	1.3441	0.69947	2.8887	14.228	1.3441	0.69947	2.8887	14.228	1.3441	0.69947	2.8887	14.228	1.3441	0.69947	2.8887	14.228	0	0.046171	0.046171	0.046171	0.046171	0.046171	0.046171	0.046171	0.046171	0.046171	0.046171	0.046171	0.046171	0.046171	0.046171	0.046171	0.046171	0.046171
10000	9.581	0.001	0.01	1	1	0.36154	1.1565	0.3	2.5	15	1.1565	0.3	2.5	15	1.1565	0.3	2.5	15	1.1565	0.3	2.5	15	0	1.6569	0.42981	3.5817	21.49	1.6569	0.42981	3.5817	21.49	1.6569	0.42981	3.5817	21.49	1.6569	0.42981	3.5817	21.49	0	0.11532	0.11532	0.11532	0.11532	0.11532	0.11532	0.11532	0.11532	0.11532	0.11532	0.11532	0.11532	0.11532	0.11532	0.11532	0.11532	0.11532
10000	10	0.001	0.017488	1	1	0.97534	1.1298	0.3	2.5	15	1.1298	0.3	2.5	15	1.1298	0.3	2.5	15	1.1298	0.3	2.5	15	0	1.1298	0.3	2.5	15	1.1298	0.3	2.5	15	1.1298	0.3	2.5	15	1.1298	0.3	2.5	15	0	0.1	0.1	0.1	0.1	0.1	0.1	0.1	0.1	0.1	0.1	0.1	0.1	0.1	0.1	0.1	0.1	0.1
10000	7.7689	0.0087955	0.021709	1	1	0.72311	1.0854	0.33742	2.6495	20.897	1.0854	0.33742	2.6495	20.897	1.0854	0.33742	2.6495	20.897	1.0854	0.33742	2.6495	20.897	0	1.7499	0.54396	4.2714	33.689	1.7499	0.54396	4.2714	33.689	1.7499	0.54396	4.2714	33.689	1.7499	0.54396	4.2714	33.689	0	0.01528	0.01528	0.01528	0.01528	0.01528	0.01528	0.01528	0.01528	0.01528	0.01528	0.01528	0.01528	0.01528	0.01528	0.01528	0.01528	0.01528
10000	10	0.0038847	0.020385	1	1	0.8	1	0.4	2.5	15	1	0.4	2.5	15	1	0.4	2.5	15	1	0.4	2.5	15	0	1.3629	0.54518	3.4074	20.444	1.3629	0.54518	3.4074	20.444	1.3629	0.54518	3.4074	20.444	1.3629	0.54518	3.4074	20.444	0	0	0	0	0	0	0	0	0	0	0	0	0	0	0	0	0	0
10000	8.9516	0.0099517	0.030107	1	1	0.79758	0.99731	0.49948	2.5047	14.979	0.99731	0.49948	2.5047	14.979	0.99731	0.49948	2.5047	14.979	0.99731	0.49948	2.5047	14.979	0	1.3915	0.69689	3.4946	20.899	1.3915	0.69689	3.4946	20.899	1.3915	0.69689	3.4946	20.899	1.3915	0.69689	3.4946	20.899	0	0.10054	0.10054	0.10054	0.10054	0.10054	0.10054	0.10054	0.10054	0.10054	0.10054	0.10054	0.10054	0.10054	0.10054	0.10054	0.10054	0.10054
10000	9.6371	0.001	0.024253	1	1	1.0148	1.4958	0.31323	2.5982	9.8379	1.4958	0.31323	2.5982	9.8379	1.4958	0.31323	2.5982	9.8379	1.4958	0.31323	2.5982	9.8379	0	1.6658	0.34882	2.8934	10.955	1.6658	0.34882	2.8934	10.955	1.6658	0.34882	2.8934	10.955	1.6658	0.34882	2.8934	10.955	0	0.051454	0.051454	0.051454	0.051454	0.051454	0.051454	0.051454	0.051454	0.051454	0.051454	0.051454	0.051454	0.051454	0.051454	0.051454	0.051454	0.051454
10000	8	0.001	0.01	1	1	1.0734	1	1.0377	2.8519	8.9336	1	1.0377	2.8519	8.9336	1	1.0377	2.8519	8.9336	1	1.0377	2.8519	8.9336	0	1	1.0377	2.8519	8.9336	1	1.0377	2.8519	8.9336	1	1.0377	2.8519	8.9336	1	1.0377	2.8519	8.9336	0	0.1	0.1	0.1	0.1	0.1	0.1	0.1	0.1	0.1	0.1	0.1	0.1	0.1	0.1	0.1	0.1	0.1
10000	7.0392	0.001	0.019444	1	1	1.0705	1.5693	1.3319	5.2228	9.9025	1.5693	1.3319	5.2228	9.9025	1.5693	1.3319	5.2228	9.9025	1.5693	1.3319	5.2228	9.9025	0	1.3428	1.1397	4.4691	8.4734	1.3428	1.1397	4.4691	8.4734	1.3428	1.1397	4.4691	8.4734	1.3428	1.1397	4.4691	8.4734	0	0.099691	0.099691	0.099691	0.099691	0.099691	0.099691	0.099691	0.099691	0.099691	0.099691	0.099691	0.099691	0.099691	0.099691	0.099691	0.099691	0.099691
10000	7.2507	0.001	0.02	1	1	1.0667	0.91357	0.3	2.5	20	0.91357	0.3	2.5	20	0.91357	0.3	2.5	20	0.91357	0.3	2.5	20	0	0.91358	0.3	2.5	20	0.91358	0.3	2.5	20	0.91358	0.3	2.5	20	0.91358	0.3	2.5	20	0	0.1	0.1	0.1	0.1	0.1	0.1	0.1	0.1	0.1	0.1	0.1	0.1	0.1	0.1	0.1	0.1	0.1
10000	9.9999	0.001	0.02	1	1	0.91062	1	0.18997	2.5	15	1	0.18997	2.5	15	1	0.18997	2.5	15	1	0.18997	2.5	15	0	1.2761	0.24241	3.1902	19.141	1.2761	0.24241	3.1902	19.141	1.2761	0.24241	3.1902	19.141	1.2761	0.24241	3.1902	19.141	0	0.1	0.1	0.1	0.1	0.1	0.1	0.1	0.1	0.1	0.1	0.1	0.1	0.1	0.1	0.1	0.1	0.1
10000	10	0.001	0.02061	1	1	0.8	0.88462	0.3	2.5928	40	0.88462	0.3	2.5928	40	0.88462	0.3	2.5928	40	0.88462	0.3	2.5928	40	0	1.1957	0.40551	3.5047	54.068	1.1957	0.40551	3.5047	54.068	1.1957	0.40551	3.5047	54.068	1.1957	0.40551	3.5047	54.068	0	0.13225	0.13225	0.13225	0.13225	0.13225	0.13225	0.13225	0.13225	0.13225	0.13225	0.13225	0.13225	0.13225	0.13225	0.13225	0.13225	0.13225
10000	7.2737	0.001	0.0125	1	1	0.944	1.1654	0.3	3.6232	17.037	1.1654	0.3	3.6232	17.037	1.1654	0.3	3.6232	17.037	1.1654	0.3	3.6232	17.037	0	1.2587	0.32401	3.9132	18.401	1.2587	0.32401	3.9132	18.401	1.2587	0.32401	3.9132	18.401	1.2587	0.32401	3.9132	18.401	0	0.095009	0.095009	0.095009	0.095009	0.095009	0.095009	0.095009	0.095009	0.095009	0.095009	0.095009	0.095009	0.095009	0.095009	0.095009	0.095009	0.095009
10000	8.3288	0.001	0.02	1	1	1	1	0.4	2.6056	67.5	1	0.4	2.6056	67.5	1	0.4	2.6056	67.5	1	0.4	2.6056	67.5	0	2	0.8	5.2111	135	2	0.8	5.2111	135	2	0.8	5.2111	135	2	0.8	5.2111	135	0	0.1	0.1	0.1	0.1	0.1	0.1	0.1	0.1	0.1	0.1	0.1	0.1	0.1	0.1	0.1	0.1	0.1
10000	7.5573	0.001	0.02	1	1	0.8	1	0.3	2.5	15	1	0.3	2.5	15	1	0.3	2.5	15	1	0.3	2.5	15	0	1	0.3	2.5	15	1	0.3	2.5	15	1	0.3	2.5	15	1	0.3	2.5	15	0	0	0	0	0	0	0	0	0	0	0	0	0	0	0	0	0	0
10000	7	0.001	0.022525	1	1	1.0667	1.0752	0.38036	3.3334	15	1.0752	0.38036	3.3334	15	1.0752	0.38036	3.3334	15	1.0752	0.38036	3.3334	15	0	1.0752	0.38036	3.3334	15	1.0752	0.38036	3.3334	15	1.0752	0.38036	3.3334	15	1.0752	0.38036	3.3334	15	0	0.1	0.1	0.1	0.1	0.1	0.1	0.1	0.1	0.1	0.1	0.1	0.1	0.1	0.1	0.1	0.1	0.1
10000	6.2361	0.001	0.01	1	1	1.0959	1.1156	0.3	3.2166	15	1.1156	0.3	3.2166	15	1.1156	0.3	3.2166	15	1.1156	0.3	3.2166	15	0	1.1156	0.3	3.2166	15	1.1156	0.3	3.2166	15	1.1156	0.3	3.2166	15	1.1156	0.3	3.2166	15	0	0.092979	0.092979	0.092979	0.092979	0.092979	0.092979	0.092979	0.092979	0.092979	0.092979	0.092979	0.092979	0.092979	0.092979	0.092979	0.092979	0.092979
10000	10	0.001	0.014777	1	1	0.61187	0.79411	0.55735	3.3385	15.889	0.79411	0.55735	3.3385	15.889	0.79411	0.55735	3.3385	15.889	0.79411	0.55735	3.3385	15.889	0	0.8224	0.5772	3.4574	16.455	0.8224	0.5772	3.4574	16.455	0.8224	0.5772	3.4574	16.455	0.8224	0.5772	3.4574	16.455	0	0.1103	0.1103	0.1103	0.1103	0.1103	0.1103	0.1103	0.1103	0.1103	0.1103	0.1103	0.1103	0.1103	0.1103	0.1103	0.1103	0.1103
10000	6.8335	0.001	0.01	1	1	0.80005	0.99994	0.30004	3.2466	12.562	0.99994	0.30004	3.2466	12.562	0.99994	0.30004	3.2466	12.562	0.99994	0.30004	3.2466	12.562	0	0.97581	0.2928	3.1683	12.259	0.97581	0.2928	3.1683	12.259	0.97581	0.2928	3.1683	12.259	0.97581	0.2928	3.1683	12.259	0	0.09499	0.09499	0.09499	0.09499	0.09499	0.09499	0.09499	0.09499	0.09499	0.09499	0.09499	0.09499	0.09499	0.09499	0.09499	0.09499	0.09499
10000	6.9999	0.0035102	0.03	1	1	1	0.78823	0.5	3.5	9.9999	0.78823	0.5	3.5	9.9999	0.78823	0.5	3.5	9.9999	0.78823	0.5	3.5	9.9999	0	0.38317	0.24306	1.7014	4.8611	0.38317	0.24306	1.7014	4.8611	0.38317	0.24306	1.7014	4.8611	0.38317	0.24306	1.7014	4.8611	0	0	0	0	0	0	0	0	0	0	0	0	0	0	0	0	0	0
10000	8.5	0.0014444	0.01	1	1	0.8	0.8	0.3	2.6072	28.834	0.8	0.3	2.6072	28.834	0.8	0.3	2.6072	28.834	0.8	0.3	2.6072	28.834	0	0.8	0.3	2.6072	28.834	0.8	0.3	2.6072	28.834	0.8	0.3	2.6072	28.834	0.8	0.3	2.6072	28.834	0	0.1	0.1	0.1	0.1	0.1	0.1	0.1	0.1	0.1	0.1	0.1	0.1	0.1	0.1	0.1	0.1	0.1
10000	6.4563	0.001	0.012024	1	1	1.1266	1.0951	0.61857	3.732	15.071	1.0951	0.61857	3.732	15.071	1.0951	0.61857	3.732	15.071	1.0951	0.61857	3.732	15.071	0	1.0802	0.61016	3.6813	14.866	1.0802	0.61016	3.6813	14.866	1.0802	0.61016	3.6813	14.866	1.0802	0.61016	3.6813	14.866	0	0.07316	0.07316	0.07316	0.07316	0.07316	0.07316	0.07316	0.07316	0.07316	0.07316	0.07316	0.07316	0.07316	0.07316	0.07316	0.07316	0.07316
10000	5.0083	0.001	0.021577	1	1	0.73145	0.99666	0.50638	3.4983	20.035	0.99666	0.50638	3.4983	20.035	0.99666	0.50638	3.4983	20.035	0.99666	0.50638	3.4983	20.035	0	0.49845	0.25325	1.7496	10.02	0.49845	0.25325	1.7496	10.02	0.49845	0.25325	1.7496	10.02	0.49845	0.25325	1.7496	10.02	0	0.047743	0.047743	0.047743	0.047743	0.047743	0.047743	0.047743	0.047743	0.047743	0.047743	0.047743	0.047743	0.047743	0.047743	0.047743	0.047743	0.047743
10000	10	0.001	0.02	1	1	0.8	0.92178	0.3	2.5	15	0.92178	0.3	2.5	15	0.92178	0.3	2.5	15	0.92178	0.3	2.5	15	0	0.9485	0.3087	2.5725	15.435	0.9485	0.3087	2.5725	15.435	0.9485	0.3087	2.5725	15.435	0.9485	0.3087	2.5725	15.435	0	0.1	0.1	0.1	0.1	0.1	0.1	0.1	0.1	0.1	0.1	0.1	0.1	0.1	0.1	0.1	0.1	0.1
10000	9.1376	0.001	0.02	1	1	1	0.88889	0.3	2.5	15	0.88889	0.3	2.5	15	0.88889	0.3	2.5	15	0.88889	0.3	2.5	15	0	0.88889	0.3	2.5	15	0.88889	0.3	2.5	15	0.88889	0.3	2.5	15	0.88889	0.3	2.5	15	0	0.10624	0.10624	0.10624	0.10624	0.10624	0.10624	0.10624	0.10624	0.10624	0.10624	0.10624	0.10624	0.10624	0.10624	0.10624	0.10624	0.10624
10000	6.8751	0.001	0.01	1	1	0.80211	0.86189	0.43446	2.6302	15.037	0.86189	0.43446	2.6302	15.037	0.86189	0.43446	2.6302	15.037	0.86189	0.43446	2.6302	15.037	0	0.82269	0.41471	2.5106	14.353	0.82269	0.41471	2.5106	14.353	0.82269	0.41471	2.5106	14.353	0.82269	0.41471	2.5106	14.353	0	0.10036	0.10036	0.10036	0.10036	0.10036	0.10036	0.10036	0.10036	0.10036	0.10036	0.10036	0.10036	0.10036	0.10036	0.10036	0.10036	0.10036
10000	7.3498	0.001	0.01	1	1	0.79267	0.8	0.5	2.9444	34.055	0.8	0.5	2.9444	34.055	0.8	0.5	2.9444	34.055	0.8	0.5	2.9444	34.055	0	0.80001	0.5	2.9445	34.056	0.80001	0.5	2.9445	34.056	0.80001	0.5	2.9445	34.056	0.80001	0.5	2.9445	34.056	0	0.077778	0.077778	0.077778	0.077778	0.077778	0.077778	0.077778	0.077778	0.077778	0.077778	0.077778	0.077778	0.077778	0.077778	0.077778	0.077778	0.077778
10000	6.9305	0.0010115	0.01	1	1	0.35171	1.4981	0.51601	3.3783	11.015	1.4981	0.51601	3.3783	11.015	1.4981	0.51601	3.3783	11.015	1.4981	0.51601	3.3783	11.015	0	1.3516	0.46554	3.0479	9.9377	1.3516	0.46554	3.0479	9.9377	1.3516	0.46554	3.0479	9.9377	1.3516	0.46554	3.0479	9.9377	0	0.15707	0.15707	0.15707	0.15707	0.15707	0.15707	0.15707	0.15707	0.15707	0.15707	0.15707	0.15707	0.15707	0.15707	0.15707	0.15707	0.15707
10000	9.5245	0.004	0.01	1	1	0.69828	1	0.41357	2.8048	15	1	0.41357	2.8048	15	1	0.41357	2.8048	15	1	0.41357	2.8048	15	0	1.9078	0.78901	5.3509	28.617	1.9078	0.78901	5.3509	28.617	1.9078	0.78901	5.3509	28.617	1.9078	0.78901	5.3509	28.617	0	0.14246	0.14246	0.14246	0.14246	0.14246	0.14246	0.14246	0.14246	0.14246	0.14246	0.14246	0.14246	0.14246	0.14246	0.14246	0.14246	0.14246
10000	10	0.0082392	0.022887	1	1	0.64571	1.1086	0.41919	4.0087	15.41	1.1086	0.41919	4.0087	15.41	1.1086	0.41919	4.0087	15.41	1.1086	0.41919	4.0087	15.41	0	1.1891	0.44965	4.2999	16.53	1.1891	0.44965	4.2999	16.53	1.1891	0.44965	4.2999	16.53	1.1891	0.44965	4.2999	16.53	0	0.083333	0.083333	0.083333	0.083333	0.083333	0.083333	0.083333	0.083333	0.083333	0.083333	0.083333	0.083333	0.083333	0.083333	0.083333	0.083333	0.083333
10000	7.613	0.001	0.022982	1	1	0.80643	0.90095	0.23549	3.7067	14.206	0.90095	0.23549	3.7067	14.206	0.90095	0.23549	3.7067	14.206	0.90095	0.23549	3.7067	14.206	0	1.2412	0.32441	5.1065	19.57	1.2412	0.32441	5.1065	19.57	1.2412	0.32441	5.1065	19.57	1.2412	0.32441	5.1065	19.57	0	0.061815	0.061815	0.061815	0.061815	0.061815	0.061815	0.061815	0.061815	0.061815	0.061815	0.061815	0.061815	0.061815	0.061815	0.061815	0.061815	0.061815
10000	10	0.001	0.018462	1	1	0.4	0.86175	0.3	3.5	10	0.86175	0.3	3.5	10	0.86175	0.3	3.5	10	0.86175	0.3	3.5	10	0	0.75403	0.2625	3.0625	8.75	0.75403	0.2625	3.0625	8.75	0.75403	0.2625	3.0625	8.75	0.75403	0.2625	3.0625	8.75	0	0.1	0.1	0.1	0.1	0.1	0.1	0.1	0.1	0.1	0.1	0.1	0.1	0.1	0.1	0.1	0.1	0.1
10000	6.3257	0.014213	0.015505	1	1	0.42222	0.7847	0.48368	4.065	15.254	0.7847	0.48368	4.065	15.254	0.7847	0.48368	4.065	15.254	0.7847	0.48368	4.065	15.254	0	0.64281	0.39622	3.3299	12.496	0.64281	0.39622	3.3299	12.496	0.64281	0.39622	3.3299	12.496	0.64281	0.39622	3.3299	12.496	0	0.27616	0.27616	0.27616	0.27616	0.27616	0.27616	0.27616	0.27616	0.27616	0.27616	0.27616	0.27616	0.27616	0.27616	0.27616	0.27616	0.27616
10000	5.25	0.0016358	0.01	1	1	0.35	1.4833	0.725	3.3457	18.866	1.4833	0.725	3.3457	18.866	1.4833	0.725	3.3457	18.866	1.4833	0.725	3.3457	18.866	0	0.37082	0.18125	0.83643	4.7165	0.37082	0.18125	0.83643	4.7165	0.37082	0.18125	0.83643	4.7165	0.37082	0.18125	0.83643	4.7165	0	0.39451	0.39451	0.39451	0.39451	0.39451	0.39451	0.39451	0.39451	0.39451	0.39451	0.39451	0.39451	0.39451	0.39451	0.39451	0.39451	0.39451
10000	4	0.01	0.02	1	1	0.4	1	0.5	3.5	15	1	0.5	3.5	15	1	0.5	3.5	15	1	0.5	3.5	15	0	0.78238	0.39119	2.7383	11.736	0.78238	0.39119	2.7383	11.736	0.78238	0.39119	2.7383	11.736	0.78238	0.39119	2.7383	11.736	0	0.3	0.3	0.3	0.3	0.3	0.3	0.3	0.3	0.3	0.3	0.3	0.3	0.3	0.3	0.3	0.3	0.3
10000	7.4877	0.053559	0.01	1	1	0.64355	0.82616	0.41299	2.8042	16.391	0.82616	0.41299	2.8042	16.391	0.82616	0.41299	2.8042	16.391	0.82616	0.41299	2.8042	16.391	0	0.95183	0.47581	3.2308	18.884	0.95183	0.47581	3.2308	18.884	0.95183	0.47581	3.2308	18.884	0.95183	0.47581	3.2308	18.884	0	0.26953	0.26953	0.26953	0.26953	0.26953	0.26953	0.26953	0.26953	0.26953	0.26953	0.26953	0.26953	0.26953	0.26953	0.26953	0.26953	0.26953
10000	5	0.02	0.03	1	1	0.24975	1	0.6	3.5	15	1	0.6	3.5	15	1	0.6	3.5	15	1	0.6	3.5	15	0	1	0.6	3.5	15	1	0.6	3.5	15	1	0.6	3.5	15	1	0.6	3.5	15	0	0.2	0.2	0.2	0.2	0.2	0.2	0.2	0.2	0.2	0.2	0.2	0.2	0.2	0.2	0.2	0.2	0.2
10000	6.045	0.001	0.019444	1	1	0.30939	1	0.33333	5	20	1	0.33333	5	20	1	0.33333	5	20	1	0.33333	5	20	0	0.72578	0.24193	3.6289	14.515	0.72578	0.24193	3.6289	14.515	0.72578	0.24193	3.6289	14.515	0.72578	0.24193	3.6289	14.515	0	0.37876	0.37876	0.37876	0.37876	0.37876	0.37876	0.37876	0.37876	0.37876	0.37876	0.37876	0.37876	0.37876	0.37876	0.37876	0.37876	0.37876
10000	5.6488	0.0076113	0.018498	1	1	0.48609	0.79987	0.3078	3.527	8.0182	0.79987	0.3078	3.527	8.0182	0.79987	0.3078	3.527	8.0182	0.79987	0.3078	3.527	8.0182	0	0.4	0.15392	1.7638	4.0097	0.4	0.15392	1.7638	4.0097	0.4	0.15392	1.7638	4.0097	0.4	0.15392	1.7638	4.0097	0	0.20071	0.20071	0.20071	0.20071	0.20071	0.20071	0.20071	0.20071	0.20071	0.20071	0.20071	0.20071	0.20071	0.20071	0.20071	0.20071	0.20071
10000	5.8333	0.0054033	0.01	1	1	0.4	1	0.3	2.6933	7.9615	1	0.3	2.6933	7.9615	1	0.3	2.6933	7.9615	1	0.3	2.6933	7.9615	0	0.5	0.15	1.3466	3.9807	0.5	0.15	1.3466	3.9807	0.5	0.15	1.3466	3.9807	0.5	0.15	1.3466	3.9807	0	0.16338	0.16338	0.16338	0.16338	0.16338	0.16338	0.16338	0.16338	0.16338	0.16338	0.16338	0.16338	0.16338	0.16338	0.16338	0.16338	0.16338
10000	9	0.03	0.015	1	1	0.7362	1	0.4	6.3153	136.67	1	0.4	6.3153	136.67	1	0.4	6.3153	136.67	1	0.4	6.3153	136.67	0	1	0.4	6.3153	136.67	1	0.4	6.3153	136.67	1	0.4	6.3153	136.67	1	0.4	6.3153	136.67	0	0.38657	0.38657	0.38657	0.38657	0.38657	0.38657	0.38657	0.38657	0.38657	0.38657	0.38657	0.38657	0.38657	0.38657	0.38657	0.38657	0.38657
10000	4.9826	0.001	0.023533	1	1	0.27741	0.79978	0.21418	3.535	10.009	0.79978	0.21418	3.535	10.009	0.79978	0.21418	3.535	10.009	0.79978	0.21418	3.535	10.009	0	0.65921	0.17653	2.9137	8.2497	0.65921	0.17653	2.9137	8.2497	0.65921	0.17653	2.9137	8.2497	0.65921	0.17653	2.9137	8.2497	0	0.22677	0.22677	0.22677	0.22677	0.22677	0.22677	0.22677	0.22677	0.22677	0.22677	0.22677	0.22677	0.22677	0.22677	0.22677	0.22677	0.22677
10000	7	0.001	0.02	1	1	0.4	1	0.3	2.5	15	1	0.3	2.5	15	1	0.3	2.5	15	1	0.3	2.5	15	0	1	0.3	2.5	15	1	0.3	2.5	15	1	0.3	2.5	15	1	0.3	2.5	15	0	0.2	0.2	0.2	0.2	0.2	0.2	0.2	0.2	0.2	0.2	0.2	0.2	0.2	0.2	0.2	0.2	0.2
10000	3.7292	0.001	0.01	1	1	1.0595	1.0991	0.28818	3.3597	20.02	1.0991	0.28818	3.3597	20.02	1.0991	0.28818	3.3597	20.02	1.0991	0.28818	3.3597	20.02	0	0.54805	0.1437	1.6753	9.9832	0.54805	0.1437	1.6753	9.9832	0.54805	0.1437	1.6753	9.9832	0.54805	0.1437	1.6753	9.9832	0	0.17021	0.17021	0.17021	0.17021	0.17021	0.17021	0.17021	0.17021	0.17021	0.17021	0.17021	0.17021	0.17021	0.17021	0.17021	0.17021	0.17021
10000	5	0.02	0.02	1	1	0.8	1.2811	0.3	3.2994	15	1.2811	0.3	3.2994	15	1.2811	0.3	3.2994	15	1.2811	0.3	3.2994	15	0	1.2811	0.3	3.2994	15	1.2811	0.3	3.2994	15	1.2811	0.3	3.2994	15	1.2811	0.3	3.2994	15	0	0.2	0.2	0.2	0.2	0.2	0.2	0.2	0.2	0.2	0.2	0.2	0.2	0.2	0.2	0.2	0.2	0.2
10000	5	0.01	0.02	1	1	0.8	1	0.3	2.5	15	1	0.3	2.5	15	1	0.3	2.5	15	1	0.3	2.5	15	0	1	0.3	2.5	15	1	0.3	2.5	15	1	0.3	2.5	15	1	0.3	2.5	15	0	0.1	0.1	0.1	0.1	0.1	0.1	0.1	0.1	0.1	0.1	0.1	0.1	0.1	0.1	0.1	0.1	0.1
10000	3.7995	0.0069433	0.02	1	1	1.0505	1.5	0.3	3.4818	15	1.5	0.3	3.4818	15	1.5	0.3	3.4818	15	1.5	0.3	3.4818	15	0	0.77515	0.15503	1.7993	7.7515	0.77515	0.15503	1.7993	7.7515	0.77515	0.15503	1.7993	7.7515	0.77515	0.15503	1.7993	7.7515	0	0.092843	0.092843	0.092843	0.092843	0.092843	0.092843	0.092843	0.092843	0.092843	0.092843	0.092843	0.092843	0.092843	0.092843	0.092843	0.092843	0.092843
10000	2.1098	0.0048074	0.018764	1	1	1.0957	1.1125	0.30634	3.7387	19.35	1.1125	0.30634	3.7387	19.35	1.1125	0.30634	3.7387	19.35	1.1125	0.30634	3.7387	19.35	0	0.60984	0.16793	2.0495	10.607	0.60984	0.16793	2.0495	10.607	0.60984	0.16793	2.0495	10.607	0.60984	0.16793	2.0495	10.607	0	0.071954	0.071954	0.071954	0.071954	0.071954	0.071954	0.071954	0.071954	0.071954	0.071954	0.071954	0.071954	0.071954	0.071954	0.071954	0.071954	0.071954
10000	2.9999	0.002333	0.017411	1	1	1.075	1.3359	-0.1367	3.5003	15.001	1.3359	-0.1367	3.5003	15.001	1.3359	-0.1367	3.5003	15.001	1.3359	-0.1367	3.5003	15.001	0	0.49895	-0.051053	1.3073	5.6027	0.49895	-0.051053	1.3073	5.6027	0.49895	-0.051053	1.3073	5.6027	0.49895	-0.051053	1.3073	5.6027	0	0.058861	0.058861	0.058861	0.058861	0.058861	0.058861	0.058861	0.058861	0.058861	0.058861	0.058861	0.058861	0.058861	0.058861	0.058861	0.058861	0.058861
10000	5	0.0058504	0.02	1	1	0.8	1.5	0.16934	3.5	13.333	1.5	0.16934	3.5	13.333	1.5	0.16934	3.5	13.333	1.5	0.16934	3.5	13.333	0	0.71786	0.08104	1.675	6.381	0.71786	0.08104	1.675	6.381	0.71786	0.08104	1.675	6.381	0.71786	0.08104	1.675	6.381	0	0.095488	0.095488	0.095488	0.095488	0.095488	0.095488	0.095488	0.095488	0.095488	0.095488	0.095488	0.095488	0.095488	0.095488	0.095488	0.095488	0.095488
10000	2.9228	0.001	0.02	1	1	1.1337	1.0802	0.35139	3.4502	14.778	1.0802	0.35139	3.4502	14.778	1.0802	0.35139	3.4502	14.778	1.0802	0.35139	3.4502	14.778	0	0.80651	0.26236	2.576	11.034	0.80651	0.26236	2.576	11.034	0.80651	0.26236	2.576	11.034	0.80651	0.26236	2.576	11.034	0	0.20481	0.20481	0.20481	0.20481	0.20481	0.20481	0.20481	0.20481	0.20481	0.20481	0.20481	0.20481	0.20481	0.20481	0.20481	0.20481	0.20481
10000	5.2656	0.001	0.01	1	1	0.97105	1.3672	0.23095	3.739	12.237	1.3672	0.23095	3.739	12.237	1.3672	0.23095	3.739	12.237	1.3672	0.23095	3.739	12.237	0	1.2401	0.20948	3.3915	11.1	1.2401	0.20948	3.3915	11.1	1.2401	0.20948	3.3915	11.1	1.2401	0.20948	3.3915	11.1	0	0.15679	0.15679	0.15679	0.15679	0.15679	0.15679	0.15679	0.15679	0.15679	0.15679	0.15679	0.15679	0.15679	0.15679	0.15679	0.15679	0.15679
10000	7	0.0043333	0.02	1	1	0.9398	1	0.4	3.7298	15	1	0.4	3.7298	15	1	0.4	3.7298	15	1	0.4	3.7298	15	0	0.25	0.1	0.93245	3.75	0.25	0.1	0.93245	3.75	0.25	0.1	0.93245	3.75	0.25	0.1	0.93245	3.75	0	0.1	0.1	0.1	0.1	0.1	0.1	0.1	0.1	0.1	0.1	0.1	0.1	0.1	0.1	0.1	0.1	0.1
10000	5.9449	0.0094086	0.015	1	1	0.86667	1	0.36667	2.5	15	1	0.36667	2.5	15	1	0.36667	2.5	15	1	0.36667	2.5	15	0	1	0.36667	2.5	15	1	0.36667	2.5	15	1	0.36667	2.5	15	1	0.36667	2.5	15	0	0.2	0.2	0.2	0.2	0.2	0.2	0.2	0.2	0.2	0.2	0.2	0.2	0.2	0.2	0.2	0.2	0.2
10000	7.8409	0.018568	0.023333	1	1	1.0667	1	0.4	4.4444	11.666	1	0.4	4.4444	11.666	1	0.4	4.4444	11.666	1	0.4	4.4444	11.666	0	1	0.4	4.4444	11.666	1	0.4	4.4444	11.666	1	0.4	4.4444	11.666	1	0.4	4.4444	11.666	0	0.20805	0.20805	0.20805	0.20805	0.20805	0.20805	0.20805	0.20805	0.20805	0.20805	0.20805	0.20805	0.20805	0.20805	0.20805	0.20805	0.20805
10000	6.0518	0.0025414	0.027722	1	1	0.82444	0.99155	0.50634	2.4846	14.93	0.99155	0.50634	2.4846	14.93	0.99155	0.50634	2.4846	14.93	0.99155	0.50634	2.4846	14.93	0	0.49158	0.25103	1.2318	7.4017	0.49158	0.25103	1.2318	7.4017	0.49158	0.25103	1.2318	7.4017	0.49158	0.25103	1.2318	7.4017	0	0.10143	0.10143	0.10143	0.10143	0.10143	0.10143	0.10143	0.10143	0.10143	0.10143	0.10143	0.10143	0.10143	0.10143	0.10143	0.10143	0.10143
10000	5	0.005	0.02	1	1	0.8	1	0.6	2.5	15	1	0.6	2.5	15	1	0.6	2.5	15	1	0.6	2.5	15	0	1	0.6	2.5	15	1	0.6	2.5	15	1	0.6	2.5	15	1	0.6	2.5	15	0	0.2	0.2	0.2	0.2	0.2	0.2	0.2	0.2	0.2	0.2	0.2	0.2	0.2	0.2	0.2	0.2	0.2
10000	6.7393	0.0063124	0.012796	1	1	1.2758	1.3602	-0.044459	3.1304	17.882	1.3602	-0.044459	3.1304	17.882	1.3602	-0.044459	3.1304	17.882	1.3602	-0.044459	3.1304	17.882	0	0.9315	-0.030447	2.1438	12.246	0.9315	-0.030447	2.1438	12.246	0.9315	-0.030447	2.1438	12.246	0.9315	-0.030447	2.1438	12.246	0	0.19138	0.19138	0.19138	0.19138	0.19138	0.19138	0.19138	0.19138	0.19138	0.19138	0.19138	0.19138	0.19138	0.19138	0.19138	0.19138	0.19138
10000	6.0167	0.0043723	0.014829	1	1	1.4735	1.4519	0.40294	2.5079	15.036	1.4519	0.40294	2.5079	15.036	1.4519	0.40294	2.5079	15.036	1.4519	0.40294	2.5079	15.036	0	1.4461	0.40135	2.498	14.977	1.4461	0.40135	2.498	14.977	1.4461	0.40135	2.498	14.977	1.4461	0.40135	2.498	14.977	0	0.1256	0.1256	0.1256	0.1256	0.1256	0.1256	0.1256	0.1256	0.1256	0.1256	0.1256	0.1256	0.1256	0.1256	0.1256	0.1256	0.1256
10000	4.927	0.0066902	0.020584	1	1	1.3185	1.4974	0.28101	2.7019	18.498	1.4974	0.28101	2.7019	18.498	1.4974	0.28101	2.7019	18.498	1.4974	0.28101	2.7019	18.498	0	1.5357	0.2882	2.771	18.971	1.5357	0.2882	2.771	18.971	1.5357	0.2882	2.771	18.971	1.5357	0.2882	2.771	18.971	0	0.18991	0.18991	0.18991	0.18991	0.18991	0.18991	0.18991	0.18991	0.18991	0.18991	0.18991	0.18991	0.18991	0.18991	0.18991	0.18991	0.18991
10000	5.2854	0.01092	0.021788	1	1	1.4509	1.8095	0.18099	2.7253	21.977	1.8095	0.18099	2.7253	21.977	1.8095	0.18099	2.7253	21.977	1.8095	0.18099	2.7253	21.977	0	0.92989	0.093009	1.4005	11.294	0.92989	0.093009	1.4005	11.294	0.92989	0.093009	1.4005	11.294	0.92989	0.093009	1.4005	11.294	0	0.087962	0.087962	0.087962	0.087962	0.087962	0.087962	0.087962	0.087962	0.087962	0.087962	0.087962	0.087962	0.087962	0.087962	0.087962	0.087962	0.087962
10000	5	0.0078347	0.03	1	1	1.6	1.3482	0.6	2.5541	15	1.3482	0.6	2.5541	15	1.3482	0.6	2.5541	15	1.3482	0.6	2.5541	15	0	1.288	0.57323	2.4401	14.331	1.288	0.57323	2.4401	14.331	1.288	0.57323	2.4401	14.331	1.288	0.57323	2.4401	14.331	0	0.2	0.2	0.2	0.2	0.2	0.2	0.2	0.2	0.2	0.2	0.2	0.2	0.2	0.2	0.2	0.2	0.2
10000	8.1648	0.005	0.01	1	1	1.1692	1	0.3	3.9584	15	1	0.3	3.9584	15	1	0.3	3.9584	15	1	0.3	3.9584	15	0	1.26	0.37799	4.9874	18.9	1.26	0.37799	4.9874	18.9	1.26	0.37799	4.9874	18.9	1.26	0.37799	4.9874	18.9	0	0.2	0.2	0.2	0.2	0.2	0.2	0.2	0.2	0.2	0.2	0.2	0.2	0.2	0.2	0.2	0.2	0.2
10000	7	0.001	0.01	1	1	1.4067	1	0.3	3.5	15	1	0.3	3.5	15	1	0.3	3.5	15	1	0.3	3.5	15	0	0.8792	0.26376	3.0772	13.188	0.8792	0.26376	3.0772	13.188	0.8792	0.26376	3.0772	13.188	0.8792	0.26376	3.0772	13.188	0	0.10584	0.10584	0.10584	0.10584	0.10584	0.10584	0.10584	0.10584	0.10584	0.10584	0.10584	0.10584	0.10584	0.10584	0.10584	0.10584	0.10584
10000	6.7656	0.0015047	0.01	1	1	1.1228	0.83353	0.3266	2.6186	179.46	0.83353	0.3266	2.6186	179.46	0.83353	0.3266	2.6186	179.46	0.83353	0.3266	2.6186	179.46	0	0.83071	0.3255	2.6098	178.85	0.83071	0.3255	2.6098	178.85	0.83071	0.3255	2.6098	178.85	0.83071	0.3255	2.6098	178.85	0	0.095249	0.095249	0.095249	0.095249	0.095249	0.095249	0.095249	0.095249	0.095249	0.095249	0.095249	0.095249	0.095249	0.095249	0.095249	0.095249	0.095249
10000	9.3068	0.001	0.01	1	1	1.0793	0.88873	0.30006	2.6022	15.001	0.88873	0.30006	2.6022	15.001	0.88873	0.30006	2.6022	15.001	0.88873	0.30006	2.6022	15.001	0	0.86391	0.29168	2.5295	14.582	0.86391	0.29168	2.5295	14.582	0.86391	0.29168	2.5295	14.582	0.86391	0.29168	2.5295	14.582	0	0.10176	0.10176	0.10176	0.10176	0.10176	0.10176	0.10176	0.10176	0.10176	0.10176	0.10176	0.10176	0.10176	0.10176	0.10176	0.10176	0.10176
10000	7.9157	0.001	0.020913	1	1	1.1311	1.0289	0.50579	3.4823	19.979	1.0289	0.50579	3.4823	19.979	1.0289	0.50579	3.4823	19.979	1.0289	0.50579	3.4823	19.979	0	1.036	0.50928	3.5063	20.116	1.036	0.50928	3.5063	20.116	1.036	0.50928	3.5063	20.116	1.036	0.50928	3.5063	20.116	0	0.17614	0.17614	0.17614	0.17614	0.17614	0.17614	0.17614	0.17614	0.17614	0.17614	0.17614	0.17614	0.17614	0.17614	0.17614	0.17614	0.17614
10000	5.0103	0.0050238	0.019917	1	1	1.0027	1.4297	0.50309	4.9928	14.967	1.4297	0.50309	4.9928	14.967	1.4297	0.50309	4.9928	14.967	1.4297	0.50309	4.9928	14.967	0	1.4331	0.50427	5.0045	15.002	1.4331	0.50427	5.0045	15.002	1.4331	0.50427	5.0045	15.002	1.4331	0.50427	5.0045	15.002	0	0.29758	0.29758	0.29758	0.29758	0.29758	0.29758	0.29758	0.29758	0.29758	0.29758	0.29758	0.29758	0.29758	0.29758	0.29758	0.29758	0.29758
10000	6.4112	0.011404	0.017732	1	1	0.95039	1.2305	0.18957	3.7785	11.383	1.2305	0.18957	3.7785	11.383	1.2305	0.18957	3.7785	11.383	1.2305	0.18957	3.7785	11.383	0	1.0972	0.16904	3.3693	10.15	1.0972	0.16904	3.3693	10.15	1.0972	0.16904	3.3693	10.15	1.0972	0.16904	3.3693	10.15	0	0.15835	0.15835	0.15835	0.15835	0.15835	0.15835	0.15835	0.15835	0.15835	0.15835	0.15835	0.15835	0.15835	0.15835	0.15835	0.15835	0.15835
10000	10	0.004	0.03	1	1	0.8	1	0.4	2.646	15	1	0.4	2.646	15	1	0.4	2.646	15	1	0.4	2.646	15	0	1	0.4	2.646	15	1	0.4	2.646	15	1	0.4	2.646	15	1	0.4	2.646	15	0	0.2	0.2	0.2	0.2	0.2	0.2	0.2	0.2	0.2	0.2	0.2	0.2	0.2	0.2	0.2	0.2	0.2
10000	10	0.0014444	0.02	1	1	1	1	0.3	3.5	15	1	0.3	3.5	15	1	0.3	3.5	15	1	0.3	3.5	15	0	1	0.3	3.5	15	1	0.3	3.5	15	1	0.3	3.5	15	1	0.3	3.5	15	0	0.2	0.2	0.2	0.2	0.2	0.2	0.2	0.2	0.2	0.2	0.2	0.2	0.2	0.2	0.2	0.2	0.2
10000	10	0.001	0.02	1	1	1.0876	0.88424	0.3	2.5	15	0.88424	0.3	2.5	15	0.88424	0.3	2.5	15	0.88424	0.3	2.5	15	0	0.88424	0.3	2.5	15	0.88424	0.3	2.5	15	0.88424	0.3	2.5	15	0.88424	0.3	2.5	15	0	0.2	0.2	0.2	0.2	0.2	0.2	0.2	0.2	0.2	0.2	0.2	0.2	0.2	0.2	0.2	0.2	0.2
10000	9.1051	0.001	0.020882	1	1	1.1755	1.3939	0.1625	2.3542	29.333	1.3939	0.1625	2.3542	29.333	1.3939	0.1625	2.3542	29.333	1.3939	0.1625	2.3542	29.333	0	1.4955	0.17435	2.5258	31.472	1.4955	0.17435	2.5258	31.472	1.4955	0.17435	2.5258	31.472	1.4955	0.17435	2.5258	31.472	0	0.19444	0.19444	0.19444	0.19444	0.19444	0.19444	0.19444	0.19444	0.19444	0.19444	0.19444	0.19444	0.19444	0.19444	0.19444	0.19444	0.19444
10000	4.0524	0.0066397	0.016551	1	1	0.9845	1.4148	0.46682	2.8593	16.642	1.4148	0.46682	2.8593	16.642	1.4148	0.46682	2.8593	16.642	1.4148	0.46682	2.8593	16.642	0	1.0763	0.35513	2.1752	12.661	1.0763	0.35513	2.1752	12.661	1.0763	0.35513	2.1752	12.661	1.0763	0.35513	2.1752	12.661	0	0.14105	0.14105	0.14105	0.14105	0.14105	0.14105	0.14105	0.14105	0.14105	0.14105	0.14105	0.14105	0.14105	0.14105	0.14105	0.14105	0.14105
10000	10	0.0017958	0.023399	1	1	1.2674	1.0016	0.31215	2.5359	15.542	1.0016	0.31215	2.5359	15.542	1.0016	0.31215	2.5359	15.542	1.0016	0.31215	2.5359	15.542	0	1.0861	0.33848	2.7498	16.854	1.0861	0.33848	2.7498	16.854	1.0861	0.33848	2.7498	16.854	1.0861	0.33848	2.7498	16.854	0	0.19483	0.19483	0.19483	0.19483	0.19483	0.19483	0.19483	0.19483	0.19483	0.19483	0.19483	0.19483	0.19483	0.19483	0.19483	0.19483	0.19483
10000	6.8468	0.001	0.020077	1	1	1.2371	1.5207	0.11303	3.8802	17.454	1.5207	0.11303	3.8802	17.454	1.5207	0.11303	3.8802	17.454	1.5207	0.11303	3.8802	17.454	0	1.5156	0.11265	3.8672	17.395	1.5156	0.11265	3.8672	17.395	1.5156	0.11265	3.8672	17.395	1.5156	0.11265	3.8672	17.395	0	0.2151	0.2151	0.2151	0.2151	0.2151	0.2151	0.2151	0.2151	0.2151	0.2151	0.2151	0.2151	0.2151	0.2151	0.2151	0.2151	0.2151
10000	6.5408	0.01624	0.021111	1	1	0.83453	1.4296	0.34444	3.3333	14.257	1.4296	0.34444	3.3333	14.257	1.4296	0.34444	3.3333	14.257	1.4296	0.34444	3.3333	14.257	0	1.4296	0.34444	3.3333	14.257	1.4296	0.34444	3.3333	14.257	1.4296	0.34444	3.3333	14.257	1.4296	0.34444	3.3333	14.257	0	0.2	0.2	0.2	0.2	0.2	0.2	0.2	0.2	0.2	0.2	0.2	0.2	0.2	0.2	0.2	0.2	0.2
10000	4.9977	0.001	0.01999	1	1	1.2376	1.2255	1.0014	2.9703	14.993	1.2255	1.0014	2.9703	14.993	1.2255	1.0014	2.9703	14.993	1.2255	1.0014	2.9703	14.993	0	0.61843	0.50531	1.4989	7.5656	0.61843	0.50531	1.4989	7.5656	0.61843	0.50531	1.4989	7.5656	0.61843	0.50531	1.4989	7.5656	0	0.10018	0.10018	0.10018	0.10018	0.10018	0.10018	0.10018	0.10018	0.10018	0.10018	0.10018	0.10018	0.10018	0.10018	0.10018	0.10018	0.10018
10000	7	0.0088286	0.013333	1	1	0.8179	0.96296	0.33333	3.3333	15	0.96296	0.33333	3.3333	15	0.96296	0.33333	3.3333	15	0.96296	0.33333	3.3333	15	0	0.96811	0.33512	3.3512	15.08	0.96811	0.33512	3.3512	15.08	0.96811	0.33512	3.3512	15.08	0.96811	0.33512	3.3512	15.08	0	0.2	0.2	0.2	0.2	0.2	0.2	0.2	0.2	0.2	0.2	0.2	0.2	0.2	0.2	0.2	0.2	0.2
10000	5	0.001	0.015	1	1	1.0848	1.0923	0.3	3.3333	20.215	1.0923	0.3	3.3333	20.215	1.0923	0.3	3.3333	20.215	1.0923	0.3	3.3333	20.215	0	1.1605	0.31873	3.5415	21.477	1.1605	0.31873	3.5415	21.477	1.1605	0.31873	3.5415	21.477	1.1605	0.31873	3.5415	21.477	0	0.21111	0.21111	0.21111	0.21111	0.21111	0.21111	0.21111	0.21111	0.21111	0.21111	0.21111	0.21111	0.21111	0.21111	0.21111	0.21111	0.21111
10000	3.6447	0.0036667	0.01	1	1	0.89975	1	0.3	2.5	20	1	0.3	2.5	20	1	0.3	2.5	20	1	0.3	2.5	20	0	1.014	0.30419	2.5349	20.279	1.014	0.30419	2.5349	20.279	1.014	0.30419	2.5349	20.279	1.014	0.30419	2.5349	20.279	0	0.17734	0.17734	0.17734	0.17734	0.17734	0.17734	0.17734	0.17734	0.17734	0.17734	0.17734	0.17734	0.17734	0.17734	0.17734	0.17734	0.17734
10000	5.8299	0.0071408	0.017398	1	1	1.0988	1.5305	0.51577	4.2469	12.344	1.5305	0.51577	4.2469	12.344	1.5305	0.51577	4.2469	12.344	1.5305	0.51577	4.2469	12.344	0	1.1784	0.39711	3.2698	9.5044	1.1784	0.39711	3.2698	9.5044	1.1784	0.39711	3.2698	9.5044	1.1784	0.39711	3.2698	9.5044	0	0.16639	0.16639	0.16639	0.16639	0.16639	0.16639	0.16639	0.16639	0.16639	0.16639	0.16639	0.16639	0.16639	0.16639	0.16639	0.16639	0.16639
