10000	1.2887	0.034555	0.01	1	1	1.1538	1	0.4	3.5	30	1	0.4	3.5	30	1	0.4	3.5	30	1	0.4	3.5	30	0	0.99999	0.4	3.5	30	0.99999	0.4	3.5	30	0.99999	0.4	3.5	30	0.99999	0.4	3.5	30	0	0.2	0.2	0.2	0.2	0.2	0.2	0.2	0.2	0.2	0.2	0.2	0.2	0.2	0.2	0.2	0.2	0
10000	2.6089	0.0041111	0.047396	1	1	1	1.3904	0.6	4.6667	12.222	1.3904	0.6	4.6667	12.222	1.3904	0.6	4.6667	12.222	1.3904	0.6	4.6667	12.222	0	1.3904	0.6	4.6666	12.222	1.3904	0.6	4.6666	12.222	1.3904	0.6	4.6666	12.222	1.3904	0.6	4.6666	12.222	0	0.2	0.2	0.2	0.2	0.21313	0.21313	0.21313	0.21313	0.21018	0.21018	0.21018	0.21018	0.21018	0.21018	0.21018	0.21018	0
10000	2.8967	0.003	0.02	1	1	1.1255	1.3333	0.4	4.6667	15	1.3333	0.4	4.6667	15	1.3333	0.4	4.6667	15	1.3333	0.4	4.6667	15	0	1.3549	0.40647	4.7422	15.243	1.3549	0.40647	4.7422	15.243	1.3549	0.40647	4.7422	15.243	1.3549	0.40647	4.7422	15.243	0	0.2	0.2	0.2	0.2	0.2	0.2	0.2	0.2	0.2	0.2	0.2	0.2	0.2	0.2	0.2	0.2	0
10000	4.564	0.001	0.01	1	1	1	1.1426	0.3	3.5	15	1.1426	0.3	3.5	15	1.1426	0.3	3.5	15	1.1426	0.3	3.5	15	0	1.1156	0.29293	3.4176	14.647	1.1156	0.29293	3.4176	14.647	1.1156	0.29293	3.4176	14.647	1.1156	0.29293	3.4176	14.647	0	0.2	0.2	0.2	0.2	0.2	0.2	0.2	0.2	0.2	0.2	0.2	0.2	0.2	0.2	0.2	0.2	0
10000	2.7669	0.0060267	0.026756	1	1	0.9155	1.1283	0.38342	4.7754	13.973	1.1283	0.38342	4.7754	13.973	1.1283	0.38342	4.7754	13.973	1.1283	0.38342	4.7754	13.973	0	1.0016	0.34037	4.2392	12.404	1.0016	0.34037	4.2392	12.404	1.0016	0.34037	4.2392	12.404	1.0016	0.34037	4.2392	12.404	0	0.1667	0.1667	0.1667	0.1667	0.169	0.169	0.169	0.169	0.13152	0.13152	0.13152	0.13152	0.13152	0.13152	0.13152	0.13152	0
10000	5.3285	0.001	0.013759	1	1	1.6776	1.3432	0.29899	2.4973	15.012	1.3432	0.29899	2.4973	15.012	1.3432	0.29899	2.4973	15.012	1.3432	0.29899	2.4973	15.012	0	1.289	0.28694	2.3966	14.407	1.289	0.28694	2.3966	14.407	1.289	0.28694	2.3966	14.407	1.289	0.28694	2.3966	14.407	0	0.19938	0.19938	0.19938	0.19938	0.19938	0.19938	0.19938	0.19938	0.20061	0.20061	0.20061	0.20061	0.20061	0.20061	0.20061	0.20061	0
10000	8.1808	0.001	0.015647	1	1	1.7882	0.7987	0.44971	3.0392	14.388	0.7987	0.44971	3.0392	14.388	0.7987	0.44971	3.0392	14.388	0.7987	0.44971	3.0392	14.388	0	0.81763	0.46036	3.1112	14.729	0.81763	0.46036	3.1112	14.729	0.81763	0.46036	3.1112	14.729	0.81763	0.46036	3.1112	14.729	0	0.23059	0.23059	0.23059	0.23059	0.16941	0.16941	0.16941	0.16941	0	0	0	0	0	0	0	0	0
10000	7.4736	0.001	0.025689	1	1	1	1.1483	0.5	2.5	15	1.1483	0.5	2.5	15	1.1483	0.5	2.5	15	1.1483	0.5	2.5	15	0	1.1483	0.5	2.5	15	1.1483	0.5	2.5	15	1.1483	0.5	2.5	15	1.1483	0.5	2.5	15	0	0.25729	0.25729	0.25729	0.25729	0.2	0.2	0.2	0.2	0.1	0.1	0.1	0.1	0.1	0.1	0.1	0.1	0
10000	6.2772	0.0022083	0.01	1	1	1.6817	1.183	0.63725	2.8202	31.464	1.183	0.63725	2.8202	31.464	1.183	0.63725	2.8202	31.464	1.183	0.63725	2.8202	31.464	0	1.0058	0.54182	2.3979	26.752	1.0058	0.54182	2.3979	26.752	1.0058	0.54182	2.3979	26.752	1.0058	0.54182	2.3979	26.752	0	0.20446	0.20446	0.20446	0.20446	0.1268	0.1268	0.1268	0.1268	0.12257	0.12257	0.12257	0.12257	0.12257	0.12257	0.12257	0.12257	0
10000	7.1112	0.001	0.020151	1	1	1.4513	1.2075	0.88914	3.5184	12.271	1.2075	0.88914	3.5184	12.271	1.2075	0.88914	3.5184	12.271	1.2075	0.88914	3.5184	12.271	0	1.2635	0.93037	3.6815	12.84	1.2635	0.93037	3.6815	12.84	1.2635	0.93037	3.6815	12.84	1.2635	0.93037	3.6815	12.84	0	0.15559	0.15559	0.15559	0.15559	0.15874	0.15874	0.15874	0.15874	0.19997	0.19997	0.19997	0.19997	0.19997	0.19997	0.19997	0.19997	0
10000	8.0527	0.0099909	0.02998	1	1	-0.63082	0.80478	0.29967	2.7079	29.996	0.80478	0.29967	2.7079	29.996	0.80478	0.29967	2.7079	29.996	0.80478	0.29967	2.7079	29.996	0	0.89679	0.33393	3.0174	33.425	0.89679	0.33393	3.0174	33.425	0.89679	0.33393	3.0174	33.425	0.89679	0.33393	3.0174	33.425	0	0.2	0.2	0.2	0.2	0.20004	0.20004	0.20004	0.20004	0.20008	0.20008	0.20008	0.20008	0.20008	0.20008	0.20008	0.20008	0
10000	2.9404	0.011242	0.01	1	1	-0.4426	0.55676	0.41471	3.507	33.306	0.55676	0.41471	3.507	33.306	0.55676	0.41471	3.507	33.306	0.55676	0.41471	3.507	33.306	0	0.55826	0.41583	3.5164	33.396	0.55826	0.41583	3.5164	33.396	0.55826	0.41583	3.5164	33.396	0.55826	0.41583	3.5164	33.396	0	0.30003	0.30003	0.30003	0.30003	0.23198	0.23198	0.23198	0.23198	0.1328	0.1328	0.1328	0.1328	0.1328	0.1328	0.1328	0.1328	0
10000	1.7333	0.015	0.02	1	1	0.24831	1	0.5	4.9326	20	1	0.5	4.9326	20	1	0.5	4.9326	20	1	0.5	4.9326	20	0	0.38185	0.19093	1.8835	7.637	0.38185	0.19093	1.8835	7.637	0.38185	0.19093	1.8835	7.637	0.38185	0.19093	1.8835	7.637	0	0.21668	0.21668	0.21668	0.21668	0.2	0.2	0.2	0.2	0.1	0.1	0.1	0.1	0.1	0.1	0.1	0.1	0
10000	2.8389	0.02037	0.02	1	1	-0.30121	1	0.3	2.7778	15	1	0.3	2.7778	15	1	0.3	2.7778	15	1	0.3	2.7778	15	0	1	0.3	2.7778	15	1	0.3	2.7778	15	1	0.3	2.7778	15	1	0.3	2.7778	15	0	0.2	0.2	0.2	0.2	0.2	0.2	0.2	0.2	0.2	0.2	0.2	0.2	0.2	0.2	0.2	0.2	0
10000	4.7278	0.0099999	0.02	1	1	0.17905	1.0667	-6.0555e-06	2.5	15	1.0667	-6.0555e-06	2.5	15	1.0667	-6.0555e-06	2.5	15	1.0667	-6.0555e-06	2.5	15	0	0.26667	-1.5139e-06	0.625	3.75	0.26667	-1.5139e-06	0.625	3.75	0.26667	-1.5139e-06	0.625	3.75	0.26667	-1.5139e-06	0.625	3.75	0	0.2	0.2	0.2	0.2	0.2	0.2	0.2	0.2	0.2	0.2	0.2	0.2	0.2	0.2	0.2	0.2	0
10000	6.7838	0.30562	0.022824	1	1	1.1734	1.3226	0.30891	1.9549	-79.993	1.3226	0.30891	1.9549	-79.993	1.3226	0.30891	1.9549	-79.993	1.3226	0.30891	1.9549	-79.993	0	1.0971	0.25625	1.6216	-66.355	1.0971	0.25625	1.6216	-66.355	1.0971	0.25625	1.6216	-66.355	1.0971	0.25625	1.6216	-66.355	0	0.16362	0.16362	0.16362	0.16362	0.2176	0.2176	0.2176	0.2176	0.32388	0.32388	0.32388	0.32388	0.32388	0.32388	0.32388	0.32388	0
10000	2.8326	0.0099886	0.019968	1	1	0.6731	0.99944	0.29964	1.4346	-23.254	0.99944	0.29964	1.4346	-23.254	0.99944	0.29964	1.4346	-23.254	0.99944	0.29964	1.4346	-23.254	0	0.99896	0.29949	1.4339	-23.242	0.99896	0.29949	1.4339	-23.242	0.99896	0.29949	1.4339	-23.242	0.99896	0.29949	1.4339	-23.242	0	0.27825	0.27825	0.27825	0.27825	0.40201	0.40201	0.40201	0.40201	0.20022	0.20022	0.20022	0.20022	0.20022	0.20022	0.20022	0.20022	0
10000	0.86574	0.013333	0.39015	1	1	0.8	1	0.28301	2.5	-5.5556	1	0.28301	2.5	-5.5556	1	0.28301	2.5	-5.5556	1	0.28301	2.5	-5.5556	0	0.96127	0.27205	2.4032	-5.3404	0.96127	0.27205	2.4032	-5.3404	0.96127	0.27205	2.4032	-5.3404	0.96127	0.27205	2.4032	-5.3404	0	0.22663	0.22663	0.22663	0.22663	0.12153	0.12153	0.12153	0.12153	0.2	0.2	0.2	0.2	0.2	0.2	0.2	0.2	0
10000	3.3426	0.0089543	0.016604	1	1	0.79997	0.79997	0.15064	2.5001	-16.785	0.79997	0.15064	2.5001	-16.785	0.79997	0.15064	2.5001	-16.785	0.79997	0.15064	2.5001	-16.785	0	0.79999	0.15064	2.5001	-16.785	0.79999	0.15064	2.5001	-16.785	0.79999	0.15064	2.5001	-16.785	0.79999	0.15064	2.5001	-16.785	0	0.41963	0.41963	0.41963	0.41963	0.2	0.2	0.2	0.2	0.3	0.3	0.3	0.3	0.3	0.3	0.3	0.3	0
10000	2.0806	0.46375	0.20706	1	1	1.1977	0.88886	0.25297	2.4898	13.891	0.88886	0.25297	2.4898	13.891	0.88886	0.25297	2.4898	13.891	0.88886	0.25297	2.4898	13.891	0	0.64137	0.18253	1.7965	10.024	0.64137	0.18253	1.7965	10.024	0.64137	0.18253	1.7965	10.024	0.64137	0.18253	1.7965	10.024	0	0.1975	0.1975	0.1975	0.1975	0.1975	0.1975	0.1975	0.1975	0.19809	0.19809	0.19809	0.19809	0.19809	0.19809	0.19809	0.19809	0
10000	3	0.001	0.016667	1	1	0.16305	2	0.3	2.5	15	2	0.3	2.5	15	2	0.3	2.5	15	2	0.3	2.5	15	0	0.5	0.075	0.625	3.75	0.5	0.075	0.625	3.75	0.5	0.075	0.625	3.75	0.5	0.075	0.625	3.75	0	0.24416	0.24416	0.24416	0.24416	0.21491	0.21491	0.21491	0.21491	0.2	0.2	0.2	0.2	0.2	0.2	0.2	0.2	0
10000	0.50983	0.005	0.022255	1	1	0.59972	1.0342	0.3	2.5	15	1.0342	0.3	2.5	15	1.0342	0.3	2.5	15	1.0342	0.3	2.5	15	0	0.38782	0.1125	0.9375	5.625	0.38782	0.1125	0.9375	5.625	0.38782	0.1125	0.9375	5.625	0.38782	0.1125	0.9375	5.625	0	0.2	0.2	0.2	0.2	0.2	0.2	0.2	0.2	0.20676	0.20676	0.20676	0.20676	0.20676	0.20676	0.20676	0.20676	0
10000	0.4625	0.99999	0.01	1	1	0.6875	0.875	0.25208	2.2812	14	0.875	0.25208	2.2812	14	0.875	0.25208	2.2812	14	0.875	0.25208	2.2812	14	0	0.40993	0.1181	1.0687	6.5588	0.40993	0.1181	1.0687	6.5588	0.40993	0.1181	1.0687	6.5588	0.40993	0.1181	1.0687	6.5588	0	0.15	0.15	0.15	0.15	0.24157	0.24157	0.24157	0.24157	0.25	0.25	0.25	0.25	0.25	0.25	0.25	0.25	0
10000	4.8375	0.014451	0.020109	1	1	0.2269	0.75272	0.12364	2.9327	11.36	0.75272	0.12364	2.9327	11.36	0.75272	0.12364	2.9327	11.36	0.75272	0.12364	2.9327	11.36	0	0.91559	0.15039	3.5673	13.818	0.91559	0.15039	3.5673	13.818	0.91559	0.15039	3.5673	13.818	0.91559	0.15039	3.5673	13.818	0	0.29891	0.29891	0.29891	0.29891	0.10109	0.10109	0.10109	0.10109	0.12033	0.12033	0.12033	0.12033	0.12033	0.12033	0.12033	0.12033	0
10000	3	0.005	0.02	1	1	0.28848	1.7778	0.33333	2.5283	18.333	1.7778	0.33333	2.5283	18.333	1.7778	0.33333	2.5283	18.333	1.7778	0.33333	2.5283	18.333	0	0.44444	0.083333	0.63207	4.5833	0.44444	0.083333	0.63207	4.5833	0.44444	0.083333	0.63207	4.5833	0.44444	0.083333	0.63207	4.5833	0	0.13333	0.13333	0.13333	0.13333	0.18079	0.18079	0.18079	0.18079	0.2	0.2	0.2	0.2	0.2	0.2	0.2	0.2	0
10000	10	0.001	0.02	1	1	0.81485	0.75587	0.68627	2.5	16.667	0.75587	0.68627	2.5	16.667	0.75587	0.68627	2.5	16.667	0.75587	0.68627	2.5	16.667	0	0.72933	0.66217	2.4122	16.081	0.72933	0.66217	2.4122	16.081	0.72933	0.66217	2.4122	16.081	0.72933	0.66217	2.4122	16.081	0	0.23445	0.23445	0.23445	0.23445	0.12437	0.12437	0.12437	0.12437	0.1	0.1	0.1	0.1	0.1	0.1	0.1	0.1	0
10000	9.5922	0.001	0.01	1	1	1	0.87759	0.66667	1.8056	9.2678	0.87759	0.66667	1.8056	9.2678	0.87759	0.66667	1.8056	9.2678	0.87759	0.66667	1.8056	9.2678	0	0.87759	0.66667	1.8056	9.2678	0.87759	0.66667	1.8056	9.2678	0.87759	0.66667	1.8056	9.2678	0.87759	0.66667	1.8056	9.2678	0	0.2	0.2	0.2	0.2	0.2	0.2	0.2	0.2	0.2	0.2	0.2	0.2	0.2	0.2	0.2	0.2	0
10000	6.0819	0.001	0.01	1	1	1.0872	1.1111	0.3	3.2496	15	1.1111	0.3	3.2496	15	1.1111	0.3	3.2496	15	1.1111	0.3	3.2496	15	0	1.1111	0.3	3.2496	15	1.1111	0.3	3.2496	15	1.1111	0.3	3.2496	15	1.1111	0.3	3.2496	15	0	0.2	0.2	0.2	0.2	0.24043	0.24043	0.24043	0.24043	0.2	0.2	0.2	0.2	0.2	0.2	0.2	0.2	0
10000	5.0533	0.001	0.01	1	1	0.8	1	0.5	2.5	20	1	0.5	2.5	20	1	0.5	2.5	20	1	0.5	2.5	20	0	1	0.5	2.5	20	1	0.5	2.5	20	1	0.5	2.5	20	1	0.5	2.5	20	0	0.2	0.2	0.2	0.2	0.2	0.2	0.2	0.2	0.2	0.2	0.2	0.2	0.2	0.2	0.2	0.2	0
10000	3.5237	0.001	0.019848	1	1	0.81125	0.9875	0.29187	2.5219	19.9	0.9875	0.29187	2.5219	19.9	0.9875	0.29187	2.5219	19.9	0.9875	0.29187	2.5219	19.9	0	0.99487	0.29405	2.5407	20.049	0.99487	0.29405	2.5407	20.049	0.99487	0.29405	2.5407	20.049	0.99487	0.29405	2.5407	20.049	0	0.195	0.195	0.195	0.195	0.15048	0.15048	0.15048	0.15048	0.205	0.205	0.205	0.205	0.205	0.205	0.205	0.205	0
10000	4.3269	0.005	0.02	1	1	0.8	0.88268	0.6	2.5	15	0.88268	0.6	2.5	15	0.88268	0.6	2.5	15	0.88268	0.6	2.5	15	0	0.29394	0.1998	0.83251	4.9951	0.29394	0.1998	0.83251	4.9951	0.29394	0.1998	0.83251	4.9951	0.29394	0.1998	0.83251	4.9951	0	0.2	0.2	0.2	0.2	0.2	0.2	0.2	0.2	0.2	0.2	0.2	0.2	0.2	0.2	0.2	0.2	0
10000	7.5295	0.001	0.01	1	1	0.8	1	0.55298	3.5	10	1	0.55298	3.5	10	1	0.55298	3.5	10	1	0.55298	3.5	10	0	0.5	0.27649	1.75	5	0.5	0.27649	1.75	5	0.5	0.27649	1.75	5	0.5	0.27649	1.75	5	0	0.3	0.3	0.3	0.3	0.2	0.2	0.2	0.2	0.2	0.2	0.2	0.2	0.2	0.2	0.2	0.2	0
10000	7	0.005	0.02	1	1	0.8	1	0.95	2.5	15	1	0.95	2.5	15	1	0.95	2.5	15	1	0.95	2.5	15	0	0.5	0.475	1.25	7.5	0.5	0.475	1.25	7.5	0.5	0.475	1.25	7.5	0.5	0.475	1.25	7.5	0	0.2	0.2	0.2	0.2	0.2	0.2	0.2	0.2	0.2	0.2	0.2	0.2	0.2	0.2	0.2	0.2	0
10000	6.4019	0.0013198	0.03	1	1	0.8	0.59616	0.3	2.5	15	0.59616	0.3	2.5	15	0.59616	0.3	2.5	15	0.59616	0.3	2.5	15	0	0.61723	0.3106	2.5884	15.53	0.61723	0.3106	2.5884	15.53	0.61723	0.3106	2.5884	15.53	0.61723	0.3106	2.5884	15.53	0	0.2727	0.2727	0.2727	0.2727	0.2	0.2	0.2	0.2	0.2	0.2	0.2	0.2	0.2	0.2	0.2	0.2	0
10000	10	0.0057212	0.03097	1	1	0.96765	0.70325	0.59611	3.2233	15.901	0.70325	0.59611	3.2233	15.901	0.70325	0.59611	3.2233	15.901	0.70325	0.59611	3.2233	15.901	0	0.68335	0.57924	3.132	15.451	0.68335	0.57924	3.132	15.451	0.68335	0.57924	3.132	15.451	0.68335	0.57924	3.132	15.451	0	0.18706	0.18706	0.18706	0.18706	0.21035	0.21035	0.21035	0.21035	0.19085	0.19085	0.19085	0.19085	0.19085	0.19085	0.19085	0.19085	0
10000	8.3492	0.010371	0.020413	1	1	0.78143	0.42289	0.41223	3.4536	15.165	0.42289	0.41223	3.4536	15.165	0.42289	0.41223	3.4536	15.165	0.42289	0.41223	3.4536	15.165	0	0.85779	0.83617	7.0052	30.761	0.85779	0.83617	7.0052	30.761	0.85779	0.83617	7.0052	30.761	0.85779	0.83617	7.0052	30.761	0	0.58659	0.58659	0.58659	0.58659	0.19194	0.19194	0.19194	0.19194	0.10413	0.10413	0.10413	0.10413	0.10413	0.10413	0.10413	0.10413	0
10000	8.2896	0.0064076	0.02	1	1	0.4842	0.70998	0.6	2.7778	13.879	0.70998	0.6	2.7778	13.879	0.70998	0.6	2.7778	13.879	0.70998	0.6	2.7778	13.879	0	1.5442	1.305	6.0416	30.187	1.5442	1.305	6.0416	30.187	1.5442	1.305	6.0416	30.187	1.5442	1.305	6.0416	30.187	0	0.18066	0.18066	0.18066	0.18066	0.18115	0.18115	0.18115	0.18115	0.27059	0.27059	0.27059	0.27059	0.27059	0.27059	0.27059	0.27059	0
10000	6.5442	0.0031385	0.01	1	1	0.98155	0.39286	0.26952	2.8742	12.901	0.39286	0.26952	2.8742	12.901	0.39286	0.26952	2.8742	12.901	0.39286	0.26952	2.8742	12.901	0	0.64701	0.44388	4.7335	21.247	0.64701	0.44388	4.7335	21.247	0.64701	0.44388	4.7335	21.247	0.64701	0.44388	4.7335	21.247	0	0.40149	0.40149	0.40149	0.40149	0.22515	0.22515	0.22515	0.22515	0.19619	0.19619	0.19619	0.19619	0.19619	0.19619	0.19619	0.19619	0
10000	9.9999	0.0066699	0.015886	1	1	0.25601	0.61487	0.4337	2.86	28.355	0.61487	0.4337	2.86	28.355	0.61487	0.4337	2.86	28.355	0.61487	0.4337	2.86	28.355	0	1.4036	0.99007	6.5289	64.729	1.4036	0.99007	6.5289	64.729	1.4036	0.99007	6.5289	64.729	1.4036	0.99007	6.5289	64.729	0	0.28228	0.28228	0.28228	0.28228	0.11772	0.11772	0.11772	0.11772	0.28228	0.28228	0.28228	0.28228	0.28228	0.28228	0.28228	0.28228	0
10000	7.3141	0.01	0.02	1	1	0.25331	0.038925	0.3	4.6667	15	0.038925	0.3	4.6667	15	0.038925	0.3	4.6667	15	0.038925	0.3	4.6667	15	0	0.041118	0.3169	4.9295	15.845	0.041118	0.3169	4.9295	15.845	0.041118	0.3169	4.9295	15.845	0.041118	0.3169	4.9295	15.845	0	0.2	0.2	0.2	0.2	0.45958	0.45958	0.45958	0.45958	0.3	0.3	0.3	0.3	0.3	0.3	0.3	0.3	0
10000	4.7188	0.0092956	0.01	1	1	0.68086	1.4997	0.4998	6.8898	15.002	1.4997	0.4998	6.8898	15.002	1.4997	0.4998	6.8898	15.002	1.4997	0.4998	6.8898	15.002	0	0.7499	0.24992	3.4452	7.5018	0.7499	0.24992	3.4452	7.5018	0.7499	0.24992	3.4452	7.5018	0.7499	0.24992	3.4452	7.5018	0	0.27323	0.27323	0.27323	0.27323	0.19989	0.19989	0.19989	0.19989	0.16527	0.16527	0.16527	0.16527	0.16527	0.16527	0.16527	0.16527	0
10000	3	0.001	0.022082	1	1	0.4	1	0.5	2.5	15	1	0.5	2.5	15	1	0.5	2.5	15	1	0.5	2.5	15	0	0.33333	0.16667	0.83333	5	0.33333	0.16667	0.83333	5	0.33333	0.16667	0.83333	5	0.33333	0.16667	0.83333	5	0	0.26456	0.26456	0.26456	0.26456	0.2	0.2	0.2	0.2	0.21506	0.21506	0.21506	0.21506	0.21506	0.21506	0.21506	0.21506	0
10000	7	0.01	0.02	1	1	0.4	0.8	0.3	3.5	10	0.8	0.3	3.5	10	0.8	0.3	3.5	10	0.8	0.3	3.5	10	0	0.4	0.15	1.75	5	0.4	0.15	1.75	5	0.4	0.15	1.75	5	0.4	0.15	1.75	5	0	0.2	0.2	0.2	0.2	0.2	0.2	0.2	0.2	0.2	0.2	0.2	0.2	0.2	0.2	0.2	0.2	0
10000	3	0.01	0.016606	1	1	0.4	0.8	0.3	5.5646	30	0.8	0.3	5.5646	30	0.8	0.3	5.5646	30	0.8	0.3	5.5646	30	0	0.4	0.15	2.7823	15	0.4	0.15	2.7823	15	0.4	0.15	2.7823	15	0.4	0.15	2.7823	15	0	0.2	0.2	0.2	0.2	0.2	0.2	0.2	0.2	0	0	0	0	0	0	0	0	0
10000	5.9326	0.013	0.02125	1	1	0.43724	0.9375	0.33106	7.0644	14.5	0.9375	0.33106	7.0644	14.5	0.9375	0.33106	7.0644	14.5	0.9375	0.33106	7.0644	14.5	0	0.81571	0.28805	6.1466	12.616	0.81571	0.28805	6.1466	12.616	0.81571	0.28805	6.1466	12.616	0.81571	0.28805	6.1466	12.616	0	0.24417	0.24417	0.24417	0.24417	0.175	0.175	0.175	0.175	0.175	0.175	0.175	0.175	0.175	0.175	0.175	0.175	0
10000	3	0.0099999	0.01	1	1	0.8	0.93506	0.3	5	20	0.93506	0.3	5	20	0.93506	0.3	5	20	0.93506	0.3	5	20	0	0.93506	0.3	5	20	0.93506	0.3	5	20	0.93506	0.3	5	20	0.93506	0.3	5	20	0	0.26667	0.26667	0.26667	0.26667	0.2	0.2	0.2	0.2	0.21111	0.21111	0.21111	0.21111	0.21111	0.21111	0.21111	0.21111	0
10000	3	0.002	0.014999	1	1	0.69063	0.8	0.3	3.5	15	0.8	0.3	3.5	15	0.8	0.3	3.5	15	0.8	0.3	3.5	15	0	0.85936	0.32226	3.7597	16.113	0.85936	0.32226	3.7597	16.113	0.85936	0.32226	3.7597	16.113	0.85936	0.32226	3.7597	16.113	0	0.2	0.2	0.2	0.2	0.3	0.3	0.3	0.3	0.2	0.2	0.2	0.2	0.2	0.2	0.2	0.2	0
10000	3	0.005956	0.02	1	1	0.8	0.82244	0.3	5	30	0.82244	0.3	5	30	0.82244	0.3	5	30	0.82244	0.3	5	30	0	0.82244	0.3	5	30	0.82244	0.3	5	30	0.82244	0.3	5	30	0.82244	0.3	5	30	0	0.7	0.7	0.7	0.7	0.2	0.2	0.2	0.2	0.2	0.2	0.2	0.2	0.2	0.2	0.2	0.2	0
10000	3.0271	0.001	0.019248	1	1	0.8125	0.8149	0.19033	3.704	19.889	0.8149	0.19033	3.704	19.889	0.8149	0.19033	3.704	19.889	0.8149	0.19033	3.704	19.889	0	0.6236	0.14565	2.8344	15.22	0.6236	0.14565	2.8344	15.22	0.6236	0.14565	2.8344	15.22	0.6236	0.14565	2.8344	15.22	0	0.27322	0.27322	0.27322	0.27322	0.19444	0.19444	0.19444	0.19444	0.20556	0.20556	0.20556	0.20556	0.20556	0.20556	0.20556	0.20556	0
10000	3.7365	0.001	0.03	1	1	0.8	0.99623	0.3	3.5	15	0.99623	0.3	3.5	15	0.99623	0.3	3.5	15	0.99623	0.3	3.5	15	0	0.99623	0.3	3.5	15	0.99623	0.3	3.5	15	0.99623	0.3	3.5	15	0.99623	0.3	3.5	15	0	0.2	0.2	0.2	0.2	0.2	0.2	0.2	0.2	0.2	0.2	0.2	0.2	0.2	0.2	0.2	0.2	0
10000	2.9312	0.72355	0.022597	1	1	0.69483	0.87017	0.31561	2.9244	12.403	0.87017	0.31561	2.9244	12.403	0.87017	0.31561	2.9244	12.403	0.87017	0.31561	2.9244	12.403	0	1.163	0.42183	3.9086	16.577	1.163	0.42183	3.9086	16.577	1.163	0.42183	3.9086	16.577	1.163	0.42183	3.9086	16.577	0	0.14807	0.14807	0.14807	0.14807	0.25072	0.25072	0.25072	0.25072	0.14807	0.14807	0.14807	0.14807	0.14807	0.14807	0.14807	0.14807	0
10000	0.11728	0.021937	0.02056	1	1	0.8	0.9032	0.31975	2.5	21.297	0.9032	0.31975	2.5	21.297	0.9032	0.31975	2.5	21.297	0.9032	0.31975	2.5	21.297	0	1.0125	0.35843	2.8024	23.873	1.0125	0.35843	2.8024	23.873	1.0125	0.35843	2.8024	23.873	1.0125	0.35843	2.8024	23.873	0	0.2	0.2	0.2	0.2	0.19912	0.19912	0.19912	0.19912	0.24623	0.24623	0.24623	0.24623	0.24623	0.24623	0.24623	0.24623	0
10000	2.3171	0.0062053	0.036557	1	1	0.8	0.8	0.26078	2.5	15	0.8	0.26078	2.5	15	0.8	0.26078	2.5	15	0.8	0.26078	2.5	15	0	1.5195	0.49531	4.7484	28.491	1.5195	0.49531	4.7484	28.491	1.5195	0.49531	4.7484	28.491	1.5195	0.49531	4.7484	28.491	0	0.066667	0.066667	0.066667	0.066667	0.27528	0.27528	0.27528	0.27528	0.17296	0.17296	0.17296	0.17296	0.17296	0.17296	0.17296	0.17296	0
10000	2.1409	0.015999	0.01	1	1	1.1053	0.91217	-0.05264	2.3158	10.579	0.91217	-0.05264	2.3158	10.579	0.91217	-0.05264	2.3158	10.579	0.91217	-0.05264	2.3158	10.579	0	1.6594	-0.095763	4.2129	19.246	1.6594	-0.095763	4.2129	19.246	1.6594	-0.095763	4.2129	19.246	1.6594	-0.095763	4.2129	19.246	0	0.20176	0.20176	0.20176	0.20176	0.36317	0.36317	0.36317	0.36317	0.15789	0.15789	0.15789	0.15789	0.15789	0.15789	0.15789	0.15789	0
10000	0.1	1	0.023167	1	1	0.65748	0.84165	0.37586	2.7771	13.733	0.84165	0.37586	2.7771	13.733	0.84165	0.37586	2.7771	13.733	0.84165	0.37586	2.7771	13.733	0	0.95826	0.42793	3.1619	15.636	0.95826	0.42793	3.1619	15.636	0.95826	0.42793	3.1619	15.636	0.95826	0.42793	3.1619	15.636	0	0.13666	0.13666	0.13666	0.13666	0.26334	0.26334	0.26334	0.26334	0.49502	0.49502	0.49502	0.49502	0.49502	0.49502	0.49502	0.49502	0
10000	5	0.001	0.02	1	1	0.33001	1.5	0.3	3.0593	10	1.5	0.3	3.0593	10	1.5	0.3	3.0593	10	1.5	0.3	3.0593	10	0	0.75	0.15	1.5297	5	0.75	0.15	1.5297	5	0.75	0.15	1.5297	5	0.75	0.15	1.5297	5	0	0.3	0.3	0.3	0.3	0.2	0.2	0.2	0.2	0.1	0.1	0.1	0.1	0.1	0.1	0.1	0.1	0
10000	6.1027	0.005	0.03	1	1	0.35899	1.0667	0.3	5.9835	26.667	1.0667	0.3	5.9835	26.667	1.0667	0.3	5.9835	26.667	1.0667	0.3	5.9835	26.667	0	0.53333	0.15	2.9917	13.333	0.53333	0.15	2.9917	13.333	0.53333	0.15	2.9917	13.333	0.53333	0.15	2.9917	13.333	0	0.26667	0.26667	0.26667	0.26667	0.2	0.2	0.2	0.2	0.2	0.2	0.2	0.2	0.2	0.2	0.2	0.2	0
10000	5.0016	0.0023348	0.01	1	1	0.46581	0.99947	0.59965	4.8583	10.003	0.99947	0.59965	4.8583	10.003	0.99947	0.59965	4.8583	10.003	0.99947	0.59965	4.8583	10.003	0	0.53248	0.31947	2.5883	5.3292	0.53248	0.31947	2.5883	5.3292	0.53248	0.31947	2.5883	5.3292	0.53248	0.31947	2.5883	5.3292	0	0.24385	0.24385	0.24385	0.24385	0.20018	0.20018	0.20018	0.20018	0.20021	0.20021	0.20021	0.20021	0.20021	0.20021	0.20021	0.20021	0
10000	3.9279	0.0018583	0.011378	1	1	0.33938	0.9134	0.23112	3.6681	14.307	0.9134	0.23112	3.6681	14.307	0.9134	0.23112	3.6681	14.307	0.9134	0.23112	3.6681	14.307	0	0.22835	0.057781	0.91704	3.5768	0.22835	0.057781	0.91704	3.5768	0.22835	0.057781	0.91704	3.5768	0.22835	0.057781	0.91704	3.5768	0	0.28989	0.28989	0.28989	0.28989	0.21689	0.21689	0.21689	0.21689	0.23075	0.23075	0.23075	0.23075	0.23075	0.23075	0.23075	0.23075	0
10000	2.8389	0.001	0.01	1	1	0.55582	0.8	0.4	5	30	0.8	0.4	5	30	0.8	0.4	5	30	0.8	0.4	5	30	0	0.4	0.2	2.5	15	0.4	0.2	2.5	15	0.4	0.2	2.5	15	0.4	0.2	2.5	15	0	0.27588	0.27588	0.27588	0.27588	0.4	0.4	0.4	0.4	0.2	0.2	0.2	0.2	0.2	0.2	0.2	0.2	0
10000	6.4184	0.0044814	0.010485	1	1	0.83329	0.68735	0.69042	2.806	20.556	0.68735	0.69042	2.806	20.556	0.68735	0.69042	2.806	20.556	0.68735	0.69042	2.806	20.556	0	0.59974	0.60242	2.4483	17.936	0.59974	0.60242	2.4483	17.936	0.59974	0.60242	2.4483	17.936	0.59974	0.60242	2.4483	17.936	0	0.23735	0.23735	0.23735	0.23735	0.27507	0.27507	0.27507	0.27507	0.2197	0.2197	0.2197	0.2197	0.2197	0.2197	0.2197	0.2197	0
10000	9.9999	0.001	0.01	1	1	1	0.8	0.55556	3.5	18.333	0.8	0.55556	3.5	18.333	0.8	0.55556	3.5	18.333	0.8	0.55556	3.5	18.333	0	0.33333	0.23148	1.4583	7.6389	0.33333	0.23148	1.4583	7.6389	0.33333	0.23148	1.4583	7.6389	0.33333	0.23148	1.4583	7.6389	0	0.1963	0.1963	0.1963	0.1963	0.16667	0.16667	0.16667	0.16667	0.2	0.2	0.2	0.2	0.2	0.2	0.2	0.2	0
10000	5.2452	0.001	0.01	1	1	0.81219	0.86831	0.96322	3.6814	14.892	0.86831	0.96322	3.6814	14.892	0.86831	0.96322	3.6814	14.892	0.86831	0.96322	3.6814	14.892	0	0.21708	0.24081	0.92036	3.7229	0.21708	0.24081	0.92036	3.7229	0.21708	0.24081	0.92036	3.7229	0.21708	0.24081	0.92036	3.7229	0	0.20564	0.20564	0.20564	0.20564	0.20542	0.20542	0.20542	0.20542	0.20542	0.20542	0.20542	0.20542	0.20542	0.20542	0.20542	0.20542	0
10000	4.0832	0.001	0.011169	1	1	1	0.8	0.5	4.0417	10	0.8	0.5	4.0417	10	0.8	0.5	4.0417	10	0.8	0.5	4.0417	10	0	0.67797	0.42373	3.4252	8.4746	0.67797	0.42373	3.4252	8.4746	0.67797	0.42373	3.4252	8.4746	0.67797	0.42373	3.4252	8.4746	0	0.21204	0.21204	0.21204	0.21204	0.3	0.3	0.3	0.3	0.2	0.2	0.2	0.2	0.2	0.2	0.2	0.2	0
10000	3	0.001	0.023018	1	1	1.0962	0.56484	0.3	3.5	20	0.56484	0.3	3.5	20	0.56484	0.3	3.5	20	0.56484	0.3	3.5	20	0	0.28823	0.15309	1.786	10.206	0.28823	0.15309	1.786	10.206	0.28823	0.15309	1.786	10.206	0.28823	0.15309	1.786	10.206	0	0.2307	0.2307	0.2307	0.2307	0.2	0.2	0.2	0.2	0.26804	0.26804	0.26804	0.26804	0.26804	0.26804	0.26804	0.26804	0
10000	0.1	0.0093618	0.019291	1	1	0.55815	1.0251	0.32304	7.0798	60.488	1.0251	0.32304	7.0798	60.488	1.0251	0.32304	7.0798	60.488	1.0251	0.32304	7.0798	60.488	0	0.54325	0.1712	3.752	32.056	0.54325	0.1712	3.752	32.056	0.54325	0.1712	3.752	32.056	0.54325	0.1712	3.752	32.056	0	0.18101	0.18101	0.18101	0.18101	0.17848	0.17848	0.17848	0.17848	0.18582	0.18582	0.18582	0.18582	0.18582	0.18582	0.18582	0.18582	0
10000	0.60937	0.0058333	0.02	1	1	0.44419	0.8	0.10108	3.6818	15	0.8	0.10108	3.6818	15	0.8	0.10108	3.6818	15	0.8	0.10108	3.6818	15	0	0.50833	0.06423	2.3395	9.5312	0.50833	0.06423	2.3395	9.5312	0.50833	0.06423	2.3395	9.5312	0.50833	0.06423	2.3395	9.5312	0	0.20639	0.20639	0.20639	0.20639	0.13333	0.13333	0.13333	0.13333	0.2	0.2	0.2	0.2	0.2	0.2	0.2	0.2	0
10000	3.0668	0.02	0.01	1	1	0.8	1	0.10743	5	15	1	0.10743	5	15	1	0.10743	5	15	1	0.10743	5	15	0	0.5	0.053716	2.5	7.5	0.5	0.053716	2.5	7.5	0.5	0.053716	2.5	7.5	0.5	0.053716	2.5	7.5	0	0.18201	0.18201	0.18201	0.18201	0.2	0.2	0.2	0.2	0.1	0.1	0.1	0.1	0.1	0.1	0.1	0.1	0
10000	3	0.005	0.02	1	1	0.30683	1.5	0.3	3.3333	36.667	1.5	0.3	3.3333	36.667	1.5	0.3	3.3333	36.667	1.5	0.3	3.3333	36.667	0	0.75	0.15	1.6667	18.333	0.75	0.15	1.6667	18.333	0.75	0.15	1.6667	18.333	0.75	0.15	1.6667	18.333	0	0.2	0.2	0.2	0.2	0.2	0.2	0.2	0.2	0.2	0.2	0.2	0.2	0.2	0.2	0.2	0.2	0
10000	0.54973	0.01035	0.0195	1	1	0.4721	0.98227	0.50613	4.9261	88.058	0.98227	0.50613	4.9261	88.058	0.98227	0.50613	4.9261	88.058	0.98227	0.50613	4.9261	88.058	0	0.66152	0.34086	3.3175	59.303	0.66152	0.34086	3.3175	59.303	0.66152	0.34086	3.3175	59.303	0.66152	0.34086	3.3175	59.303	0	0.20834	0.20834	0.20834	0.20834	0.2276	0.2276	0.2276	0.2276	0.24618	0.24618	0.24618	0.24618	0.24618	0.24618	0.24618	0.24618	0
10000	5	0.01	0.01	1	1	0.61436	1	0.5	2.5	15	1	0.5	2.5	15	1	0.5	2.5	15	1	0.5	2.5	15	0	1	0.5	2.5	15	1	0.5	2.5	15	1	0.5	2.5	15	1	0.5	2.5	15	0	0.3	0.3	0.3	0.3	0.2	0.2	0.2	0.2	0	0	0	0	0	0	0	0	0
10000	9	0.01	0.02	1	1	0.59722	1	0.3	5	15	1	0.3	5	15	1	0.3	5	15	1	0.3	5	15	0	1	0.3	5	15	1	0.3	5	15	1	0.3	5	15	1	0.3	5	15	0	0.2	0.2	0.2	0.2	0.2	0.2	0.2	0.2	0.2	0.2	0.2	0.2	0.2	0.2	0.2	0.2	0
10000	6.8987	0.0047949	0.020513	1	1	0.77692	0.97437	0.28333	2.4551	19.795	0.97437	0.28333	2.4551	19.795	0.97437	0.28333	2.4551	19.795	0.97437	0.28333	2.4551	19.795	0	1.0522	0.30597	2.6512	21.376	1.0522	0.30597	2.6512	21.376	1.0522	0.30597	2.6512	21.376	1.0522	0.30597	2.6512	21.376	0	0.18974	0.18974	0.18974	0.18974	0.21026	0.21026	0.21026	0.21026	0.18974	0.18974	0.18974	0.18974	0.18974	0.18974	0.18974	0.18974	0
10000	3	0.0052889	0.01	1	1	0.72169	0.99998	0.30001	3.3333	12.296	0.99998	0.30001	3.3333	12.296	0.99998	0.30001	3.3333	12.296	0.99998	0.30001	3.3333	12.296	0	1.0699	0.32099	3.5664	13.156	1.0699	0.32099	3.5664	13.156	1.0699	0.32099	3.5664	13.156	1.0699	0.32099	3.5664	13.156	0	0.39999	0.39999	0.39999	0.39999	0.15664	0.15664	0.15664	0.15664	0.2	0.2	0.2	0.2	0.2	0.2	0.2	0.2	0
10000	5	0.01	0.021483	1	1	0.61753	1	0.3	2.5	15	1	0.3	2.5	15	1	0.3	2.5	15	1	0.3	2.5	15	0	1.2715	0.38144	3.1787	19.072	1.2715	0.38144	3.1787	19.072	1.2715	0.38144	3.1787	19.072	1.2715	0.38144	3.1787	19.072	0	0.28869	0.28869	0.28869	0.28869	0.2	0.2	0.2	0.2	0.16667	0.16667	0.16667	0.16667	0.16667	0.16667	0.16667	0.16667	0
10000	3.6719	0.005	0.02	1	1	0.4	0.73995	1.0207	2.8728	15	0.73995	1.0207	2.8728	15	0.73995	1.0207	2.8728	15	0.73995	1.0207	2.8728	15	0	0.73995	1.0207	2.8728	15	0.73995	1.0207	2.8728	15	0.73995	1.0207	2.8728	15	0.73995	1.0207	2.8728	15	0	0.2	0.2	0.2	0.2	0.2	0.2	0.2	0.2	0.20107	0.20107	0.20107	0.20107	0.20107	0.20107	0.20107	0.20107	0
10000	2.9541	0.001	0.026177	1	1	0.80353	0.79013	0.51235	2.4469	19.978	0.79013	0.51235	2.4469	19.978	0.79013	0.51235	2.4469	19.978	0.79013	0.51235	2.4469	19.978	0	0.80704	0.52331	2.4993	20.406	0.80704	0.52331	2.4993	20.406	0.80704	0.52331	2.4993	20.406	0.80704	0.52331	2.4993	20.406	0	0.20157	0.20157	0.20157	0.20157	0.19843	0.19843	0.19843	0.19843	0.19843	0.19843	0.19843	0.19843	0.19843	0.19843	0.19843	0.19843	0
10000	2.9982	0.0049925	0.016911	1	1	0.75954	0.6199	0.64758	2.4984	14.226	0.6199	0.64758	2.4984	14.226	0.6199	0.64758	2.4984	14.226	0.6199	0.64758	2.4984	14.226	0	0.67571	0.70588	2.7233	15.507	0.67571	0.70588	2.7233	15.507	0.67571	0.70588	2.7233	15.507	0.67571	0.70588	2.7233	15.507	0	0.19988	0.19988	0.19988	0.19988	0.2112	0.2112	0.2112	0.2112	0.10019	0.10019	0.10019	0.10019	0.10019	0.10019	0.10019	0.10019	0
10000	3.9383	0.001	0.022412	1	1	0.8	0.86545	0.6	2.8368	30	0.86545	0.6	2.8368	30	0.86545	0.6	2.8368	30	0.86545	0.6	2.8368	30	0	0.86545	0.6	2.8368	30	0.86545	0.6	2.8368	30	0.86545	0.6	2.8368	30	0.86545	0.6	2.8368	30	0	0.13918	0.13918	0.13918	0.13918	0.12516	0.12516	0.12516	0.12516	0.2	0.2	0.2	0.2	0.2	0.2	0.2	0.2	0
10000	10	0.0050362	0.048603	1	1	0.53741	0.99547	1.1861	3.3493	18.297	0.99547	1.1861	3.3493	18.297	0.99547	1.1861	3.3493	18.297	0.99547	1.1861	3.3493	18.297	0	0.78665	0.93728	2.6467	14.459	0.78665	0.93728	2.6467	14.459	0.78665	0.93728	2.6467	14.459	0.78665	0.93728	2.6467	14.459	0	0.19819	0.19819	0.19819	0.19819	0	0	0	0	0.19954	0.19954	0.19954	0.19954	0.19954	0.19954	0.19954	0.19954	0
10000	9.4581	0.0018889	0.0475	1	1	0.28455	1.1399	0.70065	2.5	15	1.1399	0.70065	2.5	15	1.1399	0.70065	2.5	15	1.1399	0.70065	2.5	15	0	0.28498	0.17516	0.625	3.75	0.28498	0.17516	0.625	3.75	0.28498	0.17516	0.625	3.75	0.28498	0.17516	0.625	3.75	0	0.23333	0.23333	0.23333	0.23333	0.25778	0.25778	0.25778	0.25778	0.26667	0.26667	0.26667	0.26667	0.26667	0.26667	0.26667	0.26667	0
10000	7.791	0.001	0.06	1	1	0.4	0.8	0.3	2.5	15	0.8	0.3	2.5	15	0.8	0.3	2.5	15	0.8	0.3	2.5	15	0	0.8	0.3	2.5	15	0.8	0.3	2.5	15	0.8	0.3	2.5	15	0.8	0.3	2.5	15	0	0.3	0.3	0.3	0.3	0.2	0.2	0.2	0.2	0.2	0.2	0.2	0.2	0.2	0.2	0.2	0.2	0
10000	3.4742	0.001	0.083312	1	1	0.58476	1	1.1089	3.3333	15	1	1.1089	3.3333	15	1	1.1089	3.3333	15	1	1.1089	3.3333	15	0	0.25	0.27722	0.83333	3.75	0.25	0.27722	0.83333	3.75	0.25	0.27722	0.83333	3.75	0.25	0.27722	0.83333	3.75	0	0.22986	0.22986	0.22986	0.22986	0.2	0.2	0.2	0.2	0.2	0.2	0.2	0.2	0.2	0.2	0.2	0.2	0
10000	5.7644	0.001	0.020712	1	1	0.55766	0.75681	0.099386	3.8336	14.125	0.75681	0.099386	3.8336	14.125	0.75681	0.099386	3.8336	14.125	0.75681	0.099386	3.8336	14.125	0	0.1892	0.024847	0.95841	3.5313	0.1892	0.024847	0.95841	3.5313	0.1892	0.024847	0.95841	3.5313	0.1892	0.024847	0.95841	3.5313	0	0.23365	0.23365	0.23365	0.23365	0.17971	0.17971	0.17971	0.17971	0.17778	0.17778	0.17778	0.17778	0.17778	0.17778	0.17778	0.17778	0
10000	0.54278	0.0047234	0.018696	1	1	0.45845	0.78479	1.0215	3.5322	15.706	0.78479	1.0215	3.5322	15.706	0.78479	1.0215	3.5322	15.706	0.78479	1.0215	3.5322	15.706	0	0.37503	0.48813	1.6879	7.5056	0.37503	0.48813	1.6879	7.5056	0.37503	0.48813	1.6879	7.5056	0.37503	0.48813	1.6879	7.5056	0	0.31052	0.31052	0.31052	0.31052	0.20236	0.20236	0.20236	0.20236	0.11562	0.11562	0.11562	0.11562	0.11562	0.11562	0.11562	0.11562	0
10000	4.1833	0.0019579	0.02	1	1	0.4	1	0.3	2.5	15	1	0.3	2.5	15	1	0.3	2.5	15	1	0.3	2.5	15	0	1.1719	0.35156	2.9297	17.578	1.1719	0.35156	2.9297	17.578	1.1719	0.35156	2.9297	17.578	1.1719	0.35156	2.9297	17.578	0	0.2	0.2	0.2	0.2	0.2	0.2	0.2	0.2	0.2	0.2	0.2	0.2	0.2	0.2	0.2	0.2	0
10000	6.5237	0.001	0.029531	1	1	0.4	1.1214	0.30482	3.1815	15	1.1214	0.30482	3.1815	15	1.1214	0.30482	3.1815	15	1.1214	0.30482	3.1815	15	0	1.1214	0.30482	3.1815	15	1.1214	0.30482	3.1815	15	1.1214	0.30482	3.1815	15	1.1214	0.30482	3.1815	15	0	0.2	0.2	0.2	0.2	0.21852	0.21852	0.21852	0.21852	0.17778	0.17778	0.17778	0.17778	0.17778	0.17778	0.17778	0.17778	0
10000	5.8266	0.001	0.02	1	1	0.46437	1	0.3	3.3333	15	1	0.3	3.3333	15	1	0.3	3.3333	15	1	0.3	3.3333	15	0	1.0029	0.30086	3.3428	15.043	1.0029	0.30086	3.3428	15.043	1.0029	0.30086	3.3428	15.043	1.0029	0.30086	3.3428	15.043	0	0.16667	0.16667	0.16667	0.16667	0.2	0.2	0.2	0.2	0.2	0.2	0.2	0.2	0.2	0.2	0.2	0.2	0
10000	7.9875	0.001	0.01	1	1	0.43995	1.25	0.1375	2.9375	18	1.25	0.1375	2.9375	18	1.25	0.1375	2.9375	18	1.25	0.1375	2.9375	18	0	1.0605	0.11666	2.4922	15.271	1.0605	0.11666	2.4922	15.271	1.0605	0.11666	2.4922	15.271	1.0605	0.11666	2.4922	15.271	0	0.31731	0.31731	0.31731	0.31731	0.10347	0.10347	0.10347	0.10347	0.05	0.05	0.05	0.05	0.05	0.05	0.05	0.05	0
10000	7.0008	0.0049983	0.01	1	1	0.80019	1.0946	0.30009	2.4996	20.002	1.0946	0.30009	2.4996	20.002	1.0946	0.30009	2.4996	20.002	1.0946	0.30009	2.4996	20.002	0	1.3541	0.37123	3.0922	24.744	1.3541	0.37123	3.0922	24.744	1.3541	0.37123	3.0922	24.744	1.3541	0.37123	3.0922	24.744	0	0.19992	0.19992	0.19992	0.19992	0	0	0	0	0.19992	0.19992	0.19992	0.19992	0.19992	0.19992	0.19992	0.19992	0
10000	3.687	0.0031595	0.02	1	1	1.2917	0.035428	0.40528	3.0297	25.495	0.035428	0.40528	3.0297	25.495	0.035428	0.40528	3.0297	25.495	0.035428	0.40528	3.0297	25.495	0	0.043178	0.49393	3.6924	31.072	0.043178	0.49393	3.6924	31.072	0.043178	0.49393	3.6924	31.072	0.043178	0.49393	3.6924	31.072	0	0.099999	0.099999	0.099999	0.099999	0.3	0.3	0.3	0.3	0.25	0.25	0.25	0.25	0.25	0.25	0.25	0.25	0
10000	5.1223	0.0060341	0.020994	1	1	1.0686	0.13012	0.29858	6.9951	10.012	0.13012	0.29858	6.9951	10.012	0.13012	0.29858	6.9951	10.012	0.13012	0.29858	6.9951	10.012	0	0.03253	0.074646	1.7488	2.503	0.03253	0.074646	1.7488	2.503	0.03253	0.074646	1.7488	2.503	0.03253	0.074646	1.7488	2.503	0	0.24568	0.24568	0.24568	0.24568	0.22798	0.22798	0.22798	0.22798	0.20087	0.20087	0.20087	0.20087	0.20087	0.20087	0.20087	0.20087	0
10000	4.8937	0.0036667	0.015316	1	1	1.0667	0.032723	0.47221	2.614	20	0.032723	0.47221	2.614	20	0.032723	0.47221	2.614	20	0.032723	0.47221	2.614	20	0	0.033635	0.48538	2.6869	20.558	0.033635	0.48538	2.6869	20.558	0.033635	0.48538	2.6869	20.558	0.033635	0.48538	2.6869	20.558	0	0.4	0.4	0.4	0.4	0.2	0.2	0.2	0.2	0.19231	0.19231	0.19231	0.19231	0.19231	0.19231	0.19231	0.19231	0
10000	3.143	0.001	0.12336	1	1	1.0392	0.41744	-0.0034736	2.615	14.531	0.41744	-0.0034736	2.615	14.531	0.41744	-0.0034736	2.615	14.531	0.41744	-0.0034736	2.615	14.531	0	0.37455	-0.0031167	2.3463	13.038	0.37455	-0.0031167	2.3463	13.038	0.37455	-0.0031167	2.3463	13.038	0.37455	-0.0031167	2.3463	13.038	0	0.18344	0.18344	0.18344	0.18344	0.20328	0.20328	0.20328	0.20328	0.30136	0.30136	0.30136	0.30136	0.30136	0.30136	0.30136	0.30136	0
10000	5.1907	0.015192	0.01	1	1	0.96874	0.41337	0.4	4.6667	7.5756	0.41337	0.4	4.6667	7.5756	0.41337	0.4	4.6667	7.5756	0.41337	0.4	4.6667	7.5756	0	0.41337	0.4	4.6667	7.5756	0.41337	0.4	4.6667	7.5756	0.41337	0.4	4.6667	7.5756	0.41337	0.4	4.6667	7.5756	0	0.18889	0.18889	0.18889	0.18889	0.2	0.2	0.2	0.2	0.2	0.2	0.2	0.2	0.2	0.2	0.2	0.2	0
10000	4.5067	0.005	0.01	1	1	0.70354	0.75119	0.5	4.6667	16.667	0.75119	0.5	4.6667	16.667	0.75119	0.5	4.6667	16.667	0.75119	0.5	4.6667	16.667	0	0.7175	0.47758	4.4574	15.919	0.7175	0.47758	4.4574	15.919	0.7175	0.47758	4.4574	15.919	0.7175	0.47758	4.4574	15.919	0	0.2	0.2	0.2	0.2	0.2	0.2	0.2	0.2	0.2	0.2	0.2	0.2	0.2	0.2	0.2	0.2	0
10000	4.4197	0.0013985	0.010556	1	1	0.80016	0.69212	0.44484	4.2629	62.354	0.69212	0.44484	4.2629	62.354	0.69212	0.44484	4.2629	62.354	0.69212	0.44484	4.2629	62.354	0	0.7541	0.48468	4.6447	67.938	0.7541	0.48468	4.6447	67.938	0.7541	0.48468	4.6447	67.938	0.7541	0.48468	4.6447	67.938	0	0.31902	0.31902	0.31902	0.31902	0.23698	0.23698	0.23698	0.23698	0.24486	0.24486	0.24486	0.24486	0.24486	0.24486	0.24486	0.24486	0
10000	3.8008	0.0036638	0.018333	1	1	0.83482	0.64548	0.4	4.6667	13.333	0.64548	0.4	4.6667	13.333	0.64548	0.4	4.6667	13.333	0.64548	0.4	4.6667	13.333	0	0.61859	0.38333	4.4722	12.778	0.61859	0.38333	4.4722	12.778	0.61859	0.38333	4.4722	12.778	0.61859	0.38333	4.4722	12.778	0	0.18889	0.18889	0.18889	0.18889	0.2	0.2	0.2	0.2	0.20599	0.20599	0.20599	0.20599	0.20599	0.20599	0.20599	0.20599	0
10000	3.6609	0.001	0.027489	1	1	0.92269	0.73066	0.38717	3.0512	26.585	0.73066	0.38717	3.0512	26.585	0.73066	0.38717	3.0512	26.585	0.73066	0.38717	3.0512	26.585	0	0.84084	0.44555	3.5113	30.594	0.84084	0.44555	3.5113	30.594	0.84084	0.44555	3.5113	30.594	0.84084	0.44555	3.5113	30.594	0	0.19355	0.19355	0.19355	0.19355	0.090274	0.090274	0.090274	0.090274	0.20769	0.20769	0.20769	0.20769	0.20769	0.20769	0.20769	0.20769	0
10000	5	0.001	0.022258	1	1	0.88889	0.71484	0.6	5	15	0.71484	0.6	5	15	0.71484	0.6	5	15	0.71484	0.6	5	15	0	0.71484	0.6	5	15	0.71484	0.6	5	15	0.71484	0.6	5	15	0.71484	0.6	5	15	0	0.2	0.2	0.2	0.2	0.2	0.2	0.2	0.2	0.2	0.2	0.2	0.2	0.2	0.2	0.2	0.2	0
10000	4.1278	0.0041825	0.025496	1	1	0.64156	0.51021	0.51008	3.0656	17.198	0.51021	0.51008	3.0656	17.198	0.51021	0.51008	3.0656	17.198	0.51021	0.51008	3.0656	17.198	0	0.38753	0.38743	2.3285	13.063	0.38753	0.38743	2.3285	13.063	0.38753	0.38743	2.3285	13.063	0.38753	0.38743	2.3285	13.063	0	0.32246	0.32246	0.32246	0.32246	0.36255	0.36255	0.36255	0.36255	0.32714	0.32714	0.32714	0.32714	0.32714	0.32714	0.32714	0.32714	0
10000	3.0288	0.0083702	0.022963	1	1	0.61777	1.1123	1.4148	2.5	20	1.1123	1.4148	2.5	20	1.1123	1.4148	2.5	20	1.1123	1.4148	2.5	20	0	1.0196	1.2969	2.2917	18.333	1.0196	1.2969	2.2917	18.333	1.0196	1.2969	2.2917	18.333	1.0196	1.2969	2.2917	18.333	0	0.15185	0.15185	0.15185	0.15185	0.2	0.2	0.2	0.2	0	0	0	0	0	0	0	0	0
10000	2.55	0.01	0.02	1	1	0.57645	1	1.4949	2.5	15	1	1.4949	2.5	15	1	1.4949	2.5	15	1	1.4949	2.5	15	0	0.5	0.74744	1.25	7.5	0.5	0.74744	1.25	7.5	0.5	0.74744	1.25	7.5	0.5	0.74744	1.25	7.5	0	0.16667	0.16667	0.16667	0.16667	0.2	0.2	0.2	0.2	0.2	0.2	0.2	0.2	0.2	0.2	0.2	0.2	0
10000	7	0.0076224	0.03	1	1	0.58678	1	1.5027	2.7705	15	1	1.5027	2.7705	15	1	1.5027	2.7705	15	1	1.5027	2.7705	15	0	1	1.5027	2.7705	15	1	1.5027	2.7705	15	1	1.5027	2.7705	15	1	1.5027	2.7705	15	0	0.37476	0.37476	0.37476	0.37476	0.2	0.2	0.2	0.2	0.2	0.2	0.2	0.2	0.2	0.2	0.2	0.2	0
10000	6.7824	0.0066986	0.021039	1	1	0.66518	0.75332	1.2696	3.1898	63.09	0.75332	1.2696	3.1898	63.09	0.75332	1.2696	3.1898	63.09	0.75332	1.2696	3.1898	63.09	0	0.77193	1.301	3.2685	64.648	0.77193	1.301	3.2685	64.648	0.77193	1.301	3.2685	64.648	0.77193	1.301	3.2685	64.648	0	0.15556	0.15556	0.15556	0.15556	0.32099	0.32099	0.32099	0.32099	0.18135	0.18135	0.18135	0.18135	0.18135	0.18135	0.18135	0.18135	0
10000	2.9973	0.004493	0.017464	1	1	0.42793	0.93405	0.48986	2.8544	19.276	0.93405	0.48986	2.8544	19.276	0.93405	0.48986	2.8544	19.276	0.93405	0.48986	2.8544	19.276	0	0.23351	0.12246	0.7136	4.8189	0.23351	0.12246	0.7136	4.8189	0.23351	0.12246	0.7136	4.8189	0.23351	0.12246	0.7136	4.8189	0	0.20064	0.20064	0.20064	0.20064	0.20064	0.20064	0.20064	0.20064	0	0	0	0	0	0	0	0	0
10000	2.4049	0.001	0.028489	1	1	0.8	0.88422	0.3	3.5	20	0.88422	0.3	3.5	20	0.88422	0.3	3.5	20	0.88422	0.3	3.5	20	0	0.44211	0.15	1.75	10	0.44211	0.15	1.75	10	0.44211	0.15	1.75	10	0.44211	0.15	1.75	10	0	0.1	0.1	0.1	0.1	0.2	0.2	0.2	0.2	0	0	0	0	0	0	0	0	0
10000	9.9999	0.0024178	0.01	1	1	0.59213	1	0.3	3.6362	20	1	0.3	3.6362	20	1	0.3	3.6362	20	1	0.3	3.6362	20	0	0.60078	0.18023	2.1845	12.016	0.60078	0.18023	2.1845	12.016	0.60078	0.18023	2.1845	12.016	0.60078	0.18023	2.1845	12.016	0	0.3	0.3	0.3	0.3	0.2	0.2	0.2	0.2	0.1	0.1	0.1	0.1	0.1	0.1	0.1	0.1	0
10000	7.3541	0.0036667	0.019203	1	1	0.74502	1.0191	0.27345	4.0564	30.617	1.0191	0.27345	4.0564	30.617	1.0191	0.27345	4.0564	30.617	1.0191	0.27345	4.0564	30.617	0	0.50954	0.13672	2.0282	15.309	0.50954	0.13672	2.0282	15.309	0.50954	0.13672	2.0282	15.309	0.50954	0.13672	2.0282	15.309	0	0.19753	0.19753	0.19753	0.19753	0.2	0.2	0.2	0.2	0.19456	0.19456	0.19456	0.19456	0.19456	0.19456	0.19456	0.19456	0
10000	4.5195	0.0032222	0.01	1	1	0.78016	0.93825	0.67411	3.4958	19.98	0.93825	0.67411	3.4958	19.98	0.93825	0.67411	3.4958	19.98	0.93825	0.67411	3.4958	19.98	0	0.47032	0.33792	1.7523	10.015	0.47032	0.33792	1.7523	10.015	0.47032	0.33792	1.7523	10.015	0.47032	0.33792	1.7523	10.015	0	0.30094	0.30094	0.30094	0.30094	0.14717	0.14717	0.14717	0.14717	0.1548	0.1548	0.1548	0.1548	0.1548	0.1548	0.1548	0.1548	0
10000	4.3099	0.001	0.019986	1	1	0.80044	1.1745	0.49963	4.9991	15.006	1.1745	0.49963	4.9991	15.006	1.1745	0.49963	4.9991	15.006	1.1745	0.49963	4.9991	15.006	0	0.58696	0.24969	2.4983	7.4991	0.58696	0.24969	2.4983	7.4991	0.58696	0.24969	2.4983	7.4991	0.58696	0.24969	2.4983	7.4991	0	0.16683	0.16683	0.16683	0.16683	0	0	0	0	0.19971	0.19971	0.19971	0.19971	0.19971	0.19971	0.19971	0.19971	0
10000	10	0.004898	0.028174	1	1	0.80037	1.0004	0.29988	6.0211	9.8096	1.0004	0.29988	6.0211	9.8096	1.0004	0.29988	6.0211	9.8096	1.0004	0.29988	6.0211	9.8096	0	0.57065	0.17106	3.4346	5.5956	0.57065	0.17106	3.4346	5.5956	0.57065	0.17106	3.4346	5.5956	0.57065	0.17106	3.4346	5.5956	0	0.19984	0.19984	0.19984	0.19984	0	0	0	0	0.097635	0.097635	0.097635	0.097635	0.097635	0.097635	0.097635	0.097635	0
10000	1.8866	0.001	0.018856	1	1	0.8	0.8	0.5	3.8889	15	0.8	0.5	3.8889	15	0.8	0.5	3.8889	15	0.8	0.5	3.8889	15	0	0.3963	0.24769	1.9264	7.4305	0.3963	0.24769	1.9264	7.4305	0.3963	0.24769	1.9264	7.4305	0.3963	0.24769	1.9264	7.4305	0	0.033333	0.033333	0.033333	0.033333	0.2	0.2	0.2	0.2	0.2	0.2	0.2	0.2	0.2	0.2	0.2	0.2	0
10000	3.0668	0.0023333	0.01	1	1	0.84569	0.9717	0.74074	5.0123	19.213	0.9717	0.74074	5.0123	19.213	0.9717	0.74074	5.0123	19.213	0.9717	0.74074	5.0123	19.213	0	0.9717	0.74074	5.0123	19.213	0.9717	0.74074	5.0123	19.213	0.9717	0.74074	5.0123	19.213	0.9717	0.74074	5.0123	19.213	0	0.2	0.2	0.2	0.2	0.15556	0.15556	0.15556	0.15556	0.21064	0.21064	0.21064	0.21064	0.21064	0.21064	0.21064	0.21064	0
10000	3	0.0061124	0.017679	1	1	0.8	0.8	0.3	4.6666	10	0.8	0.3	4.6666	10	0.8	0.3	4.6666	10	0.8	0.3	4.6666	10	0	0.76667	0.2875	4.4722	9.5834	0.76667	0.2875	4.4722	9.5834	0.76667	0.2875	4.4722	9.5834	0.76667	0.2875	4.4722	9.5834	0	0.2	0.2	0.2	0.2	0.2	0.2	0.2	0.2	0.1	0.1	0.1	0.1	0.1	0.1	0.1	0.1	0
10000	7	0.0058333	0.01	1	1	0.8	0.97696	0.3	5	15	0.97696	0.3	5	15	0.97696	0.3	5	15	0.97696	0.3	5	15	0	0.48848	0.15	2.5	7.5	0.48848	0.15	2.5	7.5	0.48848	0.15	2.5	7.5	0.48848	0.15	2.5	7.5	0	0.16667	0.16667	0.16667	0.16667	0.1	0.1	0.1	0.1	0.2	0.2	0.2	0.2	0.2	0.2	0.2	0.2	0
10000	3.7163	0.007	0.029541	1	1	0.53333	0.86403	0.3	5.6667	30	0.86403	0.3	5.6667	30	0.86403	0.3	5.6667	30	0.86403	0.3	5.6667	30	0	0.64802	0.225	4.25	22.5	0.64802	0.225	4.25	22.5	0.64802	0.225	4.25	22.5	0.64802	0.225	4.25	22.5	0	0.16667	0.16667	0.16667	0.16667	0.2	0.2	0.2	0.2	0.2	0.2	0.2	0.2	0.2	0.2	0.2	0.2	0
10000	8.1873	0.001	0.01	1	1	0.39878	1.1004	0.00087076	5.1022	14.986	1.1004	0.00087076	5.1022	14.986	1.1004	0.00087076	5.1022	14.986	1.1004	0.00087076	5.1022	14.986	0	1.0987	0.00086943	5.0944	14.963	1.0987	0.00086943	5.0944	14.963	1.0987	0.00086943	5.0944	14.963	1.0987	0.00086943	5.0944	14.963	0	0.23438	0.23438	0.23438	0.23438	0.21527	0.21527	0.21527	0.21527	0.2007	0.2007	0.2007	0.2007	0.2007	0.2007	0.2007	0.2007	0
10000	5.3629	0.0017216	0.019548	1	1	0.84009	1.0023	0.062536	4.5397	14.7	1.0023	0.062536	4.5397	14.7	1.0023	0.062536	4.5397	14.7	1.0023	0.062536	4.5397	14.7	0	0.76653	0.047825	3.4718	11.242	0.76653	0.047825	3.4718	11.242	0.76653	0.047825	3.4718	11.242	0.76653	0.047825	3.4718	11.242	0	0.23586	0.23586	0.23586	0.23586	0.1727	0.1727	0.1727	0.1727	0.27282	0.27282	0.27282	0.27282	0.27282	0.27282	0.27282	0.27282	0
10000	7	0.001	0.01	1	1	0.73416	1	0.3	3.3333	15	1	0.3	3.3333	15	1	0.3	3.3333	15	1	0.3	3.3333	15	0	1	0.3	3.3333	15	1	0.3	3.3333	15	1	0.3	3.3333	15	1	0.3	3.3333	15	0	0.2	0.2	0.2	0.2	0.25009	0.25009	0.25009	0.25009	0.26667	0.26667	0.26667	0.26667	0.26667	0.26667	0.26667	0.26667	0
10000	7	0.007749	0.01	1	1	0.8	1	0.85851	2.5	15	1	0.85851	2.5	15	1	0.85851	2.5	15	1	0.85851	2.5	15	0	1.4856	1.2754	3.7139	22.284	1.4856	1.2754	3.7139	22.284	1.4856	1.2754	3.7139	22.284	1.4856	1.2754	3.7139	22.284	0	0.2	0.2	0.2	0.2	0.2	0.2	0.2	0.2	0.2	0.2	0.2	0.2	0.2	0.2	0.2	0.2	0
10000	4.9193	0.001	0.01131	1	1	1.1411	0.86086	0.43436	3.5985	19.42	0.86086	0.43436	3.5985	19.42	0.86086	0.43436	3.5985	19.42	0.86086	0.43436	3.5985	19.42	0	1.122	0.56613	4.6902	25.312	1.122	0.56613	4.6902	25.312	1.122	0.56613	4.6902	25.312	1.122	0.56613	4.6902	25.312	0	0.37685	0.37685	0.37685	0.37685	0.20012	0.20012	0.20012	0.20012	0.50787	0.50787	0.50787	0.50787	0.50787	0.50787	0.50787	0.50787	0
10000	7	0.001	0.03	1	1	0.8	0.8	0.5	2.5	30	0.8	0.5	2.5	30	0.8	0.5	2.5	30	0.8	0.5	2.5	30	0	1.0889	0.68056	3.4028	40.834	1.0889	0.68056	3.4028	40.834	1.0889	0.68056	3.4028	40.834	1.0889	0.68056	3.4028	40.834	0	0.2	0.2	0.2	0.2	0.16667	0.16667	0.16667	0.16667	0.2	0.2	0.2	0.2	0.2	0.2	0.2	0.2	0
10000	5	0.01	0.03	1	1	0.8	1	0.3	2.5	15	1	0.3	2.5	15	1	0.3	2.5	15	1	0.3	2.5	15	0	1	0.3	2.5	15	1	0.3	2.5	15	1	0.3	2.5	15	1	0.3	2.5	15	0	0.2	0.2	0.2	0.2	0.2	0.2	0.2	0.2	0.2	0.2	0.2	0.2	0.2	0.2	0.2	0.2	0
10000	7	0.005	0.01	1	1	0.67357	0.56925	0.3	2.5	15	0.56925	0.3	2.5	15	0.56925	0.3	2.5	15	0.56925	0.3	2.5	15	0	0.69871	0.36822	3.0685	18.411	0.69871	0.36822	3.0685	18.411	0.69871	0.36822	3.0685	18.411	0.69871	0.36822	3.0685	18.411	0	0.2	0.2	0.2	0.2	0.2	0.2	0.2	0.2	0.2	0.2	0.2	0.2	0.2	0.2	0.2	0.2	0
10000	3.4531	0.0071069	0.030271	1	1	0.5628	0.99344	0.49205	3.3801	26.548	0.99344	0.49205	3.3801	26.548	0.99344	0.49205	3.3801	26.548	0.99344	0.49205	3.3801	26.548	0	1.0032	0.4969	3.4135	26.81	1.0032	0.4969	3.4135	26.81	1.0032	0.4969	3.4135	26.81	1.0032	0.4969	3.4135	26.81	0	0.28315	0.28315	0.28315	0.28315	0.1955	0.1955	0.1955	0.1955	0.10996	0.10996	0.10996	0.10996	0.10996	0.10996	0.10996	0.10996	0
10000	10	0.001	0.01939	1	1	0.5671	1	0.6	5	6.4681	1	0.6	5	6.4681	1	0.6	5	6.4681	1	0.6	5	6.4681	0	1.3324	0.79947	6.6622	8.6184	1.3324	0.79947	6.6622	8.6184	1.3324	0.79947	6.6622	8.6184	1.3324	0.79947	6.6622	8.6184	0	0.26865	0.26865	0.26865	0.26865	0.2	0.2	0.2	0.2	0.2	0.2	0.2	0.2	0.2	0.2	0.2	0.2	0
10000	5.9143	0.001	0.0125	1	1	0.41151	0.90062	0.46531	3.4815	16.519	0.90062	0.46531	3.4815	16.519	0.90062	0.46531	3.4815	16.519	0.90062	0.46531	3.4815	16.519	0	0.91305	0.47173	3.5295	16.747	0.91305	0.47173	3.5295	16.747	0.91305	0.47173	3.5295	16.747	0.91305	0.47173	3.5295	16.747	0	0.18172	0.18172	0.18172	0.18172	0.18091	0.18091	0.18091	0.18091	0.18965	0.18965	0.18965	0.18965	0.18965	0.18965	0.18965	0.18965	0
10000	5.6616	0.0029585	0.02686	1	1	0.62995	0.99996	1.5927	4.3824	10.004	0.99996	1.5927	4.3824	10.004	0.99996	1.5927	4.3824	10.004	0.99996	1.5927	4.3824	10.004	0	1.5812	2.5185	6.9296	15.818	1.5812	2.5185	6.9296	15.818	1.5812	2.5185	6.9296	15.818	1.5812	2.5185	6.9296	15.818	0	0.3024	0.3024	0.3024	0.3024	0.10014	0.10014	0.10014	0.10014	0	0	0	0	0	0	0	0	0
10000	2.9993	0.011659	0.019996	1	1	0.86741	1.0004	0.39977	3.3327	14.997	1.0004	0.39977	3.3327	14.997	1.0004	0.39977	3.3327	14.997	1.0004	0.39977	3.3327	14.997	0	1.0007	0.39989	3.3337	15.002	1.0007	0.39989	3.3337	15.002	1.0007	0.39989	3.3337	15.002	1.0007	0.39989	3.3337	15.002	0	0.20014	0.20014	0.20014	0.20014	0.19986	0.19986	0.19986	0.19986	0	0	0	0	0	0	0	0	0
10000	3.179	0.0014444	0.03	1	1	0.8	1	-0.56315	2.5	15	1	-0.56315	2.5	15	1	-0.56315	2.5	15	1	-0.56315	2.5	15	0	0.8464	-0.47665	2.116	12.696	0.8464	-0.47665	2.116	12.696	0.8464	-0.47665	2.116	12.696	0.8464	-0.47665	2.116	12.696	0	0.2	0.2	0.2	0.2	0	0	0	0	0.2	0.2	0.2	0.2	0.2	0.2	0.2	0.2	0
10000	1.3821	0.0034379	0.016684	1	1	0.8	1	0.3	2.5	15	1	0.3	2.5	15	1	0.3	2.5	15	1	0.3	2.5	15	0	1	0.3	2.5	15	1	0.3	2.5	15	1	0.3	2.5	15	1	0.3	2.5	15	0	0.2	0.2	0.2	0.2	0.2	0.2	0.2	0.2	0.2	0.2	0.2	0.2	0.2	0.2	0.2	0.2	0
10000	2.3233	0.0018243	0.010886	1	1	0.71908	1.3201	-5.8819e-07	3.1971	18.539	1.3201	-5.8819e-07	3.1971	18.539	1.3201	-5.8819e-07	3.1971	18.539	1.3201	-5.8819e-07	3.1971	18.539	0	0.85794	-3.8227e-07	2.0778	12.049	0.85794	-3.8227e-07	2.0778	12.049	0.85794	-3.8227e-07	2.0778	12.049	0.85794	-3.8227e-07	2.0778	12.049	0	0.10759	0.10759	0.10759	0.10759	0.26138	0.26138	0.26138	0.26138	0.1884	0.1884	0.1884	0.1884	0.1884	0.1884	0.1884	0.1884	0
10000	3	0.0044705	0.01	1	1	0.54738	1.5477	0.24514	3.4594	16.667	1.5477	0.24514	3.4594	16.667	1.5477	0.24514	3.4594	16.667	1.5477	0.24514	3.4594	16.667	0	0.81684	0.12938	1.8258	8.7963	0.81684	0.12938	1.8258	8.7963	0.81684	0.12938	1.8258	8.7963	0.81684	0.12938	1.8258	8.7963	0	0.13889	0.13889	0.13889	0.13889	0	0	0	0	0.2	0.2	0.2	0.2	0.2	0.2	0.2	0.2	0
10000	2.401	0.001	0.01	1	1	0.73712	1.3072	0.10033	3.0376	23.081	1.3072	0.10033	3.0376	23.081	1.3072	0.10033	3.0376	23.081	1.3072	0.10033	3.0376	23.081	0	1.118	0.085809	2.5978	19.74	1.118	0.085809	2.5978	19.74	1.118	0.085809	2.5978	19.74	1.118	0.085809	2.5978	19.74	0	0.17937	0.17937	0.17937	0.17937	0.10284	0.10284	0.10284	0.10284	0.077128	0.077128	0.077128	0.077128	0.077128	0.077128	0.077128	0.077128	0
10000	3	0.005	0.02	1	1	0.8	0.8	0.5	4.6667	10	0.8	0.5	4.6667	10	0.8	0.5	4.6667	10	0.8	0.5	4.6667	10	0	0.80001	0.5	4.6667	10	0.80001	0.5	4.6667	10	0.80001	0.5	4.6667	10	0.80001	0.5	4.6667	10	0	0.2	0.2	0.2	0.2	0.3	0.3	0.3	0.3	0.23473	0.23473	0.23473	0.23473	0.23473	0.23473	0.23473	0.23473	0
10000	2.6104	0.0077186	0.02	1	1	0.4	0.92965	0.3	4.6022	15	0.92965	0.3	4.6022	15	0.92965	0.3	4.6022	15	0.92965	0.3	4.6022	15	0	0.92965	0.3	4.6022	15	0.92965	0.3	4.6022	15	0.92965	0.3	4.6022	15	0.92965	0.3	4.6022	15	0	0.33333	0.33333	0.33333	0.33333	0.2	0.2	0.2	0.2	0.2	0.2	0.2	0.2	0.2	0.2	0.2	0.2	0
10000	5.2952	0.001	0.022892	1	1	0.62615	1.0051	0.29667	5.2967	13.305	1.0051	0.29667	5.2967	13.305	1.0051	0.29667	5.2967	13.305	1.0051	0.29667	5.2967	13.305	0	1.0006	0.29534	5.273	13.246	1.0006	0.29534	5.273	13.246	1.0006	0.29534	5.273	13.246	1.0006	0.29534	5.273	13.246	0	0.39693	0.39693	0.39693	0.39693	0.19795	0.19795	0.19795	0.19795	0.19078	0.19078	0.19078	0.19078	0.19078	0.19078	0.19078	0.19078	0
10000	3.2278	0.0047493	0.01	1	1	0.7718	0.82185	0.52351	4.6337	13.161	0.82185	0.52351	4.6337	13.161	0.82185	0.52351	4.6337	13.161	0.82185	0.52351	4.6337	13.161	0	0.80751	0.51437	4.5528	12.931	0.80751	0.51437	4.5528	12.931	0.80751	0.51437	4.5528	12.931	0.80751	0.51437	4.5528	12.931	0	0.21254	0.21254	0.21254	0.21254	0.11298	0.11298	0.11298	0.11298	0.31881	0.31881	0.31881	0.31881	0.31881	0.31881	0.31881	0.31881	0
10000	2.9571	0.0074355	0.021335	1	1	1.0133	0.95129	0.14906	3.6296	16.667	0.95129	0.14906	3.6296	16.667	0.95129	0.14906	3.6296	16.667	0.95129	0.14906	3.6296	16.667	0	0.94833	0.1486	3.6183	16.615	0.94833	0.1486	3.6183	16.615	0.94833	0.1486	3.6183	16.615	0.94833	0.1486	3.6183	16.615	0	0.1683	0.1683	0.1683	0.1683	0.2	0.2	0.2	0.2	0.1	0.1	0.1	0.1	0.1	0.1	0.1	0.1	0
10000	3	0.001	0.02	1	1	1.0842	1	0.3	3.3333	15	1	0.3	3.3333	15	1	0.3	3.3333	15	1	0.3	3.3333	15	0	0.98062	0.29418	3.2687	14.709	0.98062	0.29418	3.2687	14.709	0.98062	0.29418	3.2687	14.709	0.98062	0.29418	3.2687	14.709	0	0.2	0.2	0.2	0.2	0.2	0.2	0.2	0.2	0.2	0.2	0.2	0.2	0.2	0.2	0.2	0.2	0
10000	0.1	0.003	0.01	1	1	1.0329	1.4299	0.3	4.6471	15	1.4299	0.3	4.6471	15	1.4299	0.3	4.6471	15	1.4299	0.3	4.6471	15	0	0.71497	0.15	2.3235	7.5	0.71497	0.15	2.3235	7.5	0.71497	0.15	2.3235	7.5	0.71497	0.15	2.3235	7.5	0	0.23333	0.23333	0.23333	0.23333	0.14058	0.14058	0.14058	0.14058	0.2	0.2	0.2	0.2	0.2	0.2	0.2	0.2	0
10000	2.9769	0.0027498	0.02	1	1	1.0964	1.1111	0.15918	3.7685	15	1.1111	0.15918	3.7685	15	1.1111	0.15918	3.7685	15	1.1111	0.15918	3.7685	15	0	1.1111	0.15918	3.7685	15	1.1111	0.15918	3.7685	15	1.1111	0.15918	3.7685	15	1.1111	0.15918	3.7685	15	0	0.2	0.2	0.2	0.2	0.2	0.2	0.2	0.2	0.28395	0.28395	0.28395	0.28395	0.28395	0.28395	0.28395	0.28395	0
10000	3.5736	0.001	0.040003	1	1	0.99992	1.6103	0.46968	5.3335	20.001	1.6103	0.46968	5.3335	20.001	1.6103	0.46968	5.3335	20.001	1.6103	0.46968	5.3335	20.001	0	1.1324	0.33029	3.7507	14.065	1.1324	0.33029	3.7507	14.065	1.1324	0.33029	3.7507	14.065	1.1324	0.33029	3.7507	14.065	0	0.20003	0.20003	0.20003	0.20003	0.22201	0.22201	0.22201	0.22201	0.20721	0.20721	0.20721	0.20721	0.20721	0.20721	0.20721	0.20721	0
10000	2.9795	0.001	0.01	1	1	0.88948	0.96835	0.23461	3.3322	14.995	0.96835	0.23461	3.3322	14.995	0.96835	0.23461	3.3322	14.995	0.96835	0.23461	3.3322	14.995	0	0.96781	0.23448	3.3304	14.987	0.96781	0.23448	3.3304	14.987	0.96781	0.23448	3.3304	14.987	0.96781	0.23448	3.3304	14.987	0	0.20025	0.20025	0.20025	0.20025	0.20025	0.20025	0.20025	0.20025	0.17778	0.17778	0.17778	0.17778	0.17778	0.17778	0.17778	0.17778	0
10000	2.084	0.01	0.027773	1	1	0.4	0.32507	0.48336	5.2977	30	0.32507	0.48336	5.2977	30	0.32507	0.48336	5.2977	30	0.32507	0.48336	5.2977	30	0	0.17156	0.25511	2.796	15.833	0.17156	0.25511	2.796	15.833	0.17156	0.25511	2.796	15.833	0.17156	0.25511	2.796	15.833	0	0.19164	0.19164	0.19164	0.19164	0.3	0.3	0.3	0.3	0.2696	0.2696	0.2696	0.2696	0.2696	0.2696	0.2696	0.2696	0
10000	1.8512	0.0089313	0.01	1	1	0.37906	0.60303	1.0264	4.6667	70	0.60303	1.0264	4.6667	70	0.60303	1.0264	4.6667	70	0.60303	1.0264	4.6667	70	0	0.30152	0.51321	2.3333	35	0.30152	0.51321	2.3333	35	0.30152	0.51321	2.3333	35	0.30152	0.51321	2.3333	35	0	0.24672	0.24672	0.24672	0.24672	0.061111	0.061111	0.061111	0.061111	0.2	0.2	0.2	0.2	0.2	0.2	0.2	0.2	0
10000	5.0003	0.0050008	0.019998	1	1	0.40007	0.79991	1.4436	3.5002	9.9994	0.79991	1.4436	3.5002	9.9994	0.79991	1.4436	3.5002	9.9994	0.79991	1.4436	3.5002	9.9994	0	0.39999	0.72186	1.7503	5.0002	0.39999	0.72186	1.7503	5.0002	0.39999	0.72186	1.7503	5.0002	0.39999	0.72186	1.7503	5.0002	0	0.19996	0.19996	0.19996	0.19996	0.20004	0.20004	0.20004	0.20004	0.19997	0.19997	0.19997	0.19997	0.19997	0.19997	0.19997	0.19997	0
10000	7	0.0073292	0.01	1	1	0.4	-0.056216	1	5	13.333	-0.056216	1	5	13.333	-0.056216	1	5	13.333	-0.056216	1	5	13.333	0	-0.028108	0.5	2.5	6.6667	-0.028108	0.5	2.5	6.6667	-0.028108	0.5	2.5	6.6667	-0.028108	0.5	2.5	6.6667	0	0.2	0.2	0.2	0.2	0.2	0.2	0.2	0.2	0.2	0.2	0.2	0.2	0.2	0.2	0.2	0.2	0
10000	4.0591	0.001	0.01	1	1	0.41945	0.43916	0.33333	2.5	15	0.43916	0.33333	2.5	15	0.43916	0.33333	2.5	15	0.43916	0.33333	2.5	15	0	0.21958	0.16667	1.25	7.5	0.21958	0.16667	1.25	7.5	0.21958	0.16667	1.25	7.5	0.21958	0.16667	1.25	7.5	0	0.2	0.2	0.2	0.2	0.4743	0.4743	0.4743	0.4743	0.20186	0.20186	0.20186	0.20186	0.20186	0.20186	0.20186	0.20186	0
10000	8.8094	0.004	0.01	1	1	0.4875	0.875	0.40625	3.6971	16	0.875	0.40625	3.6971	16	0.875	0.40625	3.6971	16	0.875	0.40625	3.6971	16	0	0.7793	0.36182	3.2927	14.25	0.7793	0.36182	3.2927	14.25	0.7793	0.36182	3.2927	14.25	0.7793	0.36182	3.2927	14.25	0	0.15	0.15	0.15	0.15	0.15	0.15	0.15	0.15	0.15	0.15	0.15	0.15	0.15	0.15	0.15	0.15	0
10000	3.0582	0.0025451	0.016296	1	1	0.70363	0.82591	0.58245	3.7299	18.816	0.82591	0.58245	3.7299	18.816	0.82591	0.58245	3.7299	18.816	0.82591	0.58245	3.7299	18.816	0	0.54534	0.38459	2.4628	12.424	0.54534	0.38459	2.4628	12.424	0.54534	0.38459	2.4628	12.424	0.54534	0.38459	2.4628	12.424	0	0.22254	0.22254	0.22254	0.22254	0.19824	0.19824	0.19824	0.19824	0.19953	0.19953	0.19953	0.19953	0.19953	0.19953	0.19953	0.19953	0
10000	4.5214	0.001	0.024866	1	1	0.53333	1.0051	0.31111	2.6374	18.889	1.0051	0.31111	2.6374	18.889	1.0051	0.31111	2.6374	18.889	1.0051	0.31111	2.6374	18.889	0	0.50253	0.15556	1.3187	9.4444	0.50253	0.15556	1.3187	9.4444	0.50253	0.15556	1.3187	9.4444	0.50253	0.15556	1.3187	9.4444	0	0.2	0.2	0.2	0.2	0.12963	0.12963	0.12963	0.12963	0.2	0.2	0.2	0.2	0.2	0.2	0.2	0.2	0
10000	10	0.0014716	0.02	1	1	0.88889	1	0.3	2.7345	15	1	0.3	2.7345	15	1	0.3	2.7345	15	1	0.3	2.7345	15	0	1	0.3	2.7345	15	1	0.3	2.7345	15	1	0.3	2.7345	15	1	0.3	2.7345	15	0	0.2	0.2	0.2	0.2	0.10556	0.10556	0.10556	0.10556	0.3	0.3	0.3	0.3	0.3	0.3	0.3	0.3	0
10000	5.7967	0.001	0.018108	1	1	0.6253	1.2573	0.6618	2.9334	15.745	1.2573	0.6618	2.9334	15.745	1.2573	0.6618	2.9334	15.745	1.2573	0.6618	2.9334	15.745	0	0.73456	0.38665	1.7138	9.199	0.73456	0.38665	1.7138	9.199	0.73456	0.38665	1.7138	9.199	0.73456	0.38665	1.7138	9.199	0	0.21064	0.21064	0.21064	0.21064	0.081192	0.081192	0.081192	0.081192	0.23455	0.23455	0.23455	0.23455	0.23455	0.23455	0.23455	0.23455	0
10000	6.1333	0.001	0.02	1	1	0.62869	0.62701	0.3	4.6667	15	0.62701	0.3	4.6667	15	0.62701	0.3	4.6667	15	0.62701	0.3	4.6667	15	0	0.32663	0.15628	2.431	7.814	0.32663	0.15628	2.431	7.814	0.32663	0.15628	2.431	7.814	0.32663	0.15628	2.431	7.814	0	0.2	0.2	0.2	0.2	0.2	0.2	0.2	0.2	0.19283	0.19283	0.19283	0.19283	0.19283	0.19283	0.19283	0.19283	0
10000	5	0.001	0.01	1	1	0.53333	1.0667	0	3.3333	10	1.0667	0	3.3333	10	1.0667	0	3.3333	10	1.0667	0	3.3333	10	0	0.53333	0	1.6667	5	0.53333	0	1.6667	5	0.53333	0	1.6667	5	0.53333	0	1.6667	5	0	0.2	0.2	0.2	0.2	0.2	0.2	0.2	0.2	0.3	0.3	0.3	0.3	0.3	0.3	0.3	0.3	0
10000	4.6534	0.005	0.01	1	1	0.8	0.63032	0.3	3.6456	8.2853	0.63032	0.3	3.6456	8.2853	0.63032	0.3	3.6456	8.2853	0.63032	0.3	3.6456	8.2853	0	0.50402	0.23989	2.9151	6.6251	0.50402	0.23989	2.9151	6.6251	0.50402	0.23989	2.9151	6.6251	0.50402	0.23989	2.9151	6.6251	0	0.3	0.3	0.3	0.3	0.2	0.2	0.2	0.2	0.078652	0.078652	0.078652	0.078652	0.078652	0.078652	0.078652	0.078652	0
10000	7.4963	0.0025461	0.011114	1	1	0.60299	0.99873	0.19176	3.6478	15.01	0.99873	0.19176	3.6478	15.01	0.99873	0.19176	3.6478	15.01	0.99873	0.19176	3.6478	15.01	0	0.37449	0.071902	1.3678	5.6282	0.37449	0.071902	1.3678	5.6282	0.37449	0.071902	1.3678	5.6282	0.37449	0.071902	1.3678	5.6282	0	0.1995	0.1995	0.1995	0.1995	0.19994	0.19994	0.19994	0.19994	0.2005	0.2005	0.2005	0.2005	0.2005	0.2005	0.2005	0.2005	0
10000	10	0.002028	0.01	1	1	0.42941	0.90927	0.12489	3.3425	12.845	0.90927	0.12489	3.3425	12.845	0.90927	0.12489	3.3425	12.845	0.90927	0.12489	3.3425	12.845	0	1.1236	0.15433	4.1304	15.873	1.1236	0.15433	4.1304	15.873	1.1236	0.15433	4.1304	15.873	1.1236	0.15433	4.1304	15.873	0	0.25749	0.25749	0.25749	0.25749	0.14515	0.14515	0.14515	0.14515	0.092241	0.092241	0.092241	0.092241	0.092241	0.092241	0.092241	0.092241	0
10000	1.7986	0.01863	0.01	1	1	0.61043	0.68101	0.3	4.6667	15	0.68101	0.3	4.6667	15	0.68101	0.3	4.6667	15	0.68101	0.3	4.6667	15	0	0.67005	0.29517	4.5916	14.759	0.67005	0.29517	4.5916	14.759	0.67005	0.29517	4.5916	14.759	0.67005	0.29517	4.5916	14.759	0	0.2	0.2	0.2	0.2	0.1	0.1	0.1	0.1	0.2	0.2	0.2	0.2	0.2	0.2	0.2	0.2	0
10000	10	0.0099844	0.029879	1	1	0.53545	0.99697	-0.66109	3.4932	7.834	0.99697	-0.66109	3.4932	7.834	0.99697	-0.66109	3.4932	7.834	0.99697	-0.66109	3.4932	7.834	0	0.37462	-0.24841	1.3126	2.9437	0.37462	-0.24841	1.3126	2.9437	0.37462	-0.24841	1.3126	2.9437	0.37462	-0.24841	1.3126	2.9437	0	0.20121	0.20121	0.20121	0.20121	0.10061	0.10061	0.10061	0.10061	0.20121	0.20121	0.20121	0.20121	0.20121	0.20121	0.20121	0.20121	0
10000	2.296	0.495	0.01	1	1	0.51029	1	0.28403	4.2577	12.573	1	0.28403	4.2577	12.573	1	0.28403	4.2577	12.573	1	0.28403	4.2577	12.573	0	0.95833	0.27219	4.0803	12.049	0.95833	0.27219	4.0803	12.049	0.95833	0.27219	4.0803	12.049	0.95833	0.27219	4.0803	12.049	0	0.2	0.2	0.2	0.2	0.096283	0.096283	0.096283	0.096283	0.20679	0.20679	0.20679	0.20679	0.20679	0.20679	0.20679	0.20679	0
10000	1.927	0.04102	0.031548	1	1	0.44087	1.0131	-0.0065394	3.7382	21.244	1.0131	-0.0065394	3.7382	21.244	1.0131	-0.0065394	3.7382	21.244	1.0131	-0.0065394	3.7382	21.244	0	1.005	-0.0064875	3.7085	21.075	1.005	-0.0064875	3.7085	21.075	1.005	-0.0064875	3.7085	21.075	1.005	-0.0064875	3.7085	21.075	0	0.16231	0.16231	0.16231	0.16231	0.19924	0.19924	0.19924	0.19924	0.20523	0.20523	0.20523	0.20523	0.20523	0.20523	0.20523	0.20523	0
10000	4.5044	0.028888	0.018686	1	1	0.55956	1.0027	-0.55756	8.3193	13.353	1.0027	-0.55756	8.3193	13.353	1.0027	-0.55756	8.3193	13.353	1.0027	-0.55756	8.3193	13.353	0	1.1082	-0.61622	9.1946	14.757	1.1082	-0.61622	9.1946	14.757	1.1082	-0.61622	9.1946	14.757	1.1082	-0.61622	9.1946	14.757	0	0.3549	0.3549	0.3549	0.3549	0.24381	0.24381	0.24381	0.24381	0.28952	0.28952	0.28952	0.28952	0.28952	0.28952	0.28952	0.28952	0
10000	5.3033	0.0047338	0.02	1	1	0.29505	1.3536	0.5	5.3169	12.778	1.3536	0.5	5.3169	12.778	1.3536	0.5	5.3169	12.778	1.3536	0.5	5.3169	12.778	0	0.54205	0.20023	2.1292	5.1171	0.54205	0.20023	2.1292	5.1171	0.54205	0.20023	2.1292	5.1171	0.54205	0.20023	2.1292	5.1171	0	0.19259	0.19259	0.19259	0.19259	0.2	0.2	0.2	0.2	0.16994	0.16994	0.16994	0.16994	0.16994	0.16994	0.16994	0.16994	0
10000	5.2405	0.0020206	0.01	1	1	0.20979	0.8	0.4	3.8889	16.667	0.8	0.4	3.8889	16.667	0.8	0.4	3.8889	16.667	0.8	0.4	3.8889	16.667	0	0.78817	0.39409	3.8314	16.42	0.78817	0.39409	3.8314	16.42	0.78817	0.39409	3.8314	16.42	0.78817	0.39409	3.8314	16.42	0	0.20593	0.20593	0.20593	0.20593	0.28333	0.28333	0.28333	0.28333	0.26667	0.26667	0.26667	0.26667	0.26667	0.26667	0.26667	0.26667	0
10000	6.7625	0.0050718	0.030376	1	1	0.4	1	0.4	3.3333	20	1	0.4	3.3333	20	1	0.4	3.3333	20	1	0.4	3.3333	20	0	0.5	0.2	1.6667	10	0.5	0.2	1.6667	10	0.5	0.2	1.6667	10	0.5	0.2	1.6667	10	0	0.2	0.2	0.2	0.2	0.29131	0.29131	0.29131	0.29131	0.2	0.2	0.2	0.2	0.2	0.2	0.2	0.2	0
10000	3	0.001	0.015	1	1	0.09021	1	0.3	2.5	15	1	0.3	2.5	15	1	0.3	2.5	15	1	0.3	2.5	15	0	1	0.3	2.5	15	1	0.3	2.5	15	1	0.3	2.5	15	1	0.3	2.5	15	0	0.16667	0.16667	0.16667	0.16667	0.2	0.2	0.2	0.2	0.2	0.2	0.2	0.2	0.2	0.2	0.2	0.2	0
10000	3.3802	0.001	0.019983	1	1	0.18466	0.84305	0.41049	3.5363	9.9113	0.84305	0.41049	3.5363	9.9113	0.84305	0.41049	3.5363	9.9113	0.84305	0.41049	3.5363	9.9113	0	0.54841	0.26702	2.3004	6.4473	0.54841	0.26702	2.3004	6.4473	0.54841	0.26702	2.3004	6.4473	0.54841	0.26702	2.3004	6.4473	0	0.19355	0.19355	0.19355	0.19355	0.30968	0.30968	0.30968	0.30968	0.18616	0.18616	0.18616	0.18616	0.18616	0.18616	0.18616	0.18616	0
10000	10	0.015951	0.019222	1	1	0.63386	1.0331	0.26973	2.3432	-11.98	1.0331	0.26973	2.3432	-11.98	1.0331	0.26973	2.3432	-11.98	1.0331	0.26973	2.3432	-11.98	0	1.5018	0.39209	3.4062	-17.414	1.5018	0.39209	3.4062	-17.414	1.5018	0.39209	3.4062	-17.414	1.5018	0.39209	3.4062	-17.414	0	0.1611	0.1611	0.1611	0.1611	0.12788	0.12788	0.12788	0.12788	0.17632	0.17632	0.17632	0.17632	0.17632	0.17632	0.17632	0.17632	0
10000	6.0657	0.013194	0.020488	1	1	0.5569	0.76969	0.32189	1.4579	-52.472	0.76969	0.32189	1.4579	-52.472	0.76969	0.32189	1.4579	-52.472	0.76969	0.32189	1.4579	-52.472	0	1.5621	0.65326	2.9588	-106.49	1.5621	0.65326	2.9588	-106.49	1.5621	0.65326	2.9588	-106.49	1.5621	0.65326	2.9588	-106.49	0	0.093265	0.093265	0.093265	0.093265	0.24169	0.24169	0.24169	0.24169	0.21316	0.21316	0.21316	0.21316	0.21316	0.21316	0.21316	0.21316	0
10000	3.4939	0.011135	0.35311	1	1	0.8	0.68632	0.3	2.5	15	0.68632	0.3	2.5	15	0.68632	0.3	2.5	15	0.68632	0.3	2.5	15	0	0.8007	0.35	2.9167	17.5	0.8007	0.35	2.9167	17.5	0.8007	0.35	2.9167	17.5	0.8007	0.35	2.9167	17.5	0	0.2	0.2	0.2	0.2	0.2	0.2	0.2	0.2	0.3	0.3	0.3	0.3	0.3	0.3	0.3	0.3	0
10000	3.3417	0.019773	0.30082	1	1	0.83289	0.83184	0.30332	2.7867	14.959	0.83184	0.30332	2.7867	14.959	0.83184	0.30332	2.7867	14.959	0.83184	0.30332	2.7867	14.959	0	0.87136	0.31774	2.9191	15.67	0.87136	0.31774	2.9191	15.67	0.87136	0.31774	2.9191	15.67	0.87136	0.31774	2.9191	15.67	0	0.20205	0.20205	0.20205	0.20205	0.26462	0.26462	0.26462	0.26462	0.21825	0.21825	0.21825	0.21825	0.21825	0.21825	0.21825	0.21825	0
10000	7.6415	0.017948	0.02	1	1	0.8	0.95435	0.14285	2.5	-1200.6	0.95435	0.14285	2.5	-1200.6	0.95435	0.14285	2.5	-1200.6	0.95435	0.14285	2.5	-1200.6	0	1.5411	0.23067	4.037	-1938.7	1.5411	0.23067	4.037	-1938.7	1.5411	0.23067	4.037	-1938.7	1.5411	0.23067	4.037	-1938.7	0	0.2	0.2	0.2	0.2	0.22141	0.22141	0.22141	0.22141	0.2	0.2	0.2	0.2	0.2	0.2	0.2	0.2	0
10000	3.4379	0.0089016	0.019738	1	1	0.083154	0.97102	1.3415	5.023	20.138	0.97102	1.3415	5.023	20.138	0.97102	1.3415	5.023	20.138	0.97102	1.3415	5.023	20.138	0	0.97338	1.3447	5.0352	20.187	0.97338	1.3447	5.0352	20.187	0.97338	1.3447	5.0352	20.187	0.97338	1.3447	5.0352	20.187	0	0.25535	0.25535	0.25535	0.25535	0.18322	0.18322	0.18322	0.18322	0.20524	0.20524	0.20524	0.20524	0.20524	0.20524	0.20524	0.20524	0
10000	8.4404	0.005	0.02	1	1	0.34771	1	1.35	3.523	15	1	1.35	3.523	15	1	1.35	3.523	15	1	1.35	3.523	15	0	1.0556	1.425	3.7187	15.833	1.0556	1.425	3.7187	15.833	1.0556	1.425	3.7187	15.833	1.0556	1.425	3.7187	15.833	0	0.19041	0.19041	0.19041	0.19041	0.2	0.2	0.2	0.2	0.2	0.2	0.2	0.2	0.2	0.2	0.2	0.2	0
10000	7	0.001	0.029287	1	1	0.48188	1	0.66667	2.5	20	1	0.66667	2.5	20	1	0.66667	2.5	20	1	0.66667	2.5	20	0	0.98336	0.65557	2.4584	19.667	0.98336	0.65557	2.4584	19.667	0.98336	0.65557	2.4584	19.667	0.98336	0.65557	2.4584	19.667	0	0.2	0.2	0.2	0.2	0.2	0.2	0.2	0.2	0.2	0.2	0.2	0.2	0.2	0.2	0.2	0.2	0
10000	2.0766	0.001	0.01	1	1	0.48341	1.2207	0.3458	3.2946	14.816	1.2207	0.3458	3.2946	14.816	1.2207	0.3458	3.2946	14.816	1.2207	0.3458	3.2946	14.816	0	0.77764	0.22029	2.0988	9.4381	0.77764	0.22029	2.0988	9.4381	0.77764	0.22029	2.0988	9.4381	0.77764	0.22029	2.0988	9.4381	0	0.40167	0.40167	0.40167	0.40167	0.20217	0.20217	0.20217	0.20217	0.19451	0.19451	0.19451	0.19451	0.19451	0.19451	0.19451	0.19451	0
10000	4	0.0089602	0.01	1	1	0.56165	0.9386	0.73333	3.5	7.3655	0.9386	0.73333	3.5	7.3655	0.9386	0.73333	3.5	7.3655	0.9386	0.73333	3.5	7.3655	0	0.94591	0.73905	3.5273	7.4229	0.94591	0.73905	3.5273	7.4229	0.94591	0.73905	3.5273	7.4229	0.94591	0.73905	3.5273	7.4229	0	0.26583	0.26583	0.26583	0.26583	0.14727	0.14727	0.14727	0.14727	0.19337	0.19337	0.19337	0.19337	0.19337	0.19337	0.19337	0.19337	0
10000	4.6285	0.0036667	0.021111	1	1	0.88889	1	0.33333	4.3022	16.515	1	0.33333	4.3022	16.515	1	0.33333	4.3022	16.515	1	0.33333	4.3022	16.515	0	0.81835	0.27278	3.5207	13.515	0.81835	0.27278	3.5207	13.515	0.81835	0.27278	3.5207	13.515	0.81835	0.27278	3.5207	13.515	0	0.1	0.1	0.1	0.1	0.19737	0.19737	0.19737	0.19737	0.2	0.2	0.2	0.2	0.2	0.2	0.2	0.2	0
10000	4.3311	0.001	0.02	1	1	1.0282	0.96028	0.25615	3.5	16.667	0.96028	0.25615	3.5	16.667	0.96028	0.25615	3.5	16.667	0.96028	0.25615	3.5	16.667	0	0.6797	0.1813	2.4774	11.797	0.6797	0.1813	2.4774	11.797	0.6797	0.1813	2.4774	11.797	0.6797	0.1813	2.4774	11.797	0	0.2	0.2	0.2	0.2	0.3893	0.3893	0.3893	0.3893	0.2	0.2	0.2	0.2	0.2	0.2	0.2	0.2	0
10000	6.4698	0.0045556	0.01	1	1	0.7873	1.7122	0.25071	4.4209	16.667	1.7122	0.25071	4.4209	16.667	1.7122	0.25071	4.4209	16.667	1.7122	0.25071	4.4209	16.667	0	0.78474	0.11491	2.0263	7.6389	0.78474	0.11491	2.0263	7.6389	0.78474	0.11491	2.0263	7.6389	0.78474	0.11491	2.0263	7.6389	0	0.2	0.2	0.2	0.2	0.19563	0.19563	0.19563	0.19563	0	0	0	0	0	0	0	0	0
10000	5.6517	0.0023403	0.01	1	1	1	0.8	0.3	4.6667	20	0.8	0.3	4.6667	20	0.8	0.3	4.6667	20	0.8	0.3	4.6667	20	0	0.8	0.3	4.6667	20	0.8	0.3	4.6667	20	0.8	0.3	4.6667	20	0.8	0.3	4.6667	20	0	0.2	0.2	0.2	0.2	0.2	0.2	0.2	0.2	0.16667	0.16667	0.16667	0.16667	0.16667	0.16667	0.16667	0.16667	0
10000	6	0.001	0.01	1	1	0.86444	1.2019	0.66666	5	15	1.2019	0.66666	5	15	1.2019	0.66666	5	15	1.2019	0.66666	5	15	0	1.2019	0.66666	5	15	1.2019	0.66666	5	15	1.2019	0.66666	5	15	1.2019	0.66666	5	15	0	0.2	0.2	0.2	0.2	0.22715	0.22715	0.22715	0.22715	0.2	0.2	0.2	0.2	0.2	0.2	0.2	0.2	0
10000	10	0.0063161	0.030674	1	1	0.49564	1.1924	0.55605	5.0685	-2.0068	1.1924	0.55605	5.0685	-2.0068	1.1924	0.55605	5.0685	-2.0068	1.1924	0.55605	5.0685	-2.0068	0	0.52398	0.24435	2.2273	-0.88184	0.52398	0.24435	2.2273	-0.88184	0.52398	0.24435	2.2273	-0.88184	0.52398	0.24435	2.2273	-0.88184	0	0.19828	0.19828	0.19828	0.19828	0.235	0.235	0.235	0.235	0.16147	0.16147	0.16147	0.16147	0.16147	0.16147	0.16147	0.16147	0
10000	6.9433	0.0052778	0.02	1	1	0.47762	0.56527	0.64444	3.3434	13.83	0.56527	0.64444	3.3434	13.83	0.56527	0.64444	3.3434	13.83	0.56527	0.64444	3.3434	13.83	0	0.31794	0.36248	1.8806	7.7791	0.31794	0.36248	1.8806	7.7791	0.31794	0.36248	1.8806	7.7791	0.31794	0.36248	1.8806	7.7791	0	0.18173	0.18173	0.18173	0.18173	0.16667	0.16667	0.16667	0.16667	0.22351	0.22351	0.22351	0.22351	0.22351	0.22351	0.22351	0.22351	0
10000	5	0.005	0.01	1	1	0.8	0.58949	0.5	3.3333	30	0.58949	0.5	3.3333	30	0.58949	0.5	3.3333	30	0.58949	0.5	3.3333	30	0	0.58949	0.5	3.3333	30	0.58949	0.5	3.3333	30	0.58949	0.5	3.3333	30	0.58949	0.5	3.3333	30	0	0.2	0.2	0.2	0.2	0.2	0.2	0.2	0.2	0.2	0.2	0.2	0.2	0.2	0.2	0.2	0.2	0
10000	10	0.0079196	0.01	1	1	0.52555	0.92939	0.50678	3.0597	18.445	0.92939	0.50678	3.0597	18.445	0.92939	0.50678	3.0597	18.445	0.92939	0.50678	3.0597	18.445	0	0.68804	0.37518	2.2652	13.655	0.68804	0.37518	2.2652	13.655	0.68804	0.37518	2.2652	13.655	0.68804	0.37518	2.2652	13.655	0	0.11852	0.11852	0.11852	0.11852	0.257	0.257	0.257	0.257	0.24052	0.24052	0.24052	0.24052	0.24052	0.24052	0.24052	0.24052	0
10000	5	0.001	0.033693	1	1	0.50206	0.88046	0.44493	4.1819	12.151	0.88046	0.44493	4.1819	12.151	0.88046	0.44493	4.1819	12.151	0.88046	0.44493	4.1819	12.151	0	0.30309	0.15316	1.4396	4.183	0.30309	0.15316	1.4396	4.183	0.30309	0.15316	1.4396	4.183	0.30309	0.15316	1.4396	4.183	0	0.20879	0.20879	0.20879	0.20879	0.2	0.2	0.2	0.2	0.2	0.2	0.2	0.2	0.2	0.2	0.2	0.2	0
10000	5.8038	0.01	0.02	1	1	1.0667	1	0.4	5	30	1	0.4	5	30	1	0.4	5	30	1	0.4	5	30	0	1	0.4	5	30	1	0.4	5	30	1	0.4	5	30	1	0.4	5	30	0	0.21925	0.21925	0.21925	0.21925	0.2	0.2	0.2	0.2	0.16667	0.16667	0.16667	0.16667	0.16667	0.16667	0.16667	0.16667	0
10000	4.2298	0.001	0.018027	1	1	0.57541	0.98458	0.33725	3.2351	16.567	0.98458	0.33725	3.2351	16.567	0.98458	0.33725	3.2351	16.567	0.98458	0.33725	3.2351	16.567	0	1.0075	0.34509	3.3103	16.952	1.0075	0.34509	3.3103	16.952	1.0075	0.34509	3.3103	16.952	1.0075	0.34509	3.3103	16.952	0	0.25295	0.25295	0.25295	0.25295	0.18466	0.18466	0.18466	0.18466	0.19022	0.19022	0.19022	0.19022	0.19022	0.19022	0.19022	0.19022	0
10000	4.609	0.01	0.040665	1	1	0.73287	1	0.3	5	20	1	0.3	5	20	1	0.3	5	20	1	0.3	5	20	0	1	0.3	5	20	1	0.3	5	20	1	0.3	5	20	1	0.3	5	20	0	0.2	0.2	0.2	0.2	0.4	0.4	0.4	0.4	0.2	0.2	0.2	0.2	0.2	0.2	0.2	0.2	0
10000	6.9862	0.0090947	0.019982	1	1	0.78875	0.99649	0.19957	3.3395	14.972	0.99649	0.19957	3.3395	14.972	0.99649	0.19957	3.3395	14.972	0.99649	0.19957	3.3395	14.972	0	0.24912	0.049892	0.83487	3.743	0.24912	0.049892	0.83487	3.743	0.24912	0.049892	0.83487	3.743	0.24912	0.049892	0.83487	3.743	0	0.2014	0.2014	0.2014	0.2014	0.1655	0.1655	0.1655	0.1655	0.21178	0.21178	0.21178	0.21178	0.21178	0.21178	0.21178	0.21178	0
10000	7.4374	0.0019077	0.032228	1	1	0.89964	0.88928	0.22803	3.5271	15.886	0.88928	0.22803	3.5271	15.886	0.88928	0.22803	3.5271	15.886	0.88928	0.22803	3.5271	15.886	0	0.97543	0.25012	3.8688	17.425	0.97543	0.25012	3.8688	17.425	0.97543	0.25012	3.8688	17.425	0.97543	0.25012	3.8688	17.425	0	0.24429	0.24429	0.24429	0.24429	0.19301	0.19301	0.19301	0.19301	0.13624	0.13624	0.13624	0.13624	0.13624	0.13624	0.13624	0.13624	0
10000	5.4091	0.001	0.045385	1	1	0.88216	0.875	0.42573	3.0625	16	0.875	0.42573	3.0625	16	0.875	0.42573	3.0625	16	0.875	0.42573	3.0625	16	0	0.9707	0.47229	3.3975	17.75	0.9707	0.47229	3.3975	17.75	0.9707	0.47229	3.3975	17.75	0.9707	0.47229	3.3975	17.75	0	0.17077	0.17077	0.17077	0.17077	0.15	0.15	0.15	0.15	0.24149	0.24149	0.24149	0.24149	0.24149	0.24149	0.24149	0.24149	0
10000	6	0.0061328	0.01	1	1	1.0792	0.71009	0.3	7	15	0.71009	0.3	7	15	0.71009	0.3	7	15	0.71009	0.3	7	15	0	0.35504	0.15	3.5	7.5	0.35504	0.15	3.5	7.5	0.35504	0.15	3.5	7.5	0.35504	0.15	3.5	7.5	0	0.2	0.2	0.2	0.2	0.2	0.2	0.2	0.2	0.2	0.2	0.2	0.2	0.2	0.2	0.2	0.2	0
10000	5.3553	0.0049797	0.01	1	1	0.79772	0.84842	1.2141	3.8642	14.98	0.84842	1.2141	3.8642	14.98	0.84842	1.2141	3.8642	14.98	0.84842	1.2141	3.8642	14.98	0	0.8503	1.2168	3.8728	15.013	0.8503	1.2168	3.8728	15.013	0.8503	1.2168	3.8728	15.013	0.8503	1.2168	3.8728	15.013	0	0.1995	0.1995	0.1995	0.1995	0.20044	0.20044	0.20044	0.20044	0.20101	0.20101	0.20101	0.20101	0.20101	0.20101	0.20101	0.20101	0
10000	6.4788	0.001	0.02	1	1	0.8	0.88979	0.3	4.6667	15	0.88979	0.3	4.6667	15	0.88979	0.3	4.6667	15	0.88979	0.3	4.6667	15	0	0.88979	0.3	4.6666	15	0.88979	0.3	4.6666	15	0.88979	0.3	4.6666	15	0.88979	0.3	4.6666	15	0	0.2	0.2	0.2	0.2	0.1	0.1	0.1	0.1	0.2	0.2	0.2	0.2	0.2	0.2	0.2	0.2	0
10000	6	0.001	0.04	1	1	0.8	1	1.2717	5.3318	15	1	1.2717	5.3318	15	1	1.2717	5.3318	15	1	1.2717	5.3318	15	0	0.95455	1.2139	5.0895	14.318	0.95455	1.2139	5.0895	14.318	0.95455	1.2139	5.0895	14.318	0.95455	1.2139	5.0895	14.318	0	0.2	0.2	0.2	0.2	0.2	0.2	0.2	0.2	0.2	0.2	0.2	0.2	0.2	0.2	0.2	0.2	0
