10000	5	0.001	0.01	1	1	1.0667	1	0.3	5	20	1	0.3	5	20	1	0.3	5	20	1	0.3	5	20	0	1	0.3	5	20	1	0.3	5	20	1	0.3	5	20	1	0.3	5	20	0	0.16667	0.16667	0.16667	0.16667	0.16667	0.16667	0.16667	0.16667	0.16667	0.16667	0.16667	0.16667	0.16667	0.16667	0.16667	0.16667	0.16667
10000	4.2228	0.001	0.02	1	1	0.8	1	0.3	3.5	15	1	0.3	3.5	15	1	0.3	3.5	15	1	0.3	3.5	15	0	1.2725	0.38174	4.4536	19.087	1.2725	0.38174	4.4536	19.087	1.2725	0.38174	4.4536	19.087	1.2725	0.38174	4.4536	19.087	0	0.2	0.2	0.2	0.2	0.2	0.2	0.2	0.2	0.2	0.2	0.2	0.2	0.2	0.2	0.2	0.2	0.2
10000	3.9742	0.005	0.02	1	1	1.204	1	0.17551	4.6667	15	1	0.17551	4.6667	15	1	0.17551	4.6667	15	1	0.17551	4.6667	15	0	1	0.17551	4.6667	15	1	0.17551	4.6667	15	1	0.17551	4.6667	15	1	0.17551	4.6667	15	0	0.27825	0.27825	0.27825	0.27825	0.27825	0.27825	0.27825	0.27825	0.27825	0.27825	0.27825	0.27825	0.27825	0.27825	0.27825	0.27825	0.27825
10000	7.8394	0.001	0.01	1	1	0.90842	1.1126	0.044326	3.4475	15.011	1.1126	0.044326	3.4475	15.011	1.1126	0.044326	3.4475	15.011	1.1126	0.044326	3.4475	15.011	0	1.1113	0.044274	3.4434	14.993	1.1113	0.044274	3.4434	14.993	1.1113	0.044274	3.4434	14.993	1.1113	0.044274	3.4434	14.993	0	0.092436	0.092436	0.092436	0.092436	0.092436	0.092436	0.092436	0.092436	0.092436	0.092436	0.092436	0.092436	0.092436	0.092436	0.092436	0.092436	0.092436
10000	5.8874	0.0043704	0.02	1	1	1	0.8	0.31111	3.5	17.778	0.8	0.31111	3.5	17.778	0.8	0.31111	3.5	17.778	0.8	0.31111	3.5	17.778	0	0.7963	0.30967	3.4838	17.695	0.7963	0.30967	3.4838	17.695	0.7963	0.30967	3.4838	17.695	0.7963	0.30967	3.4838	17.695	0	0.08889	0.08889	0.08889	0.08889	0.08889	0.08889	0.08889	0.08889	0.08889	0.08889	0.08889	0.08889	0.08889	0.08889	0.08889	0.08889	0.08889
10000	10	0.001	0.01	1	1	2.132	0.78897	0.30049	2.7451	16.673	0.78897	0.30049	2.7451	16.673	0.78897	0.30049	2.7451	16.673	0.78897	0.30049	2.7451	16.673	0	0.95927	0.36535	3.3376	20.272	0.95927	0.36535	3.3376	20.272	0.95927	0.36535	3.3376	20.272	0.95927	0.36535	3.3376	20.272	0	0.088588	0.088588	0.088588	0.088588	0.088588	0.088588	0.088588	0.088588	0.088588	0.088588	0.088588	0.088588	0.088588	0.088588	0.088588	0.088588	0.088588
10000	9.3054	0.0019532	0.01	1	1	1.0626	1.3344	0.35021	3.346	22.587	1.3344	0.35021	3.346	22.587	1.3344	0.35021	3.346	22.587	1.3344	0.35021	3.346	22.587	0	1.6131	0.42335	4.0448	27.304	1.6131	0.42335	4.0448	27.304	1.6131	0.42335	4.0448	27.304	1.6131	0.42335	4.0448	27.304	0	0.10379	0.10379	0.10379	0.10379	0.10379	0.10379	0.10379	0.10379	0.10379	0.10379	0.10379	0.10379	0.10379	0.10379	0.10379	0.10379	0.10379
10000	7.7046	0.001	0.021984	1	1	1.3992	1.1537	0.37142	3.1445	173.33	1.1537	0.37142	3.1445	173.33	1.1537	0.37142	3.1445	173.33	1.1537	0.37142	3.1445	173.33	0	1.1612	0.37384	3.165	174.46	1.1612	0.37384	3.165	174.46	1.1612	0.37384	3.165	174.46	1.1612	0.37384	3.165	174.46	0	0.076832	0.076832	0.076832	0.076832	0.076832	0.076832	0.076832	0.076832	0.076832	0.076832	0.076832	0.076832	0.076832	0.076832	0.076832	0.076832	0.076832
10000	7.0081	0.0050185	0.010833	1	1	1.8734	1.0557	0.30123	5.0081	15.019	1.0557	0.30123	5.0081	15.019	1.0557	0.30123	5.0081	15.019	1.0557	0.30123	5.0081	15.019	0	1.0579	0.30184	5.0182	15.049	1.0579	0.30184	5.0182	15.049	1.0579	0.30184	5.0182	15.049	1.0579	0.30184	5.0182	15.049	0	0.10673	0.10673	0.10673	0.10673	0.10673	0.10673	0.10673	0.10673	0.10673	0.10673	0.10673	0.10673	0.10673	0.10673	0.10673	0.10673	0.10673
10000	7.4463	0.0058774	0.01	1	1	1.6	1	0.3	3.3333	8.3837	1	0.3	3.3333	8.3837	1	0.3	3.3333	8.3837	1	0.3	3.3333	8.3837	0	1	0.3	3.3333	8.3837	1	0.3	3.3333	8.3837	1	0.3	3.3333	8.3837	1	0.3	3.3333	8.3837	0	0	0	0	0	0	0	0	0	0	0	0	0	0	0	0	0	0
10000	3.7495	0.001	0.01	1	1	-0.15147	1.2498	0.125	3.3747	16.082	1.2498	0.125	3.3747	16.082	1.2498	0.125	3.3747	16.082	1.2498	0.125	3.3747	16.082	0	0.45131	0.045139	1.2186	5.8073	0.45131	0.045139	1.2186	5.8073	0.45131	0.045139	1.2186	5.8073	0.45131	0.045139	1.2186	5.8073	0	0.26085	0.26085	0.26085	0.26085	0.26085	0.26085	0.26085	0.26085	0.26085	0.26085	0.26085	0.26085	0.26085	0.26085	0.26085	0.26085	0.26085
10000	4.8411	0.01479	0.025392	1	1	-0.056507	1.5196	0.47297	3.4032	12.839	1.5196	0.47297	3.4032	12.839	1.5196	0.47297	3.4032	12.839	1.5196	0.47297	3.4032	12.839	0	0.83337	0.25938	1.8663	7.0408	0.83337	0.25938	1.8663	7.0408	0.83337	0.25938	1.8663	7.0408	0.83337	0.25938	1.8663	7.0408	0	0.25343	0.25343	0.25343	0.25343	0.25343	0.25343	0.25343	0.25343	0.25343	0.25343	0.25343	0.25343	0.25343	0.25343	0.25343	0.25343	0.25343
10000	7.6628	0.0046223	0.020261	1	1	0.25783	0.55358	0.32538	3.4135	29.804	0.55358	0.32538	3.4135	29.804	0.55358	0.32538	3.4135	29.804	0.55358	0.32538	3.4135	29.804	0	0.1384	0.081346	0.85338	7.4511	0.1384	0.081346	0.85338	7.4511	0.1384	0.081346	0.85338	7.4511	0.1384	0.081346	0.85338	7.4511	0	0.12247	0.12247	0.12247	0.12247	0.12247	0.12247	0.12247	0.12247	0.12247	0.12247	0.12247	0.12247	0.12247	0.12247	0.12247	0.12247	0.12247
10000	7	0.02	0.01847	1	1	-0.19504	0.89862	0.17699	3.3333	15	0.89862	0.17699	3.3333	15	0.89862	0.17699	3.3333	15	0.89862	0.17699	3.3333	15	0	0.22465	0.044248	0.83333	3.75	0.22465	0.044248	0.83333	3.75	0.22465	0.044248	0.83333	3.75	0.22465	0.044248	0.83333	3.75	0	0.083333	0.083333	0.083333	0.083333	0.083333	0.083333	0.083333	0.083333	0.083333	0.083333	0.083333	0.083333	0.083333	0.083333	0.083333	0.083333	0.083333
10000	1	0.0063923	0.031667	1	1	0.4	0.8	0.60166	3.5	13.333	0.8	0.60166	3.5	13.333	0.8	0.60166	3.5	13.333	0.8	0.60166	3.5	13.333	0	0.38079	0.28638	1.6659	6.3465	0.38079	0.28638	1.6659	6.3465	0.38079	0.28638	1.6659	6.3465	0.38079	0.28638	1.6659	6.3465	0	0	0	0	0	0	0	0	0	0	0	0	0	0	0	0	0	0
10000	6.2781	0.018474	0.04	1	1	0.79375	0.7164	0.3	1.5788	-19.28	0.7164	0.3	1.5788	-19.28	0.7164	0.3	1.5788	-19.28	0.7164	0.3	1.5788	-19.28	0	0.68611	0.28731	1.512	-18.465	0.68611	0.28731	1.512	-18.465	0.68611	0.28731	1.512	-18.465	0.68611	0.28731	1.512	-18.465	0	0.19465	0.19465	0.19465	0.19465	0.19465	0.19465	0.19465	0.19465	0.19465	0.19465	0.19465	0.19465	0.19465	0.19465	0.19465	0.19465	0.19465
10000	8.9481	0.097434	0.025415	1	1	0.85899	1.4694	0.62314	3.37	-22.14	1.4694	0.62314	3.37	-22.14	1.4694	0.62314	3.37	-22.14	1.4694	0.62314	3.37	-22.14	0	0.8302	0.35207	1.904	-12.509	0.8302	0.35207	1.904	-12.509	0.8302	0.35207	1.904	-12.509	0.8302	0.35207	1.904	-12.509	0	0.47947	0.47947	0.47947	0.47947	0.47947	0.47947	0.47947	0.47947	0.47947	0.47947	0.47947	0.47947	0.47947	0.47947	0.47947	0.47947	0.47947
10000	6.4749	0.00925	0.019167	1	1	0.8375	0.95833	0.21008	2.5729	-17.339	0.95833	0.21008	2.5729	-17.339	0.95833	0.21008	2.5729	-17.339	0.95833	0.21008	2.5729	-17.339	0	0.86049	0.18863	2.3102	-15.569	0.86049	0.18863	2.3102	-15.569	0.86049	0.18863	2.3102	-15.569	0.86049	0.18863	2.3102	-15.569	0	0.57292	0.57292	0.57292	0.57292	0.57292	0.57292	0.57292	0.57292	0.57292	0.57292	0.57292	0.57292	0.57292	0.57292	0.57292	0.57292	0.57292
10000	5	0.089531	0.01	1	1	0.7445	1	0.3	2.5	15	1	0.3	2.5	15	1	0.3	2.5	15	1	0.3	2.5	15	0	0.83333	0.25	2.0833	12.5	0.83333	0.25	2.0833	12.5	0.83333	0.25	2.0833	12.5	0.83333	0.25	2.0833	12.5	0	0.45539	0.45539	0.45539	0.45539	0.45539	0.45539	0.45539	0.45539	0.45539	0.45539	0.45539	0.45539	0.45539	0.45539	0.45539	0.45539	0.45539
10000	5	0.02	0.02	1	1	0.79999	1	0.3	1.5	-18.635	1	0.3	1.5	-18.635	1	0.3	1.5	-18.635	1	0.3	1.5	-18.635	0	1	0.3	1.5	-18.635	1	0.3	1.5	-18.635	1	0.3	1.5	-18.635	1	0.3	1.5	-18.635	0	0.40703	0.40703	0.40703	0.40703	0.40703	0.40703	0.40703	0.40703	0.40703	0.40703	0.40703	0.40703	0.40703	0.40703	0.40703	0.40703	0.40703
10000	8.4556	0.002514	0.013186	1	1	0.4257	0.90414	0.029673	3.2278	10.265	0.90414	0.029673	3.2278	10.265	0.90414	0.029673	3.2278	10.265	0.90414	0.029673	3.2278	10.265	0	1.0061	0.03302	3.5919	11.424	1.0061	0.03302	3.5919	11.424	1.0061	0.03302	3.5919	11.424	1.0061	0.03302	3.5919	11.424	0	0.36635	0.36635	0.36635	0.36635	0.36635	0.36635	0.36635	0.36635	0.36635	0.36635	0.36635	0.36635	0.36635	0.36635	0.36635	0.36635	0.36635
10000	3.3443	0.0091275	0.019031	1	1	0.43393	1.0651	0.30817	2.5611	15.388	1.0651	0.30817	2.5611	15.388	1.0651	0.30817	2.5611	15.388	1.0651	0.30817	2.5611	15.388	0	0.73864	0.21371	1.7761	10.671	0.73864	0.21371	1.7761	10.671	0.73864	0.21371	1.7761	10.671	0.73864	0.21371	1.7761	10.671	0	0.32359	0.32359	0.32359	0.32359	0.32359	0.32359	0.32359	0.32359	0.32359	0.32359	0.32359	0.32359	0.32359	0.32359	0.32359	0.32359	0.32359
10000	8.4349	0.018582	0.02	1	1	0.54558	0.81724	0.11476	2.5	10	0.81724	0.11476	2.5	10	0.81724	0.11476	2.5	10	0.81724	0.11476	2.5	10	0	1.069	0.15011	3.2702	13.081	1.069	0.15011	3.2702	13.081	1.069	0.15011	3.2702	13.081	1.069	0.15011	3.2702	13.081	0	0.32585	0.32585	0.32585	0.32585	0.32585	0.32585	0.32585	0.32585	0.32585	0.32585	0.32585	0.32585	0.32585	0.32585	0.32585	0.32585	0.32585
10000	9.9998	0.007	0.015	1	1	0.225	1.025	0.1925	7.5625	37.375	1.025	0.1925	7.5625	37.375	1.025	0.1925	7.5625	37.375	1.025	0.1925	7.5625	37.375	0	1.0993	0.20645	8.1104	40.083	1.0993	0.20645	8.1104	40.083	1.0993	0.20645	8.1104	40.083	1.0993	0.20645	8.1104	40.083	0	0.4375	0.4375	0.4375	0.4375	0.4375	0.4375	0.4375	0.4375	0.4375	0.4375	0.4375	0.4375	0.4375	0.4375	0.4375	0.4375	0.4375
10000	8.5852	0.0076132	0.016111	1	1	0.42914	1.1435	0.47411	3.2604	11.93	1.1435	0.47411	3.2604	11.93	1.1435	0.47411	3.2604	11.93	1.1435	0.47411	3.2604	11.93	0	1.1334	0.4699	3.2314	11.824	1.1334	0.4699	3.2314	11.824	1.1334	0.4699	3.2314	11.824	1.1334	0.4699	3.2314	11.824	0	0.28012	0.28012	0.28012	0.28012	0.28012	0.28012	0.28012	0.28012	0.28012	0.28012	0.28012	0.28012	0.28012	0.28012	0.28012	0.28012	0.28012
10000	7.3065	0.0024324	0.02	1	1	1.2068	1	0.4	5	10.833	1	0.4	5	10.833	1	0.4	5	10.833	1	0.4	5	10.833	0	0.99999	0.4	5	10.833	0.99999	0.4	5	10.833	0.99999	0.4	5	10.833	0.99999	0.4	5	10.833	0	0.20707	0.20707	0.20707	0.20707	0.20707	0.20707	0.20707	0.20707	0.20707	0.20707	0.20707	0.20707	0.20707	0.20707	0.20707	0.20707	0.20707
10000	10	0.0023048	0.023096	1	1	1.0667	1	0.4	3.5965	15	1	0.4	3.5965	15	1	0.4	3.5965	15	1	0.4	3.5965	15	0	1	0.4	3.5965	15	1	0.4	3.5965	15	1	0.4	3.5965	15	1	0.4	3.5965	15	0	0.18468	0.18468	0.18468	0.18468	0.18468	0.18468	0.18468	0.18468	0.18468	0.18468	0.18468	0.18468	0.18468	0.18468	0.18468	0.18468	0.18468
10000	5	0.005	0.02	1	1	0.8	0.99999	0.6	3.3333	20	0.99999	0.6	3.3333	20	0.99999	0.6	3.3333	20	0.99999	0.6	3.3333	20	0	0.99999	0.6	3.3333	20	0.99999	0.6	3.3333	20	0.99999	0.6	3.3333	20	0.99999	0.6	3.3333	20	0	0.1	0.1	0.1	0.1	0.1	0.1	0.1	0.1	0.1	0.1	0.1	0.1	0.1	0.1	0.1	0.1	0.1
10000	7.6653	0.001	0.02	1	1	1.148	0.8	0.44467	2.5	7.9585	0.8	0.44467	2.5	7.9585	0.8	0.44467	2.5	7.9585	0.8	0.44467	2.5	7.9585	0	0.74634	0.41485	2.3323	7.4247	0.74634	0.41485	2.3323	7.4247	0.74634	0.41485	2.3323	7.4247	0.74634	0.41485	2.3323	7.4247	0	0.19239	0.19239	0.19239	0.19239	0.19239	0.19239	0.19239	0.19239	0.19239	0.19239	0.19239	0.19239	0.19239	0.19239	0.19239	0.19239	0.19239
10000	8.6351	0.0049966	0.019992	1	1	1.004	1.1036	0.59973	5.0008	15.003	1.1036	0.59973	5.0008	15.003	1.1036	0.59973	5.0008	15.003	1.1036	0.59973	5.0008	15.003	0	1.1037	0.59982	5.0015	15.005	1.1037	0.59982	5.0015	15.005	1.1037	0.59982	5.0015	15.005	1.1037	0.59982	5.0015	15.005	0	0.29975	0.29975	0.29975	0.29975	0.29975	0.29975	0.29975	0.29975	0.29975	0.29975	0.29975	0.29975	0.29975	0.29975	0.29975	0.29975	0.29975
10000	8.4375	0.0068333	0.015	1	1	0.91675	0.67503	0.51667	3.1359	12.516	0.67503	0.51667	3.1359	12.516	0.67503	0.51667	3.1359	12.516	0.67503	0.51667	3.1359	12.516	0	0.83676	0.64045	3.8873	15.515	0.83676	0.64045	3.8873	15.515	0.83676	0.64045	3.8873	15.515	0.83676	0.64045	3.8873	15.515	0	0.05	0.05	0.05	0.05	0.05	0.05	0.05	0.05	0.05	0.05	0.05	0.05	0.05	0.05	0.05	0.05	0.05
10000	10	0.0053625	0.017907	1	1	0.84596	0.78089	0.31225	2.4447	14.747	0.78089	0.31225	2.4447	14.747	0.78089	0.31225	2.4447	14.747	0.78089	0.31225	2.4447	14.747	0	0.75929	0.30361	2.377	14.339	0.75929	0.30361	2.377	14.339	0.75929	0.30361	2.377	14.339	0.75929	0.30361	2.377	14.339	0	0.20028	0.20028	0.20028	0.20028	0.20028	0.20028	0.20028	0.20028	0.20028	0.20028	0.20028	0.20028	0.20028	0.20028	0.20028	0.20028	0.20028
10000	7.8095	0.010435	0.01	1	1	1.1415	0.62054	0.52585	6.5822	17.316	0.62054	0.52585	6.5822	17.316	0.62054	0.52585	6.5822	17.316	0.62054	0.52585	6.5822	17.316	0	0.89203	0.7559	9.4619	24.891	0.89203	0.7559	9.4619	24.891	0.89203	0.7559	9.4619	24.891	0.89203	0.7559	9.4619	24.891	0	0.35178	0.35178	0.35178	0.35178	0.35178	0.35178	0.35178	0.35178	0.35178	0.35178	0.35178	0.35178	0.35178	0.35178	0.35178	0.35178	0.35178
10000	5	0.01	0.02	1	1	0.8	0.82679	0.6	3.3333	15	0.82679	0.6	3.3333	15	0.82679	0.6	3.3333	15	0.82679	0.6	3.3333	15	0	0.41339	0.3	1.6667	7.5	0.41339	0.3	1.6667	7.5	0.41339	0.3	1.6667	7.5	0.41339	0.3	1.6667	7.5	0	0.2	0.2	0.2	0.2	0.2	0.2	0.2	0.2	0.2	0.2	0.2	0.2	0.2	0.2	0.2	0.2	0.2
10000	7.5756	0.001	0.02	1	1	0.92931	1	0.5	2.5	15	1	0.5	2.5	15	1	0.5	2.5	15	1	0.5	2.5	15	0	0.25	0.125	0.625	3.75	0.25	0.125	0.625	3.75	0.25	0.125	0.625	3.75	0.25	0.125	0.625	3.75	0	0.081693	0.081693	0.081693	0.081693	0.081693	0.081693	0.081693	0.081693	0.081693	0.081693	0.081693	0.081693	0.081693	0.081693	0.081693	0.081693	0.081693
10000	7.4569	0.01	0.024202	1	1	0.8	0.33488	0.3	5	20	0.33488	0.3	5	20	0.33488	0.3	5	20	0.33488	0.3	5	20	0	0.39256	0.35167	5.8612	23.445	0.39256	0.35167	5.8612	23.445	0.39256	0.35167	5.8612	23.445	0.39256	0.35167	5.8612	23.445	0	0.26272	0.26272	0.26272	0.26272	0.26272	0.26272	0.26272	0.26272	0.26272	0.26272	0.26272	0.26272	0.26272	0.26272	0.26272	0.26272	0.26272
10000	7	0.0055	0.01	1	1	0.6389	1	0.5	3.5295	15	1	0.5	3.5295	15	1	0.5	3.5295	15	1	0.5	3.5295	15	0	1	0.5	3.5295	15	1	0.5	3.5295	15	1	0.5	3.5295	15	1	0.5	3.5295	15	0	0.2	0.2	0.2	0.2	0.2	0.2	0.2	0.2	0.2	0.2	0.2	0.2	0.2	0.2	0.2	0.2	0.2
10000	6.0673	0.0054939	0.029231	1	1	0.72308	0.37425	0	2.6651	11.019	0.37425	0	2.6651	11.019	0.37425	0	2.6651	11.019	0.37425	0	2.6651	11.019	0	0.52539	0	3.7414	15.469	0.52539	0	3.7414	15.469	0.52539	0	3.7414	15.469	0.52539	0	3.7414	15.469	0	0.37935	0.37935	0.37935	0.37935	0.37935	0.37935	0.37935	0.37935	0.37935	0.37935	0.37935	0.37935	0.37935	0.37935	0.37935	0.37935	0.37935
10000	9.5504	0.0054056	0.04092	1	1	0.25642	0.68748	0.5035	3.2599	17.958	0.68748	0.5035	3.2599	17.958	0.68748	0.5035	3.2599	17.958	0.68748	0.5035	3.2599	17.958	0	1.0591	0.7757	5.0223	27.667	1.0591	0.7757	5.0223	27.667	1.0591	0.7757	5.0223	27.667	1.0591	0.7757	5.0223	27.667	0	0.11533	0.11533	0.11533	0.11533	0.11533	0.11533	0.11533	0.11533	0.11533	0.11533	0.11533	0.11533	0.11533	0.11533	0.11533	0.11533	0.11533
10000	10	0.01	0.02	1	1	0.8	1	0.3	9.9406	30	1	0.3	9.9406	30	1	0.3	9.9406	30	1	0.3	9.9406	30	0	1.1387	0.34161	11.319	34.161	1.1387	0.34161	11.319	34.161	1.1387	0.34161	11.319	34.161	1.1387	0.34161	11.319	34.161	0	0.2539	0.2539	0.2539	0.2539	0.2539	0.2539	0.2539	0.2539	0.2539	0.2539	0.2539	0.2539	0.2539	0.2539	0.2539	0.2539	0.2539
10000	4	0.005	0.015502	1	1	0.4	0.8	0.3	3.7288	15	0.8	0.3	3.7288	15	0.8	0.3	3.7288	15	0.8	0.3	3.7288	15	0	0.8	0.3	3.7288	15	0.8	0.3	3.7288	15	0.8	0.3	3.7288	15	0.8	0.3	3.7288	15	0	0.2	0.2	0.2	0.2	0.2	0.2	0.2	0.2	0.2	0.2	0.2	0.2	0.2	0.2	0.2	0.2	0.2
10000	7	0.005	0.06328	1	1	0.4	0.87839	0.3	9.9375	20	0.87839	0.3	9.9375	20	0.87839	0.3	9.9375	20	0.87839	0.3	9.9375	20	0	0.71378	0.24378	8.0752	16.252	0.71378	0.24378	8.0752	16.252	0.71378	0.24378	8.0752	16.252	0.71378	0.24378	8.0752	16.252	0	0.2	0.2	0.2	0.2	0.2	0.2	0.2	0.2	0.2	0.2	0.2	0.2	0.2	0.2	0.2	0.2	0.2
10000	8	0.01	0.02	1	1	0.46462	1	0.3	4.6667	15	1	0.3	4.6667	15	1	0.3	4.6667	15	1	0.3	4.6667	15	0	0.99999	0.3	4.6666	15	0.99999	0.3	4.6666	15	0.99999	0.3	4.6666	15	0.99999	0.3	4.6666	15	0	0.3	0.3	0.3	0.3	0.3	0.3	0.3	0.3	0.3	0.3	0.3	0.3	0.3	0.3	0.3	0.3	0.3
10000	4.9725	0.010307	0.022508	1	1	0.64216	0.99644	0.30411	6.4803	29.864	0.99644	0.30411	6.4803	29.864	0.99644	0.30411	6.4803	29.864	0.99644	0.30411	6.4803	29.864	0	1.1373	0.34711	7.3967	34.086	1.1373	0.34711	7.3967	34.086	1.1373	0.34711	7.3967	34.086	1.1373	0.34711	7.3967	34.086	0	0.19679	0.19679	0.19679	0.19679	0.19679	0.19679	0.19679	0.19679	0.19679	0.19679	0.19679	0.19679	0.19679	0.19679	0.19679	0.19679	0.19679
10000	3.4441	0.01	0.01	1	1	0.4	0.8	0.3	7	20	0.8	0.3	7	20	0.8	0.3	7	20	0.8	0.3	7	20	0	0.8	0.3	7	20	0.8	0.3	7	20	0.8	0.3	7	20	0.8	0.3	7	20	0	0.2	0.2	0.2	0.2	0.2	0.2	0.2	0.2	0.2	0.2	0.2	0.2	0.2	0.2	0.2	0.2	0.2
10000	5.7998	0.0048145	0.035065	1	1	0.73018	0.84523	0.27534	3.4973	19.989	0.84523	0.27534	3.4973	19.989	0.84523	0.27534	3.4973	19.989	0.84523	0.27534	3.4973	19.989	0	1.3231	0.431	5.4744	31.289	1.3231	0.431	5.4744	31.289	1.3231	0.431	5.4744	31.289	1.3231	0.431	5.4744	31.289	0	0.24062	0.24062	0.24062	0.24062	0.24062	0.24062	0.24062	0.24062	0.24062	0.24062	0.24062	0.24062	0.24062	0.24062	0.24062	0.24062	0.24062
10000	5.8849	0.002385	0.03	1	1	0.4	0.8934	0.20045	3.3965	15	0.8934	0.20045	3.3965	15	0.8934	0.20045	3.3965	15	0.8934	0.20045	3.3965	15	0	0.22335	0.050111	0.84914	3.75	0.22335	0.050111	0.84914	3.75	0.22335	0.050111	0.84914	3.75	0.22335	0.050111	0.84914	3.75	0	0	0	0	0	0	0	0	0	0	0	0	0	0	0	0	0	0
10000	4.7778	0.001	0.02	1	1	0.4	1	0.3	3.4261	15	1	0.3	3.4261	15	1	0.3	3.4261	15	1	0.3	3.4261	15	0	1	0.3	3.4261	15	1	0.3	3.4261	15	1	0.3	3.4261	15	1	0.3	3.4261	15	0	0.18247	0.18247	0.18247	0.18247	0.18247	0.18247	0.18247	0.18247	0.18247	0.18247	0.18247	0.18247	0.18247	0.18247	0.18247	0.18247	0.18247
10000	6	0.04	0.02	1	1	0.8	0.84996	0.3	8.8723	15	0.84996	0.3	8.8723	15	0.84996	0.3	8.8723	15	0.84996	0.3	8.8723	15	0	1.178	0.41579	12.297	20.79	1.178	0.41579	12.297	20.79	1.178	0.41579	12.297	20.79	1.178	0.41579	12.297	20.79	0	0.2	0.2	0.2	0.2	0.2	0.2	0.2	0.2	0.2	0.2	0.2	0.2	0.2	0.2	0.2	0.2	0.2
10000	4.8652	0.010083	0.019908	1	1	0.7986	0.99541	0.40298	5.008	20.037	0.99541	0.40298	5.008	20.037	0.99541	0.40298	5.008	20.037	0.99541	0.40298	5.008	20.037	0	0.99142	0.40136	4.9879	19.956	0.99142	0.40136	4.9879	19.956	0.99142	0.40136	4.9879	19.956	0.99142	0.40136	4.9879	19.956	0	0.1994	0.1994	0.1994	0.1994	0.1994	0.1994	0.1994	0.1994	0.1994	0.1994	0.1994	0.1994	0.1994	0.1994	0.1994	0.1994	0.1994
10000	1	0.01119	0.016954	1	1	0.80152	1.0017	0.091836	3.3373	15.014	1.0017	0.091836	3.3373	15.014	1.0017	0.091836	3.3373	15.014	1.0017	0.091836	3.3373	15.014	0	1.001	0.091775	3.3351	15.004	1.001	0.091775	3.3351	15.004	1.001	0.091775	3.3351	15.004	1.001	0.091775	3.3351	15.004	0	0.099662	0.099662	0.099662	0.099662	0.099662	0.099662	0.099662	0.099662	0.099662	0.099662	0.099662	0.099662	0.099662	0.099662	0.099662	0.099662	0.099662
10000	2.7478	0.012601	0.01	1	1	0.95133	1.0262	0.1907	2.7943	13.655	1.0262	0.1907	2.7943	13.655	1.0262	0.1907	2.7943	13.655	1.0262	0.1907	2.7943	13.655	0	1.3505	0.25096	3.6772	17.969	1.3505	0.25096	3.6772	17.969	1.3505	0.25096	3.6772	17.969	1.3505	0.25096	3.6772	17.969	0	0.15943	0.15943	0.15943	0.15943	0.15943	0.15943	0.15943	0.15943	0.15943	0.15943	0.15943	0.15943	0.15943	0.15943	0.15943	0.15943	0.15943
10000	3	0.001	0.021011	1	1	0.85451	1	0.10251	2.5	15	1	0.10251	2.5	15	1	0.10251	2.5	15	1	0.10251	2.5	15	0	1	0.10251	2.5	15	1	0.10251	2.5	15	1	0.10251	2.5	15	1	0.10251	2.5	15	0	0.2	0.2	0.2	0.2	0.2	0.2	0.2	0.2	0.2	0.2	0.2	0.2	0.2	0.2	0.2	0.2	0.2
10000	1.6747	0.0096607	0.0125	1	1	0.82455	0.995	0.030628	2.5094	7.9264	0.995	0.030628	2.5094	7.9264	0.995	0.030628	2.5094	7.9264	0.995	0.030628	2.5094	7.9264	0	1.0733	0.033038	2.7069	8.5501	1.0733	0.033038	2.7069	8.5501	1.0733	0.033038	2.7069	8.5501	1.0733	0.033038	2.7069	8.5501	0	0.18867	0.18867	0.18867	0.18867	0.18867	0.18867	0.18867	0.18867	0.18867	0.18867	0.18867	0.18867	0.18867	0.18867	0.18867	0.18867	0.18867
10000	2.3271	0.012648	0.013529	1	1	0.79471	1.1471	0.20438	2.7563	14.636	1.1471	0.20438	2.7563	14.636	1.1471	0.20438	2.7563	14.636	1.1471	0.20438	2.7563	14.636	0	1.7417	0.31033	4.185	22.223	1.7417	0.31033	4.185	22.223	1.7417	0.31033	4.185	22.223	1.7417	0.31033	4.185	22.223	0	0.38826	0.38826	0.38826	0.38826	0.38826	0.38826	0.38826	0.38826	0.38826	0.38826	0.38826	0.38826	0.38826	0.38826	0.38826	0.38826	0.38826
10000	3	0.0071279	0.02	1	1	0.64367	1	0.3	3.3333	15	1	0.3	3.3333	15	1	0.3	3.3333	15	1	0.3	3.3333	15	0	1	0.3	3.3333	15	1	0.3	3.3333	15	1	0.3	3.3333	15	1	0.3	3.3333	15	0	0.2	0.2	0.2	0.2	0.2	0.2	0.2	0.2	0.2	0.2	0.2	0.2	0.2	0.2	0.2	0.2	0.2
10000	4.7075	0.0078464	0.021347	1	1	0.52984	0.51453	0.3	3.5741	20	0.51453	0.3	3.5741	20	0.51453	0.3	3.5741	20	0.51453	0.3	3.5741	20	0	0.50168	0.29251	3.4848	19.501	0.50168	0.29251	3.4848	19.501	0.50168	0.29251	3.4848	19.501	0.50168	0.29251	3.4848	19.501	0	0.19395	0.19395	0.19395	0.19395	0.19395	0.19395	0.19395	0.19395	0.19395	0.19395	0.19395	0.19395	0.19395	0.19395	0.19395	0.19395	0.19395
10000	9.9999	0.001	0.02	1	1	0.51573	0.83588	0.3	3.3333	8.3131	0.83588	0.3	3.3333	8.3131	0.83588	0.3	3.3333	8.3131	0.83588	0.3	3.3333	8.3131	0	0.83588	0.3	3.3333	8.3131	0.83588	0.3	3.3333	8.3131	0.83588	0.3	3.3333	8.3131	0.83588	0.3	3.3333	8.3131	0	0.2	0.2	0.2	0.2	0.2	0.2	0.2	0.2	0.2	0.2	0.2	0.2	0.2	0.2	0.2	0.2	0.2
10000	4.9277	0.0032168	0.024441	1	1	0.42907	0.79924	-0.020767	4.9273	14.668	0.79924	-0.020767	4.9273	14.668	0.79924	-0.020767	4.9273	14.668	0.79924	-0.020767	4.9273	14.668	0	0.7702	-0.020012	4.7483	14.135	0.7702	-0.020012	4.7483	14.135	0.7702	-0.020012	4.7483	14.135	0.7702	-0.020012	4.7483	14.135	0	0.2163	0.2163	0.2163	0.2163	0.2163	0.2163	0.2163	0.2163	0.2163	0.2163	0.2163	0.2163	0.2163	0.2163	0.2163	0.2163	0.2163
10000	5.3171	0.001	0.014692	1	1	0.43154	0.80001	0.4	2.7778	12.152	0.80001	0.4	2.7778	12.152	0.80001	0.4	2.7778	12.152	0.80001	0.4	2.7778	12.152	0	1.2297	0.61484	4.2697	18.679	1.2297	0.61484	4.2697	18.679	1.2297	0.61484	4.2697	18.679	1.2297	0.61484	4.2697	18.679	0	0.2037	0.2037	0.2037	0.2037	0.2037	0.2037	0.2037	0.2037	0.2037	0.2037	0.2037	0.2037	0.2037	0.2037	0.2037	0.2037	0.2037
10000	5.123	0.0047046	0.01	1	1	0.98462	0.92212	0.276	4.9354	14.705	0.92212	0.276	4.9354	14.705	0.92212	0.276	4.9354	14.705	0.92212	0.276	4.9354	14.705	0	0.58798	0.17599	3.147	9.3762	0.58798	0.17599	3.147	9.3762	0.58798	0.17599	3.147	9.3762	0.58798	0.17599	3.147	9.3762	0	0.17898	0.17898	0.17898	0.17898	0.17898	0.17898	0.17898	0.17898	0.17898	0.17898	0.17898	0.17898	0.17898	0.17898	0.17898	0.17898	0.17898
10000	7.7141	0.001	0.012402	1	1	0.78334	0.82522	0.78372	3.4515	10.584	0.82522	0.78372	3.4515	10.584	0.82522	0.78372	3.4515	10.584	0.82522	0.78372	3.4515	10.584	0	0.77675	0.73769	3.2488	9.9622	0.77675	0.73769	3.2488	9.9622	0.77675	0.73769	3.2488	9.9622	0.77675	0.73769	3.2488	9.9622	0	0.19892	0.19892	0.19892	0.19892	0.19892	0.19892	0.19892	0.19892	0.19892	0.19892	0.19892	0.19892	0.19892	0.19892	0.19892	0.19892	0.19892
10000	6.6084	0.001	0.035182	1	1	1.1787	0.57927	0.57348	4.2318	18.366	0.57927	0.57348	4.2318	18.366	0.57927	0.57348	4.2318	18.366	0.57927	0.57348	4.2318	18.366	0	0.24545	0.24299	1.7931	7.7819	0.24545	0.24299	1.7931	7.7819	0.24545	0.24299	1.7931	7.7819	0.24545	0.24299	1.7931	7.7819	0	0.085686	0.085686	0.085686	0.085686	0.085686	0.085686	0.085686	0.085686	0.085686	0.085686	0.085686	0.085686	0.085686	0.085686	0.085686	0.085686	0.085686
10000	6.6667	0.001	0.02	1	1	1.0667	0.52318	0.05	3.5	15	0.52318	0.05	3.5	15	0.52318	0.05	3.5	15	0.52318	0.05	3.5	15	0	0.52318	0.05	3.5	15	0.52318	0.05	3.5	15	0.52318	0.05	3.5	15	0.52318	0.05	3.5	15	0	0.16024	0.16024	0.16024	0.16024	0.16024	0.16024	0.16024	0.16024	0.16024	0.16024	0.16024	0.16024	0.16024	0.16024	0.16024	0.16024	0.16024
10000	6.0324	0.02	0.01	1	1	1	0.6205	0.3	3.5	15	0.6205	0.3	3.5	15	0.6205	0.3	3.5	15	0.6205	0.3	3.5	15	0	0.74391	0.35967	4.1961	17.983	0.74391	0.35967	4.1961	17.983	0.74391	0.35967	4.1961	17.983	0.74391	0.35967	4.1961	17.983	0	0.21111	0.21111	0.21111	0.21111	0.21111	0.21111	0.21111	0.21111	0.21111	0.21111	0.21111	0.21111	0.21111	0.21111	0.21111	0.21111	0.21111
10000	3.0487	0.0047405	0.019351	1	1	0.52014	1.0324	-0.13751	3.3901	20.26	1.0324	-0.13751	3.3901	20.26	1.0324	-0.13751	3.3901	20.26	1.0324	-0.13751	3.3901	20.26	0	1.0138	-0.13503	3.329	19.895	1.0138	-0.13503	3.329	19.895	1.0138	-0.13503	3.329	19.895	1.0138	-0.13503	3.329	19.895	0	0.27046	0.27046	0.27046	0.27046	0.27046	0.27046	0.27046	0.27046	0.27046	0.27046	0.27046	0.27046	0.27046	0.27046	0.27046	0.27046	0.27046
10000	2.3619	0.010497	0.018333	1	1	0.4	0.97922	0.27819	3.5185	34.937	0.97922	0.27819	3.5185	34.937	0.97922	0.27819	3.5185	34.937	0.97922	0.27819	3.5185	34.937	0	1.0386	0.29507	3.732	37.057	1.0386	0.29507	3.732	37.057	1.0386	0.29507	3.732	37.057	1.0386	0.29507	3.732	37.057	0	0.2	0.2	0.2	0.2	0.2	0.2	0.2	0.2	0.2	0.2	0.2	0.2	0.2	0.2	0.2	0.2	0.2
10000	1	0.0059112	0.02	1	1	0.29917	0.8	0	3.5	15	0.8	0	3.5	15	0.8	0	3.5	15	0.8	0	3.5	15	0	0.76667	0	3.3542	14.375	0.76667	0	3.3542	14.375	0.76667	0	3.3542	14.375	0.76667	0	3.3542	14.375	0	0.2	0.2	0.2	0.2	0.2	0.2	0.2	0.2	0.2	0.2	0.2	0.2	0.2	0.2	0.2	0.2	0.2
10000	2.6071	0.06628	0.02	1	1	0.58217	0.809	0.4	4.6667	16.504	0.809	0.4	4.6667	16.504	0.809	0.4	4.6667	16.504	0.809	0.4	4.6667	16.504	0	0.80901	0.4	4.6667	16.504	0.80901	0.4	4.6667	16.504	0.80901	0.4	4.6667	16.504	0.80901	0.4	4.6667	16.504	0	0.2	0.2	0.2	0.2	0.2	0.2	0.2	0.2	0.2	0.2	0.2	0.2	0.2	0.2	0.2	0.2	0.2
10000	3	0.0088545	0.018559	1	1	0.42618	1	0.3	7	20	1	0.3	7	20	1	0.3	7	20	1	0.3	7	20	0	1.1592	0.34775	8.1142	23.183	1.1592	0.34775	8.1142	23.183	1.1592	0.34775	8.1142	23.183	1.1592	0.34775	8.1142	23.183	0	0.2	0.2	0.2	0.2	0.2	0.2	0.2	0.2	0.2	0.2	0.2	0.2	0.2	0.2	0.2	0.2	0.2
10000	5.7847	0.01	0.02	1	1	0.4	1	0.3	2.5	15	1	0.3	2.5	15	1	0.3	2.5	15	1	0.3	2.5	15	0	1.1768	0.35303	2.9419	17.651	1.1768	0.35303	2.9419	17.651	1.1768	0.35303	2.9419	17.651	1.1768	0.35303	2.9419	17.651	0	0.20301	0.20301	0.20301	0.20301	0.20301	0.20301	0.20301	0.20301	0.20301	0.20301	0.20301	0.20301	0.20301	0.20301	0.20301	0.20301	0.20301
10000	10	0.018148	0.018406	1	1	0.80595	0.91302	0.34581	5.4375	9.9504	0.91302	0.34581	5.4375	9.9504	0.91302	0.34581	5.4375	9.9504	0.91302	0.34581	5.4375	9.9504	0	0.87567	0.33166	5.215	9.5433	0.87567	0.33166	5.215	9.5433	0.87567	0.33166	5.215	9.5433	0.87567	0.33166	5.215	9.5433	0	0.24073	0.24073	0.24073	0.24073	0.24073	0.24073	0.24073	0.24073	0.24073	0.24073	0.24073	0.24073	0.24073	0.24073	0.24073	0.24073	0.24073
10000	7.0051	0.0099365	0.01997	1	1	0.71766	1.166	0.29933	2.5062	15.028	1.166	0.29933	2.5062	15.028	1.166	0.29933	2.5062	15.028	1.166	0.29933	2.5062	15.028	0	1.5751	0.40436	3.3855	20.301	1.5751	0.40436	3.3855	20.301	1.5751	0.40436	3.3855	20.301	1.5751	0.40436	3.3855	20.301	0	0.19966	0.19966	0.19966	0.19966	0.19966	0.19966	0.19966	0.19966	0.19966	0.19966	0.19966	0.19966	0.19966	0.19966	0.19966	0.19966	0.19966
10000	9	0.0023333	0.026667	1	1	0.78442	1	0.3	2.5	15	1	0.3	2.5	15	1	0.3	2.5	15	1	0.3	2.5	15	0	1.0938	0.32813	2.7344	16.406	1.0938	0.32813	2.7344	16.406	1.0938	0.32813	2.7344	16.406	1.0938	0.32813	2.7344	16.406	0	0.28352	0.28352	0.28352	0.28352	0.28352	0.28352	0.28352	0.28352	0.28352	0.28352	0.28352	0.28352	0.28352	0.28352	0.28352	0.28352	0.28352
10000	6.7459	0.01	0.037575	1	1	0.8	1	0.4	2.5	15	1	0.4	2.5	15	1	0.4	2.5	15	1	0.4	2.5	15	0	1	0.4	2.5	15	1	0.4	2.5	15	1	0.4	2.5	15	1	0.4	2.5	15	0	0.1	0.1	0.1	0.1	0.1	0.1	0.1	0.1	0.1	0.1	0.1	0.1	0.1	0.1	0.1	0.1	0.1
10000	9.7043	0.0015587	0.032011	1	1	0.72962	0.75443	0.55592	2.7927	16.338	0.75443	0.55592	2.7927	16.338	0.75443	0.55592	2.7927	16.338	0.75443	0.55592	2.7927	16.338	0	0.86484	0.63728	3.2014	18.729	0.86484	0.63728	3.2014	18.729	0.86484	0.63728	3.2014	18.729	0.86484	0.63728	3.2014	18.729	0	0.1803	0.1803	0.1803	0.1803	0.1803	0.1803	0.1803	0.1803	0.1803	0.1803	0.1803	0.1803	0.1803	0.1803	0.1803	0.1803	0.1803
10000	10	0.001	0.019444	1	1	0.775	0.66789	0.51314	3.5625	15.222	0.66789	0.51314	3.5625	15.222	0.66789	0.51314	3.5625	15.222	0.66789	0.51314	3.5625	15.222	0	1.0135	0.77866	5.4059	23.099	1.0135	0.77866	5.4059	23.099	1.0135	0.77866	5.4059	23.099	1.0135	0.77866	5.4059	23.099	0	0.29975	0.29975	0.29975	0.29975	0.29975	0.29975	0.29975	0.29975	0.29975	0.29975	0.29975	0.29975	0.29975	0.29975	0.29975	0.29975	0.29975
10000	5.9465	0.005	0.02048	1	1	0.8	0.4634	0.69479	2.5	15	0.4634	0.69479	2.5	15	0.4634	0.69479	2.5	15	0.4634	0.69479	2.5	15	0	0.4634	0.69479	2.5	15	0.4634	0.69479	2.5	15	0.4634	0.69479	2.5	15	0.4634	0.69479	2.5	15	0	0.1	0.1	0.1	0.1	0.1	0.1	0.1	0.1	0.1	0.1	0.1	0.1	0.1	0.1	0.1	0.1	0.1
10000	5.3528	0.0064889	0.014615	1	1	0.40909	1.0254	0.40844	2.4773	15.104	1.0254	0.40844	2.4773	15.104	1.0254	0.40844	2.4773	15.104	1.0254	0.40844	2.4773	15.104	0	1.0138	0.4038	2.4491	14.932	1.0138	0.4038	2.4491	14.932	1.0138	0.4038	2.4491	14.932	1.0138	0.4038	2.4491	14.932	0	0.11786	0.11786	0.11786	0.11786	0.11786	0.11786	0.11786	0.11786	0.11786	0.11786	0.11786	0.11786	0.11786	0.11786	0.11786	0.11786	0.11786
10000	6.7439	0.004005	0.018891	1	1	0.40009	0.80976	1.688	2.8331	14.771	0.80976	1.688	2.8331	14.771	0.80976	1.688	2.8331	14.771	0.80976	1.688	2.8331	14.771	0	0.80966	1.6878	2.8327	14.77	0.80966	1.6878	2.8327	14.77	0.80966	1.6878	2.8327	14.77	0.80966	1.6878	2.8327	14.77	0	0.11007	0.11007	0.11007	0.11007	0.11007	0.11007	0.11007	0.11007	0.11007	0.11007	0.11007	0.11007	0.11007	0.11007	0.11007	0.11007	0.11007
10000	10	0.001	0.03	1	1	0.35	0.5	0.625	3.375	11	0.5	0.625	3.375	11	0.5	0.625	3.375	11	0.5	0.625	3.375	11	0	0.28125	0.35156	1.8984	6.1875	0.28125	0.35156	1.8984	6.1875	0.28125	0.35156	1.8984	6.1875	0.28125	0.35156	1.8984	6.1875	0	0.16161	0.16161	0.16161	0.16161	0.16161	0.16161	0.16161	0.16161	0.16161	0.16161	0.16161	0.16161	0.16161	0.16161	0.16161	0.16161	0.16161
10000	7	0.001	0.02	1	1	0.19193	1.4518	0.34982	3.3333	15	1.4518	0.34982	3.3333	15	1.4518	0.34982	3.3333	15	1.4518	0.34982	3.3333	15	0	0.48394	0.11661	1.1111	5.0001	0.48394	0.11661	1.1111	5.0001	0.48394	0.11661	1.1111	5.0001	0.48394	0.11661	1.1111	5.0001	0	0.20829	0.20829	0.20829	0.20829	0.20829	0.20829	0.20829	0.20829	0.20829	0.20829	0.20829	0.20829	0.20829	0.20829	0.20829	0.20829	0.20829
10000	2.3233	0.0093696	0.01504	1	1	0.40699	1.1453	0.29796	7.009	26.625	1.1453	0.29796	7.009	26.625	1.1453	0.29796	7.009	26.625	1.1453	0.29796	7.009	26.625	0	0.28631	0.074489	1.7523	6.6561	0.28631	0.074489	1.7523	6.6561	0.28631	0.074489	1.7523	6.6561	0.28631	0.074489	1.7523	6.6561	0	0.11632	0.11632	0.11632	0.11632	0.11632	0.11632	0.11632	0.11632	0.11632	0.11632	0.11632	0.11632	0.11632	0.11632	0.11632	0.11632	0.11632
10000	6.2939	0.0058333	0.04	1	1	0.35431	0.67752	0.32989	3.6205	20	0.67752	0.32989	3.6205	20	0.67752	0.32989	3.6205	20	0.67752	0.32989	3.6205	20	0	0.59283	0.28865	3.168	17.5	0.59283	0.28865	3.168	17.5	0.59283	0.28865	3.168	17.5	0.59283	0.28865	3.168	17.5	0	0.2	0.2	0.2	0.2	0.2	0.2	0.2	0.2	0.2	0.2	0.2	0.2	0.2	0.2	0.2	0.2	0.2
10000	9.9999	0.0095905	0.017013	1	1	0.43578	0.35145	0.41832	3.5	15	0.35145	0.41832	3.5	15	0.35145	0.41832	3.5	15	0.35145	0.41832	3.5	15	0	0.37098	0.44157	3.6945	15.833	0.37098	0.44157	3.6945	15.833	0.37098	0.44157	3.6945	15.833	0.37098	0.44157	3.6945	15.833	0	0.22353	0.22353	0.22353	0.22353	0.22353	0.22353	0.22353	0.22353	0.22353	0.22353	0.22353	0.22353	0.22353	0.22353	0.22353	0.22353	0.22353
10000	10	0.0066667	0.01	1	1	0.29226	1.229	0.3	3.3333	10	1.229	0.3	3.3333	10	1.229	0.3	3.3333	10	1.229	0.3	3.3333	10	0	1.229	0.3	3.3333	10	1.229	0.3	3.3333	10	1.229	0.3	3.3333	10	1.229	0.3	3.3333	10	0	0.2	0.2	0.2	0.2	0.2	0.2	0.2	0.2	0.2	0.2	0.2	0.2	0.2	0.2	0.2	0.2	0.2
10000	6.3592	0.0083618	0.02	1	1	0.59732	1	0.3	2.5	30	1	0.3	2.5	30	1	0.3	2.5	30	1	0.3	2.5	30	0	0.97758	0.29328	2.444	29.328	0.97758	0.29328	2.444	29.328	0.97758	0.29328	2.444	29.328	0.97758	0.29328	2.444	29.328	0	0.084029	0.084029	0.084029	0.084029	0.084029	0.084029	0.084029	0.084029	0.084029	0.084029	0.084029	0.084029	0.084029	0.084029	0.084029	0.084029	0.084029
10000	7	0.005	0.033913	1	1	0.28889	1	0.16091	2.5	15	1	0.16091	2.5	15	1	0.16091	2.5	15	1	0.16091	2.5	15	0	1	0.16091	2.5	15	1	0.16091	2.5	15	1	0.16091	2.5	15	1	0.16091	2.5	15	0	0.1	0.1	0.1	0.1	0.1	0.1	0.1	0.1	0.1	0.1	0.1	0.1	0.1	0.1	0.1	0.1	0.1
10000	10	0.005	0.02	1	1	0.4	1	0.5	2.5	20	1	0.5	2.5	20	1	0.5	2.5	20	1	0.5	2.5	20	0	1	0.5	2.5	20	1	0.5	2.5	20	1	0.5	2.5	20	1	0.5	2.5	20	0	0.1	0.1	0.1	0.1	0.1	0.1	0.1	0.1	0.1	0.1	0.1	0.1	0.1	0.1	0.1	0.1	0.1
10000	7.6092	0.01	0.022213	1	1	0.4	1	6.0555e-06	3.3333	10	1	6.0555e-06	3.3333	10	1	6.0555e-06	3.3333	10	1	6.0555e-06	3.3333	10	0	1	6.0555e-06	3.3333	10	1	6.0555e-06	3.3333	10	1	6.0555e-06	3.3333	10	1	6.0555e-06	3.3333	10	0	0.083333	0.083333	0.083333	0.083333	0.083333	0.083333	0.083333	0.083333	0.083333	0.083333	0.083333	0.083333	0.083333	0.083333	0.083333	0.083333	0.083333
10000	6.2144	0.001	0.01	1	1	1.076	0.62574	0.24279	2.854	10.029	0.62574	0.24279	2.854	10.029	0.62574	0.24279	2.854	10.029	0.62574	0.24279	2.854	10.029	0	0.50789	0.19706	2.3165	8.14	0.50789	0.19706	2.3165	8.14	0.50789	0.19706	2.3165	8.14	0.50789	0.19706	2.3165	8.14	0	0.21957	0.21957	0.21957	0.21957	0.21957	0.21957	0.21957	0.21957	0.21957	0.21957	0.21957	0.21957	0.21957	0.21957	0.21957	0.21957	0.21957
10000	10	0.0043676	0.020833	1	1	0.95	0.40514	0.23891	2.9023	18.417	0.40514	0.23891	2.9023	18.417	0.40514	0.23891	2.9023	18.417	0.40514	0.23891	2.9023	18.417	0	0.46423	0.27376	3.3256	21.102	0.46423	0.27376	3.3256	21.102	0.46423	0.27376	3.3256	21.102	0.46423	0.27376	3.3256	21.102	0	0.38655	0.38655	0.38655	0.38655	0.38655	0.38655	0.38655	0.38655	0.38655	0.38655	0.38655	0.38655	0.38655	0.38655	0.38655	0.38655	0.38655
10000	7.6533	0.0043333	0.021111	1	1	0.87041	0.04164	0.14617	5.1458	20.667	0.04164	0.14617	5.1458	20.667	0.04164	0.14617	5.1458	20.667	0.04164	0.14617	5.1458	20.667	0	0.016482	0.05786	2.0369	8.1806	0.016482	0.05786	2.0369	8.1806	0.016482	0.05786	2.0369	8.1806	0.016482	0.05786	2.0369	8.1806	0	0.33461	0.33461	0.33461	0.33461	0.33461	0.33461	0.33461	0.33461	0.33461	0.33461	0.33461	0.33461	0.33461	0.33461	0.33461	0.33461	0.33461
10000	10	0.0099954	0.01	1	1	1.0648	0.5473	0.39866	2.4964	16.685	0.5473	0.39866	2.4964	16.685	0.5473	0.39866	2.4964	16.685	0.5473	0.39866	2.4964	16.685	0	0.72252	0.5263	3.2957	22.027	0.72252	0.5263	3.2957	22.027	0.72252	0.5263	3.2957	22.027	0.72252	0.5263	3.2957	22.027	0	0.34972	0.34972	0.34972	0.34972	0.34972	0.34972	0.34972	0.34972	0.34972	0.34972	0.34972	0.34972	0.34972	0.34972	0.34972	0.34972	0.34972
10000	5.7114	0.0058333	0.02	1	1	0.9727	0.20487	0.3	5	20	0.20487	0.3	5	20	0.20487	0.3	5	20	0.20487	0.3	5	20	0	0.10244	0.15	2.5	10	0.10244	0.15	2.5	10	0.10244	0.15	2.5	10	0.10244	0.15	2.5	10	0	0.25657	0.25657	0.25657	0.25657	0.25657	0.25657	0.25657	0.25657	0.25657	0.25657	0.25657	0.25657	0.25657	0.25657	0.25657	0.25657	0.25657
10000	7	0.001	0.023333	1	1	0.8	1	0.53209	3.6337	12.528	1	0.53209	3.6337	12.528	1	0.53209	3.6337	12.528	1	0.53209	3.6337	12.528	0	1.4751	0.78488	5.3601	18.48	1.4751	0.78488	5.3601	18.48	1.4751	0.78488	5.3601	18.48	1.4751	0.78488	5.3601	18.48	0	0.2	0.2	0.2	0.2	0.2	0.2	0.2	0.2	0.2	0.2	0.2	0.2	0.2	0.2	0.2	0.2	0.2
10000	7.2054	0.0039749	0.01	1	1	0.8	0.8	0.4	4.6667	20	0.8	0.4	4.6667	20	0.8	0.4	4.6667	20	0.8	0.4	4.6667	20	0	0.8	0.4	4.6667	20	0.8	0.4	4.6667	20	0.8	0.4	4.6667	20	0.8	0.4	4.6667	20	0	0.2054	0.2054	0.2054	0.2054	0.2054	0.2054	0.2054	0.2054	0.2054	0.2054	0.2054	0.2054	0.2054	0.2054	0.2054	0.2054	0.2054
10000	7.0071	0.010512	0.019981	1	1	0.67099	0.96801	0.3017	4.762	29.965	0.96801	0.3017	4.762	29.965	0.96801	0.3017	4.762	29.965	0.96801	0.3017	4.762	29.965	0	0.92983	0.2898	4.5741	28.783	0.92983	0.2898	4.5741	28.783	0.92983	0.2898	4.5741	28.783	0.92983	0.2898	4.5741	28.783	0	0.20032	0.20032	0.20032	0.20032	0.20032	0.20032	0.20032	0.20032	0.20032	0.20032	0.20032	0.20032	0.20032	0.20032	0.20032	0.20032	0.20032
10000	7.7795	0.001	0.015081	1	1	0.85056	0.93557	0.29782	5.5852	16.65	0.93557	0.29782	5.5852	16.65	0.93557	0.29782	5.5852	16.65	0.93557	0.29782	5.5852	16.65	0	1.1397	0.3628	6.8037	20.282	1.1397	0.3628	6.8037	20.282	1.1397	0.3628	6.8037	20.282	1.1397	0.3628	6.8037	20.282	0	0.2179	0.2179	0.2179	0.2179	0.2179	0.2179	0.2179	0.2179	0.2179	0.2179	0.2179	0.2179	0.2179	0.2179	0.2179	0.2179	0.2179
10000	10	0.0054352	0.019994	1	1	0.80029	0.64744	0.6002	2.7864	14.998	0.64744	0.6002	2.7864	14.998	0.64744	0.6002	2.7864	14.998	0.64744	0.6002	2.7864	14.998	0	0.81375	0.75438	3.5021	18.85	0.81375	0.75438	3.5021	18.85	0.81375	0.75438	3.5021	18.85	0.81375	0.75438	3.5021	18.85	0	0.12789	0.12789	0.12789	0.12789	0.12789	0.12789	0.12789	0.12789	0.12789	0.12789	0.12789	0.12789	0.12789	0.12789	0.12789	0.12789	0.12789
10000	10	0.0090688	0.02	1	1	0.65772	1	1.1885	2.6457	30	1	1.1885	2.6457	30	1	1.1885	2.6457	30	1	1.1885	2.6457	30	0	0.747	0.8878	1.9764	22.41	0.747	0.8878	1.9764	22.41	0.747	0.8878	1.9764	22.41	0.747	0.8878	1.9764	22.41	0	0.1	0.1	0.1	0.1	0.1	0.1	0.1	0.1	0.1	0.1	0.1	0.1	0.1	0.1	0.1	0.1	0.1
10000	10	0.016246	0.020002	1	1	0.63767	1.0001	0.59993	2.4998	29.999	1.0001	0.59993	2.4998	29.999	1.0001	0.59993	2.4998	29.999	1.0001	0.59993	2.4998	29.999	0	1.1669	0.69997	2.9167	35.002	1.1669	0.69997	2.9167	35.002	1.1669	0.69997	2.9167	35.002	1.1669	0.69997	2.9167	35.002	0	0.19996	0.19996	0.19996	0.19996	0.19996	0.19996	0.19996	0.19996	0.19996	0.19996	0.19996	0.19996	0.19996	0.19996	0.19996	0.19996	0.19996
10000	3.0857	0.011029	0.019851	1	1	0.74857	0.94286	0.99779	2.4	14.543	0.94286	0.99779	2.4	14.543	0.94286	0.99779	2.4	14.543	0.94286	0.99779	2.4	14.543	0	0.89571	0.9479	2.28	13.816	0.89571	0.9479	2.28	13.816	0.89571	0.9479	2.28	13.816	0.89571	0.9479	2.28	13.816	0	0.15326	0.15326	0.15326	0.15326	0.15326	0.15326	0.15326	0.15326	0.15326	0.15326	0.15326	0.15326	0.15326	0.15326	0.15326	0.15326	0.15326
10000	6.9983	0.032964	0.018342	1	1	0.30005	1.3338	2.5089	6.0796	17.781	1.3338	2.5089	6.0796	17.781	1.3338	2.5089	6.0796	17.781	1.3338	2.5089	6.0796	17.781	0	0.89794	1.689	4.0928	11.971	0.89794	1.689	4.0928	11.971	0.89794	1.689	4.0928	11.971	0.89794	1.689	4.0928	11.971	0	0.1833	0.1833	0.1833	0.1833	0.1833	0.1833	0.1833	0.1833	0.1833	0.1833	0.1833	0.1833	0.1833	0.1833	0.1833	0.1833	0.1833
10000	7.4638	0.022908	0.019154	1	1	0.46105	0.92734	1.1704	3.5985	27.126	0.92734	1.1704	3.5985	27.126	0.92734	1.1704	3.5985	27.126	0.92734	1.1704	3.5985	27.126	0	0.86411	1.0906	3.3531	25.277	0.86411	1.0906	3.3531	25.277	0.86411	1.0906	3.3531	25.277	0.86411	1.0906	3.3531	25.277	0	0.20654	0.20654	0.20654	0.20654	0.20654	0.20654	0.20654	0.20654	0.20654	0.20654	0.20654	0.20654	0.20654	0.20654	0.20654	0.20654	0.20654
10000	3.0124	0.010148	0.019255	1	1	0.41803	0.85394	0.33267	3.3189	15.066	0.85394	0.33267	3.3189	15.066	0.85394	0.33267	3.3189	15.066	0.85394	0.33267	3.3189	15.066	0	0.80964	0.31541	3.1467	14.284	0.80964	0.31541	3.1467	14.284	0.80964	0.31541	3.1467	14.284	0.80964	0.31541	3.1467	14.284	0	0.1967	0.1967	0.1967	0.1967	0.1967	0.1967	0.1967	0.1967	0.1967	0.1967	0.1967	0.1967	0.1967	0.1967	0.1967	0.1967	0.1967
10000	4.4871	0.0068481	0.02	1	1	0.49333	0.7989	0.4	3.5	20	0.7989	0.4	3.5	20	0.7989	0.4	3.5	20	0.7989	0.4	3.5	20	0	0.64353	0.32221	2.8193	16.11	0.64353	0.32221	2.8193	16.11	0.64353	0.32221	2.8193	16.11	0.64353	0.32221	2.8193	16.11	0	0.2	0.2	0.2	0.2	0.2	0.2	0.2	0.2	0.2	0.2	0.2	0.2	0.2	0.2	0.2	0.2	0.2
10000	7.86	0.0050152	0.01994	1	1	0.50087	0.99702	0.45465	4.6734	20.031	0.99702	0.45465	4.6734	20.031	0.99702	0.45465	4.6734	20.031	0.99702	0.45465	4.6734	20.031	0	0.66301	0.30234	3.1077	13.321	0.66301	0.30234	3.1077	13.321	0.66301	0.30234	3.1077	13.321	0.66301	0.30234	3.1077	13.321	0	0.18625	0.18625	0.18625	0.18625	0.18625	0.18625	0.18625	0.18625	0.18625	0.18625	0.18625	0.18625	0.18625	0.18625	0.18625	0.18625	0.18625
10000	3.9356	0.007	0.018971	1	1	0.58177	0.81467	0.32274	5.7418	15	0.81467	0.32274	5.7418	15	0.81467	0.32274	5.7418	15	0.81467	0.32274	5.7418	15	0	0.81467	0.32275	5.7418	15	0.81467	0.32275	5.7418	15	0.81467	0.32275	5.7418	15	0.81467	0.32275	5.7418	15	0	0.19636	0.19636	0.19636	0.19636	0.19636	0.19636	0.19636	0.19636	0.19636	0.19636	0.19636	0.19636	0.19636	0.19636	0.19636	0.19636	0.19636
10000	8.4216	0.01	0.025556	1	1	0.78825	0.98246	0.4	5.5556	15.556	0.98246	0.4	5.5556	15.556	0.98246	0.4	5.5556	15.556	0.98246	0.4	5.5556	15.556	0	0.24561	0.1	1.3889	3.8889	0.24561	0.1	1.3889	3.8889	0.24561	0.1	1.3889	3.8889	0.24561	0.1	1.3889	3.8889	0	0.16516	0.16516	0.16516	0.16516	0.16516	0.16516	0.16516	0.16516	0.16516	0.16516	0.16516	0.16516	0.16516	0.16516	0.16516	0.16516	0.16516
10000	5	0.001	0.01	1	1	0.88889	0.8	0.39859	5	15	0.8	0.39859	5	15	0.8	0.39859	5	15	0.8	0.39859	5	15	0	0.8	0.39859	5	15	0.8	0.39859	5	15	0.8	0.39859	5	15	0.8	0.39859	5	15	0	0.066667	0.066667	0.066667	0.066667	0.066667	0.066667	0.066667	0.066667	0.066667	0.066667	0.066667	0.066667	0.066667	0.066667	0.066667	0.066667	0.066667
10000	5.625	0.007	0.018747	1	1	1.025	1.25	0.5625	5.4375	28	1.25	0.5625	5.4375	28	1.25	0.5625	5.4375	28	1.25	0.5625	5.4375	28	0	1.5426	0.69415	6.7102	34.553	1.5426	0.69415	6.7102	34.553	1.5426	0.69415	6.7102	34.553	1.5426	0.69415	6.7102	34.553	0	0.125	0.125	0.125	0.125	0.125	0.125	0.125	0.125	0.125	0.125	0.125	0.125	0.125	0.125	0.125	0.125	0.125
10000	7	0.01	0.011111	1	1	0.82891	1.1111	0.3	7	180	1.1111	0.3	7	180	1.1111	0.3	7	180	1.1111	0.3	7	180	0	0.55556	0.15	3.5	90	0.55556	0.15	3.5	90	0.55556	0.15	3.5	90	0.55556	0.15	3.5	90	0	0.024954	0.024954	0.024954	0.024954	0.024954	0.024954	0.024954	0.024954	0.024954	0.024954	0.024954	0.024954	0.024954	0.024954	0.024954	0.024954	0.024954
10000	4.188	0.0099797	0.028455	1	1	0.78383	0.77162	0.51399	5.5586	15.176	0.77162	0.51399	5.5586	15.176	0.77162	0.51399	5.5586	15.176	0.77162	0.51399	5.5586	15.176	0	0.78491	0.52285	5.6544	15.437	0.78491	0.52285	5.6544	15.437	0.78491	0.52285	5.6544	15.437	0.78491	0.52285	5.6544	15.437	0	0.05224	0.05224	0.05224	0.05224	0.05224	0.05224	0.05224	0.05224	0.05224	0.05224	0.05224	0.05224	0.05224	0.05224	0.05224	0.05224	0.05224
10000	5.6703	0.001	0.020372	1	1	0.76443	0.89342	0.42947	6.0466	15.211	0.89342	0.42947	6.0466	15.211	0.89342	0.42947	6.0466	15.211	0.89342	0.42947	6.0466	15.211	0	0.85611	0.41153	5.7941	14.575	0.85611	0.41153	5.7941	14.575	0.85611	0.41153	5.7941	14.575	0.85611	0.41153	5.7941	14.575	0	0.17677	0.17677	0.17677	0.17677	0.17677	0.17677	0.17677	0.17677	0.17677	0.17677	0.17677	0.17677	0.17677	0.17677	0.17677	0.17677	0.17677
10000	10	0.010826	0.01	1	1	0.88889	0.87084	0.3	5	30	0.87084	0.3	5	30	0.87084	0.3	5	30	0.87084	0.3	5	30	0	0.87084	0.3	5	30	0.87084	0.3	5	30	0.87084	0.3	5	30	0.87084	0.3	5	30	0	0.1	0.1	0.1	0.1	0.1	0.1	0.1	0.1	0.1	0.1	0.1	0.1	0.1	0.1	0.1	0.1	0.1
10000	10	0.005	0.01	1	1	1.0667	0.87483	0.14741	4.4444	20	0.87483	0.14741	4.4444	20	0.87483	0.14741	4.4444	20	0.87483	0.14741	4.4444	20	0	2.0142	0.33941	10.233	46.049	2.0142	0.33941	10.233	46.049	2.0142	0.33941	10.233	46.049	2.0142	0.33941	10.233	46.049	0	0.18906	0.18906	0.18906	0.18906	0.18906	0.18906	0.18906	0.18906	0.18906	0.18906	0.18906	0.18906	0.18906	0.18906	0.18906	0.18906	0.18906
10000	7.4792	0.007565	0.020371	1	1	0.71476	0.98963	0.40674	5.536	15.083	0.98963	0.40674	5.536	15.083	0.98963	0.40674	5.536	15.083	0.98963	0.40674	5.536	15.083	0	1.0904	0.44814	6.0996	16.618	1.0904	0.44814	6.0996	16.618	1.0904	0.44814	6.0996	16.618	1.0904	0.44814	6.0996	16.618	0	0.090234	0.090234	0.090234	0.090234	0.090234	0.090234	0.090234	0.090234	0.090234	0.090234	0.090234	0.090234	0.090234	0.090234	0.090234	0.090234	0.090234
10000	6.9979	0.0073256	0.019988	1	1	0.7307	1.4341	0.55606	3.3323	15.005	1.4341	0.55606	3.3323	15.005	1.4341	0.55606	3.3323	15.005	1.4341	0.55606	3.3323	15.005	0	0.74693	0.28962	1.7356	7.8151	0.74693	0.28962	1.7356	7.8151	0.74693	0.28962	1.7356	7.8151	0.74693	0.28962	1.7356	7.8151	0	0.10548	0.10548	0.10548	0.10548	0.10548	0.10548	0.10548	0.10548	0.10548	0.10548	0.10548	0.10548	0.10548	0.10548	0.10548	0.10548	0.10548
10000	7.2607	0.0088195	0.025403	1	1	0.74098	1.2007	0.24974	6.8524	19.311	1.2007	0.24974	6.8524	19.311	1.2007	0.24974	6.8524	19.311	1.2007	0.24974	6.8524	19.311	0	1.4558	0.30279	8.3081	23.414	1.4558	0.30279	8.3081	23.414	1.4558	0.30279	8.3081	23.414	1.4558	0.30279	8.3081	23.414	0	0.20719	0.20719	0.20719	0.20719	0.20719	0.20719	0.20719	0.20719	0.20719	0.20719	0.20719	0.20719	0.20719	0.20719	0.20719	0.20719	0.20719
10000	10	0.001	0.030078	1	1	0.69781	0.99687	0.2953	2.5067	14.942	0.99687	0.2953	2.5067	14.942	0.99687	0.2953	2.5067	14.942	0.99687	0.2953	2.5067	14.942	0	1.0032	0.29717	2.5225	15.037	1.0032	0.29717	2.5225	15.037	1.0032	0.29717	2.5225	15.037	1.0032	0.29717	2.5225	15.037	0	0.25013	0.25013	0.25013	0.25013	0.25013	0.25013	0.25013	0.25013	0.25013	0.25013	0.25013	0.25013	0.25013	0.25013	0.25013	0.25013	0.25013
10000	10	0.001	0.02	1	1	0.4	0.8	0.3	2.5	15	0.8	0.3	2.5	15	0.8	0.3	2.5	15	0.8	0.3	2.5	15	0	0.8	0.3	2.5	15	0.8	0.3	2.5	15	0.8	0.3	2.5	15	0.8	0.3	2.5	15	0	0.066667	0.066667	0.066667	0.066667	0.066667	0.066667	0.066667	0.066667	0.066667	0.066667	0.066667	0.066667	0.066667	0.066667	0.066667	0.066667	0.066667
10000	7	0.0099379	0.020099	1	1	0.68779	1	0.3	2.5	12.147	1	0.3	2.5	12.147	1	0.3	2.5	12.147	1	0.3	2.5	12.147	0	0.4308	0.12924	1.077	5.2331	0.4308	0.12924	1.077	5.2331	0.4308	0.12924	1.077	5.2331	0.4308	0.12924	1.077	5.2331	0	0	0	0	0	0	0	0	0	0	0	0	0	0	0	0	0	0
10000	6.8993	0.023338	0.022188	1	1	0.73633	0.99913	0.29944	2.8317	20.009	0.99913	0.29944	2.8317	20.009	0.99913	0.29944	2.8317	20.009	0.99913	0.29944	2.8317	20.009	0	1.4989	0.44922	4.2482	30.018	1.4989	0.44922	4.2482	30.018	1.4989	0.44922	4.2482	30.018	1.4989	0.44922	4.2482	30.018	0	0.19976	0.19976	0.19976	0.19976	0.19976	0.19976	0.19976	0.19976	0.19976	0.19976	0.19976	0.19976	0.19976	0.19976	0.19976	0.19976	0.19976
10000	7	0.0045046	0.015	1	1	0.26441	1.1515	0.3	3.3494	20	1.1515	0.3	3.3494	20	1.1515	0.3	3.3494	20	1.1515	0.3	3.3494	20	0	1.5479	0.40326	4.5023	26.885	1.5479	0.40326	4.5023	26.885	1.5479	0.40326	4.5023	26.885	1.5479	0.40326	4.5023	26.885	0	0.3	0.3	0.3	0.3	0.3	0.3	0.3	0.3	0.3	0.3	0.3	0.3	0.3	0.3	0.3	0.3	0.3
10000	9.6538	0.0014444	0.02	1	1	0.8	1	0.6	5	6.9058	1	0.6	5	6.9058	1	0.6	5	6.9058	1	0.6	5	6.9058	0	2	1.2	10	13.812	2	1.2	10	13.812	2	1.2	10	13.812	2	1.2	10	13.812	0	0.2	0.2	0.2	0.2	0.2	0.2	0.2	0.2	0.2	0.2	0.2	0.2	0.2	0.2	0.2	0.2	0.2
10000	8.5688	0.010057	0.0125	1	1	0.71308	0.87221	1.4535	3.1641	16.691	0.87221	1.4535	3.1641	16.691	0.87221	1.4535	3.1641	16.691	0.87221	1.4535	3.1641	16.691	0	1.3093	2.1819	4.7496	25.055	1.3093	2.1819	4.7496	25.055	1.3093	2.1819	4.7496	25.055	1.3093	2.1819	4.7496	25.055	0	0.072434	0.072434	0.072434	0.072434	0.072434	0.072434	0.072434	0.072434	0.072434	0.072434	0.072434	0.072434	0.072434	0.072434	0.072434	0.072434	0.072434
10000	8.1505	0.0086222	0.019928	1	1	0.6172	0.90723	0.48199	2.3595	16.556	0.90723	0.48199	2.3595	16.556	0.90723	0.48199	2.3595	16.556	0.90723	0.48199	2.3595	16.556	0	1.3193	0.70093	3.4313	24.077	1.3193	0.70093	3.4313	24.077	1.3193	0.70093	3.4313	24.077	1.3193	0.70093	3.4313	24.077	0	0.10229	0.10229	0.10229	0.10229	0.10229	0.10229	0.10229	0.10229	0.10229	0.10229	0.10229	0.10229	0.10229	0.10229	0.10229	0.10229	0.10229
10000	9.9999	0.01	0.01	1	1	0.61771	1.185	0.6539	4.6666	10	1.185	0.6539	4.6666	10	1.185	0.6539	4.6666	10	1.185	0.6539	4.6666	10	0	2.1941	1.2107	8.6404	18.515	2.1941	1.2107	8.6404	18.515	2.1941	1.2107	8.6404	18.515	2.1941	1.2107	8.6404	18.515	0	0.2	0.2	0.2	0.2	0.2	0.2	0.2	0.2	0.2	0.2	0.2	0.2	0.2	0.2	0.2	0.2	0.2
10000	5.3605	0.008	0.01	1	1	0.50954	1	1.1259	3.038	20	1	1.1259	3.038	20	1	1.1259	3.038	20	1	1.1259	3.038	20	0	1	1.1259	3.038	20	1	1.1259	3.038	20	1	1.1259	3.038	20	1	1.1259	3.038	20	0	0.10321	0.10321	0.10321	0.10321	0.10321	0.10321	0.10321	0.10321	0.10321	0.10321	0.10321	0.10321	0.10321	0.10321	0.10321	0.10321	0.10321
10000	5	0.0019873	0.01	1	1	0.8	1.3333	0.4	2.5	7.2967	1.3333	0.4	2.5	7.2967	1.3333	0.4	2.5	7.2967	1.3333	0.4	2.5	7.2967	0	1.3333	0.4	2.5	7.2967	1.3333	0.4	2.5	7.2967	1.3333	0.4	2.5	7.2967	1.3333	0.4	2.5	7.2967	0	0.17643	0.17643	0.17643	0.17643	0.17643	0.17643	0.17643	0.17643	0.17643	0.17643	0.17643	0.17643	0.17643	0.17643	0.17643	0.17643	0.17643
10000	3	0.001	0.01	1	1	0.8	1.2154	0.3	2.5	15	1.2154	0.3	2.5	15	1.2154	0.3	2.5	15	1.2154	0.3	2.5	15	0	1.2154	0.3	2.5	15	1.2154	0.3	2.5	15	1.2154	0.3	2.5	15	1.2154	0.3	2.5	15	0	0.2	0.2	0.2	0.2	0.2	0.2	0.2	0.2	0.2	0.2	0.2	0.2	0.2	0.2	0.2	0.2	0.2
10000	4.9695	0.022705	0.01	1	1	0.8	1.4857	0.3	3.4282	15	1.4857	0.3	3.4282	15	1.4857	0.3	3.4282	15	1.4857	0.3	3.4282	15	0	1.4238	0.2875	3.2853	14.375	1.4238	0.2875	3.2853	14.375	1.4238	0.2875	3.2853	14.375	1.4238	0.2875	3.2853	14.375	0	0.2	0.2	0.2	0.2	0.2	0.2	0.2	0.2	0.2	0.2	0.2	0.2	0.2	0.2	0.2	0.2	0.2
10000	6.0439	0.001	0.014977	1	1	0.75498	2.6714	0.18883	3.55	20.63	2.6714	0.18883	3.55	20.63	2.6714	0.18883	3.55	20.63	2.6714	0.18883	3.55	20.63	0	1.3427	0.094906	1.7843	10.369	1.3427	0.094906	1.7843	10.369	1.3427	0.094906	1.7843	10.369	1.3427	0.094906	1.7843	10.369	0	0.18393	0.18393	0.18393	0.18393	0.18393	0.18393	0.18393	0.18393	0.18393	0.18393	0.18393	0.18393	0.18393	0.18393	0.18393	0.18393	0.18393
10000	10	0.001	0.023198	1	1	0.79544	1.0051	0.2967	2.5089	14.959	1.0051	0.2967	2.5089	14.959	1.0051	0.2967	2.5089	14.959	1.0051	0.2967	2.5089	14.959	0	1.0006	0.29539	2.4978	14.893	1.0006	0.29539	2.4978	14.893	1.0006	0.29539	2.4978	14.893	1.0006	0.29539	2.4978	14.893	0	0.22953	0.22953	0.22953	0.22953	0.22953	0.22953	0.22953	0.22953	0.22953	0.22953	0.22953	0.22953	0.22953	0.22953	0.22953	0.22953	0.22953
10000	5.1341	0.005	0.023333	1	1	0.59142	1	0.4	3.3333	15	1	0.4	3.3333	15	1	0.4	3.3333	15	1	0.4	3.3333	15	0	1	0.4	3.3333	15	1	0.4	3.3333	15	1	0.4	3.3333	15	1	0.4	3.3333	15	0	0.2	0.2	0.2	0.2	0.2	0.2	0.2	0.2	0.2	0.2	0.2	0.2	0.2	0.2	0.2	0.2	0.2
10000	5	0.0050884	0.02	1	1	0.8	0.74683	0.3	2.5	15	0.74683	0.3	2.5	15	0.74683	0.3	2.5	15	0.74683	0.3	2.5	15	0	0.74683	0.3	2.5	15	0.74683	0.3	2.5	15	0.74683	0.3	2.5	15	0.74683	0.3	2.5	15	0	0.2	0.2	0.2	0.2	0.2	0.2	0.2	0.2	0.2	0.2	0.2	0.2	0.2	0.2	0.2	0.2	0.2
10000	6.5625	0.02475	0.025	1	1	0.6875	0.82952	0.34077	5.9062	15.41	0.82952	0.34077	5.9062	15.41	0.82952	0.34077	5.9062	15.41	0.82952	0.34077	5.9062	15.41	0	1.7934	0.73672	12.769	33.315	1.7934	0.73672	12.769	33.315	1.7934	0.73672	12.769	33.315	1.7934	0.73672	12.769	33.315	0	0.2675	0.2675	0.2675	0.2675	0.2675	0.2675	0.2675	0.2675	0.2675	0.2675	0.2675	0.2675	0.2675	0.2675	0.2675	0.2675	0.2675
10000	7.0594	0.010032	0.020319	1	1	0.99718	0.9982	0.43537	5.0297	14.864	0.9982	0.43537	5.0297	14.864	0.9982	0.43537	5.0297	14.864	0.9982	0.43537	5.0297	14.864	0	0.98338	0.4289	4.955	14.644	0.98338	0.4289	4.955	14.644	0.98338	0.4289	4.955	14.644	0.98338	0.4289	4.955	14.644	0	0.20679	0.20679	0.20679	0.20679	0.20679	0.20679	0.20679	0.20679	0.20679	0.20679	0.20679	0.20679	0.20679	0.20679	0.20679	0.20679	0.20679
10000	3.2589	0.0078889	0.02	1	1	0.75929	0.96487	0.21833	4.0744	20.459	0.96487	0.21833	4.0744	20.459	0.96487	0.21833	4.0744	20.459	0.96487	0.21833	4.0744	20.459	0	0.69937	0.15825	2.9533	14.829	0.69937	0.15825	2.9533	14.829	0.69937	0.15825	2.9533	14.829	0.69937	0.15825	2.9533	14.829	0	0.17778	0.17778	0.17778	0.17778	0.17778	0.17778	0.17778	0.17778	0.17778	0.17778	0.17778	0.17778	0.17778	0.17778	0.17778	0.17778	0.17778
10000	7	0.005	0.02	1	1	1	1	-0.18516	2.5	15	1	-0.18516	2.5	15	1	-0.18516	2.5	15	1	-0.18516	2.5	15	0	1.2952	-0.23981	3.2379	19.427	1.2952	-0.23981	3.2379	19.427	1.2952	-0.23981	3.2379	19.427	1.2952	-0.23981	3.2379	19.427	0	0.19365	0.19365	0.19365	0.19365	0.19365	0.19365	0.19365	0.19365	0.19365	0.19365	0.19365	0.19365	0.19365	0.19365	0.19365	0.19365	0.19365
10000	3.1447	0.012999	0.01	1	1	1.0485	1.3382	0.25716	3.2197	9.8314	1.3382	0.25716	3.2197	9.8314	1.3382	0.25716	3.2197	9.8314	1.3382	0.25716	3.2197	9.8314	0	1.3095	0.25165	3.1508	9.6208	1.3095	0.25165	3.1508	9.6208	1.3095	0.25165	3.1508	9.6208	1.3095	0.25165	3.1508	9.6208	0	0.2	0.2	0.2	0.2	0.2	0.2	0.2	0.2	0.2	0.2	0.2	0.2	0.2	0.2	0.2	0.2	0.2
10000	4.7224	0.001	0.02298	1	1	1.1024	1.1111	0.3	3.3333	15	1.1111	0.3	3.3333	15	1.1111	0.3	3.3333	15	1.1111	0.3	3.3333	15	0	1.1728	0.31667	3.5185	15.833	1.1728	0.31667	3.5185	15.833	1.1728	0.31667	3.5185	15.833	1.1728	0.31667	3.5185	15.833	0	0.2	0.2	0.2	0.2	0.2	0.2	0.2	0.2	0.2	0.2	0.2	0.2	0.2	0.2	0.2	0.2	0.2
10000	5.755	0.01	0.02	1	1	1	1	0.3	3.6466	10	1	0.3	3.6466	10	1	0.3	3.6466	10	1	0.3	3.6466	10	0	1	0.3	3.6466	10	1	0.3	3.6466	10	1	0.3	3.6466	10	1	0.3	3.6466	10	0	0.2	0.2	0.2	0.2	0.2	0.2	0.2	0.2	0.2	0.2	0.2	0.2	0.2	0.2	0.2	0.2	0.2
10000	5.638	0.0018806	0.022216	1	1	0.78114	1	0	3.5	15	1	0	3.5	15	1	0	3.5	15	1	0	3.5	15	0	0.95527	0	3.3435	14.329	0.95527	0	3.3435	14.329	0.95527	0	3.3435	14.329	0.95527	0	3.3435	14.329	0	0.16528	0.16528	0.16528	0.16528	0.16528	0.16528	0.16528	0.16528	0.16528	0.16528	0.16528	0.16528	0.16528	0.16528	0.16528	0.16528	0.16528
10000	3.8251	0.001	0.02	1	1	0.37669	0.77702	0.3	2.8062	30	0.77702	0.3	2.8062	30	0.77702	0.3	2.8062	30	0.77702	0.3	2.8062	30	0	0.39655	0.1531	1.4321	15.31	0.39655	0.1531	1.4321	15.31	0.39655	0.1531	1.4321	15.31	0.39655	0.1531	1.4321	15.31	0	0.1	0.1	0.1	0.1	0.1	0.1	0.1	0.1	0.1	0.1	0.1	0.1	0.1	0.1	0.1	0.1	0.1
10000	4.7088	0.0054444	0.033333	1	1	0.28333	0.60738	0.68226	3.2836	27.333	0.60738	0.68226	3.2836	27.333	0.60738	0.68226	3.2836	27.333	0.60738	0.68226	3.2836	27.333	0	0.34165	0.38377	1.847	15.375	0.34165	0.38377	1.847	15.375	0.34165	0.38377	1.847	15.375	0.34165	0.38377	1.847	15.375	0	0.080094	0.080094	0.080094	0.080094	0.080094	0.080094	0.080094	0.080094	0.080094	0.080094	0.080094	0.080094	0.080094	0.080094	0.080094	0.080094	0.080094
10000	2.188	0.35127	0.01131	1	1	0.30491	0.64828	0.89616	6.4396	45.668	0.64828	0.89616	6.4396	45.668	0.64828	0.89616	6.4396	45.668	0.64828	0.89616	6.4396	45.668	0	0.3229	0.44637	3.2075	22.746	0.3229	0.44637	3.2075	22.746	0.3229	0.44637	3.2075	22.746	0.3229	0.44637	3.2075	22.746	0	0.20368	0.20368	0.20368	0.20368	0.20368	0.20368	0.20368	0.20368	0.20368	0.20368	0.20368	0.20368	0.20368	0.20368	0.20368	0.20368	0.20368
10000	3.6738	0.021434	0.015015	1	1	0.36049	0.77131	2.0744	9.3409	19.982	0.77131	2.0744	9.3409	19.982	0.77131	2.0744	9.3409	19.982	0.77131	2.0744	9.3409	19.982	0	0.4533	1.2192	5.4897	11.744	0.4533	1.2192	5.4897	11.744	0.4533	1.2192	5.4897	11.744	0.4533	1.2192	5.4897	11.744	0	0.18945	0.18945	0.18945	0.18945	0.18945	0.18945	0.18945	0.18945	0.18945	0.18945	0.18945	0.18945	0.18945	0.18945	0.18945	0.18945	0.18945
10000	1.277	0.012367	0.014999	1	1	0.61621	0.75485	0.8001	5.3312	20	0.75485	0.8001	5.3312	20	0.75485	0.8001	5.3312	20	0.75485	0.8001	5.3312	20	0	0.42685	0.45244	3.0147	11.309	0.42685	0.45244	3.0147	11.309	0.42685	0.45244	3.0147	11.309	0.42685	0.45244	3.0147	11.309	0	0.2	0.2	0.2	0.2	0.2	0.2	0.2	0.2	0.2	0.2	0.2	0.2	0.2	0.2	0.2	0.2	0.2
10000	6.1074	0.011372	0.017635	1	1	0.73559	1.0715	0.55348	3.2081	30.573	1.0715	0.55348	3.2081	30.573	1.0715	0.55348	3.2081	30.573	1.0715	0.55348	3.2081	30.573	0	1.0044	0.51882	3.0072	28.658	1.0044	0.51882	3.0072	28.658	1.0044	0.51882	3.0072	28.658	1.0044	0.51882	3.0072	28.658	0	0.16557	0.16557	0.16557	0.16557	0.16557	0.16557	0.16557	0.16557	0.16557	0.16557	0.16557	0.16557	0.16557	0.16557	0.16557	0.16557	0.16557
10000	5.944	0.001	0.01	1	1	0.36989	0.93401	0.32743	3.0675	8.0995	0.93401	0.32743	3.0675	8.0995	0.93401	0.32743	3.0675	8.0995	0.93401	0.32743	3.0675	8.0995	0	0.91569	0.321	3.0073	7.9407	0.91569	0.321	3.0073	7.9407	0.91569	0.321	3.0073	7.9407	0.91569	0.321	3.0073	7.9407	0	0.20474	0.20474	0.20474	0.20474	0.20474	0.20474	0.20474	0.20474	0.20474	0.20474	0.20474	0.20474	0.20474	0.20474	0.20474	0.20474	0.20474
10000	10	0.01	0.02	1	1	0.72102	1	0.33333	3.3333	33.469	1	0.33333	3.3333	33.469	1	0.33333	3.3333	33.469	1	0.33333	3.3333	33.469	0	1	0.33333	3.3333	33.469	1	0.33333	3.3333	33.469	1	0.33333	3.3333	33.469	1	0.33333	3.3333	33.469	0	0	0	0	0	0	0	0	0	0	0	0	0	0	0	0	0	0
10000	7.3839	0.001	0.02	1	1	0.8	0.8	0.3	3.8809	15	0.8	0.3	3.8809	15	0.8	0.3	3.8809	15	0.8	0.3	3.8809	15	0	0.8	0.3	3.8809	15	0.8	0.3	3.8809	15	0.8	0.3	3.8809	15	0.8	0.3	3.8809	15	0	0.21075	0.21075	0.21075	0.21075	0.21075	0.21075	0.21075	0.21075	0.21075	0.21075	0.21075	0.21075	0.21075	0.21075	0.21075	0.21075	0.21075
10000	5.1134	0.021111	0.02	1	1	0.8	0.85434	0.3	5	30	0.85434	0.3	5	30	0.85434	0.3	5	30	0.85434	0.3	5	30	0	0.85434	0.3	5	30	0.85434	0.3	5	30	0.85434	0.3	5	30	0.85434	0.3	5	30	0	0.21111	0.21111	0.21111	0.21111	0.21111	0.21111	0.21111	0.21111	0.21111	0.21111	0.21111	0.21111	0.21111	0.21111	0.21111	0.21111	0.21111
10000	9.9999	0.0075	0.03	1	1	0.5738	0.8988	0.3	3.3333	15	0.8988	0.3	3.3333	15	0.8988	0.3	3.3333	15	0.8988	0.3	3.3333	15	0	0.8988	0.3	3.3333	15	0.8988	0.3	3.3333	15	0.8988	0.3	3.3333	15	0.8988	0.3	3.3333	15	0	0.1	0.1	0.1	0.1	0.1	0.1	0.1	0.1	0.1	0.1	0.1	0.1	0.1	0.1	0.1	0.1	0.1
10000	5	0.0043281	0.02	1	1	0.53333	0.99999	0	5	30	0.99999	0	5	30	0.99999	0	5	30	0.99999	0	5	30	0	0.99999	0	5	30	0.99999	0	5	30	0.99999	0	5	30	0.99999	0	5	30	0	0.2	0.2	0.2	0.2	0.2	0.2	0.2	0.2	0.2	0.2	0.2	0.2	0.2	0.2	0.2	0.2	0.2
10000	5.6331	0.013652	0.02	1	1	0.8	1.0683	0.6	7	141.09	1.0683	0.6	7	141.09	1.0683	0.6	7	141.09	1.0683	0.6	7	141.09	0	1.0463	0.58766	6.856	138.19	1.0463	0.58766	6.856	138.19	1.0463	0.58766	6.856	138.19	1.0463	0.58766	6.856	138.19	0	0.11669	0.11669	0.11669	0.11669	0.11669	0.11669	0.11669	0.11669	0.11669	0.11669	0.11669	0.11669	0.11669	0.11669	0.11669	0.11669	0.11669
10000	5.5739	0.0088852	0.020615	1	1	0.30017	0.87226	0.62745	4.7393	14.149	0.87226	0.62745	4.7393	14.149	0.87226	0.62745	4.7393	14.149	0.87226	0.62745	4.7393	14.149	0	0.86993	0.62578	4.7266	14.111	0.86993	0.62578	4.7266	14.111	0.86993	0.62578	4.7266	14.111	0.86993	0.62578	4.7266	14.111	0	0.052182	0.052182	0.052182	0.052182	0.052182	0.052182	0.052182	0.052182	0.052182	0.052182	0.052182	0.052182	0.052182	0.052182	0.052182	0.052182	0.052182
10000	7.5631	0.012757	0.01	1	1	0.4499	0.8391	0.24759	4.3047	18.713	0.8391	0.24759	4.3047	18.713	0.8391	0.24759	4.3047	18.713	0.8391	0.24759	4.3047	18.713	0	0.82604	0.24374	4.2376	18.421	0.82604	0.24374	4.2376	18.421	0.82604	0.24374	4.2376	18.421	0.82604	0.24374	4.2376	18.421	0	0.10359	0.10359	0.10359	0.10359	0.10359	0.10359	0.10359	0.10359	0.10359	0.10359	0.10359	0.10359	0.10359	0.10359	0.10359	0.10359	0.10359
10000	1	0.01	0.02	1	1	0.4	0.52023	0.2	2.8445	17.36	0.52023	0.2	2.8445	17.36	0.52023	0.2	2.8445	17.36	0.52023	0.2	2.8445	17.36	0	0.52023	0.2	2.8445	17.36	0.52023	0.2	2.8445	17.36	0.52023	0.2	2.8445	17.36	0.52023	0.2	2.8445	17.36	0	0.2	0.2	0.2	0.2	0.2	0.2	0.2	0.2	0.2	0.2	0.2	0.2	0.2	0.2	0.2	0.2	0.2
10000	1.9871	0.009845	0.020172	1	1	0.34957	0.56293	0.18477	4.0147	8.3174	0.56293	0.18477	4.0147	8.3174	0.56293	0.18477	4.0147	8.3174	0.56293	0.18477	4.0147	8.3174	0	0.56717	0.18616	4.045	8.3801	0.56717	0.18616	4.045	8.3801	0.56717	0.18616	4.045	8.3801	0.56717	0.18616	4.045	8.3801	0	0.15973	0.15973	0.15973	0.15973	0.15973	0.15973	0.15973	0.15973	0.15973	0.15973	0.15973	0.15973	0.15973	0.15973	0.15973	0.15973	0.15973
10000	4.567	0.038394	0.01	1	1	0.38521	0.97887	0.25539	4.0204	16.836	0.97887	0.25539	4.0204	16.836	0.97887	0.25539	4.0204	16.836	0.97887	0.25539	4.0204	16.836	0	0.96077	0.25066	3.9461	16.525	0.96077	0.25066	3.9461	16.525	0.96077	0.25066	3.9461	16.525	0.96077	0.25066	3.9461	16.525	0	0.099243	0.099243	0.099243	0.099243	0.099243	0.099243	0.099243	0.099243	0.099243	0.099243	0.099243	0.099243	0.099243	0.099243	0.099243	0.099243	0.099243
10000	1	0.01745	0.02	1	1	0.33833	1	0.33333	7	13.96	1	0.33333	7	13.96	1	0.33333	7	13.96	1	0.33333	7	13.96	0	0.48376	0.16125	3.3863	6.7533	0.48376	0.16125	3.3863	6.7533	0.48376	0.16125	3.3863	6.7533	0.48376	0.16125	3.3863	6.7533	0	0.098148	0.098148	0.098148	0.098148	0.098148	0.098148	0.098148	0.098148	0.098148	0.098148	0.098148	0.098148	0.098148	0.098148	0.098148	0.098148	0.098148
10000	5	0.01	0.019256	1	1	-0.42356	1.0667	0.076886	2.5	15	1.0667	0.076886	2.5	15	1.0667	0.076886	2.5	15	1.0667	0.076886	2.5	15	0	2.1333	0.15377	5	30	2.1333	0.15377	5	30	2.1333	0.15377	5	30	2.1333	0.15377	5	30	0	0.2	0.2	0.2	0.2	0.2	0.2	0.2	0.2	0.2	0.2	0.2	0.2	0.2	0.2	0.2	0.2	0.2
10000	5.841	0.01	0.01	1	1	0.3652	0.88975	0.6	4.9582	15	0.88975	0.6	4.9582	15	0.88975	0.6	4.9582	15	0.88975	0.6	4.9582	15	0	0.85268	0.575	4.7516	14.375	0.85268	0.575	4.7516	14.375	0.85268	0.575	4.7516	14.375	0.85268	0.575	4.7516	14.375	0	0.2	0.2	0.2	0.2	0.2	0.2	0.2	0.2	0.2	0.2	0.2	0.2	0.2	0.2	0.2	0.2	0.2
10000	5	0.005	0.02	1	1	0.11061	1	0.67309	2.5	15	1	0.67309	2.5	15	1	0.67309	2.5	15	1	0.67309	2.5	15	0	0.49188	0.33108	1.2297	7.3782	0.49188	0.33108	1.2297	7.3782	0.49188	0.33108	1.2297	7.3782	0.49188	0.33108	1.2297	7.3782	0	0.059149	0.059149	0.059149	0.059149	0.059149	0.059149	0.059149	0.059149	0.059149	0.059149	0.059149	0.059149	0.059149	0.059149	0.059149	0.059149	0.059149
10000	8	0.0050247	0.0198	1	1	0.32613	1.1455	0.3091	2.6105	15.025	1.1455	0.3091	2.6105	15.025	1.1455	0.3091	2.6105	15.025	1.1455	0.3091	2.6105	15.025	0	0.57458	0.15505	1.3094	7.5365	0.57458	0.15505	1.3094	7.5365	0.57458	0.15505	1.3094	7.5365	0.57458	0.15505	1.3094	7.5365	0	0.10062	0.10062	0.10062	0.10062	0.10062	0.10062	0.10062	0.10062	0.10062	0.10062	0.10062	0.10062	0.10062	0.10062	0.10062	0.10062	0.10062
10000	8	0.02	0.02	1	1	0.4	0.8	1.2657	3.5	15	0.8	1.2657	3.5	15	0.8	1.2657	3.5	15	0.8	1.2657	3.5	15	0	0.8	1.2657	3.5	15	0.8	1.2657	3.5	15	0.8	1.2657	3.5	15	0.8	1.2657	3.5	15	0	0.094444	0.094444	0.094444	0.094444	0.094444	0.094444	0.094444	0.094444	0.094444	0.094444	0.094444	0.094444	0.094444	0.094444	0.094444	0.094444	0.094444
10000	4.375	0.001	0.02	1	1	0.26809	1.25	0.78749	4.9583	15.125	1.25	0.78749	4.9583	15.125	1.25	0.78749	4.9583	15.125	1.25	0.78749	4.9583	15.125	0	0.57049	0.3594	2.2629	6.9029	0.57049	0.3594	2.2629	6.9029	0.57049	0.3594	2.2629	6.9029	0.57049	0.3594	2.2629	6.9029	0	0.17113	0.17113	0.17113	0.17113	0.17113	0.17113	0.17113	0.17113	0.17113	0.17113	0.17113	0.17113	0.17113	0.17113	0.17113	0.17113	0.17113
10000	8	0.02	0.02	1	1	0.64702	0.6364	0.3	2.5	15	0.6364	0.3	2.5	15	0.6364	0.3	2.5	15	0.6364	0.3	2.5	15	0	0.72973	0.344	2.8666	17.2	0.72973	0.344	2.8666	17.2	0.72973	0.344	2.8666	17.2	0.72973	0.344	2.8666	17.2	0	0.21992	0.21992	0.21992	0.21992	0.21992	0.21992	0.21992	0.21992	0.21992	0.21992	0.21992	0.21992	0.21992	0.21992	0.21992	0.21992	0.21992
10000	7.3221	0.02	0.030815	1	1	0.30676	1	0.3	2.1232	-189.77	1	0.3	2.1232	-189.77	1	0.3	2.1232	-189.77	1	0.3	2.1232	-189.77	0	2.6384	0.79153	5.6019	-500.68	2.6384	0.79153	5.6019	-500.68	2.6384	0.79153	5.6019	-500.68	2.6384	0.79153	5.6019	-500.68	0	0.7675	0.7675	0.7675	0.7675	0.7675	0.7675	0.7675	0.7675	0.7675	0.7675	0.7675	0.7675	0.7675	0.7675	0.7675	0.7675	0.7675
10000	5.7176	0.018073	0.02	1	1	0.66654	1	0.4	2.5	15	1	0.4	2.5	15	1	0.4	2.5	15	1	0.4	2.5	15	0	2	0.8	5	30	2	0.8	5	30	2	0.8	5	30	2	0.8	5	30	0	0.59043	0.59043	0.59043	0.59043	0.59043	0.59043	0.59043	0.59043	0.59043	0.59043	0.59043	0.59043	0.59043	0.59043	0.59043	0.59043	0.59043
10000	4.2836	0.0041118	0.01	1	1	0.35019	1.4999	-0.0048616	1.6246	19.003	1.4999	-0.0048616	1.6246	19.003	1.4999	-0.0048616	1.6246	19.003	1.4999	-0.0048616	1.6246	19.003	0	0.37497	-0.0012154	0.40615	4.7507	0.37497	-0.0012154	0.40615	4.7507	0.37497	-0.0012154	0.40615	4.7507	0.37497	-0.0012154	0.40615	4.7507	0	0.44848	0.44848	0.44848	0.44848	0.44848	0.44848	0.44848	0.44848	0.44848	0.44848	0.44848	0.44848	0.44848	0.44848	0.44848	0.44848	0.44848
10000	8.291	0.005	0.02	1	1	0.52779	1	0.3	3.3333	30	1	0.3	3.3333	30	1	0.3	3.3333	30	1	0.3	3.3333	30	0	2.1665	0.64996	7.2218	64.996	2.1665	0.64996	7.2218	64.996	2.1665	0.64996	7.2218	64.996	2.1665	0.64996	7.2218	64.996	0	0.6	0.6	0.6	0.6	0.6	0.6	0.6	0.6	0.6	0.6	0.6	0.6	0.6	0.6	0.6	0.6	0.6
10000	7.0829	0.02	0.015	1	1	0.4	1.1111	0.6	3.9764	9.9999	1.1111	0.6	3.9764	9.9999	1.1111	0.6	3.9764	9.9999	1.1111	0.6	3.9764	9.9999	0	1.1111	0.6	3.9764	9.9999	1.1111	0.6	3.9764	9.9999	1.1111	0.6	3.9764	9.9999	1.1111	0.6	3.9764	9.9999	0	0.1	0.1	0.1	0.1	0.1	0.1	0.1	0.1	0.1	0.1	0.1	0.1	0.1	0.1	0.1	0.1	0.1
10000	5.0784	0.0058333	0.02	1	1	0.46064	0.8	0.3	2.5	18.889	0.8	0.3	2.5	18.889	0.8	0.3	2.5	18.889	0.8	0.3	2.5	18.889	0	0.8	0.3	2.5	18.889	0.8	0.3	2.5	18.889	0.8	0.3	2.5	18.889	0.8	0.3	2.5	18.889	0	0.19678	0.19678	0.19678	0.19678	0.19678	0.19678	0.19678	0.19678	0.19678	0.19678	0.19678	0.19678	0.19678	0.19678	0.19678	0.19678	0.19678
10000	9.9999	0.0042441	0.01	1	1	0.4	1	0.41713	2.5385	15	1	0.41713	2.5385	15	1	0.41713	2.5385	15	1	0.41713	2.5385	15	0	1	0.41713	2.5385	15	1	0.41713	2.5385	15	1	0.41713	2.5385	15	1	0.41713	2.5385	15	0	0.1696	0.1696	0.1696	0.1696	0.1696	0.1696	0.1696	0.1696	0.1696	0.1696	0.1696	0.1696	0.1696	0.1696	0.1696	0.1696	0.1696
10000	6.3545	0.064333	0.01	1	1	0.79995	0.80005	0.6666	3.5001	22.223	0.80005	0.6666	3.5001	22.223	0.80005	0.6666	3.5001	22.223	0.80005	0.6666	3.5001	22.223	0	0.97918	0.81585	4.2838	27.199	0.97918	0.81585	4.2838	27.199	0.97918	0.81585	4.2838	27.199	0.97918	0.81585	4.2838	27.199	0	0.19998	0.19998	0.19998	0.19998	0.19998	0.19998	0.19998	0.19998	0.19998	0.19998	0.19998	0.19998	0.19998	0.19998	0.19998	0.19998	0.19998
10000	4.9965	0.0076858	0.02199	1	1	0.31386	0.99861	0.30061	3.4969	14.993	0.99861	0.30061	3.4969	14.993	0.99861	0.30061	3.4969	14.993	0.99861	0.30061	3.4969	14.993	0	0.99982	0.30098	3.5011	15.011	0.99982	0.30098	3.5011	15.011	0.99982	0.30098	3.5011	15.011	0.99982	0.30098	3.5011	15.011	0	0.19944	0.19944	0.19944	0.19944	0.19944	0.19944	0.19944	0.19944	0.19944	0.19944	0.19944	0.19944	0.19944	0.19944	0.19944	0.19944	0.19944
10000	7.3659	0.006327	0.036323	1	1	1.0667	1	0.3	5.6076	15	1	0.3	5.6076	15	1	0.3	5.6076	15	1	0.3	5.6076	15	0	1	0.3	5.6076	15	1	0.3	5.6076	15	1	0.3	5.6076	15	1	0.3	5.6076	15	0	0.10989	0.10989	0.10989	0.10989	0.10989	0.10989	0.10989	0.10989	0.10989	0.10989	0.10989	0.10989	0.10989	0.10989	0.10989	0.10989	0.10989
10000	7.4343	0.001	0.019267	1	1	1.0667	1.0214	0.16627	3.86	26.667	1.0214	0.16627	3.86	26.667	1.0214	0.16627	3.86	26.667	1.0214	0.16627	3.86	26.667	0	0.93176	0.15169	3.5214	24.327	0.93176	0.15169	3.5214	24.327	0.93176	0.15169	3.5214	24.327	0.93176	0.15169	3.5214	24.327	0	0.10094	0.10094	0.10094	0.10094	0.10094	0.10094	0.10094	0.10094	0.10094	0.10094	0.10094	0.10094	0.10094	0.10094	0.10094	0.10094	0.10094
10000	7.9008	0.001	0.014585	1	1	0.83698	1.0758	0.38858	3.5924	11.407	1.0758	0.38858	3.5924	11.407	1.0758	0.38858	3.5924	11.407	1.0758	0.38858	3.5924	11.407	0	1.0915	0.39428	3.6451	11.574	1.0915	0.39428	3.6451	11.574	1.0915	0.39428	3.6451	11.574	1.0915	0.39428	3.6451	11.574	0	0.16317	0.16317	0.16317	0.16317	0.16317	0.16317	0.16317	0.16317	0.16317	0.16317	0.16317	0.16317	0.16317	0.16317	0.16317	0.16317	0.16317
10000	9.9999	0.0014444	0.01	1	1	0.8	1	0.3	3.5	15	1	0.3	3.5	15	1	0.3	3.5	15	1	0.3	3.5	15	0	1	0.3	3.5	15	1	0.3	3.5	15	1	0.3	3.5	15	1	0.3	3.5	15	0	0.09315	0.09315	0.09315	0.09315	0.09315	0.09315	0.09315	0.09315	0.09315	0.09315	0.09315	0.09315	0.09315	0.09315	0.09315	0.09315	0.09315
10000	6.2917	0.0040182	0.021667	1	1	1.0833	0.78889	0.54583	2.993	14.333	0.78889	0.54583	2.993	14.333	0.78889	0.54583	2.993	14.333	0.78889	0.54583	2.993	14.333	0	0.80478	0.55682	3.0533	14.622	0.80478	0.55682	3.0533	14.622	0.80478	0.55682	3.0533	14.622	0.80478	0.55682	3.0533	14.622	0	0.037656	0.037656	0.037656	0.037656	0.037656	0.037656	0.037656	0.037656	0.037656	0.037656	0.037656	0.037656	0.037656	0.037656	0.037656	0.037656	0.037656
10000	10	0.012468	0.024262	1	1	0.49296	0.67357	0.5	3.5	10	0.67357	0.5	3.5	10	0.67357	0.5	3.5	10	0.67357	0.5	3.5	10	0	0.6734	0.49988	3.4991	9.9975	0.6734	0.49988	3.4991	9.9975	0.6734	0.49988	3.4991	9.9975	0.6734	0.49988	3.4991	9.9975	0	0.13333	0.13333	0.13333	0.13333	0.13333	0.13333	0.13333	0.13333	0.13333	0.13333	0.13333	0.13333	0.13333	0.13333	0.13333	0.13333	0.13333
10000	5.3232	0.013728	0.01	1	1	0.22902	1.5209	0.61142	3.4116	19.167	1.5209	0.61142	3.4116	19.167	1.5209	0.61142	3.4116	19.167	1.5209	0.61142	3.4116	19.167	0	0.38022	0.15285	0.85289	4.7918	0.38022	0.15285	0.85289	4.7918	0.38022	0.15285	0.85289	4.7918	0.38022	0.15285	0.85289	4.7918	0	0	0	0	0	0	0	0	0	0	0	0	0	0	0	0	0	0
10000	5.8913	0.0035822	0.027131	1	1	0.47911	0.64345	0.42601	3.4718	12.148	0.64345	0.42601	3.4718	12.148	0.64345	0.42601	3.4718	12.148	0.64345	0.42601	3.4718	12.148	0	0.44271	0.2931	2.3887	8.3578	0.44271	0.2931	2.3887	8.3578	0.44271	0.2931	2.3887	8.3578	0.44271	0.2931	2.3887	8.3578	0	0.057382	0.057382	0.057382	0.057382	0.057382	0.057382	0.057382	0.057382	0.057382	0.057382	0.057382	0.057382	0.057382	0.057382	0.057382	0.057382	0.057382
10000	10	0.02077	0.01	1	1	0.43689	0.89863	0.22859	5.2457	28.898	0.89863	0.22859	5.2457	28.898	0.89863	0.22859	5.2457	28.898	0.89863	0.22859	5.2457	28.898	0	0.75925	0.19313	4.4321	24.416	0.75925	0.19313	4.4321	24.416	0.75925	0.19313	4.4321	24.416	0.75925	0.19313	4.4321	24.416	0	0.078083	0.078083	0.078083	0.078083	0.078083	0.078083	0.078083	0.078083	0.078083	0.078083	0.078083	0.078083	0.078083	0.078083	0.078083	0.078083	0.078083
10000	5.5636	0.0036666	0.021027	1	1	0.60195	0.83402	0.34583	5.5268	16.987	0.83402	0.34583	5.5268	16.987	0.83402	0.34583	5.5268	16.987	0.83402	0.34583	5.5268	16.987	0	0.2085	0.086458	1.3817	4.2468	0.2085	0.086458	1.3817	4.2468	0.2085	0.086458	1.3817	4.2468	0.2085	0.086458	1.3817	4.2468	0	0.13564	0.13564	0.13564	0.13564	0.13564	0.13564	0.13564	0.13564	0.13564	0.13564	0.13564	0.13564	0.13564	0.13564	0.13564	0.13564	0.13564
10000	5.693	0.0023326	0.018619	1	1	0.66586	0.99272	0.40006	3.3312	15.008	0.99272	0.40006	3.3312	15.008	0.99272	0.40006	3.3312	15.008	0.99272	0.40006	3.3312	15.008	0	1.1833	0.47686	3.9707	17.889	1.1833	0.47686	3.9707	17.889	1.1833	0.47686	3.9707	17.889	1.1833	0.47686	3.9707	17.889	0	0.16675	0.16675	0.16675	0.16675	0.16675	0.16675	0.16675	0.16675	0.16675	0.16675	0.16675	0.16675	0.16675	0.16675	0.16675	0.16675	0.16675
10000	3.4564	0.01297	0.023373	1	1	0.80133	0.92972	0.36774	3.5745	12.496	0.92972	0.36774	3.5745	12.496	0.92972	0.36774	3.5745	12.496	0.92972	0.36774	3.5745	12.496	0	0.93092	0.36821	3.5792	12.512	0.93092	0.36821	3.5792	12.512	0.93092	0.36821	3.5792	12.512	0.93092	0.36821	3.5792	12.512	0	0.16629	0.16629	0.16629	0.16629	0.16629	0.16629	0.16629	0.16629	0.16629	0.16629	0.16629	0.16629	0.16629	0.16629	0.16629	0.16629	0.16629
10000	4.7217	0.0037943	0.021256	1	1	0.52979	0.81212	0.4962	2.5089	15.041	0.81212	0.4962	2.5089	15.041	0.81212	0.4962	2.5089	15.041	0.81212	0.4962	2.5089	15.041	0	0.81572	0.4984	2.52	15.107	0.81572	0.4984	2.52	15.107	0.81572	0.4984	2.52	15.107	0.81572	0.4984	2.52	15.107	0	0.19964	0.19964	0.19964	0.19964	0.19964	0.19964	0.19964	0.19964	0.19964	0.19964	0.19964	0.19964	0.19964	0.19964	0.19964	0.19964	0.19964
10000	5.0102	0.001	0.03011	1	1	0.79632	1.0041	0.29734	3.3262	29.967	1.0041	0.29734	3.3262	29.967	1.0041	0.29734	3.3262	29.967	1.0041	0.29734	3.3262	29.967	0	1.2841	0.38025	4.2537	38.324	1.2841	0.38025	4.2537	38.324	1.2841	0.38025	4.2537	38.324	1.2841	0.38025	4.2537	38.324	0	0.19694	0.19694	0.19694	0.19694	0.19694	0.19694	0.19694	0.19694	0.19694	0.19694	0.19694	0.19694	0.19694	0.19694	0.19694	0.19694	0.19694
10000	6.1788	0.02	0.02	1	1	0.8	0.8	0.3	5	15	0.8	0.3	5	15	0.8	0.3	5	15	0.8	0.3	5	15	0	1.2	0.44999	7.5	22.5	1.2	0.44999	7.5	22.5	1.2	0.44999	7.5	22.5	1.2	0.44999	7.5	22.5	0	0.2	0.2	0.2	0.2	0.2	0.2	0.2	0.2	0.2	0.2	0.2	0.2	0.2	0.2	0.2	0.2	0.2
10000	5.8787	0.0094444	0.01	1	1	0.90586	1.0204	0.53333	3.4544	26.605	1.0204	0.53333	3.4544	26.605	1.0204	0.53333	3.4544	26.605	1.0204	0.53333	3.4544	26.605	0	1.0062	0.52593	3.4064	26.235	1.0062	0.52593	3.4064	26.235	1.0062	0.52593	3.4064	26.235	1.0062	0.52593	3.4064	26.235	0	0.20116	0.20116	0.20116	0.20116	0.20116	0.20116	0.20116	0.20116	0.20116	0.20116	0.20116	0.20116	0.20116	0.20116	0.20116	0.20116	0.20116
10000	8	0.01	0.02	1	1	1	0.8	0.5	6.3762	12.291	0.8	0.5	6.3762	12.291	0.8	0.5	6.3762	12.291	0.8	0.5	6.3762	12.291	0	0.8	0.5	6.3762	12.291	0.8	0.5	6.3762	12.291	0.8	0.5	6.3762	12.291	0.8	0.5	6.3762	12.291	0	0.18281	0.18281	0.18281	0.18281	0.18281	0.18281	0.18281	0.18281	0.18281	0.18281	0.18281	0.18281	0.18281	0.18281	0.18281	0.18281	0.18281
10000	7	0.001	0.011667	1	1	0.8	0.8	0.3	3.5	20	0.8	0.3	3.5	20	0.8	0.3	3.5	20	0.8	0.3	3.5	20	0	0.80743	0.30278	3.5325	20.186	0.80743	0.30278	3.5325	20.186	0.80743	0.30278	3.5325	20.186	0.80743	0.30278	3.5325	20.186	0	0.2	0.2	0.2	0.2	0.2	0.2	0.2	0.2	0.2	0.2	0.2	0.2	0.2	0.2	0.2	0.2	0.2
10000	5.0001	0.0074884	0.017366	1	1	0.8	1	0.3	4.6666	15	1	0.3	4.6666	15	1	0.3	4.6666	15	1	0.3	4.6666	15	0	0.5	0.15	2.3333	7.5	0.5	0.15	2.3333	7.5	0.5	0.15	2.3333	7.5	0.5	0.15	2.3333	7.5	0	0.2	0.2	0.2	0.2	0.2	0.2	0.2	0.2	0.2	0.2	0.2	0.2	0.2	0.2	0.2	0.2	0.2
10000	5.3289	0.01	0.01	1	1	0.8	0.92623	0.64891	3.3333	9.8011	0.92623	0.64891	3.3333	9.8011	0.92623	0.64891	3.3333	9.8011	0.92623	0.64891	3.3333	9.8011	0	0.92623	0.64891	3.3333	9.8011	0.92623	0.64891	3.3333	9.8011	0.92623	0.64891	3.3333	9.8011	0.92623	0.64891	3.3333	9.8011	0	0.23121	0.23121	0.23121	0.23121	0.23121	0.23121	0.23121	0.23121	0.23121	0.23121	0.23121	0.23121	0.23121	0.23121	0.23121	0.23121	0.23121
