10000	4.0054	0.01	0.02	1	1	0.8	0.60382	1.1397	2.5	15	0.60382	1.1397	2.5	15	0.60382	1.1397	2.5	15	0.60382	1.1397	2.5	15	0	0.60702	1.1458	2.5133	15.079	0.60702	1.1458	2.5133	15.079	0.60702	1.1458	2.5133	15.079	0.60702	1.1458	2.5133	15.079	0	0	0	0	0	0	0	0	0	0	0	0	0	0	0	0	0	0
10000	5.2454	0.001	0.01	1	1	0.14483	1.0734	1.9705	3.3202	15.164	1.0734	1.9705	3.3202	15.164	1.0734	1.9705	3.3202	15.164	1.0734	1.9705	3.3202	15.164	0	0.26834	0.49262	0.83006	3.7911	0.26834	0.49262	0.83006	3.7911	0.26834	0.49262	0.83006	3.7911	0.26834	0.49262	0.83006	3.7911	0	0	0	0	0	0	0	0	0	0	0	0	0	0	0	0	0	0
10000	2.6719	0.25399	0.01	1	1	0.77259	0.77259	0.9209	4.2496	13.352	0.77259	0.9209	4.2496	13.352	0.77259	0.9209	4.2496	13.352	0.77259	0.9209	4.2496	13.352	0	0.19315	0.23022	1.0624	3.3381	0.19315	0.23022	1.0624	3.3381	0.19315	0.23022	1.0624	3.3381	0.19315	0.23022	1.0624	3.3381	0	0	0	0	0	0	0	0	0	0	0	0	0	0	0	0	0	0
10000	7	0.02	0.02	1	1	0.8	1	0.3	2.5	15	1	0.3	2.5	15	1	0.3	2.5	15	1	0.3	2.5	15	0	1	0.3	2.5	15	1	0.3	2.5	15	1	0.3	2.5	15	1	0.3	2.5	15	0	0	0	0	0	0	0	0	0	0	0	0	0	0	0	0	0	0
10000	3.1195	0.467	0.019447	1	1	0.94296	0.90287	0.8	2.5	7.7428	0.90287	0.8	2.5	7.7428	0.90287	0.8	2.5	7.7428	0.90287	0.8	2.5	7.7428	0	0.45877	0.4065	1.2703	3.9343	0.45877	0.4065	1.2703	3.9343	0.45877	0.4065	1.2703	3.9343	0.45877	0.4065	1.2703	3.9343	0	0	0	0	0	0	0	0	0	0	0	0	0	0	0	0	0	0
10000	0.2	0.015832	0.025148	1	1	0.78357	0.68233	0.3617	2.6458	13.525	0.68233	0.3617	2.6458	13.525	0.68233	0.3617	2.6458	13.525	0.68233	0.3617	2.6458	13.525	0	0.67974	0.36032	2.6357	13.473	0.67974	0.36032	2.6357	13.473	0.67974	0.36032	2.6357	13.473	0.67974	0.36032	2.6357	13.473	0	0	0	0	0	0	0	0	0	0	0	0	0	0	0	0	0	0
10000	0.1	0.0099983	0.016558	1	1	0.47041	0.4147	0.29957	1.8207	15.018	0.4147	0.29957	1.8207	15.018	0.4147	0.29957	1.8207	15.018	0.4147	0.29957	1.8207	15.018	0	0.41458	0.29949	1.8202	15.014	0.41458	0.29949	1.8202	15.014	0.41458	0.29949	1.8202	15.014	0.41458	0.29949	1.8202	15.014	0	0	0	0	0	0	0	0	0	0	0	0	0	0	0	0	0	0
10000	6.1796	0.022203	0.025804	1	1	0.85699	0.363	-0.56424	2.5	-4.0052	0.363	-0.56424	2.5	-4.0052	0.363	-0.56424	2.5	-4.0052	0.363	-0.56424	2.5	-4.0052	0	0.19546	-0.30382	1.3461	-2.1566	0.19546	-0.30382	1.3461	-2.1566	0.19546	-0.30382	1.3461	-2.1566	0.19546	-0.30382	1.3461	-2.1566	0	0	0	0	0	0	0	0	0	0	0	0	0	0	0	0	0	0
10000	0.1	0.0065293	0.02	1	1	0.72446	0.38327	0.13972	2.0215	30	0.38327	0.13972	2.0215	30	0.38327	0.13972	2.0215	30	0.38327	0.13972	2.0215	30	0	0.38328	0.13972	2.0215	30	0.38328	0.13972	2.0215	30	0.38328	0.13972	2.0215	30	0.38328	0.13972	2.0215	30	0	0	0	0	0	0	0	0	0	0	0	0	0	0	0	0	0	0
10000	5	0.76501	0.02	1	1	0.4	0.50371	0.11856	2.5	10	0.50371	0.11856	2.5	10	0.50371	0.11856	2.5	10	0.50371	0.11856	2.5	10	0	0.5406	0.12724	2.6831	10.732	0.5406	0.12724	2.6831	10.732	0.5406	0.12724	2.6831	10.732	0.5406	0.12724	2.6831	10.732	0	0	0	0	0	0	0	0	0	0	0	0	0	0	0	0	0	0
10000	0.1	0.036595	0.028515	1	1	0.36157	0.39605	0.067614	2.4004	14.893	0.39605	0.067614	2.4004	14.893	0.39605	0.067614	2.4004	14.893	0.39605	0.067614	2.4004	14.893	0	0.42189	0.072024	2.557	15.864	0.42189	0.072024	2.557	15.864	0.42189	0.072024	2.557	15.864	0.42189	0.072024	2.557	15.864	0	0	0	0	0	0	0	0	0	0	0	0	0	0	0	0	0	0
10000	0.26667	0.011255	0.026667	1	1	0.33904	0.56597	0	2.5	10	0.56597	0	2.5	10	0.56597	0	2.5	10	0.56597	0	2.5	10	0	0.55455	0	2.4495	9.7982	0.55455	0	2.4495	9.7982	0.55455	0	2.4495	9.7982	0.55455	0	2.4495	9.7982	0	0	0	0	0	0	0	0	0	0	0	0	0	0	0	0	0	0
10000	10	0.34771	0.024354	1	1	0.81947	1.0002	-0.23859	2.5002	29.996	1.0002	-0.23859	2.5002	29.996	1.0002	-0.23859	2.5002	29.996	1.0002	-0.23859	2.5002	29.996	0	1.3335	-0.31809	3.3333	39.991	1.3335	-0.31809	3.3333	39.991	1.3335	-0.31809	3.3333	39.991	1.3335	-0.31809	3.3333	39.991	0	0	0	0	0	0	0	0	0	0	0	0	0	0	0	0	0	0
10000	3.8119	0.47335	0.020267	1	1	0.38152	0.60801	0.012174	2.7262	15	0.60801	0.012174	2.7262	15	0.60801	0.012174	2.7262	15	0.60801	0.012174	2.7262	15	0	0.61537	0.012322	2.7592	15.182	0.61537	0.012322	2.7592	15.182	0.61537	0.012322	2.7592	15.182	0.61537	0.012322	2.7592	15.182	0	0	0	0	0	0	0	0	0	0	0	0	0	0	0	0	0	0
10000	3	0.24	0.022484	1	1	0.34029	1	0.5	3.5458	15	1	0.5	3.5458	15	1	0.5	3.5458	15	1	0.5	3.5458	15	0	1	0.5	3.5458	15	1	0.5	3.5458	15	1	0.5	3.5458	15	1	0.5	3.5458	15	0	0	0	0	0	0	0	0	0	0	0	0	0	0	0	0	0	0
10000	9.9999	0.013117	0.020001	1	1	0.79968	0.81261	-0.0043903	2.5452	14.793	0.81261	-0.0043903	2.5452	14.793	0.81261	-0.0043903	2.5452	14.793	0.81261	-0.0043903	2.5452	14.793	0	0.40599	-0.0021935	1.2716	7.3909	0.40599	-0.0021935	1.2716	7.3909	0.40599	-0.0021935	1.2716	7.3909	0.40599	-0.0021935	1.2716	7.3909	0	0	0	0	0	0	0	0	0	0	0	0	0	0	0	0	0	0
10000	10	0.011595	0.021166	1	1	0.82209	1.0583	0.29224	2.602	2.8714	1.0583	0.29224	2.602	2.8714	1.0583	0.29224	2.602	2.8714	1.0583	0.29224	2.602	2.8714	0	0.26457	0.073059	0.65051	0.71786	0.26457	0.073059	0.65051	0.71786	0.26457	0.073059	0.65051	0.71786	0.26457	0.073059	0.65051	0.71786	0	0	0	0	0	0	0	0	0	0	0	0	0	0	0	0	0	0
10000	5.9267	0.0094666	0.017224	1	1	0.8	0.83875	0.23203	2.7325	15	0.83875	0.23203	2.7325	15	0.83875	0.23203	2.7325	15	0.83875	0.23203	2.7325	15	0	0.60419	0.16714	1.9683	10.805	0.60419	0.16714	1.9683	10.805	0.60419	0.16714	1.9683	10.805	0.60419	0.16714	1.9683	10.805	0	0	0	0	0	0	0	0	0	0	0	0	0	0	0	0	0	0
10000	6.6236	0.017035	0.020804	1	1	0.76383	0.75378	0.25339	2.5703	23.822	0.75378	0.25339	2.5703	23.822	0.75378	0.25339	2.5703	23.822	0.75378	0.25339	2.5703	23.822	0	0.32992	0.1109	1.125	10.427	0.32992	0.1109	1.125	10.427	0.32992	0.1109	1.125	10.427	0.32992	0.1109	1.125	10.427	0	0	0	0	0	0	0	0	0	0	0	0	0	0	0	0	0	0
10000	7.0344	0.019638	0.02007	1	1	0.95432	0.79216	0.065691	2.5152	14.93	0.79216	0.065691	2.5152	14.93	0.79216	0.065691	2.5152	14.93	0.79216	0.065691	2.5152	14.93	0	0.28981	0.024033	0.9202	5.4622	0.28981	0.024033	0.9202	5.4622	0.28981	0.024033	0.9202	5.4622	0.28981	0.024033	0.9202	5.4622	0	0	0	0	0	0	0	0	0	0	0	0	0	0	0	0	0	0
10000	10	0.017423	0.0225	1	1	0.33746	0.52442	0.34528	3.0476	17.663	0.52442	0.34528	3.0476	17.663	0.52442	0.34528	3.0476	17.663	0.52442	0.34528	3.0476	17.663	0	0.66493	0.43779	3.8642	22.395	0.66493	0.43779	3.8642	22.395	0.66493	0.43779	3.8642	22.395	0.66493	0.43779	3.8642	22.395	0	0	0	0	0	0	0	0	0	0	0	0	0	0	0	0	0	0
10000	2.1322	0.01307	0.02	1	1	0.3376	1.5	1	2.5	15	1.5	1	2.5	15	1.5	1	2.5	15	1.5	1	2.5	15	0	0.5625	0.375	0.93751	5.625	0.5625	0.375	0.93751	5.625	0.5625	0.375	0.93751	5.625	0.5625	0.375	0.93751	5.625	0	0	0	0	0	0	0	0	0	0	0	0	0	0	0	0	0	0
10000	5.0472	0.010137	0.03064	1	1	0.39124	1.016	0.3104	2.472	0.84838	1.016	0.3104	2.472	0.84838	1.016	0.3104	2.472	0.84838	1.016	0.3104	2.472	0.84838	0	0.254	0.077599	0.618	0.21209	0.254	0.077599	0.618	0.21209	0.254	0.077599	0.618	0.21209	0.254	0.077599	0.618	0.21209	0	0	0	0	0	0	0	0	0	0	0	0	0	0	0	0	0	0
10000	0.1	0.011602	0.02	1	1	0.38782	1	0.3	3.3333	15	1	0.3	3.3333	15	1	0.3	3.3333	15	1	0.3	3.3333	15	0	0.47219	0.14166	1.574	7.0828	0.47219	0.14166	1.574	7.0828	0.47219	0.14166	1.574	7.0828	0.47219	0.14166	1.574	7.0828	0	0	0	0	0	0	0	0	0	0	0	0	0	0	0	0	0	0
10000	7.3927	0.0089072	0.02092	1	1	0.18243	0.73088	0.34572	2.3261	-8.1777	0.73088	0.34572	2.3261	-8.1777	0.73088	0.34572	2.3261	-8.1777	0.73088	0.34572	2.3261	-8.1777	0	0.18272	0.086431	0.58152	-2.0444	0.18272	0.086431	0.58152	-2.0444	0.18272	0.086431	0.58152	-2.0444	0.18272	0.086431	0.58152	-2.0444	0	0	0	0	0	0	0	0	0	0	0	0	0	0	0	0	0	0
10000	1.0667	0.033684	0.02	1	1	0.4	0.8	0.3	2.6572	15	0.8	0.3	2.6572	15	0.8	0.3	2.6572	15	0.8	0.3	2.6572	15	0	0.4	0.15	1.3286	7.5	0.4	0.15	1.3286	7.5	0.4	0.15	1.3286	7.5	0.4	0.15	1.3286	7.5	0	0	0	0	0	0	0	0	0	0	0	0	0	0	0	0	0	0
10000	2.6337	0.023122	0.029811	1	1	0.39827	1.3243	0.30279	2.5921	14.962	1.3243	0.30279	2.5921	14.962	1.3243	0.30279	2.5921	14.962	1.3243	0.30279	2.5921	14.962	0	0.51669	0.11814	1.0113	5.8376	0.51669	0.11814	1.0113	5.8376	0.51669	0.11814	1.0113	5.8376	0.51669	0.11814	1.0113	5.8376	0	0	0	0	0	0	0	0	0	0	0	0	0	0	0	0	0	0
10000	5.4734	0.0048039	0.02	1	1	0.45037	1.2872	0.3	5	13.333	1.2872	0.3	5	13.333	1.2872	0.3	5	13.333	1.2872	0.3	5	13.333	0	0.32181	0.075	1.25	3.3333	0.32181	0.075	1.25	3.3333	0.32181	0.075	1.25	3.3333	0.32181	0.075	1.25	3.3333	0	0	0	0	0	0	0	0	0	0	0	0	0	0	0	0	0	0
10000	4.9131	0.01	0.02	1	1	-0.052834	1.0522	0.3	2.5	15	1.0522	0.3	2.5	15	1.0522	0.3	2.5	15	1.0522	0.3	2.5	15	0	0.52612	0.15	1.25	7.5	0.52612	0.15	1.25	7.5	0.52612	0.15	1.25	7.5	0.52612	0.15	1.25	7.5	0	0	0	0	0	0	0	0	0	0	0	0	0	0	0	0	0	0
10000	10	0.025446	0.024509	1	1	0.44759	1.0305	0.29567	2.5109	15.059	1.0305	0.29567	2.5109	15.059	1.0305	0.29567	2.5109	15.059	1.0305	0.29567	2.5109	15.059	0	0.31915	0.091567	0.77761	4.6638	0.31915	0.091567	0.77761	4.6638	0.31915	0.091567	0.77761	4.6638	0.31915	0.091567	0.77761	4.6638	0	0	0	0	0	0	0	0	0	0	0	0	0	0	0	0	0	0
10000	6.6289	0.0094703	0.025761	1	1	0.6001	0.99802	0.33462	3.3299	14.984	0.99802	0.33462	3.3299	14.984	0.99802	0.33462	3.3299	14.984	0.99802	0.33462	3.3299	14.984	0	0.46931	0.15735	1.5658	7.0462	0.46931	0.15735	1.5658	7.0462	0.46931	0.15735	1.5658	7.0462	0.46931	0.15735	1.5658	7.0462	0	0	0	0	0	0	0	0	0	0	0	0	0	0	0	0	0	0
10000	5.2121	0.015044	0.02	1	1	0.58555	0.6062	0.33343	2.4999	11.665	0.6062	0.33343	2.4999	11.665	0.6062	0.33343	2.4999	11.665	0.6062	0.33343	2.4999	11.665	0	0.29906	0.16449	1.2333	5.755	0.29906	0.16449	1.2333	5.755	0.29906	0.16449	1.2333	5.755	0.29906	0.16449	1.2333	5.755	0	0	0	0	0	0	0	0	0	0	0	0	0	0	0	0	0	0
10000	7.6167	0.0049258	0.03	1	1	0.57063	1	0.33646	3.3333	17.778	1	0.33646	3.3333	17.778	1	0.33646	3.3333	17.778	1	0.33646	3.3333	17.778	0	0.41668	0.14019	1.3889	7.4075	0.41668	0.14019	1.3889	7.4075	0.41668	0.14019	1.3889	7.4075	0.41668	0.14019	1.3889	7.4075	0	0	0	0	0	0	0	0	0	0	0	0	0	0	0	0	0	0
10000	10	0.003	0.01	1	1	0.59509	1	0.3	2.5	15	1	0.3	2.5	15	1	0.3	2.5	15	1	0.3	2.5	15	0	0.77741	0.23322	1.9435	11.661	0.77741	0.23322	1.9435	11.661	0.77741	0.23322	1.9435	11.661	0.77741	0.23322	1.9435	11.661	0	0	0	0	0	0	0	0	0	0	0	0	0	0	0	0	0	0
10000	5	0.0047237	0.02	1	1	0.4	1	0.3	2.5	15	1	0.3	2.5	15	1	0.3	2.5	15	1	0.3	2.5	15	0	0.25	0.075	0.625	3.75	0.25	0.075	0.625	3.75	0.25	0.075	0.625	3.75	0.25	0.075	0.625	3.75	0	0	0	0	0	0	0	0	0	0	0	0	0	0	0	0	0	0
10000	6.5176	0.068882	0.013668	1	1	0.60044	1.1231	0.40029	3.1159	14.483	1.1231	0.40029	3.1159	14.483	1.1231	0.40029	3.1159	14.483	1.1231	0.40029	3.1159	14.483	0	0.92	0.3279	2.5524	11.864	0.92	0.3279	2.5524	11.864	0.92	0.3279	2.5524	11.864	0.92	0.3279	2.5524	11.864	0	0	0	0	0	0	0	0	0	0	0	0	0	0	0	0	0	0
10000	8.0631	0.18642	0.01	1	1	0.4	0.65054	0.32946	2.5	12.606	0.65054	0.32946	2.5	12.606	0.65054	0.32946	2.5	12.606	0.65054	0.32946	2.5	12.606	0	0.65054	0.32946	2.5	12.606	0.65054	0.32946	2.5	12.606	0.65054	0.32946	2.5	12.606	0.65054	0.32946	2.5	12.606	0	0	0	0	0	0	0	0	0	0	0	0	0	0	0	0	0	0
10000	8.888	0.023308	0.01	1	1	1.1171	0.44079	-0.4942	2.93	14.552	0.44079	-0.4942	2.93	14.552	0.44079	-0.4942	2.93	14.552	0.44079	-0.4942	2.93	14.552	0	0.51632	-0.57888	3.4321	17.046	0.51632	-0.57888	3.4321	17.046	0.51632	-0.57888	3.4321	17.046	0.51632	-0.57888	3.4321	17.046	0	0	0	0	0	0	0	0	0	0	0	0	0	0	0	0	0	0
10000	6.0874	0.12339	0.11572	1	1	0.54484	0.97413	-0.20998	3.3786	14.793	0.97413	-0.20998	3.3786	14.793	0.97413	-0.20998	3.3786	14.793	0.97413	-0.20998	3.3786	14.793	0	0.97128	-0.20936	3.3687	14.75	0.97128	-0.20936	3.3687	14.75	0.97128	-0.20936	3.3687	14.75	0.97128	-0.20936	3.3687	14.75	0	0	0	0	0	0	0	0	0	0	0	0	0	0	0	0	0	0
10000	7.3349	0.33954	0.01	1	1	0.8	0.47751	0.3	2.5	15	0.47751	0.3	2.5	15	0.47751	0.3	2.5	15	0.47751	0.3	2.5	15	0	0.50608	0.31795	2.6496	15.897	0.50608	0.31795	2.6496	15.897	0.50608	0.31795	2.6496	15.897	0.50608	0.31795	2.6496	15.897	0	0	0	0	0	0	0	0	0	0	0	0	0	0	0	0	0	0
10000	10	0.001	0.47723	1	1	0.68609	0.57312	0.3	1.3212	8.8191	0.57312	0.3	1.3212	8.8191	0.57312	0.3	1.3212	8.8191	0.57312	0.3	1.3212	8.8191	0	0.57312	0.3	1.3212	8.8191	0.57312	0.3	1.3212	8.8191	0.57312	0.3	1.3212	8.8191	0.57312	0.3	1.3212	8.8191	0	0	0	0	0	0	0	0	0	0	0	0	0	0	0	0	0	0
10000	3.5337	0.039616	0.01	1	1	0.57299	0.34766	-0.0045796	1.606	14.967	0.34766	-0.0045796	1.606	14.967	0.34766	-0.0045796	1.606	14.967	0.34766	-0.0045796	1.606	14.967	0	0.34892	-0.0045962	1.6118	15.021	0.34892	-0.0045962	1.6118	15.021	0.34892	-0.0045962	1.6118	15.021	0.34892	-0.0045962	1.6118	15.021	0	0	0	0	0	0	0	0	0	0	0	0	0	0	0	0	0	0
10000	6.4465	0.0261	0.01	1	1	0.13102	0.20495	0.43525	1.4944	9.5344	0.20495	0.43525	1.4944	9.5344	0.20495	0.43525	1.4944	9.5344	0.20495	0.43525	1.4944	9.5344	0	0.34078	0.72372	2.4849	15.854	0.34078	0.72372	2.4849	15.854	0.34078	0.72372	2.4849	15.854	0.34078	0.72372	2.4849	15.854	0	0	0	0	0	0	0	0	0	0	0	0	0	0	0	0	0	0
10000	6.3884	0.030769	0.33857	1	1	0.15474	0.99074	0.49306	2.5162	14.926	0.99074	0.49306	2.5162	14.926	0.99074	0.49306	2.5162	14.926	0.99074	0.49306	2.5162	14.926	0	1.1647	0.57961	2.9579	17.546	1.1647	0.57961	2.9579	17.546	1.1647	0.57961	2.9579	17.546	1.1647	0.57961	2.9579	17.546	0	0	0	0	0	0	0	0	0	0	0	0	0	0	0	0	0	0
10000	5.0143	0.020185	0.37267	1	1	0.53155	0.48797	0.60316	2.5085	14.961	0.48797	0.60316	2.5085	14.961	0.48797	0.60316	2.5085	14.961	0.48797	0.60316	2.5085	14.961	0	0.488	0.6032	2.5087	14.962	0.488	0.6032	2.5087	14.962	0.488	0.6032	2.5087	14.962	0.488	0.6032	2.5087	14.962	0	0	0	0	0	0	0	0	0	0	0	0	0	0	0	0	0	0
10000	8.2614	0.09021	0.02	1	1	1.0667	0.75464	0.3	2.5	15	0.75464	0.3	2.5	15	0.75464	0.3	2.5	15	0.75464	0.3	2.5	15	0	0.75464	0.3	2.5	15	0.75464	0.3	2.5	15	0.75464	0.3	2.5	15	0.75464	0.3	2.5	15	0	0	0	0	0	0	0	0	0	0	0	0	0	0	0	0	0	0
10000	10	0.12853	0.1267	1	1	0.80018	0.83004	0.51832	2.5	15.002	0.83004	0.51832	2.5	15.002	0.83004	0.51832	2.5	15.002	0.83004	0.51832	2.5	15.002	0	0.97399	0.60821	2.9336	17.603	0.97399	0.60821	2.9336	17.603	0.97399	0.60821	2.9336	17.603	0.97399	0.60821	2.9336	17.603	0	0	0	0	0	0	0	0	0	0	0	0	0	0	0	0	0	0
10000	7.7811	0.13979	0.024597	1	1	0.79923	0.93089	0.37013	3.3031	14.714	0.93089	0.37013	3.3031	14.714	0.93089	0.37013	3.3031	14.714	0.93089	0.37013	3.3031	14.714	0	0.93058	0.37001	3.302	14.709	0.93058	0.37001	3.302	14.709	0.93058	0.37001	3.302	14.709	0.93058	0.37001	3.302	14.709	0	0	0	0	0	0	0	0	0	0	0	0	0	0	0	0	0	0
10000	5.3259	0.04	0.02	1	1	0.4	0.51416	0.3	1.5	20	0.51416	0.3	1.5	20	0.51416	0.3	1.5	20	0.51416	0.3	1.5	20	0	0.39749	0.23193	1.1596	15.462	0.39749	0.23193	1.1596	15.462	0.39749	0.23193	1.1596	15.462	0.39749	0.23193	1.1596	15.462	0	0	0	0	0	0	0	0	0	0	0	0	0	0	0	0	0	0
10000	7.5557	0.18699	0.24	1	1	0.7807	1	0.3	2.5	9.9427	1	0.3	2.5	9.9427	1	0.3	2.5	9.9427	1	0.3	2.5	9.9427	0	1.1667	0.35	2.9167	11.6	1.1667	0.35	2.9167	11.6	1.1667	0.35	2.9167	11.6	1.1667	0.35	2.9167	11.6	0	0	0	0	0	0	0	0	0	0	0	0	0	0	0	0	0	0
10000	4.2476	0.01	0.01	1	1	0.54041	1	0.3	2.5	15	1	0.3	2.5	15	1	0.3	2.5	15	1	0.3	2.5	15	0	0.74573	0.22372	1.8643	11.186	0.74573	0.22372	1.8643	11.186	0.74573	0.22372	1.8643	11.186	0.74573	0.22372	1.8643	11.186	0	0	0	0	0	0	0	0	0	0	0	0	0	0	0	0	0	0
10000	2.8861	0.010085	0.082405	1	1	0.80541	1.0063	0.19435	2.6222	14.949	1.0063	0.19435	2.6222	14.949	1.0063	0.19435	2.6222	14.949	1.0063	0.19435	2.6222	14.949	0	0.50001	0.096566	1.3029	7.4278	0.50001	0.096566	1.3029	7.4278	0.50001	0.096566	1.3029	7.4278	0.50001	0.096566	1.3029	7.4278	0	0	0	0	0	0	0	0	0	0	0	0	0	0	0	0	0	0
10000	4.662	0.022655	0.023499	1	1	0.51621	1.3168	0.5225	2.8069	16.4	1.3168	0.5225	2.8069	16.4	1.3168	0.5225	2.8069	16.4	1.3168	0.5225	2.8069	16.4	0	0.54313	0.21551	1.1577	6.7644	0.54313	0.21551	1.1577	6.7644	0.54313	0.21551	1.1577	6.7644	0.54313	0.21551	1.1577	6.7644	0	0	0	0	0	0	0	0	0	0	0	0	0	0	0	0	0	0
10000	3	0.01	0.02	1	1	0.8	1	0.3	2.5	15	1	0.3	2.5	15	1	0.3	2.5	15	1	0.3	2.5	15	0	0.5	0.15	1.25	7.5	0.5	0.15	1.25	7.5	0.5	0.15	1.25	7.5	0.5	0.15	1.25	7.5	0	0	0	0	0	0	0	0	0	0	0	0	0	0	0	0	0	0
10000	3.5832	0.01901	0.02	1	1	0.8	0.55676	0.3	2.5	15	0.55676	0.3	2.5	15	0.55676	0.3	2.5	15	0.55676	0.3	2.5	15	0	0.55676	0.3	2.5	15	0.55676	0.3	2.5	15	0.55676	0.3	2.5	15	0.55676	0.3	2.5	15	0	0	0	0	0	0	0	0	0	0	0	0	0	0	0	0	0	0
10000	2.425	0.011022	0.03	1	1	1	0.8	0.3	2.5	20	0.8	0.3	2.5	20	0.8	0.3	2.5	20	0.8	0.3	2.5	20	0	0.4	0.15	1.25	10	0.4	0.15	1.25	10	0.4	0.15	1.25	10	0.4	0.15	1.25	10	0	0	0	0	0	0	0	0	0	0	0	0	0	0	0	0	0	0
10000	2.8312	0.004384	0.024934	1	1	0.76882	1.0866	0.35627	2.3485	27.287	1.0866	0.35627	2.3485	27.287	1.0866	0.35627	2.3485	27.287	1.0866	0.35627	2.3485	27.287	0	0.51602	0.16919	1.1153	12.959	0.51602	0.16919	1.1153	12.959	0.51602	0.16919	1.1153	12.959	0.51602	0.16919	1.1153	12.959	0	0	0	0	0	0	0	0	0	0	0	0	0	0	0	0	0	0
10000	1.4498	0.015	0.019923	1	1	0.82963	1.0259	0.33128	2.5	14.074	1.0259	0.33128	2.5	14.074	1.0259	0.33128	2.5	14.074	1.0259	0.33128	2.5	14.074	0	0.52296	0.16887	1.2744	7.1742	0.52296	0.16887	1.2744	7.1742	0.52296	0.16887	1.2744	7.1742	0.52296	0.16887	1.2744	7.1742	0	0	0	0	0	0	0	0	0	0	0	0	0	0	0	0	0	0
10000	6.364	0.0098438	0.019671	1	1	0.78365	0.61976	0.31181	2.5318	15.145	0.61976	0.31181	2.5318	15.145	0.61976	0.31181	2.5318	15.145	0.61976	0.31181	2.5318	15.145	0	0.40732	0.20493	1.664	9.954	0.40732	0.20493	1.664	9.954	0.40732	0.20493	1.664	9.954	0.40732	0.20493	1.664	9.954	0	0	0	0	0	0	0	0	0	0	0	0	0	0	0	0	0	0
10000	10	0.01	0.01	1	1	1.0667	0.56625	0.3	2.5	15	0.56625	0.3	2.5	15	0.56625	0.3	2.5	15	0.56625	0.3	2.5	15	0	0.56625	0.3	2.5	15	0.56625	0.3	2.5	15	0.56625	0.3	2.5	15	0.56625	0.3	2.5	15	0	0	0	0	0	0	0	0	0	0	0	0	0	0	0	0	0	0
10000	3.6385	0.0017775	0.029231	1	1	0.38462	1.4933	0.6	3.7511	18.692	1.4933	0.6	3.7511	18.692	1.4933	0.6	3.7511	18.692	1.4933	0.6	3.7511	18.692	0	0.37333	0.15	0.93778	4.6731	0.37333	0.15	0.93778	4.6731	0.37333	0.15	0.93778	4.6731	0.37333	0.15	0.93778	4.6731	0	0	0	0	0	0	0	0	0	0	0	0	0	0	0	0	0	0
10000	4.1981	0.001	0.019549	1	1	0.59045	0.86195	0.37187	2.4605	2.6234	0.86195	0.37187	2.4605	2.6234	0.86195	0.37187	2.4605	2.6234	0.86195	0.37187	2.4605	2.6234	0	0.42126	0.18174	1.2025	1.2821	0.42126	0.18174	1.2025	1.2821	0.42126	0.18174	1.2025	1.2821	0.42126	0.18174	1.2025	1.2821	0	0	0	0	0	0	0	0	0	0	0	0	0	0	0	0	0	0
10000	3.7847	0.001	0.01	1	1	0.53499	0.94059	0.30714	2.396	49.388	0.94059	0.30714	2.396	49.388	0.94059	0.30714	2.396	49.388	0.94059	0.30714	2.396	49.388	0	0.58206	0.19007	1.4827	30.563	0.58206	0.19007	1.4827	30.563	0.58206	0.19007	1.4827	30.563	0.58206	0.19007	1.4827	30.563	0	0	0	0	0	0	0	0	0	0	0	0	0	0	0	0	0	0
10000	3.525	0.0034994	0.01	1	1	0.5	1.3822	0.625	3.375	11.12	1.3822	0.625	3.375	11.12	1.3822	0.625	3.375	11.12	1.3822	0.625	3.375	11.12	0	0.34556	0.15625	0.84376	2.7799	0.34556	0.15625	0.84376	2.7799	0.34556	0.15625	0.84376	2.7799	0.34556	0.15625	0.84376	2.7799	0	0	0	0	0	0	0	0	0	0	0	0	0	0	0	0	0	0
10000	4.0947	0.0071044	0.031111	1	1	0.83805	1	0.3	2.5	15	1	0.3	2.5	15	1	0.3	2.5	15	1	0.3	2.5	15	0	0.64286	0.19286	1.6071	9.6429	0.64286	0.19286	1.6071	9.6429	0.64286	0.19286	1.6071	9.6429	0.64286	0.19286	1.6071	9.6429	0	0	0	0	0	0	0	0	0	0	0	0	0	0	0	0	0	0
10000	0.1	0.01766	0.01	1	1	0.95	1.1667	0.19167	2.7917	17.938	1.1667	0.19167	2.7917	17.938	1.1667	0.19167	2.7917	17.938	1.1667	0.19167	2.7917	17.938	0	0.62247	0.10226	1.4895	9.5707	0.62247	0.10226	1.4895	9.5707	0.62247	0.10226	1.4895	9.5707	0.62247	0.10226	1.4895	9.5707	0	0	0	0	0	0	0	0	0	0	0	0	0	0	0	0	0	0
10000	0.1	0.007	0.02674	1	1	0.82376	1	0.66667	2.5	15	1	0.66667	2.5	15	1	0.66667	2.5	15	1	0.66667	2.5	15	0	0.85367	0.56911	2.1342	12.805	0.85367	0.56911	2.1342	12.805	0.85367	0.56911	2.1342	12.805	0.85367	0.56911	2.1342	12.805	0	0	0	0	0	0	0	0	0	0	0	0	0	0	0	0	0	0
10000	0.1	0.010107	0.020119	1	1	1.1415	0.68469	0.29634	2.4896	20.063	0.68469	0.29634	2.4896	20.063	0.68469	0.29634	2.4896	20.063	0.68469	0.29634	2.4896	20.063	0	0.67638	0.29275	2.4594	19.819	0.67638	0.29275	2.4594	19.819	0.67638	0.29275	2.4594	19.819	0.67638	0.29275	2.4594	19.819	0	0	0	0	0	0	0	0	0	0	0	0	0	0	0	0	0	0
10000	0.1	0.0098434	0.01	1	1	1.6106	1.0117	0.59238	2.4923	14.993	1.0117	0.59238	2.4923	14.993	1.0117	0.59238	2.4923	14.993	1.0117	0.59238	2.4923	14.993	0	0.86007	0.50358	2.1187	12.746	0.86007	0.50358	2.1187	12.746	0.86007	0.50358	2.1187	12.746	0.86007	0.50358	2.1187	12.746	0	0	0	0	0	0	0	0	0	0	0	0	0	0	0	0	0	0
10000	3.112	0.7089	0.02	1	1	1.1046	1	0.32963	3.016	17.175	1	0.32963	3.016	17.175	1	0.32963	3.016	17.175	1	0.32963	3.016	17.175	0	0.97798	0.32237	2.9496	16.797	0.97798	0.32237	2.9496	16.797	0.97798	0.32237	2.9496	16.797	0.97798	0.32237	2.9496	16.797	0	0	0	0	0	0	0	0	0	0	0	0	0	0	0	0	0	0
10000	0.42237	0.0099221	0.020001	1	1	0.80211	0.67071	0.29995	2.4999	18.936	0.67071	0.29995	2.4999	18.936	0.67071	0.29995	2.4999	18.936	0.67071	0.29995	2.4999	18.936	0	0.33538	0.14999	1.25	9.4688	0.33538	0.14999	1.25	9.4688	0.33538	0.14999	1.25	9.4688	0.33538	0.14999	1.25	9.4688	0	0	0	0	0	0	0	0	0	0	0	0	0	0	0	0	0	0
10000	5	0.010855	0.020804	1	1	0.8	1	0.3	2.5	15	1	0.3	2.5	15	1	0.3	2.5	15	1	0.3	2.5	15	0	0.25	0.075	0.625	3.75	0.25	0.075	0.625	3.75	0.25	0.075	0.625	3.75	0.25	0.075	0.625	3.75	0	0	0	0	0	0	0	0	0	0	0	0	0	0	0	0	0	0
10000	0.1	0.011983	0.03	1	1	0.8	1	0.3	2.5	16.667	1	0.3	2.5	16.667	1	0.3	2.5	16.667	1	0.3	2.5	16.667	0	0.5	0.15	1.25	8.3333	0.5	0.15	1.25	8.3333	0.5	0.15	1.25	8.3333	0.5	0.15	1.25	8.3333	0	0	0	0	0	0	0	0	0	0	0	0	0	0	0	0	0	0
10000	1.1876	0.0067551	0.022078	1	1	0.84756	0.89496	0.30178	2.5876	31.134	0.89496	0.30178	2.5876	31.134	0.89496	0.30178	2.5876	31.134	0.89496	0.30178	2.5876	31.134	0	0.59148	0.19945	1.7101	20.577	0.59148	0.19945	1.7101	20.577	0.59148	0.19945	1.7101	20.577	0.59148	0.19945	1.7101	20.577	0	0	0	0	0	0	0	0	0	0	0	0	0	0	0	0	0	0
10000	4.4389	0.001	0.18192	1	1	0.61137	0.5	0.125	2.0151	-1.8022	0.5	0.125	2.0151	-1.8022	0.5	0.125	2.0151	-1.8022	0.5	0.125	2.0151	-1.8022	0	0.26863	0.067155	1.0826	-0.96822	0.26863	0.067155	1.0826	-0.96822	0.26863	0.067155	1.0826	-0.96822	0.26863	0.067155	1.0826	-0.96822	0	0	0	0	0	0	0	0	0	0	0	0	0	0	0	0	0	0
10000	2.7597	0.0073165	0.026642	1	1	1.0606	1.0536	-0.0042033	1.9715	12.217	1.0536	-0.0042033	1.9715	12.217	1.0536	-0.0042033	1.9715	12.217	1.0536	-0.0042033	1.9715	12.217	0	0.49436	-0.0019723	0.92509	5.7326	0.49436	-0.0019723	0.92509	5.7326	0.49436	-0.0019723	0.92509	5.7326	0.49436	-0.0019723	0.92509	5.7326	0	0	0	0	0	0	0	0	0	0	0	0	0	0	0	0	0	0
10000	2.7044	0.02	0.02	1	1	1.3333	1.3333	0.098354	2.5	15	1.3333	0.098354	2.5	15	1.3333	0.098354	2.5	15	1.3333	0.098354	2.5	15	0	0.66667	0.049177	1.25	7.5	0.66667	0.049177	1.25	7.5	0.66667	0.049177	1.25	7.5	0.66667	0.049177	1.25	7.5	0	0	0	0	0	0	0	0	0	0	0	0	0	0	0	0	0	0
10000	2.2657	0.005	0.02	1	1	1	1	0.3	2.8459	6.8801	1	0.3	2.8459	6.8801	1	0.3	2.8459	6.8801	1	0.3	2.8459	6.8801	0	0.5	0.15	1.423	3.44	0.5	0.15	1.423	3.44	0.5	0.15	1.423	3.44	0.5	0.15	1.423	3.44	0	0	0	0	0	0	0	0	0	0	0	0	0	0	0	0	0	0
10000	1.7431	0.01	0.02	1	1	0.8	1	0	3.5	15	1	0	3.5	15	1	0	3.5	15	1	0	3.5	15	0	0.51463	0	1.8012	7.7194	0.51463	0	1.8012	7.7194	0.51463	0	1.8012	7.7194	0.51463	0	1.8012	7.7194	0	0	0	0	0	0	0	0	0	0	0	0	0	0	0	0	0	0
10000	1.9644	0.0080361	0.01	1	1	0.7717	1	0.4	2.5	15	1	0.4	2.5	15	1	0.4	2.5	15	1	0.4	2.5	15	0	0.56115	0.22446	1.4029	8.4172	0.56115	0.22446	1.4029	8.4172	0.56115	0.22446	1.4029	8.4172	0.56115	0.22446	1.4029	8.4172	0	0	0	0	0	0	0	0	0	0	0	0	0	0	0	0	0	0
10000	10	0.0063744	0.03	1	1	0.8	0.68067	0.6	5	15	0.68067	0.6	5	15	0.68067	0.6	5	15	0.68067	0.6	5	15	0	0.68067	0.6	5	15	0.68067	0.6	5	15	0.68067	0.6	5	15	0.68067	0.6	5	15	0	0	0	0	0	0	0	0	0	0	0	0	0	0	0	0	0	0
10000	3.7825	0.005	0.01	1	1	0.44807	0.72564	0.05	3.2995	15	0.72564	0.05	3.2995	15	0.72564	0.05	3.2995	15	0.72564	0.05	3.2995	15	0	0.72564	0.05	3.2995	15	0.72564	0.05	3.2995	15	0.72564	0.05	3.2995	15	0.72564	0.05	3.2995	15	0	0	0	0	0	0	0	0	0	0	0	0	0	0	0	0	0	0
10000	5.2275	0.001	0.04	1	1	0.49305	0.58393	0.22971	2.8719	20	0.58393	0.22971	2.8719	20	0.58393	0.22971	2.8719	20	0.58393	0.22971	2.8719	20	0	0.8759	0.34456	4.3078	30	0.8759	0.34456	4.3078	30	0.8759	0.34456	4.3078	30	0.8759	0.34456	4.3078	30	0	0	0	0	0	0	0	0	0	0	0	0	0	0	0	0	0	0
10000	3.0002	0.005104	0.039739	1	1	0.78843	0.81156	0.29149	3.3109	11.563	0.81156	0.29149	3.3109	11.563	0.81156	0.29149	3.3109	11.563	0.81156	0.29149	3.3109	11.563	0	0.76679	0.27541	3.1283	10.925	0.76679	0.27541	3.1283	10.925	0.76679	0.27541	3.1283	10.925	0.76679	0.27541	3.1283	10.925	0	0	0	0	0	0	0	0	0	0	0	0	0	0	0	0	0	0
10000	10	0.001	0.019283	1	1	0.78685	0.81755	0.53069	4.8547	5.1698	0.81755	0.53069	4.8547	5.1698	0.81755	0.53069	4.8547	5.1698	0.81755	0.53069	4.8547	5.1698	0	0.92301	0.59915	5.481	5.8367	0.92301	0.59915	5.481	5.8367	0.92301	0.59915	5.481	5.8367	0.92301	0.59915	5.481	5.8367	0	0	0	0	0	0	0	0	0	0	0	0	0	0	0	0	0	0
10000	6.9183	0.001	0.040031	1	1	0.4893	1.2412	0.30843	2.5922	14.996	1.2412	0.30843	2.5922	14.996	1.2412	0.30843	2.5922	14.996	1.2412	0.30843	2.5922	14.996	0	0.87947	0.21854	1.8368	10.626	0.87947	0.21854	1.8368	10.626	0.87947	0.21854	1.8368	10.626	0.87947	0.21854	1.8368	10.626	0	0	0	0	0	0	0	0	0	0	0	0	0	0	0	0	0	0
10000	8.4478	0.0036907	0.01	1	1	0.68185	0.8	0.4	2.5	15	0.8	0.4	2.5	15	0.8	0.4	2.5	15	0.8	0.4	2.5	15	0	0.8	0.4	2.5	15	0.8	0.4	2.5	15	0.8	0.4	2.5	15	0.8	0.4	2.5	15	0	0	0	0	0	0	0	0	0	0	0	0	0	0	0	0	0	0
10000	5.0848	0.0094824	0.020387	1	1	0.77486	0.65439	0.28184	3.7541	14.777	0.65439	0.28184	3.7541	14.777	0.65439	0.28184	3.7541	14.777	0.65439	0.28184	3.7541	14.777	0	0.6707	0.28887	3.8476	15.145	0.6707	0.28887	3.8476	15.145	0.6707	0.28887	3.8476	15.145	0.6707	0.28887	3.8476	15.145	0	0	0	0	0	0	0	0	0	0	0	0	0	0	0	0	0	0
10000	10	0.0038217	0.018054	1	1	0.7924	0.68847	0.31302	2.5351	14.84	0.68847	0.31302	2.5351	14.84	0.68847	0.31302	2.5351	14.84	0.68847	0.31302	2.5351	14.84	0	0.66694	0.30323	2.4558	14.376	0.66694	0.30323	2.4558	14.376	0.66694	0.30323	2.4558	14.376	0.66694	0.30323	2.4558	14.376	0	0	0	0	0	0	0	0	0	0	0	0	0	0	0	0	0	0
10000	5.0232	0.005	0.019444	1	1	0.8	1	0.6	5	8.4576	1	0.6	5	8.4576	1	0.6	5	8.4576	1	0.6	5	8.4576	0	0.73186	0.43912	3.6593	6.1898	0.73186	0.43912	3.6593	6.1898	0.73186	0.43912	3.6593	6.1898	0.73186	0.43912	3.6593	6.1898	0	0	0	0	0	0	0	0	0	0	0	0	0	0	0	0	0	0
10000	0.1	0.010833	0.02	1	1	0.4	1.02	0.5	2.5	20	1.02	0.5	2.5	20	1.02	0.5	2.5	20	1.02	0.5	2.5	20	0	0.25499	0.125	0.625	5	0.25499	0.125	0.625	5	0.25499	0.125	0.625	5	0.25499	0.125	0.625	5	0	0	0	0	0	0	0	0	0	0	0	0	0	0	0	0	0	0
10000	7	0.01	0.02	1	1	0.71744	0.8	0.3	3.5	15	0.8	0.3	3.5	15	0.8	0.3	3.5	15	0.8	0.3	3.5	15	0	0.73881	0.27705	3.2323	13.853	0.73881	0.27705	3.2323	13.853	0.73881	0.27705	3.2323	13.853	0.73881	0.27705	3.2323	13.853	0	0	0	0	0	0	0	0	0	0	0	0	0	0	0	0	0	0
10000	2.6464	0.0050688	0.020459	1	1	0.67002	0.63665	0.42124	2.4827	6.9499	0.63665	0.42124	2.4827	6.9499	0.63665	0.42124	2.4827	6.9499	0.63665	0.42124	2.4827	6.9499	0	0.62046	0.41053	2.4196	6.7732	0.62046	0.41053	2.4196	6.7732	0.62046	0.41053	2.4196	6.7732	0.62046	0.41053	2.4196	6.7732	0	0	0	0	0	0	0	0	0	0	0	0	0	0	0	0	0	0
10000	0.1	0.010273	0.020474	1	1	0.48575	0.91025	0.40813	3.2244	14.02	0.91025	0.40813	3.2244	14.02	0.91025	0.40813	3.2244	14.02	0.91025	0.40813	3.2244	14.02	0	0.43571	0.19536	1.5434	6.711	0.43571	0.19536	1.5434	6.711	0.43571	0.19536	1.5434	6.711	0.43571	0.19536	1.5434	6.711	0	0	0	0	0	0	0	0	0	0	0	0	0	0	0	0	0	0
10000	1.2053	0.001	0.01	1	1	0.11693	1.1111	0.3	2.5	20	1.1111	0.3	2.5	20	1.1111	0.3	2.5	20	1.1111	0.3	2.5	20	0	0.42286	0.11417	0.95144	7.6115	0.42286	0.11417	0.95144	7.6115	0.42286	0.11417	0.95144	7.6115	0.42286	0.11417	0.95144	7.6115	0	0	0	0	0	0	0	0	0	0	0	0	0	0	0	0	0	0
10000	7.9618	0.010709	0.010092	1	1	0.32443	0.60248	0.24578	2.0835	11.963	0.60248	0.24578	2.0835	11.963	0.60248	0.24578	2.0835	11.963	0.60248	0.24578	2.0835	11.963	0	0.54879	0.22388	1.8979	10.897	0.54879	0.22388	1.8979	10.897	0.54879	0.22388	1.8979	10.897	0.54879	0.22388	1.8979	10.897	0	0	0	0	0	0	0	0	0	0	0	0	0	0	0	0	0	0
10000	0.1	1	0.02	1	1	0.25792	1	0.39748	2.7778	30	1	0.39748	2.7778	30	1	0.39748	2.7778	30	1	0.39748	2.7778	30	0	0.25	0.09937	0.69444	7.5	0.25	0.09937	0.69444	7.5	0.25	0.09937	0.69444	7.5	0.25	0.09937	0.69444	7.5	0	0	0	0	0	0	0	0	0	0	0	0	0	0	0	0	0	0
10000	0.1	0.02	0.022102	1	1	0.4	0.8	0.48515	2.5	15	0.8	0.48515	2.5	15	0.8	0.48515	2.5	15	0.8	0.48515	2.5	15	0	0.30307	0.1838	0.94711	5.6827	0.30307	0.1838	0.94711	5.6827	0.30307	0.1838	0.94711	5.6827	0.30307	0.1838	0.94711	5.6827	0	0	0	0	0	0	0	0	0	0	0	0	0	0	0	0	0	0
10000	5.8902	0.013667	0.06	1	1	0.17312	1	0.4	2.5	9.0869	1	0.4	2.5	9.0869	1	0.4	2.5	9.0869	1	0.4	2.5	9.0869	0	0.25	0.1	0.625	2.2717	0.25	0.1	0.625	2.2717	0.25	0.1	0.625	2.2717	0.25	0.1	0.625	2.2717	0	0	0	0	0	0	0	0	0	0	0	0	0	0	0	0	0	0
10000	0.1	0.034056	0.05797	1	1	0.38308	0.99771	0.4568	3.0226	22.999	0.99771	0.4568	3.0226	22.999	0.99771	0.4568	3.0226	22.999	0.99771	0.4568	3.0226	22.999	0	0.38973	0.17844	1.1807	8.9839	0.38973	0.17844	1.1807	8.9839	0.38973	0.17844	1.1807	8.9839	0.38973	0.17844	1.1807	8.9839	0	0	0	0	0	0	0	0	0	0	0	0	0	0	0	0	0	0
10000	8.8422	0.012997	0.030307	1	1	0.046374	0.17583	0.29467	3.5534	14.929	0.17583	0.29467	3.5534	14.929	0.17583	0.29467	3.5534	14.929	0.17583	0.29467	3.5534	14.929	0	0.14283	0.23937	2.8865	12.127	0.14283	0.23937	2.8865	12.127	0.14283	0.23937	2.8865	12.127	0.14283	0.23937	2.8865	12.127	0	0	0	0	0	0	0	0	0	0	0	0	0	0	0	0	0	0
10000	10	0.0027439	0.013875	1	1	0.32848	0.59689	0	3.2055	18.225	0.59689	0	3.2055	18.225	0.59689	0	3.2055	18.225	0.59689	0	3.2055	18.225	0	0.38635	0	2.0748	11.797	0.38635	0	2.0748	11.797	0.38635	0	2.0748	11.797	0.38635	0	2.0748	11.797	0	0	0	0	0	0	0	0	0	0	0	0	0	0	0	0	0	0
10000	2.0288	0.018965	0.019164	1	1	-0.18073	0.62513	0.62373	4.2049	11.016	0.62513	0.62373	4.2049	11.016	0.62513	0.62373	4.2049	11.016	0.62513	0.62373	4.2049	11.016	0	0.35271	0.35192	2.3725	6.2152	0.35271	0.35192	2.3725	6.2152	0.35271	0.35192	2.3725	6.2152	0.35271	0.35192	2.3725	6.2152	0	0	0	0	0	0	0	0	0	0	0	0	0	0	0	0	0	0
10000	3.709	0.012222	0.03	1	1	0.4214	1	0.29026	3.5185	15	1	0.29026	3.5185	15	1	0.29026	3.5185	15	1	0.29026	3.5185	15	0	0.88192	0.25598	3.1031	13.229	0.88192	0.25598	3.1031	13.229	0.88192	0.25598	3.1031	13.229	0.88192	0.25598	3.1031	13.229	0	0	0	0	0	0	0	0	0	0	0	0	0	0	0	0	0	0
10000	6.025	0.010623	0.01	1	1	0.40737	0.62964	0.48797	3.2634	18.68	0.62964	0.48797	3.2634	18.68	0.62964	0.48797	3.2634	18.68	0.62964	0.48797	3.2634	18.68	0	0.42126	0.32648	2.1834	12.498	0.42126	0.32648	2.1834	12.498	0.42126	0.32648	2.1834	12.498	0.42126	0.32648	2.1834	12.498	0	0	0	0	0	0	0	0	0	0	0	0	0	0	0	0	0	0
10000	7.1815	0.022488	0.041707	1	1	0.022252	0.90216	0.29981	2.5005	30.002	0.90216	0.29981	2.5005	30.002	0.90216	0.29981	2.5005	30.002	0.90216	0.29981	2.5005	30.002	0	0.22554	0.074954	0.62512	7.5006	0.22554	0.074954	0.62512	7.5006	0.22554	0.074954	0.62512	7.5006	0.22554	0.074954	0.62512	7.5006	0	0	0	0	0	0	0	0	0	0	0	0	0	0	0	0	0	0
10000	10	0.02	0.021775	1	1	-0.20202	1.479	0.4	2.5	10	1.479	0.4	2.5	10	1.479	0.4	2.5	10	1.479	0.4	2.5	10	0	0.36976	0.1	0.625	2.5	0.36976	0.1	0.625	2.5	0.36976	0.1	0.625	2.5	0.36976	0.1	0.625	2.5	0	0	0	0	0	0	0	0	0	0	0	0	0	0	0	0	0	0
10000	7.3085	0.02775	0.02	1	1	-0.095014	0.8	0.39383	2.5	15	0.8	0.39383	2.5	15	0.8	0.39383	2.5	15	0.8	0.39383	2.5	15	0	0.28794	0.14175	0.89981	5.3989	0.28794	0.14175	0.89981	5.3989	0.28794	0.14175	0.89981	5.3989	0.28794	0.14175	0.89981	5.3989	0	0	0	0	0	0	0	0	0	0	0	0	0	0	0	0	0	0
10000	0.1	0.027056	0.02	1	1	0.092446	0.79739	0.4976	3.3277	14.974	0.79739	0.4976	3.3277	14.974	0.79739	0.4976	3.3277	14.974	0.79739	0.4976	3.3277	14.974	0	0.36654	0.22873	1.5297	6.8833	0.36654	0.22873	1.5297	6.8833	0.36654	0.22873	1.5297	6.8833	0.36654	0.22873	1.5297	6.8833	0	0	0	0	0	0	0	0	0	0	0	0	0	0	0	0	0	0
10000	9.9999	0.013776	0.01	1	1	0.39699	0.80386	0.002149	2.4925	15.034	0.80386	0.002149	2.4925	15.034	0.80386	0.002149	2.4925	15.034	0.80386	0.002149	2.4925	15.034	0	0.20097	0.00053725	0.62312	3.7586	0.20097	0.00053725	0.62312	3.7586	0.20097	0.00053725	0.62312	3.7586	0.20097	0.00053725	0.62312	3.7586	0	0	0	0	0	0	0	0	0	0	0	0	0	0	0	0	0	0
10000	10	0.019276	0.02	1	1	0.8	1	0.3	3.3334	15	1	0.3	3.3334	15	1	0.3	3.3334	15	1	0.3	3.3334	15	0	1	0.3	3.3334	15	1	0.3	3.3334	15	1	0.3	3.3334	15	1	0.3	3.3334	15	0	0	0	0	0	0	0	0	0	0	0	0	0	0	0	0	0	0
10000	6.8764	0.001	0.033756	1	1	0.11473	1	0.3	2.5	15	1	0.3	2.5	15	1	0.3	2.5	15	1	0.3	2.5	15	0	0.25	0.075	0.625	3.75	0.25	0.075	0.625	3.75	0.25	0.075	0.625	3.75	0.25	0.075	0.625	3.75	0	0	0	0	0	0	0	0	0	0	0	0	0	0	0	0	0	0
10000	5	0.0042012	0.02	1	1	-0.19079	1.3333	0.6	2.5	15	1.3333	0.6	2.5	15	1.3333	0.6	2.5	15	1.3333	0.6	2.5	15	0	0.33333	0.15	0.625	3.75	0.33333	0.15	0.625	3.75	0.33333	0.15	0.625	3.75	0.33333	0.15	0.625	3.75	0	0	0	0	0	0	0	0	0	0	0	0	0	0	0	0	0	0
10000	5.9282	0.0075555	0.023035	1	1	0.35769	0.93008	0.32347	2.7656	18.407	0.93008	0.32347	2.7656	18.407	0.93008	0.32347	2.7656	18.407	0.93008	0.32347	2.7656	18.407	0	1.3137	0.4569	3.9063	25.999	1.3137	0.4569	3.9063	25.999	1.3137	0.4569	3.9063	25.999	1.3137	0.4569	3.9063	25.999	0	0	0	0	0	0	0	0	0	0	0	0	0	0	0	0	0	0
10000	9.6667	0.012205	0.01	1	1	0.23899	0.6146	0.3	2.7778	15	0.6146	0.3	2.7778	15	0.6146	0.3	2.7778	15	0.6146	0.3	2.7778	15	0	1.0677	0.52117	4.8256	26.058	1.0677	0.52117	4.8256	26.058	1.0677	0.52117	4.8256	26.058	1.0677	0.52117	4.8256	26.058	0	0	0	0	0	0	0	0	0	0	0	0	0	0	0	0	0	0
10000	3.1403	0.001	0.14323	1	1	0.084727	0.92806	0.25324	3.2074	15.576	0.92806	0.25324	3.2074	15.576	0.92806	0.25324	3.2074	15.576	0.92806	0.25324	3.2074	15.576	0	0.23201	0.063309	0.80185	3.8939	0.23201	0.063309	0.80185	3.8939	0.23201	0.063309	0.80185	3.8939	0.23201	0.063309	0.80185	3.8939	0	0	0	0	0	0	0	0	0	0	0	0	0	0	0	0	0	0
10000	2.6298	0.0050964	0.020026	1	1	0.60632	0.79036	0.46554	2.7966	13.644	0.79036	0.46554	2.7966	13.644	0.79036	0.46554	2.7966	13.644	0.79036	0.46554	2.7966	13.644	0	0.50422	0.29699	1.7841	8.7044	0.50422	0.29699	1.7841	8.7044	0.50422	0.29699	1.7841	8.7044	0.50422	0.29699	1.7841	8.7044	0	0	0	0	0	0	0	0	0	0	0	0	0	0	0	0	0	0
10000	4.4045	0.001	0.024856	1	1	0.47924	1.2065	1.0877	2.5865	30.935	1.2065	1.0877	2.5865	30.935	1.2065	1.0877	2.5865	30.935	1.2065	1.0877	2.5865	30.935	0	0.58429	0.52676	1.2526	14.982	0.58429	0.52676	1.2526	14.982	0.58429	0.52676	1.2526	14.982	0.58429	0.52676	1.2526	14.982	0	0	0	0	0	0	0	0	0	0	0	0	0	0	0	0	0	0
10000	10	0.0053049	0.02	1	1	0.70759	1	0.5	2.5	20	1	0.5	2.5	20	1	0.5	2.5	20	1	0.5	2.5	20	0	0.41667	0.20833	1.0417	8.3333	0.41667	0.20833	1.0417	8.3333	0.41667	0.20833	1.0417	8.3333	0.41667	0.20833	1.0417	8.3333	0	0	0	0	0	0	0	0	0	0	0	0	0	0	0	0	0	0
10000	0.1	0.019965	0.029909	1	1	0.40951	1.0671	0.50171	3.3358	19.566	1.0671	0.50171	3.3358	19.566	1.0671	0.50171	3.3358	19.566	1.0671	0.50171	3.3358	19.566	0	0.44088	0.20728	1.3782	8.0837	0.44088	0.20728	1.3782	8.0837	0.44088	0.20728	1.3782	8.0837	0.44088	0.20728	1.3782	8.0837	0	0	0	0	0	0	0	0	0	0	0	0	0	0	0	0	0	0
10000	5.85	0.01	0.017614	1	1	0.34217	1.1448	0.38946	1.6803	15	1.1448	0.38946	1.6803	15	1.1448	0.38946	1.6803	15	1.1448	0.38946	1.6803	15	0	0.2862	0.097364	0.42007	3.75	0.2862	0.097364	0.42007	3.75	0.2862	0.097364	0.42007	3.75	0.2862	0.097364	0.42007	3.75	0	0	0	0	0	0	0	0	0	0	0	0	0	0	0	0	0	0
10000	3.2827	0.0080114	0.01	1	1	0.4236	1.0298	0.28097	2.0952	7.4872	1.0298	0.28097	2.0952	7.4872	1.0298	0.28097	2.0952	7.4872	1.0298	0.28097	2.0952	7.4872	0	0.25744	0.070242	0.52379	1.8718	0.25744	0.070242	0.52379	1.8718	0.25744	0.070242	0.52379	1.8718	0.25744	0.070242	0.52379	1.8718	0	0	0	0	0	0	0	0	0	0	0	0	0	0	0	0	0	0
10000	3.5248	0.018999	0.030002	1	1	0.43881	0.41083	0.625	4.6252	11.001	0.41083	0.625	4.6252	11.001	0.41083	0.625	4.6252	11.001	0.41083	0.625	4.6252	11.001	0	0.10271	0.15625	1.1563	2.7502	0.10271	0.15625	1.1563	2.7502	0.10271	0.15625	1.1563	2.7502	0.10271	0.15625	1.1563	2.7502	0	0	0	0	0	0	0	0	0	0	0	0	0	0	0	0	0	0
10000	9.9999	0.010632	0.03	1	1	0.37252	1.4446	0.3	2.2899	15	1.4446	0.3	2.2899	15	1.4446	0.3	2.2899	15	1.4446	0.3	2.2899	15	0	0.36115	0.075	0.57248	3.75	0.36115	0.075	0.57248	3.75	0.36115	0.075	0.57248	3.75	0.36115	0.075	0.57248	3.75	0	0	0	0	0	0	0	0	0	0	0	0	0	0	0	0	0	0
10000	4.1834	0.0105	0.02	1	1	0.37554	0.41387	0.3	2.5	20	0.41387	0.3	2.5	20	0.41387	0.3	2.5	20	0.41387	0.3	2.5	20	0	0.27688	0.2007	1.6725	13.38	0.27688	0.2007	1.6725	13.38	0.27688	0.2007	1.6725	13.38	0.27688	0.2007	1.6725	13.38	0	0	0	0	0	0	0	0	0	0	0	0	0	0	0	0	0	0
10000	1.55	0.002	0.015	1	1	0.4	0.82939	0	2.5	15	0.82939	0	2.5	15	0.82939	0	2.5	15	0.82939	0	2.5	15	0	0.20735	0	0.62501	3.75	0.20735	0	0.62501	3.75	0.20735	0	0.62501	3.75	0.20735	0	0.62501	3.75	0	0	0	0	0	0	0	0	0	0	0	0	0	0	0	0	0	0
10000	1.2387	0.005	0.02	1	1	0.4	0.8	0.3	2.5	10	0.8	0.3	2.5	10	0.8	0.3	2.5	10	0.8	0.3	2.5	10	0	0.4	0.15	1.25	5	0.4	0.15	1.25	5	0.4	0.15	1.25	5	0.4	0.15	1.25	5	0	0	0	0	0	0	0	0	0	0	0	0	0	0	0	0	0	0
10000	2.3715	0.0057646	0.013333	1	1	0.19412	1.1129	0.1375	2.9375	8.625	1.1129	0.1375	2.9375	8.625	1.1129	0.1375	2.9375	8.625	1.1129	0.1375	2.9375	8.625	0	0.37096	0.045833	0.97917	2.875	0.37096	0.045833	0.97917	2.875	0.37096	0.045833	0.97917	2.875	0.37096	0.045833	0.97917	2.875	0	0	0	0	0	0	0	0	0	0	0	0	0	0	0	0	0	0
10000	3.6345	0.01121	0.020927	1	1	0.40006	0.80008	0.33328	2.6253	14.277	0.80008	0.33328	2.6253	14.277	0.80008	0.33328	2.6253	14.277	0.80008	0.33328	2.6253	14.277	0	0.20002	0.083319	0.65633	3.5692	0.20002	0.083319	0.65633	3.5692	0.20002	0.083319	0.65633	3.5692	0.20002	0.083319	0.65633	3.5692	0	0	0	0	0	0	0	0	0	0	0	0	0	0	0	0	0	0
10000	8.1111	0.010808	0.022856	1	1	0.35684	0.94352	0.10175	2.4446	15.6	0.94352	0.10175	2.4446	15.6	0.94352	0.10175	2.4446	15.6	0.94352	0.10175	2.4446	15.6	0	0.48775	0.052601	1.2637	8.0646	0.48775	0.052601	1.2637	8.0646	0.48775	0.052601	1.2637	8.0646	0.48775	0.052601	1.2637	8.0646	0	0	0	0	0	0	0	0	0	0	0	0	0	0	0	0	0	0
10000	4.8628	0.64439	0.02	1	1	0.58025	1	0.3	2.5	15	1	0.3	2.5	15	1	0.3	2.5	15	1	0.3	2.5	15	0	1	0.3	2.5	15	1	0.3	2.5	15	1	0.3	2.5	15	1	0.3	2.5	15	0	0	0	0	0	0	0	0	0	0	0	0	0	0	0	0	0	0
10000	1.1102	0.01224	0.023333	1	1	-0.56287	1	0.3	2.5	15	1	0.3	2.5	15	1	0.3	2.5	15	1	0.3	2.5	15	0	1	0.3	2.5	15	1	0.3	2.5	15	1	0.3	2.5	15	1	0.3	2.5	15	0	0	0	0	0	0	0	0	0	0	0	0	0	0	0	0	0	0
10000	1.551	0.01	0.14817	1	1	0.3491	1	0.3	2.5	8.7986	1	0.3	2.5	8.7986	1	0.3	2.5	8.7986	1	0.3	2.5	8.7986	0	1	0.3	2.5	8.7986	1	0.3	2.5	8.7986	1	0.3	2.5	8.7986	1	0.3	2.5	8.7986	0	0	0	0	0	0	0	0	0	0	0	0	0	0	0	0	0	0
10000	1.0698	0.04022	0.01	1	1	0.40198	0.99718	0.29816	2.5049	19.977	0.99718	0.29816	2.5049	19.977	0.99718	0.29816	2.5049	19.977	0.99718	0.29816	2.5049	19.977	0	0.99964	0.2989	2.5111	20.027	0.99964	0.2989	2.5111	20.027	0.99964	0.2989	2.5111	20.027	0.99964	0.2989	2.5111	20.027	0	0	0	0	0	0	0	0	0	0	0	0	0	0	0	0	0	0
10000	2.0038	0.02014	0.01	1	1	-0.26233	1.0163	0.10908	2.5905	180.35	1.0163	0.10908	2.5905	180.35	1.0163	0.10908	2.5905	180.35	1.0163	0.10908	2.5905	180.35	0	0.48012	0.05153	1.2238	85.198	0.48012	0.05153	1.2238	85.198	0.48012	0.05153	1.2238	85.198	0.48012	0.05153	1.2238	85.198	0	0	0	0	0	0	0	0	0	0	0	0	0	0	0	0	0	0
10000	9.7688	0.019717	0.020037	1	1	0.23427	0.77222	0.61729	2.4968	-24.027	0.77222	0.61729	2.4968	-24.027	0.77222	0.61729	2.4968	-24.027	0.77222	0.61729	2.4968	-24.027	0	0.19306	0.15432	0.62419	-6.0068	0.19306	0.15432	0.62419	-6.0068	0.19306	0.15432	0.62419	-6.0068	0.19306	0.15432	0.62419	-6.0068	0	0	0	0	0	0	0	0	0	0	0	0	0	0	0	0	0	0
10000	7	0.02	0.02	1	1	0.8	0.91207	0.43334	2.5	11.49	0.91207	0.43334	2.5	11.49	0.91207	0.43334	2.5	11.49	0.91207	0.43334	2.5	11.49	0	0.43776	0.20799	1.1999	5.5147	0.43776	0.20799	1.1999	5.5147	0.43776	0.20799	1.1999	5.5147	0.43776	0.20799	1.1999	5.5147	0	0	0	0	0	0	0	0	0	0	0	0	0	0	0	0	0	0
10000	6.4844	0.34162	0.040005	1	1	0.48672	0.93329	0.26418	2.5001	20.001	0.93329	0.26418	2.5001	20.001	0.93329	0.26418	2.5001	20.001	0.93329	0.26418	2.5001	20.001	0	0.93324	0.26416	2.5	20	0.93324	0.26416	2.5	20	0.93324	0.26416	2.5	20	0.93324	0.26416	2.5	20	0	0	0	0	0	0	0	0	0	0	0	0	0	0	0	0	0	0
10000	8	0.02	0.04	1	1	0.4	0.8	0.264	2.5	15	0.8	0.264	2.5	15	0.8	0.264	2.5	15	0.8	0.264	2.5	15	0	0.4	0.132	1.25	7.5	0.4	0.132	1.25	7.5	0.4	0.132	1.25	7.5	0.4	0.132	1.25	7.5	0	0	0	0	0	0	0	0	0	0	0	0	0	0	0	0	0	0
10000	1.195	0.025822	0.06	1	1	0.44307	0.8	0.3	2.0462	8.7183	0.8	0.3	2.0462	8.7183	0.8	0.3	2.0462	8.7183	0.8	0.3	2.0462	8.7183	0	0.4	0.15	1.0231	4.3592	0.4	0.15	1.0231	4.3592	0.4	0.15	1.0231	4.3592	0.4	0.15	1.0231	4.3592	0	0	0	0	0	0	0	0	0	0	0	0	0	0	0	0	0	0
10000	1.5548	0.01623	0.024641	1	1	0.79367	0.8	0.33333	2.5	6.3145	0.8	0.33333	2.5	6.3145	0.8	0.33333	2.5	6.3145	0.8	0.33333	2.5	6.3145	0	0.38889	0.16204	1.2153	3.0695	0.38889	0.16204	1.2153	3.0695	0.38889	0.16204	1.2153	3.0695	0.38889	0.16204	1.2153	3.0695	0	0	0	0	0	0	0	0	0	0	0	0	0	0	0	0	0	0
10000	5.2535	0.01	0.02	1	1	0.8	0.80156	0.4	2.5	2.5	0.80156	0.4	2.5	2.5	0.80156	0.4	2.5	2.5	0.80156	0.4	2.5	2.5	0	0.80156	0.4	2.5	2.5	0.80156	0.4	2.5	2.5	0.80156	0.4	2.5	2.5	0.80156	0.4	2.5	2.5	0	0	0	0	0	0	0	0	0	0	0	0	0	0	0	0	0	0
10000	4.5811	0.019829	0.013677	1	1	0.60441	0.79498	0.32016	1.9468	17.529	0.79498	0.32016	1.9468	17.529	0.79498	0.32016	1.9468	17.529	0.79498	0.32016	1.9468	17.529	0	0.5751	0.23161	1.4083	12.681	0.5751	0.23161	1.4083	12.681	0.5751	0.23161	1.4083	12.681	0.5751	0.23161	1.4083	12.681	0	0	0	0	0	0	0	0	0	0	0	0	0	0	0	0	0	0
10000	2.0597	0.026741	0.011263	1	1	1.0887	0.79596	0.3513	2.6916	14.971	0.79596	0.3513	2.6916	14.971	0.79596	0.3513	2.6916	14.971	0.79596	0.3513	2.6916	14.971	0	0.19899	0.087826	0.6729	3.7426	0.19899	0.087826	0.6729	3.7426	0.19899	0.087826	0.6729	3.7426	0.19899	0.087826	0.6729	3.7426	0	0	0	0	0	0	0	0	0	0	0	0	0	0	0	0	0	0
10000	3.6239	0.018519	0.06	1	1	1	0.60208	0.43333	2.5	15	0.60208	0.43333	2.5	15	0.60208	0.43333	2.5	15	0.60208	0.43333	2.5	15	0	0.55733	0.40112	2.3142	13.885	0.55733	0.40112	2.3142	13.885	0.55733	0.40112	2.3142	13.885	0.55733	0.40112	2.3142	13.885	0	0	0	0	0	0	0	0	0	0	0	0	0	0	0	0	0	0
10000	4.4555	0.01	0.031222	1	1	0.649	0.59913	0.21667	2.5	5.6329	0.59913	0.21667	2.5	5.6329	0.59913	0.21667	2.5	5.6329	0.59913	0.21667	2.5	5.6329	0	0.63241	0.2287	2.6389	5.9458	0.63241	0.2287	2.6389	5.9458	0.63241	0.2287	2.6389	5.9458	0.63241	0.2287	2.6389	5.9458	0	0	0	0	0	0	0	0	0	0	0	0	0	0	0	0	0	0
10000	5.0004	0.020006	0.030006	1	1	0.80013	0.99985	0.50011	2.5002	0.49371	0.99985	0.50011	2.5002	0.49371	0.99985	0.50011	2.5002	0.49371	0.99985	0.50011	2.5002	0.49371	0	0.99998	0.50017	2.5006	0.49377	0.99998	0.50017	2.5006	0.49377	0.99998	0.50017	2.5006	0.49377	0.99998	0.50017	2.5006	0.49377	0	0	0	0	0	0	0	0	0	0	0	0	0	0	0	0	0	0
10000	7.163	0.0055	0.14261	1	1	0.78078	0.65374	0.33333	2.313	15	0.65374	0.33333	2.313	15	0.65374	0.33333	2.313	15	0.65374	0.33333	2.313	15	0	0.49616	0.25298	1.7555	11.384	0.49616	0.25298	1.7555	11.384	0.49616	0.25298	1.7555	11.384	0.49616	0.25298	1.7555	11.384	0	0	0	0	0	0	0	0	0	0	0	0	0	0	0	0	0	0
10000	3	0.02	0.01	1	1	0.32608	0.86571	0.18166	2.5	3.2637	0.86571	0.18166	2.5	3.2637	0.86571	0.18166	2.5	3.2637	0.86571	0.18166	2.5	3.2637	0	0.29546	0.062	0.85324	1.1139	0.29546	0.062	0.85324	1.1139	0.29546	0.062	0.85324	1.1139	0.29546	0.062	0.85324	1.1139	0	0	0	0	0	0	0	0	0	0	0	0	0	0	0	0	0	0
10000	10	0.011146	0.038345	1	1	0.81019	0.72123	0.55122	2.9934	-6.8592	0.72123	0.55122	2.9934	-6.8592	0.72123	0.55122	2.9934	-6.8592	0.72123	0.55122	2.9934	-6.8592	0	0.54186	0.41413	2.2489	-5.1533	0.54186	0.41413	2.2489	-5.1533	0.54186	0.41413	2.2489	-5.1533	0.54186	0.41413	2.2489	-5.1533	0	0	0	0	0	0	0	0	0	0	0	0	0	0	0	0	0	0
10000	0.56712	0.10703	0.020382	1	1	0.41338	0.74549	0.50589	2.4665	8.99	0.74549	0.50589	2.4665	8.99	0.74549	0.50589	2.4665	8.99	0.74549	0.50589	2.4665	8.99	0	0.20834	0.14138	0.68933	2.5124	0.20834	0.14138	0.68933	2.5124	0.20834	0.14138	0.68933	2.5124	0.20834	0.14138	0.68933	2.5124	0	0	0	0	0	0	0	0	0	0	0	0	0	0	0	0	0	0
10000	9.5131	0.01065	0.024026	1	1	0.30987	0.83832	0.31461	2.4166	-7.2833	0.83832	0.31461	2.4166	-7.2833	0.83832	0.31461	2.4166	-7.2833	0.83832	0.31461	2.4166	-7.2833	0	0.59879	0.22471	1.7261	-5.2022	0.59879	0.22471	1.7261	-5.2022	0.59879	0.22471	1.7261	-5.2022	0.59879	0.22471	1.7261	-5.2022	0	0	0	0	0	0	0	0	0	0	0	0	0	0	0	0	0	0
10000	10	0.001	0.24285	1	1	0.65417	0.8	0.3	2.5	15	0.8	0.3	2.5	15	0.8	0.3	2.5	15	0.8	0.3	2.5	15	0	0.4	0.15	1.25	7.5	0.4	0.15	1.25	7.5	0.4	0.15	1.25	7.5	0.4	0.15	1.25	7.5	0	0	0	0	0	0	0	0	0	0	0	0	0	0	0	0	0	0
10000	7.8566	0.019298	0.020263	1	1	0.60518	0.63248	0.38195	2.5486	0.12361	0.63248	0.38195	2.5486	0.12361	0.63248	0.38195	2.5486	0.12361	0.63248	0.38195	2.5486	0.12361	0	0.6171	0.37266	2.4867	0.1206	0.6171	0.37266	2.4867	0.1206	0.6171	0.37266	2.4867	0.1206	0.6171	0.37266	2.4867	0.1206	0	0	0	0	0	0	0	0	0	0	0	0	0	0	0	0	0	0
10000	6.802	0.001	0.031673	1	1	0.59271	0.88418	0.50001	2.5002	9.9994	0.88418	0.50001	2.5002	9.9994	0.88418	0.50001	2.5002	9.9994	0.88418	0.50001	2.5002	9.9994	0	0.22104	0.125	0.62506	2.4999	0.22104	0.125	0.62506	2.4999	0.22104	0.125	0.62506	2.4999	0.22104	0.125	0.62506	2.4999	0	0	0	0	0	0	0	0	0	0	0	0	0	0	0	0	0	0
10000	6.4855	0.04752	0.02323	1	1	0.55061	0.97216	0.42881	2.1643	-9.6107	0.97216	0.42881	2.1643	-9.6107	0.97216	0.42881	2.1643	-9.6107	0.97216	0.42881	2.1643	-9.6107	0	0.41149	0.1815	0.91609	-4.068	0.41149	0.1815	0.91609	-4.068	0.41149	0.1815	0.91609	-4.068	0.41149	0.1815	0.91609	-4.068	0	0	0	0	0	0	0	0	0	0	0	0	0	0	0	0	0	0
10000	7.1015	0.011514	0.18972	1	1	0.8	1	0.4	2.5	-8.5346	1	0.4	2.5	-8.5346	1	0.4	2.5	-8.5346	1	0.4	2.5	-8.5346	0	1.1667	0.46667	2.9167	-9.957	1.1667	0.46667	2.9167	-9.957	1.1667	0.46667	2.9167	-9.957	1.1667	0.46667	2.9167	-9.957	0	0	0	0	0	0	0	0	0	0	0	0	0	0	0	0	0	0
10000	0.58161	0.12241	0.017934	1	1	1.1586	0.43242	0.55967	2.2965	3.3273	0.43242	0.55967	2.2965	3.3273	0.43242	0.55967	2.2965	3.3273	0.43242	0.55967	2.2965	3.3273	0	0.23683	0.30653	1.2578	1.8223	0.23683	0.30653	1.2578	1.8223	0.23683	0.30653	1.2578	1.8223	0.23683	0.30653	1.2578	1.8223	0	0	0	0	0	0	0	0	0	0	0	0	0	0	0	0	0	0
10000	2.3145	1	0.027031	1	1	0.64991	0.64846	0.5285	1.8848	2.2915	0.64846	0.5285	1.8848	2.2915	0.64846	0.5285	1.8848	2.2915	0.64846	0.5285	1.8848	2.2915	0	0.16212	0.13213	0.4712	0.57288	0.16212	0.13213	0.4712	0.57288	0.16212	0.13213	0.4712	0.57288	0.16212	0.13213	0.4712	0.57288	0	0	0	0	0	0	0	0	0	0	0	0	0	0	0	0	0	0
10000	4.4778	0.010887	0.35408	1	1	0.99074	0.64715	0.30684	2.5162	13.134	0.64715	0.30684	2.5162	13.134	0.64715	0.30684	2.5162	13.134	0.64715	0.30684	2.5162	13.134	0	0.65314	0.30968	2.5395	13.255	0.65314	0.30968	2.5395	13.255	0.65314	0.30968	2.5395	13.255	0.65314	0.30968	2.5395	13.255	0	0	0	0	0	0	0	0	0	0	0	0	0	0	0	0	0	0
10000	10	0.14556	0.021488	1	1	1.6	0.95441	0.3	2.3843	15	0.95441	0.3	2.3843	15	0.95441	0.3	2.3843	15	0.95441	0.3	2.3843	15	0	0.95441	0.3	2.3843	15	0.95441	0.3	2.3843	15	0.95441	0.3	2.3843	15	0.95441	0.3	2.3843	15	0	0	0	0	0	0	0	0	0	0	0	0	0	0	0	0	0	0
10000	9.3393	0.023917	0.10072	1	1	0.66285	0.44982	0.31281	2.508	14.962	0.44982	0.31281	2.508	14.962	0.44982	0.31281	2.508	14.962	0.44982	0.31281	2.508	14.962	0	0.44368	0.30854	2.4738	14.758	0.44368	0.30854	2.4738	14.758	0.44368	0.30854	2.4738	14.758	0.44368	0.30854	2.4738	14.758	0	0	0	0	0	0	0	0	0	0	0	0	0	0	0	0	0	0
10000	3.4465	0.013136	0.02	1	1	0.8	0.4407	0.3	1.0901	5.9609	0.4407	0.3	1.0901	5.9609	0.4407	0.3	1.0901	5.9609	0.4407	0.3	1.0901	5.9609	0	0.47502	0.32337	1.175	6.4252	0.47502	0.32337	1.175	6.4252	0.47502	0.32337	1.175	6.4252	0.47502	0.32337	1.175	6.4252	0	0	0	0	0	0	0	0	0	0	0	0	0	0	0	0	0	0
10000	0.1	0.001	0.022505	1	1	0.8	0.67549	0.4	1.569	7.1359	0.67549	0.4	1.569	7.1359	0.67549	0.4	1.569	7.1359	0.67549	0.4	1.569	7.1359	0	0.24937	0.14767	0.57923	2.6344	0.24937	0.14767	0.57923	2.6344	0.24937	0.14767	0.57923	2.6344	0.24937	0.14767	0.57923	2.6344	0	0	0	0	0	0	0	0	0	0	0	0	0	0	0	0	0	0
10000	10	0.01	0.24	1	1	1.0667	0.45184	0.5	2.5	15	0.45184	0.5	2.5	15	0.45184	0.5	2.5	15	0.45184	0.5	2.5	15	0	0.33888	0.375	1.875	11.25	0.33888	0.375	1.875	11.25	0.33888	0.375	1.875	11.25	0.33888	0.375	1.875	11.25	0	0	0	0	0	0	0	0	0	0	0	0	0	0	0	0	0	0
10000	8.0478	0.0023987	0.10809	1	1	0.79722	0.62233	0.12641	1.4961	-3.5791	0.62233	0.12641	1.4961	-3.5791	0.62233	0.12641	1.4961	-3.5791	0.62233	0.12641	1.4961	-3.5791	0	0.65812	0.13368	1.5822	-3.7849	0.65812	0.13368	1.5822	-3.7849	0.65812	0.13368	1.5822	-3.7849	0.65812	0.13368	1.5822	-3.7849	0	0	0	0	0	0	0	0	0	0	0	0	0	0	0	0	0	0
10000	6.425	0.019605	0.02	1	1	0.8	0.58317	0.3	1.5506	24.228	0.58317	0.3	1.5506	24.228	0.58317	0.3	1.5506	24.228	0.58317	0.3	1.5506	24.228	0	0.58317	0.3	1.5506	24.228	0.58317	0.3	1.5506	24.228	0.58317	0.3	1.5506	24.228	0.58317	0.3	1.5506	24.228	0	0	0	0	0	0	0	0	0	0	0	0	0	0	0	0	0	0
10000	8	0.0092982	0.25294	1	1	1.1256	0.8	0.3	2.4445	76.459	0.8	0.3	2.4445	76.459	0.8	0.3	2.4445	76.459	0.8	0.3	2.4445	76.459	0	0.84444	0.31667	2.5803	80.707	0.84444	0.31667	2.5803	80.707	0.84444	0.31667	2.5803	80.707	0.84444	0.31667	2.5803	80.707	0	0	0	0	0	0	0	0	0	0	0	0	0	0	0	0	0	0
10000	6.5286	0.018914	0.36068	1	1	1.2054	0.51464	0.071571	1.5604	19.978	0.51464	0.071571	1.5604	19.978	0.51464	0.071571	1.5604	19.978	0.51464	0.071571	1.5604	19.978	0	1.0355	0.144	3.1396	40.196	1.0355	0.144	3.1396	40.196	1.0355	0.144	3.1396	40.196	1.0355	0.144	3.1396	40.196	0	0	0	0	0	0	0	0	0	0	0	0	0	0	0	0	0	0
10000	3.7008	0.023445	0.20786	1	1	1.776	0.2558	-0.16422	1.0627	9.417	0.2558	-0.16422	1.0627	9.417	0.2558	-0.16422	1.0627	9.417	0.2558	-0.16422	1.0627	9.417	0	0.4111	-0.26392	1.7078	15.134	0.4111	-0.26392	1.7078	15.134	0.4111	-0.26392	1.7078	15.134	0.4111	-0.26392	1.7078	15.134	0	0	0	0	0	0	0	0	0	0	0	0	0	0	0	0	0	0
10000	5.123	0.01427	0.026564	1	1	0.52507	0.76601	0.16694	2.4499	15.229	0.76601	0.16694	2.4499	15.229	0.76601	0.16694	2.4499	15.229	0.76601	0.16694	2.4499	15.229	0	0.1915	0.041736	0.61248	3.8072	0.1915	0.041736	0.61248	3.8072	0.1915	0.041736	0.61248	3.8072	0.1915	0.041736	0.61248	3.8072	0	0	0	0	0	0	0	0	0	0	0	0	0	0	0	0	0	0
10000	7.0247	0.011667	0.023333	1	1	0.57672	1.3333	0.4463	2.5	15	1.3333	0.4463	2.5	15	1.3333	0.4463	2.5	15	1.3333	0.4463	2.5	15	0	0.33333	0.11158	0.625	3.75	0.33333	0.11158	0.625	3.75	0.33333	0.11158	0.625	3.75	0.33333	0.11158	0.625	3.75	0	0	0	0	0	0	0	0	0	0	0	0	0	0	0	0	0	0
10000	7	0.0055	0.03	1	1	0.75251	0.48124	0.3	2.5	13.333	0.48124	0.3	2.5	13.333	0.48124	0.3	2.5	13.333	0.48124	0.3	2.5	13.333	0	0.48124	0.3	2.5	13.333	0.48124	0.3	2.5	13.333	0.48124	0.3	2.5	13.333	0.48124	0.3	2.5	13.333	0	0	0	0	0	0	0	0	0	0	0	0	0	0	0	0	0	0
10000	5	0.005	0.041534	1	1	0.59767	0.8	0.3	2.5	15	0.8	0.3	2.5	15	0.8	0.3	2.5	15	0.8	0.3	2.5	15	0	0.8	0.3	2.5	15	0.8	0.3	2.5	15	0.8	0.3	2.5	15	0.8	0.3	2.5	15	0	0	0	0	0	0	0	0	0	0	0	0	0	0	0	0	0	0
10000	3	0.01	0.02742	1	1	0.58253	0.57593	0	2.5	30	0.57593	0	2.5	30	0.57593	0	2.5	30	0.57593	0	2.5	30	0	0.57593	0	2.5	30	0.57593	0	2.5	30	0.57593	0	2.5	30	0.57593	0	2.5	30	0	0	0	0	0	0	0	0	0	0	0	0	0	0	0	0	0	0
10000	4.6616	0.010057	0.016884	1	1	0.69999	0.66148	0.3807	2.4963	29.976	0.66148	0.3807	2.4963	29.976	0.66148	0.3807	2.4963	29.976	0.66148	0.3807	2.4963	29.976	0	0.65967	0.37967	2.4895	29.894	0.65967	0.37967	2.4895	29.894	0.65967	0.37967	2.4895	29.894	0.65967	0.37967	2.4895	29.894	0	0	0	0	0	0	0	0	0	0	0	0	0	0	0	0	0	0
10000	4.2952	0.001	0.020304	1	1	0.87501	-0.00048005	0.34599	2.3542	14.333	-0.00048005	0.34599	2.3542	14.333	-0.00048005	0.34599	2.3542	14.333	-0.00048005	0.34599	2.3542	14.333	0	-0.0003379	0.24353	1.6571	10.089	-0.0003379	0.24353	1.6571	10.089	-0.0003379	0.24353	1.6571	10.089	-0.0003379	0.24353	1.6571	10.089	0	0	0	0	0	0	0	0	0	0	0	0	0	0	0	0	0	0
10000	2.7562	0.013299	0.023855	1	1	0.57315	1.0642	0.5875	2.0625	13	1.0642	0.5875	2.0625	13	1.0642	0.5875	2.0625	13	1.0642	0.5875	2.0625	13	0	0.39907	0.22031	0.77344	4.875	0.39907	0.22031	0.77344	4.875	0.39907	0.22031	0.77344	4.875	0.39907	0.22031	0.77344	4.875	0	0	0	0	0	0	0	0	0	0	0	0	0	0	0	0	0	0
10000	5.1246	0.0099968	0.010834	1	1	0.79984	1.0002	0.30008	2.5336	139.99	1.0002	0.30008	2.5336	139.99	1.0002	0.30008	2.5336	139.99	1.0002	0.30008	2.5336	139.99	0	0.75027	0.2251	1.9005	105.01	0.75027	0.2251	1.9005	105.01	0.75027	0.2251	1.9005	105.01	0.75027	0.2251	1.9005	105.01	0	0	0	0	0	0	0	0	0	0	0	0	0	0	0	0	0	0
10000	6.4319	0.0049841	0.020017	1	1	0.67724	1.0033	0.89067	2.4943	15.026	1.0033	0.89067	2.4943	15.026	1.0033	0.89067	2.4943	15.026	1.0033	0.89067	2.4943	15.026	0	0.50023	0.44409	1.2437	7.492	0.50023	0.44409	1.2437	7.492	0.50023	0.44409	1.2437	7.492	0.50023	0.44409	1.2437	7.492	0	0	0	0	0	0	0	0	0	0	0	0	0	0	0	0	0	0
10000	4.1833	0.024314	0.02	1	1	0.73408	0.8	0.4	2.5	15	0.8	0.4	2.5	15	0.8	0.4	2.5	15	0.8	0.4	2.5	15	0	0.71914	0.35957	2.2473	13.484	0.71914	0.35957	2.2473	13.484	0.71914	0.35957	2.2473	13.484	0.71914	0.35957	2.2473	13.484	0	0	0	0	0	0	0	0	0	0	0	0	0	0	0	0	0	0
10000	10	0.005	0.086653	1	1	0.4	0.8	0.6	2.3204	8.5145	0.8	0.6	2.3204	8.5145	0.8	0.6	2.3204	8.5145	0.8	0.6	2.3204	8.5145	0	0.77832	0.58373	2.2575	8.2837	0.77832	0.58373	2.2575	8.2837	0.77832	0.58373	2.2575	8.2837	0.77832	0.58373	2.2575	8.2837	0	0	0	0	0	0	0	0	0	0	0	0	0	0	0	0	0	0
10000	0.1	0.013333	0.021169	1	1	0.41859	1	0.26658	3.4588	10.772	1	0.26658	3.4588	10.772	1	0.26658	3.4588	10.772	1	0.26658	3.4588	10.772	0	0.5	0.13329	1.7294	5.3862	0.5	0.13329	1.7294	5.3862	0.5	0.13329	1.7294	5.3862	0.5	0.13329	1.7294	5.3862	0	0	0	0	0	0	0	0	0	0	0	0	0	0	0	0	0	0
10000	6.8252	0.0095	0.02	1	1	0.72548	1	0.3	2.5	-1.7504	1	0.3	2.5	-1.7504	1	0.3	2.5	-1.7504	1	0.3	2.5	-1.7504	0	0.25	0.075	0.625	-0.43761	0.25	0.075	0.625	-0.43761	0.25	0.075	0.625	-0.43761	0.25	0.075	0.625	-0.43761	0	0	0	0	0	0	0	0	0	0	0	0	0	0	0	0	0	0
10000	0.86618	0.001	0.01	1	1	0.3438	0.89715	0.4397	2.6937	9.7805	0.89715	0.4397	2.6937	9.7805	0.89715	0.4397	2.6937	9.7805	0.89715	0.4397	2.6937	9.7805	0	0.43097	0.21122	1.294	4.6983	0.43097	0.21122	1.294	4.6983	0.43097	0.21122	1.294	4.6983	0.43097	0.21122	1.294	4.6983	0	0	0	0	0	0	0	0	0	0	0	0	0	0	0	0	0	0
10000	2.5167	0.0083091	0.02	1	1	0.8	1	0.3	2.5	17.27	1	0.3	2.5	17.27	1	0.3	2.5	17.27	1	0.3	2.5	17.27	0	1.0979	0.32936	2.7447	18.96	1.0979	0.32936	2.7447	18.96	1.0979	0.32936	2.7447	18.96	1.0979	0.32936	2.7447	18.96	0	0	0	0	0	0	0	0	0	0	0	0	0	0	0	0	0	0
10000	2.5167	0.001	0.01	1	1	0.8	0.8	0.39429	2.5	15	0.8	0.39429	2.5	15	0.8	0.39429	2.5	15	0.8	0.39429	2.5	15	0	0.93333	0.46	2.9167	17.5	0.93333	0.46	2.9167	17.5	0.93333	0.46	2.9167	17.5	0.93333	0.46	2.9167	17.5	0	0	0	0	0	0	0	0	0	0	0	0	0	0	0	0	0	0
10000	9.9999	0.001	0.024452	1	1	0.8	1	0.4	3.3333	15	1	0.4	3.3333	15	1	0.4	3.3333	15	1	0.4	3.3333	15	0	1	0.4	3.3333	15	1	0.4	3.3333	15	1	0.4	3.3333	15	1	0.4	3.3333	15	0	0	0	0	0	0	0	0	0	0	0	0	0	0	0	0	0	0
10000	0.1	0.005	0.02	1	1	0.8	1	0.3	3.3333	15	1	0.3	3.3333	15	1	0.3	3.3333	15	1	0.3	3.3333	15	0	0.5	0.15	1.6667	7.5	0.5	0.15	1.6667	7.5	0.5	0.15	1.6667	7.5	0.5	0.15	1.6667	7.5	0	0	0	0	0	0	0	0	0	0	0	0	0	0	0	0	0	0
10000	2.5676	0.0099033	0.030261	1	1	1.0184	1.1121	0.30425	2.5114	6.6769	1.1121	0.30425	2.5114	6.6769	1.1121	0.30425	2.5114	6.6769	1.1121	0.30425	2.5114	6.6769	0	1.2911	0.35322	2.9156	7.7515	1.2911	0.35322	2.9156	7.7515	1.2911	0.35322	2.9156	7.7515	1.2911	0.35322	2.9156	7.7515	0	0	0	0	0	0	0	0	0	0	0	0	0	0	0	0	0	0
10000	0.1	0.01327	0.015834	1	1	0.80938	0.95497	0.4975	2.7783	11.893	0.95497	0.4975	2.7783	11.893	0.95497	0.4975	2.7783	11.893	0.95497	0.4975	2.7783	11.893	0	0.45299	0.23599	1.3179	5.6416	0.45299	0.23599	1.3179	5.6416	0.45299	0.23599	1.3179	5.6416	0.45299	0.23599	1.3179	5.6416	0	0	0	0	0	0	0	0	0	0	0	0	0	0	0	0	0	0
10000	1.2268	0.001	0.01	1	1	0.84597	0.82948	0.38182	2.4612	15.177	0.82948	0.38182	2.4612	15.177	0.82948	0.38182	2.4612	15.177	0.82948	0.38182	2.4612	15.177	0	0.49534	0.22801	1.4698	9.0635	0.49534	0.22801	1.4698	9.0635	0.49534	0.22801	1.4698	9.0635	0.49534	0.22801	1.4698	9.0635	0	0	0	0	0	0	0	0	0	0	0	0	0	0	0	0	0	0
10000	0.93932	0.001	0.020005	1	1	0.7998	0.87855	0.30011	2.4996	15.002	0.87855	0.30011	2.4996	15.002	0.87855	0.30011	2.4996	15.002	0.87855	0.30011	2.4996	15.002	0	0.39167	0.13379	1.1144	6.6881	0.39167	0.13379	1.1144	6.6881	0.39167	0.13379	1.1144	6.6881	0.39167	0.13379	1.1144	6.6881	0	0	0	0	0	0	0	0	0	0	0	0	0	0	0	0	0	0
10000	2.4652	0.006964	0.064201	1	1	0.98546	1.1038	0.098129	2.4538	21.191	1.1038	0.098129	2.4538	21.191	1.1038	0.098129	2.4538	21.191	1.1038	0.098129	2.4538	21.191	0	0.56643	0.050359	1.2593	10.875	0.56643	0.050359	1.2593	10.875	0.56643	0.050359	1.2593	10.875	0.56643	0.050359	1.2593	10.875	0	0	0	0	0	0	0	0	0	0	0	0	0	0	0	0	0	0
10000	0.88599	0.001	0.01	1	1	0.84437	0.8	0.37417	2.5	15	0.8	0.37417	2.5	15	0.8	0.37417	2.5	15	0.8	0.37417	2.5	15	0	0.2	0.093543	0.625	3.75	0.2	0.093543	0.625	3.75	0.2	0.093543	0.625	3.75	0.2	0.093543	0.625	3.75	0	0	0	0	0	0	0	0	0	0	0	0	0	0	0	0	0	0
10000	0.1	0.012238	0.019829	1	1	0.78323	1.0748	0.53589	4.8274	19.211	1.0748	0.53589	4.8274	19.211	1.0748	0.53589	4.8274	19.211	1.0748	0.53589	4.8274	19.211	0	0.35955	0.17928	1.615	6.4269	0.35955	0.17928	1.615	6.4269	0.35955	0.17928	1.615	6.4269	0.35955	0.17928	1.615	6.4269	0	0	0	0	0	0	0	0	0	0	0	0	0	0	0	0	0	0
10000	6	0.0058333	0.02	1	1	0.6158	2	0.66667	5	15	2	0.66667	5	15	2	0.66667	5	15	2	0.66667	5	15	0	0.5	0.16667	1.25	3.75	0.5	0.16667	1.25	3.75	0.5	0.16667	1.25	3.75	0.5	0.16667	1.25	3.75	0	0	0	0	0	0	0	0	0	0	0	0	0	0	0	0	0	0
10000	6.1111	0.001	0.020631	1	1	0.58536	0.94301	0.30155	2.6864	-5.5095	0.94301	0.30155	2.6864	-5.5095	0.94301	0.30155	2.6864	-5.5095	0.94301	0.30155	2.6864	-5.5095	0	0.23575	0.075387	0.67159	-1.3774	0.23575	0.075387	0.67159	-1.3774	0.23575	0.075387	0.67159	-1.3774	0.23575	0.075387	0.67159	-1.3774	0	0	0	0	0	0	0	0	0	0	0	0	0	0	0	0	0	0
10000	8	0.001	0.02	1	1	0.68786	1.3333	0.3	2.5	15	1.3333	0.3	2.5	15	1.3333	0.3	2.5	15	1.3333	0.3	2.5	15	0	0.33334	0.075	0.625	3.75	0.33334	0.075	0.625	3.75	0.33334	0.075	0.625	3.75	0.33334	0.075	0.625	3.75	0	0	0	0	0	0	0	0	0	0	0	0	0	0	0	0	0	0
10000	3	0.0013951	0.030608	1	1	0.41976	1	0.3	5	15	1	0.3	5	15	1	0.3	5	15	1	0.3	5	15	0	0.25	0.075	1.25	3.75	0.25	0.075	1.25	3.75	0.25	0.075	1.25	3.75	0.25	0.075	1.25	3.75	0	0	0	0	0	0	0	0	0	0	0	0	0	0	0	0	0	0
