10000	3.4162	0.001	0.02	1	1	0.72862	0	0	4.773	15	0	0	4.773	15	0	0	4.773	15	0	0	4.773	15	0	0	0	2.4224	7.6127	0	0	2.4224	7.6127	0	0	2.4224	7.6127	0	0	2.4224	7.6127	0	0.17685	0.17685	0.17685	0.17685	0.17685	0.17685	0.17685	0.17685	0.17685	0.17685	0.17685	0.17685	0.17685	0.17685	0.17685	0.17685	0.17685
10000	3	0.001	0.01	1	1	0.8	0	0.3	3.5	15	0	0.3	3.5	15	0	0.3	3.5	15	0	0.3	3.5	15	0	0	0.075	0.875	3.75	0	0.075	0.875	3.75	0	0.075	0.875	3.75	0	0.075	0.875	3.75	0	0.3	0.3	0.3	0.3	0.3	0.3	0.3	0.3	0.3	0.3	0.3	0.3	0.3	0.3	0.3	0.3	0.3
10000	2.0061	0.001	0.04	1	1	0.68312	0	0	2.5	15	0	0	2.5	15	0	0	2.5	15	0	0	2.5	15	0	0	0	1.4079	8.4472	0	0	1.4079	8.4472	0	0	1.4079	8.4472	0	0	1.4079	8.4472	0	0.19075	0.19075	0.19075	0.19075	0.19075	0.19075	0.19075	0.19075	0.19075	0.19075	0.19075	0.19075	0.19075	0.19075	0.19075	0.19075	0.19075
10000	9.9999	0.001	0.02	1	1	0.8	0	0.3	2.5	4.8445	0	0.3	2.5	4.8445	0	0.3	2.5	4.8445	0	0.3	2.5	4.8445	0	0	0.3	2.5	4.8445	0	0.3	2.5	4.8445	0	0.3	2.5	4.8445	0	0.3	2.5	4.8445	0	0.4	0.4	0.4	0.4	0.4	0.4	0.4	0.4	0.4	0.4	0.4	0.4	0.4	0.4	0.4	0.4	0.4
10000	5	0.001	0.04	1	1	0.4	0	0.3	2.5	15	0	0.3	2.5	15	0	0.3	2.5	15	0	0.3	2.5	15	0	0	0.3	2.5	15	0	0.3	2.5	15	0	0.3	2.5	15	0	0.3	2.5	15	0	0.21932	0.21932	0.21932	0.21932	0.21932	0.21932	0.21932	0.21932	0.21932	0.21932	0.21932	0.21932	0.21932	0.21932	0.21932	0.21932	0.21932
10000	9.0181	0.0077008	0.017577	1	1	0.57151	0	0.60131	2.6578	19.053	0	0.60131	2.6578	19.053	0	0.60131	2.6578	19.053	0	0.60131	2.6578	19.053	0	0	1.3037	5.7623	41.307	0	1.3037	5.7623	41.307	0	1.3037	5.7623	41.307	0	1.3037	5.7623	41.307	0	0.23403	0.23403	0.23403	0.23403	0.23403	0.23403	0.23403	0.23403	0.23403	0.23403	0.23403	0.23403	0.23403	0.23403	0.23403	0.23403	0.23403
10000	5	0.001	0.01	1	1	0.8	0	0.5	2.5	15	0	0.5	2.5	15	0	0.5	2.5	15	0	0.5	2.5	15	0	0	0.74535	3.7267	22.36	0	0.74535	3.7267	22.36	0	0.74535	3.7267	22.36	0	0.74535	3.7267	22.36	0	0.31911	0.31911	0.31911	0.31911	0.31911	0.31911	0.31911	0.31911	0.31911	0.31911	0.31911	0.31911	0.31911	0.31911	0.31911	0.31911	0.31911
10000	5	0.001	0.01	1	1	0.62672	0	0.3	2.5	10	0	0.3	2.5	10	0	0.3	2.5	10	0	0.3	2.5	10	0	0	0.3628	3.0233	12.093	0	0.3628	3.0233	12.093	0	0.3628	3.0233	12.093	0	0.3628	3.0233	12.093	0	0.22003	0.22003	0.22003	0.22003	0.22003	0.22003	0.22003	0.22003	0.22003	0.22003	0.22003	0.22003	0.22003	0.22003	0.22003	0.22003	0.22003
10000	4.739	0.01	0.017531	1	1	0.81715	0	0.3	2.5	15	0	0.3	2.5	15	0	0.3	2.5	15	0	0.3	2.5	15	0	0	0.31267	2.6056	15.634	0	0.31267	2.6056	15.634	0	0.31267	2.6056	15.634	0	0.31267	2.6056	15.634	0	0.21111	0.21111	0.21111	0.21111	0.21111	0.21111	0.21111	0.21111	0.21111	0.21111	0.21111	0.21111	0.21111	0.21111	0.21111	0.21111	0.21111
10000	4.7278	0.01	0.02	1	1	0.8	0	0.3	2.5	15	0	0.3	2.5	15	0	0.3	2.5	15	0	0.3	2.5	15	0	0	0.38431	3.2026	19.216	0	0.38431	3.2026	19.216	0	0.38431	3.2026	19.216	0	0.38431	3.2026	19.216	0	0.2	0.2	0.2	0.2	0.2	0.2	0.2	0.2	0.2	0.2	0.2	0.2	0.2	0.2	0.2	0.2	0.2
10000	2.9043	0.0023333	0.02	1	1	1.158	0	0.6	3.3333	15	0	0.6	3.3333	15	0	0.6	3.3333	15	0	0.6	3.3333	15	0	0	0.62203	3.4557	15.551	0	0.62203	3.4557	15.551	0	0.62203	3.4557	15.551	0	0.62203	3.4557	15.551	0	0.23726	0.23726	0.23726	0.23726	0.23726	0.23726	0.23726	0.23726	0.23726	0.23726	0.23726	0.23726	0.23726	0.23726	0.23726	0.23726	0.23726
10000	5	0.002124	0.03	1	1	1.1542	0	0.4	3.5	20	0	0.4	3.5	20	0	0.4	3.5	20	0	0.4	3.5	20	0	0	0.46667	4.0833	23.333	0	0.46667	4.0833	23.333	0	0.46667	4.0833	23.333	0	0.46667	4.0833	23.333	0	0.3237	0.3237	0.3237	0.3237	0.3237	0.3237	0.3237	0.3237	0.3237	0.3237	0.3237	0.3237	0.3237	0.3237	0.3237	0.3237	0.3237
10000	6.4666	0.0080638	0.016986	1	1	0.93102	0	0.25056	4.7362	6.7407	0	0.25056	4.7362	6.7407	0	0.25056	4.7362	6.7407	0	0.25056	4.7362	6.7407	0	0	0.21752	4.1116	5.8517	0	0.21752	4.1116	5.8517	0	0.21752	4.1116	5.8517	0	0.21752	4.1116	5.8517	0	0.18435	0.18435	0.18435	0.18435	0.18435	0.18435	0.18435	0.18435	0.18435	0.18435	0.18435	0.18435	0.18435	0.18435	0.18435	0.18435	0.18435
10000	3	0.001	0.02	1	1	1.1243	0	0.3	2.5858	15	0	0.3	2.5858	15	0	0.3	2.5858	15	0	0.3	2.5858	15	0	0	0.15	1.2929	7.5	0	0.15	1.2929	7.5	0	0.15	1.2929	7.5	0	0.15	1.2929	7.5	0	0.22041	0.22041	0.22041	0.22041	0.22041	0.22041	0.22041	0.22041	0.22041	0.22041	0.22041	0.22041	0.22041	0.22041	0.22041	0.22041	0.22041
10000	3.0871	0.001	0.021888	1	1	1.0633	0	0.49013	3.0119	12.66	0	0.49013	3.0119	12.66	0	0.49013	3.0119	12.66	0	0.49013	3.0119	12.66	0	0	0.43635	2.6814	11.271	0	0.43635	2.6814	11.271	0	0.43635	2.6814	11.271	0	0.43635	2.6814	11.271	0	0.16363	0.16363	0.16363	0.16363	0.16363	0.16363	0.16363	0.16363	0.16363	0.16363	0.16363	0.16363	0.16363	0.16363	0.16363	0.16363	0.16363
10000	5.5689	0.0034409	0.023453	1	1	1.2701	0	0.042609	4.1192	31.585	0	0.042609	4.1192	31.585	0	0.042609	4.1192	31.585	0	0.042609	4.1192	31.585	0	0	0.054072	5.2275	40.083	0	0.054072	5.2275	40.083	0	0.054072	5.2275	40.083	0	0.054072	5.2275	40.083	0	0.31291	0.31291	0.31291	0.31291	0.31291	0.31291	0.31291	0.31291	0.31291	0.31291	0.31291	0.31291	0.31291	0.31291	0.31291	0.31291	0.31291
10000	3.6667	0.0013163	0.016124	1	1	1.2677	0	0.26364	2.5	21.111	0	0.26364	2.5	21.111	0	0.26364	2.5	21.111	0	0.26364	2.5	21.111	0	0	0.32402	3.0725	25.946	0	0.32402	3.0725	25.946	0	0.32402	3.0725	25.946	0	0.32402	3.0725	25.946	0	0.4	0.4	0.4	0.4	0.4	0.4	0.4	0.4	0.4	0.4	0.4	0.4	0.4	0.4	0.4	0.4	0.4
10000	2.5708	0.0037977	0.019444	1	1	1.1419	0	0.17853	2.5486	9.5544	0	0.17853	2.5486	9.5544	0	0.17853	2.5486	9.5544	0	0.17853	2.5486	9.5544	0	0	0.18725	2.673	10.021	0	0.18725	2.673	10.021	0	0.18725	2.673	10.021	0	0.18725	2.673	10.021	0	0.38454	0.38454	0.38454	0.38454	0.38454	0.38454	0.38454	0.38454	0.38454	0.38454	0.38454	0.38454	0.38454	0.38454	0.38454	0.38454	0.38454
10000	5	0.005	0.019691	1	1	1	0	0.5	2.5	20	0	0.5	2.5	20	0	0.5	2.5	20	0	0.5	2.5	20	0	0	0.94293	4.7146	37.717	0	0.94293	4.7146	37.717	0	0.94293	4.7146	37.717	0	0.94293	4.7146	37.717	0	0.44524	0.44524	0.44524	0.44524	0.44524	0.44524	0.44524	0.44524	0.44524	0.44524	0.44524	0.44524	0.44524	0.44524	0.44524	0.44524	0.44524
10000	3	0.005	0.02	1	1	1	0	0.3	2.5	15	0	0.3	2.5	15	0	0.3	2.5	15	0	0.3	2.5	15	0	0	0.3	2.5	15	0	0.3	2.5	15	0	0.3	2.5	15	0	0.3	2.5	15	0	0.3	0.3	0.3	0.3	0.3	0.3	0.3	0.3	0.3	0.3	0.3	0.3	0.3	0.3	0.3	0.3	0.3
10000	3.3318	0.001	0.014766	1	1	0.78188	0	0.47222	7.3653	15.296	0	0.47222	7.3653	15.296	0	0.47222	7.3653	15.296	0	0.47222	7.3653	15.296	0	0	0.11806	1.8413	3.8241	0	0.11806	1.8413	3.8241	0	0.11806	1.8413	3.8241	0	0.11806	1.8413	3.8241	0	0.15781	0.15781	0.15781	0.15781	0.15781	0.15781	0.15781	0.15781	0.15781	0.15781	0.15781	0.15781	0.15781	0.15781	0.15781	0.15781	0.15781
10000	10	0.001	0.01	1	1	0.5	0	0.47896	3.375	19	0	0.47896	3.375	19	0	0.47896	3.375	19	0	0.47896	3.375	19	0	0	0.73585	5.1852	29.191	0	0.73585	5.1852	29.191	0	0.73585	5.1852	29.191	0	0.73585	5.1852	29.191	0	0.34033	0.34033	0.34033	0.34033	0.34033	0.34033	0.34033	0.34033	0.34033	0.34033	0.34033	0.34033	0.34033	0.34033	0.34033	0.34033	0.34033
10000	8	0.001	0.019606	1	1	0.8	0	0.3	3.3333	15	0	0.3	3.3333	15	0	0.3	3.3333	15	0	0.3	3.3333	15	0	0	0.54039	6.0043	27.02	0	0.54039	6.0043	27.02	0	0.54039	6.0043	27.02	0	0.54039	6.0043	27.02	0	0.22218	0.22218	0.22218	0.22218	0.22218	0.22218	0.22218	0.22218	0.22218	0.22218	0.22218	0.22218	0.22218	0.22218	0.22218	0.22218	0.22218
10000	7	0.0079234	0.02	1	1	0.64874	0	0.3	5	30	0	0.3	5	30	0	0.3	5	30	0	0.3	5	30	0	0	0.23823	3.9704	23.823	0	0.23823	3.9704	23.823	0	0.23823	3.9704	23.823	0	0.23823	3.9704	23.823	0	0.25667	0.25667	0.25667	0.25667	0.25667	0.25667	0.25667	0.25667	0.25667	0.25667	0.25667	0.25667	0.25667	0.25667	0.25667	0.25667	0.25667
10000	10	0.001	0.022118	1	1	0.79922	0	0.30028	5.0015	8.4282	0	0.30028	5.0015	8.4282	0	0.30028	5.0015	8.4282	0	0.30028	5.0015	8.4282	0	0	0.30006	4.9977	8.4218	0	0.30006	4.9977	8.4218	0	0.30006	4.9977	8.4218	0	0.30006	4.9977	8.4218	0	0.20019	0.20019	0.20019	0.20019	0.20019	0.20019	0.20019	0.20019	0.20019	0.20019	0.20019	0.20019	0.20019	0.20019	0.20019	0.20019	0.20019
10000	4.9351	0.001	0.013337	1	1	0.80048	0	0.3997	3.4969	5.6762	0	0.3997	3.4969	5.6762	0	0.3997	3.4969	5.6762	0	0.3997	3.4969	5.6762	0	0	0.39951	3.4953	5.6736	0	0.39951	3.4953	5.6736	0	0.39951	3.4953	5.6736	0	0.39951	3.4953	5.6736	0	0.18797	0.18797	0.18797	0.18797	0.18797	0.18797	0.18797	0.18797	0.18797	0.18797	0.18797	0.18797	0.18797	0.18797	0.18797	0.18797	0.18797
10000	5	0.001	0.02	1	1	0.8	0	0.3	2.5	15	0	0.3	2.5	15	0	0.3	2.5	15	0	0.3	2.5	15	0	0	0.3	2.5	15	0	0.3	2.5	15	0	0.3	2.5	15	0	0.3	2.5	15	0	0.2	0.2	0.2	0.2	0.2	0.2	0.2	0.2	0.2	0.2	0.2	0.2	0.2	0.2	0.2	0.2	0.2
10000	2.7214	0.001	0.029144	1	1	1.0256	0	0.14997	3.3001	11.343	0	0.14997	3.3001	11.343	0	0.14997	3.3001	11.343	0	0.14997	3.3001	11.343	0	0	0.089975	1.9799	6.8052	0	0.089975	1.9799	6.8052	0	0.089975	1.9799	6.8052	0	0.089975	1.9799	6.8052	0	0.069775	0.069775	0.069775	0.069775	0.069775	0.069775	0.069775	0.069775	0.069775	0.069775	0.069775	0.069775	0.069775	0.069775	0.069775	0.069775	0.069775
10000	5	0.001	0.03	1	1	0.8	0	0.6	2.5	15	0	0.6	2.5	15	0	0.6	2.5	15	0	0.6	2.5	15	0	0	0.50887	2.1203	12.722	0	0.50887	2.1203	12.722	0	0.50887	2.1203	12.722	0	0.50887	2.1203	12.722	0	0.11331	0.11331	0.11331	0.11331	0.11331	0.11331	0.11331	0.11331	0.11331	0.11331	0.11331	0.11331	0.11331	0.11331	0.11331	0.11331	0.11331
10000	2.9819	0.001	0.030046	1	1	0.99074	0	0.49306	3.7381	29.926	0	0.49306	3.7381	29.926	0	0.49306	3.7381	29.926	0	0.49306	3.7381	29.926	0	0	0.24425	1.8518	14.824	0	0.24425	1.8518	14.824	0	0.24425	1.8518	14.824	0	0.24425	1.8518	14.824	0	0.11167	0.11167	0.11167	0.11167	0.11167	0.11167	0.11167	0.11167	0.11167	0.11167	0.11167	0.11167	0.11167	0.11167	0.11167	0.11167	0.11167
10000	4.9062	0.010016	0.020003	1	1	0.7992	0	0.14193	2.4984	15.007	0	0.14193	2.4984	15.007	0	0.14193	2.4984	15.007	0	0.14193	2.4984	15.007	0	0	0.28398	4.9988	30.026	0	0.28398	4.9988	30.026	0	0.28398	4.9988	30.026	0	0.28398	4.9988	30.026	0	0.34722	0.34722	0.34722	0.34722	0.34722	0.34722	0.34722	0.34722	0.34722	0.34722	0.34722	0.34722	0.34722	0.34722	0.34722	0.34722	0.34722
10000	5.357	0.0016667	0.01	1	1	0.8	0	0.014306	5.3971	15	0	0.014306	5.3971	15	0	0.014306	5.3971	15	0	0.014306	5.3971	15	0	0	0.014306	5.3971	15	0	0.014306	5.3971	15	0	0.014306	5.3971	15	0	0.014306	5.3971	15	0	0.34546	0.34546	0.34546	0.34546	0.34546	0.34546	0.34546	0.34546	0.34546	0.34546	0.34546	0.34546	0.34546	0.34546	0.34546	0.34546	0.34546
10000	4.2686	0.0081414	0.02026	1	1	0.81709	0	0.10525	2.5506	30.231	0	0.10525	2.5506	30.231	0	0.10525	2.5506	30.231	0	0.10525	2.5506	30.231	0	0	0.20784	5.0367	59.698	0	0.20784	5.0367	59.698	0	0.20784	5.0367	59.698	0	0.20784	5.0367	59.698	0	0.10578	0.10578	0.10578	0.10578	0.10578	0.10578	0.10578	0.10578	0.10578	0.10578	0.10578	0.10578	0.10578	0.10578	0.10578	0.10578	0.10578
10000	2.9463	0.001	0.060473	1	1	0.53272	0	0.3	2.5	30	0	0.3	2.5	30	0	0.3	2.5	30	0	0.3	2.5	30	0	0	0.35056	2.9214	35.056	0	0.35056	2.9214	35.056	0	0.35056	2.9214	35.056	0	0.35056	2.9214	35.056	0	0.20422	0.20422	0.20422	0.20422	0.20422	0.20422	0.20422	0.20422	0.20422	0.20422	0.20422	0.20422	0.20422	0.20422	0.20422	0.20422	0.20422
10000	3.9942	0.001	0.01	1	1	0.52583	0	0.029347	5.1386	31.678	0	0.029347	5.1386	31.678	0	0.029347	5.1386	31.678	0	0.029347	5.1386	31.678	0	0	0.029378	5.1439	31.711	0	0.029378	5.1439	31.711	0	0.029378	5.1439	31.711	0	0.029378	5.1439	31.711	0	0.48502	0.48502	0.48502	0.48502	0.48502	0.48502	0.48502	0.48502	0.48502	0.48502	0.48502	0.48502	0.48502	0.48502	0.48502	0.48502	0.48502
10000	9.1476	0.001	0.023419	1	1	0.49035	0	1.5654	4.2123	16.035	0	1.5654	4.2123	16.035	0	1.5654	4.2123	16.035	0	1.5654	4.2123	16.035	0	0	1.9856	5.3429	20.339	0	1.9856	5.3429	20.339	0	1.9856	5.3429	20.339	0	1.9856	5.3429	20.339	0	0.12124	0.12124	0.12124	0.12124	0.12124	0.12124	0.12124	0.12124	0.12124	0.12124	0.12124	0.12124	0.12124	0.12124	0.12124	0.12124	0.12124
10000	7.3806	0.0024594	0.03	1	1	0.55195	0	0.5	3.3333	15	0	0.5	3.3333	15	0	0.5	3.3333	15	0	0.5	3.3333	15	0	0	1	6.6666	30	0	1	6.6666	30	0	1	6.6666	30	0	1	6.6666	30	0	0.10556	0.10556	0.10556	0.10556	0.10556	0.10556	0.10556	0.10556	0.10556	0.10556	0.10556	0.10556	0.10556	0.10556	0.10556	0.10556	0.10556
10000	6.5728	0.0010053	0.021644	1	1	0.54348	0	0.88624	3.4535	3.9582	0	0.88624	3.4535	3.9582	0	0.88624	3.4535	3.9582	0	0.88624	3.4535	3.9582	0	0	1.1635	4.5341	5.1968	0	1.1635	4.5341	5.1968	0	1.1635	4.5341	5.1968	0	1.1635	4.5341	5.1968	0	0.37448	0.37448	0.37448	0.37448	0.37448	0.37448	0.37448	0.37448	0.37448	0.37448	0.37448	0.37448	0.37448	0.37448	0.37448	0.37448	0.37448
10000	3.0017	0.0039184	0.01	1	1	0.80124	0	0.99931	4.9976	15.011	0	0.99931	4.9976	15.011	0	0.99931	4.9976	15.011	0	0.99931	4.9976	15.011	0	0	0.99989	5.0005	15.02	0	0.99989	5.0005	15.02	0	0.99989	5.0005	15.02	0	0.99989	5.0005	15.02	0	0.19348	0.19348	0.19348	0.19348	0.19348	0.19348	0.19348	0.19348	0.19348	0.19348	0.19348	0.19348	0.19348	0.19348	0.19348	0.19348	0.19348
10000	6.4761	0.001	0.01	1	1	0.4063	0	0.68799	4.2076	3.409	0	0.68799	4.2076	3.409	0	0.68799	4.2076	3.409	0	0.68799	4.2076	3.409	0	0	0.91198	5.5775	4.5189	0	0.91198	5.5775	4.5189	0	0.91198	5.5775	4.5189	0	0.91198	5.5775	4.5189	0	0.39986	0.39986	0.39986	0.39986	0.39986	0.39986	0.39986	0.39986	0.39986	0.39986	0.39986	0.39986	0.39986	0.39986	0.39986	0.39986	0.39986
10000	4.4536	0.01	0.017195	1	1	0.36544	0	0.3	2.0905	15	0	0.3	2.0905	15	0	0.3	2.0905	15	0	0.3	2.0905	15	0	0	0.3	2.0905	15	0	0.3	2.0905	15	0	0.3	2.0905	15	0	0.3	2.0905	15	0	0.2	0.2	0.2	0.2	0.2	0.2	0.2	0.2	0.2	0.2	0.2	0.2	0.2	0.2	0.2	0.2	0.2
10000	3	0.001	0.02	1	1	0.41577	0	0.4	2.5	5.4849	0	0.4	2.5	5.4849	0	0.4	2.5	5.4849	0	0.4	2.5	5.4849	0	0	0.15892	0.99325	2.1791	0	0.15892	0.99325	2.1791	0	0.15892	0.99325	2.1791	0	0.15892	0.99325	2.1791	0	0.3	0.3	0.3	0.3	0.3	0.3	0.3	0.3	0.3	0.3	0.3	0.3	0.3	0.3	0.3	0.3	0.3
10000	3	0.0073415	0.03	1	1	0.47255	0	0.5	2.5	20	0	0.5	2.5	20	0	0.5	2.5	20	0	0.5	2.5	20	0	0	0.27453	1.3726	10.981	0	0.27453	1.3726	10.981	0	0.27453	1.3726	10.981	0	0.27453	1.3726	10.981	0	0.4	0.4	0.4	0.4	0.4	0.4	0.4	0.4	0.4	0.4	0.4	0.4	0.4	0.4	0.4	0.4	0.4
10000	7.4785	0.01	0.022222	1	1	0.56844	0	1	1.5	-226.66	0	1	1.5	-226.66	0	1	1.5	-226.66	0	1	1.5	-226.66	0	0	1	1.5	-226.67	0	1	1.5	-226.67	0	1	1.5	-226.67	0	1	1.5	-226.67	0	0.4	0.4	0.4	0.4	0.4	0.4	0.4	0.4	0.4	0.4	0.4	0.4	0.4	0.4	0.4	0.4	0.4
10000	9.3006	0.020235	0.033821	1	1	0.5229	0	0.40579	1.4884	14.926	0	0.40579	1.4884	14.926	0	0.40579	1.4884	14.926	0	0.40579	1.4884	14.926	0	0	1.085	3.9798	39.909	0	1.085	3.9798	39.909	0	1.085	3.9798	39.909	0	1.085	3.9798	39.909	0	0.22273	0.22273	0.22273	0.22273	0.22273	0.22273	0.22273	0.22273	0.22273	0.22273	0.22273	0.22273	0.22273	0.22273	0.22273	0.22273	0.22273
10000	7.2466	0.01	0.016786	1	1	0.54893	0	0.3	1.5	11.667	0	0.3	1.5	11.667	0	0.3	1.5	11.667	0	0.3	1.5	11.667	0	0	0.38302	1.9151	14.895	0	0.38302	1.9151	14.895	0	0.38302	1.9151	14.895	0	0.38302	1.9151	14.895	0	0.18019	0.18019	0.18019	0.18019	0.18019	0.18019	0.18019	0.18019	0.18019	0.18019	0.18019	0.18019	0.18019	0.18019	0.18019	0.18019	0.18019
10000	6.1125	0.001	0.01	1	1	0.77825	0	0.30093	1.8308	15.011	0	0.30093	1.8308	15.011	0	0.30093	1.8308	15.011	0	0.30093	1.8308	15.011	0	0	0.35064	2.1333	17.491	0	0.35064	2.1333	17.491	0	0.35064	2.1333	17.491	0	0.35064	2.1333	17.491	0	0.36392	0.36392	0.36392	0.36392	0.36392	0.36392	0.36392	0.36392	0.36392	0.36392	0.36392	0.36392	0.36392	0.36392	0.36392	0.36392	0.36392
10000	3	0.007738	0.02	1	1	0.8	0	0.6	1.5	30	0	0.6	1.5	30	0	0.6	1.5	30	0	0.6	1.5	30	0	0	1.2	3	60	0	1.2	3	60	0	1.2	3	60	0	1.2	3	60	0	0.3	0.3	0.3	0.3	0.3	0.3	0.3	0.3	0.3	0.3	0.3	0.3	0.3	0.3	0.3	0.3	0.3
10000	7.8519	0.0072181	0.015687	1	1	0.60589	0	0.44019	2.1226	13.275	0	0.44019	2.1226	13.275	0	0.44019	2.1226	13.275	0	0.44019	2.1226	13.275	0	0	0.79731	3.8446	24.044	0	0.79731	3.8446	24.044	0	0.79731	3.8446	24.044	0	0.79731	3.8446	24.044	0	0.28627	0.28627	0.28627	0.28627	0.28627	0.28627	0.28627	0.28627	0.28627	0.28627	0.28627	0.28627	0.28627	0.28627	0.28627	0.28627	0.28627
10000	7	0.004251	0.021585	1	1	0.46615	0	0.5	2.5	7.3659	0	0.5	2.5	7.3659	0	0.5	2.5	7.3659	0	0.5	2.5	7.3659	0	0	0.5	2.5	7.3659	0	0.5	2.5	7.3659	0	0.5	2.5	7.3659	0	0.5	2.5	7.3659	0	0.22456	0.22456	0.22456	0.22456	0.22456	0.22456	0.22456	0.22456	0.22456	0.22456	0.22456	0.22456	0.22456	0.22456	0.22456	0.22456	0.22456
10000	5.1793	0.001	0.020671	1	1	1.1788	0	0.5	2.5	15	0	0.5	2.5	15	0	0.5	2.5	15	0	0.5	2.5	15	0	0	0.5	2.5	15	0	0.5	2.5	15	0	0.5	2.5	15	0	0.5	2.5	15	0	0.24525	0.24525	0.24525	0.24525	0.24525	0.24525	0.24525	0.24525	0.24525	0.24525	0.24525	0.24525	0.24525	0.24525	0.24525	0.24525	0.24525
10000	5	0.001	0.019705	1	1	1.0667	0	0.17823	2.7229	20	0	0.17823	2.7229	20	0	0.17823	2.7229	20	0	0.17823	2.7229	20	0	0	0.17823	2.7229	20	0	0.17823	2.7229	20	0	0.17823	2.7229	20	0	0.17823	2.7229	20	0	0.4	0.4	0.4	0.4	0.4	0.4	0.4	0.4	0.4	0.4	0.4	0.4	0.4	0.4	0.4	0.4	0.4
10000	3.8799	0.001	0.011111	1	1	0.9865	0	0.33333	2.7778	15	0	0.33333	2.7778	15	0	0.33333	2.7778	15	0	0.33333	2.7778	15	0	0	0.40337	3.3614	18.152	0	0.40337	3.3614	18.152	0	0.40337	3.3614	18.152	0	0.40337	3.3614	18.152	0	0.27042	0.27042	0.27042	0.27042	0.27042	0.27042	0.27042	0.27042	0.27042	0.27042	0.27042	0.27042	0.27042	0.27042	0.27042	0.27042	0.27042
10000	3	0.001	0.02	1	1	0.86755	0	0.5	2.5	10	0	0.5	2.5	10	0	0.5	2.5	10	0	0.5	2.5	10	0	0	0.47647	2.3823	9.5294	0	0.47647	2.3823	9.5294	0	0.47647	2.3823	9.5294	0	0.47647	2.3823	9.5294	0	0.2	0.2	0.2	0.2	0.2	0.2	0.2	0.2	0.2	0.2	0.2	0.2	0.2	0.2	0.2	0.2	0.2
10000	8.4986	0.001	0.01	1	1	1.5833	0	0.625	4.2084	10.582	0	0.625	4.2084	10.582	0	0.625	4.2084	10.582	0	0.625	4.2084	10.582	0	0	0.66792	4.4974	11.308	0	0.66792	4.4974	11.308	0	0.66792	4.4974	11.308	0	0.66792	4.4974	11.308	0	0.24074	0.24074	0.24074	0.24074	0.24074	0.24074	0.24074	0.24074	0.24074	0.24074	0.24074	0.24074	0.24074	0.24074	0.24074	0.24074	0.24074
10000	10	0.001	0.02	1	1	0.8	0	0.3	2.5	15	0	0.3	2.5	15	0	0.3	2.5	15	0	0.3	2.5	15	0	0	0.3	2.5	15	0	0.3	2.5	15	0	0.3	2.5	15	0	0.3	2.5	15	0	0.2	0.2	0.2	0.2	0.2	0.2	0.2	0.2	0.2	0.2	0.2	0.2	0.2	0.2	0.2	0.2	0.2
10000	6	0.01	0.03	1	1	0.8	0	0.3	2.5	15	0	0.3	2.5	15	0	0.3	2.5	15	0	0.3	2.5	15	0	0	0.2625	2.1875	13.125	0	0.2625	2.1875	13.125	0	0.2625	2.1875	13.125	0	0.2625	2.1875	13.125	0	0.17581	0.17581	0.17581	0.17581	0.17581	0.17581	0.17581	0.17581	0.17581	0.17581	0.17581	0.17581	0.17581	0.17581	0.17581	0.17581	0.17581
10000	5.275	0.001	0.01	1	1	0.8	0	0.4	1.2707	15	0	0.4	1.2707	15	0	0.4	1.2707	15	0	0.4	1.2707	15	0	0	0.40235	1.2782	15.088	0	0.40235	1.2782	15.088	0	0.40235	1.2782	15.088	0	0.40235	1.2782	15.088	0	0.2	0.2	0.2	0.2	0.2	0.2	0.2	0.2	0.2	0.2	0.2	0.2	0.2	0.2	0.2	0.2	0.2
10000	6.216	0.0046301	0.022517	1	1	0.97484	0	0.34378	4.1465	15.171	0	0.34378	4.1465	15.171	0	0.34378	4.1465	15.171	0	0.34378	4.1465	15.171	0	0	0.17119	2.0648	7.5546	0	0.17119	2.0648	7.5546	0	0.17119	2.0648	7.5546	0	0.17119	2.0648	7.5546	0	0.11258	0.11258	0.11258	0.11258	0.11258	0.11258	0.11258	0.11258	0.11258	0.11258	0.11258	0.11258	0.11258	0.11258	0.11258	0.11258	0.11258
10000	9.9999	0.001	0.024091	1	1	0.94057	0	0.24714	2.8406	16.689	0	0.24714	2.8406	16.689	0	0.24714	2.8406	16.689	0	0.24714	2.8406	16.689	0	0	0.1287	1.4793	8.6914	0	0.1287	1.4793	8.6914	0	0.1287	1.4793	8.6914	0	0.1287	1.4793	8.6914	0	0.14448	0.14448	0.14448	0.14448	0.14448	0.14448	0.14448	0.14448	0.14448	0.14448	0.14448	0.14448	0.14448	0.14448	0.14448	0.14448	0.14448
10000	8.367	0.0078908	0.02495	1	1	0.58444	0	0.38119	3.2273	-15.52	0	0.38119	3.2273	-15.52	0	0.38119	3.2273	-15.52	0	0.38119	3.2273	-15.52	0	0	0.42286	3.58	-17.217	0	0.42286	3.58	-17.217	0	0.42286	3.58	-17.217	0	0.42286	3.58	-17.217	0	0.24996	0.24996	0.24996	0.24996	0.24996	0.24996	0.24996	0.24996	0.24996	0.24996	0.24996	0.24996	0.24996	0.24996	0.24996	0.24996	0.24996
10000	2.5524	0.011684	0.01	1	1	0.80072	0	0.29948	2.5014	-134.99	0	0.29948	2.5014	-134.99	0	0.29948	2.5014	-134.99	0	0.29948	2.5014	-134.99	0	0	0.36936	3.0851	-166.5	0	0.36936	3.0851	-166.5	0	0.36936	3.0851	-166.5	0	0.36936	3.0851	-166.5	0	0.19993	0.19993	0.19993	0.19993	0.19993	0.19993	0.19993	0.19993	0.19993	0.19993	0.19993	0.19993	0.19993	0.19993	0.19993	0.19993	0.19993
10000	5	0.001	0.01	1	1	0.74258	0	0.11111	2.5	-25.908	0	0.11111	2.5	-25.908	0	0.11111	2.5	-25.908	0	0.11111	2.5	-25.908	0	0	0.11111	2.5	-25.908	0	0.11111	2.5	-25.908	0	0.11111	2.5	-25.908	0	0.11111	2.5	-25.908	0	0.1	0.1	0.1	0.1	0.1	0.1	0.1	0.1	0.1	0.1	0.1	0.1	0.1	0.1	0.1	0.1	0.1
10000	4.9044	0.001	0.020132	1	1	0.82917	0	0.27893	3.9433	-7.5608	0	0.27893	3.9433	-7.5608	0	0.27893	3.9433	-7.5608	0	0.27893	3.9433	-7.5608	0	0	0.27745	3.9223	-7.5207	0	0.27745	3.9223	-7.5207	0	0.27745	3.9223	-7.5207	0	0.27745	3.9223	-7.5207	0	0.31945	0.31945	0.31945	0.31945	0.31945	0.31945	0.31945	0.31945	0.31945	0.31945	0.31945	0.31945	0.31945	0.31945	0.31945	0.31945	0.31945
10000	10	0.013899	0.019124	1	1	0.83863	0	0.3856	4.5743	-136.05	0	0.3856	4.5743	-136.05	0	0.3856	4.5743	-136.05	0	0.3856	4.5743	-136.05	0	0	0.39021	4.6289	-137.68	0	0.39021	4.6289	-137.68	0	0.39021	4.6289	-137.68	0	0.39021	4.6289	-137.68	0	0.14732	0.14732	0.14732	0.14732	0.14732	0.14732	0.14732	0.14732	0.14732	0.14732	0.14732	0.14732	0.14732	0.14732	0.14732	0.14732	0.14732
10000	3.8933	0.0048912	0.016112	1	1	0.36037	0	0.22008	3.7433	27.45	0	0.22008	3.7433	27.45	0	0.22008	3.7433	27.45	0	0.22008	3.7433	27.45	0	0	0.23098	3.9288	28.81	0	0.23098	3.9288	28.81	0	0.23098	3.9288	28.81	0	0.23098	3.9288	28.81	0	0.30421	0.30421	0.30421	0.30421	0.30421	0.30421	0.30421	0.30421	0.30421	0.30421	0.30421	0.30421	0.30421	0.30421	0.30421	0.30421	0.30421
10000	2.9893	0.001	0.014605	1	1	0.28334	0	0.29167	2.375	11	0	0.29167	2.375	11	0	0.29167	2.375	11	0	0.29167	2.375	11	0	0	0.41927	3.414	15.812	0	0.41927	3.414	15.812	0	0.41927	3.414	15.812	0	0.41927	3.414	15.812	0	0.4	0.4	0.4	0.4	0.4	0.4	0.4	0.4	0.4	0.4	0.4	0.4	0.4	0.4	0.4	0.4	0.4
10000	3.126	0.001	0.02	1	1	0.4	0	0.3	3.2621	15	0	0.3	3.2621	15	0	0.3	3.2621	15	0	0.3	3.2621	15	0	0	0.3	3.2621	15	0	0.3	3.2621	15	0	0.3	3.2621	15	0	0.3	3.2621	15	0	0.2	0.2	0.2	0.2	0.2	0.2	0.2	0.2	0.2	0.2	0.2	0.2	0.2	0.2	0.2	0.2	0.2
10000	5.9997	0.001	0.01	1	1	0.26453	0	0.49996	2.7776	-22.279	0	0.49996	2.7776	-22.279	0	0.49996	2.7776	-22.279	0	0.49996	2.7776	-22.279	0	0	0.671	3.7279	-29.9	0	0.671	3.7279	-29.9	0	0.671	3.7279	-29.9	0	0.671	3.7279	-29.9	0	0.29998	0.29998	0.29998	0.29998	0.29998	0.29998	0.29998	0.29998	0.29998	0.29998	0.29998	0.29998	0.29998	0.29998	0.29998	0.29998	0.29998
10000	7.2704	0.0022835	0.036499	1	1	0.1623	0	0.16978	3.9276	-14.944	0	0.16978	3.9276	-14.944	0	0.16978	3.9276	-14.944	0	0.16978	3.9276	-14.944	0	0	0.26029	6.0213	-22.911	0	0.26029	6.0213	-22.911	0	0.26029	6.0213	-22.911	0	0.26029	6.0213	-22.911	0	0.37975	0.37975	0.37975	0.37975	0.37975	0.37975	0.37975	0.37975	0.37975	0.37975	0.37975	0.37975	0.37975	0.37975	0.37975	0.37975	0.37975
10000	6.2693	0.001	0.01	1	1	0.80521	0	1.1973	2.5859	15	0	1.1973	2.5859	15	0	1.1973	2.5859	15	0	1.1973	2.5859	15	0	0	1.1251	2.43	14.096	0	1.1251	2.43	14.096	0	1.1251	2.43	14.096	0	1.1251	2.43	14.096	0	0.15001	0.15001	0.15001	0.15001	0.15001	0.15001	0.15001	0.15001	0.15001	0.15001	0.15001	0.15001	0.15001	0.15001	0.15001	0.15001	0.15001
10000	5.7995	0.0049635	0.01	1	1	0.48652	0	0.66651	2.6976	30.971	0	0.66651	2.6976	30.971	0	0.66651	2.6976	30.971	0	0.66651	2.6976	30.971	0	0	0.53691	2.1731	24.949	0	0.53691	2.1731	24.949	0	0.53691	2.1731	24.949	0	0.53691	2.1731	24.949	0	0.19441	0.19441	0.19441	0.19441	0.19441	0.19441	0.19441	0.19441	0.19441	0.19441	0.19441	0.19441	0.19441	0.19441	0.19441	0.19441	0.19441
10000	4.7278	0.001	0.02	1	1	1.0667	0	0.6	2.5	15	0	0.6	2.5	15	0	0.6	2.5	15	0	0.6	2.5	15	0	0	0.62469	2.6029	15.617	0	0.62469	2.6029	15.617	0	0.62469	2.6029	15.617	0	0.62469	2.6029	15.617	0	0.2	0.2	0.2	0.2	0.2	0.2	0.2	0.2	0.2	0.2	0.2	0.2	0.2	0.2	0.2	0.2	0.2
10000	4.3871	0.0034428	0.023761	1	1	0.575	0	0.4625	2.9375	13	0	0.4625	2.9375	13	0	0.4625	2.9375	13	0	0.4625	2.9375	13	0	0	0.36133	2.2949	10.156	0	0.36133	2.2949	10.156	0	0.36133	2.2949	10.156	0	0.36133	2.2949	10.156	0	0.1	0.1	0.1	0.1	0.1	0.1	0.1	0.1	0.1	0.1	0.1	0.1	0.1	0.1	0.1	0.1	0.1
10000	10	0.001	0.035	1	1	0.68705	0	0.6	2.5	15	0	0.6	2.5	15	0	0.6	2.5	15	0	0.6	2.5	15	0	0	0.6	2.5	15	0	0.6	2.5	15	0	0.6	2.5	15	0	0.6	2.5	15	0	0.2	0.2	0.2	0.2	0.2	0.2	0.2	0.2	0.2	0.2	0.2	0.2	0.2	0.2	0.2	0.2	0.2
10000	8.7478	0.001	0.021119	1	1	0.88817	0	0.451	2.5035	9.2989	0	0.451	2.5035	9.2989	0	0.451	2.5035	9.2989	0	0.451	2.5035	9.2989	0	0	0.90102	5.0016	18.578	0	0.90102	5.0016	18.578	0	0.90102	5.0016	18.578	0	0.90102	5.0016	18.578	0	0.28444	0.28444	0.28444	0.28444	0.28444	0.28444	0.28444	0.28444	0.28444	0.28444	0.28444	0.28444	0.28444	0.28444	0.28444	0.28444	0.28444
10000	7.2369	0.005	0.022541	1	1	0.8	0	0.5	2.5	8.2217	0	0.5	2.5	8.2217	0	0.5	2.5	8.2217	0	0.5	2.5	8.2217	0	0	1	5	16.443	0	1	5	16.443	0	1	5	16.443	0	1	5	16.443	0	0.18868	0.18868	0.18868	0.18868	0.18868	0.18868	0.18868	0.18868	0.18868	0.18868	0.18868	0.18868	0.18868	0.18868	0.18868	0.18868	0.18868
10000	3.9044	0.01	0.019759	1	1	0.68022	0	0.3	2.5	15	0	0.3	2.5	15	0	0.3	2.5	15	0	0.3	2.5	15	0	0	0.37163	3.097	18.582	0	0.37163	3.097	18.582	0	0.37163	3.097	18.582	0	0.37163	3.097	18.582	0	0.11667	0.11667	0.11667	0.11667	0.11667	0.11667	0.11667	0.11667	0.11667	0.11667	0.11667	0.11667	0.11667	0.11667	0.11667	0.11667	0.11667
10000	5.3915	0.0030388	0.019776	1	1	0.7981	0	0.38834	2.1526	20.012	0	0.38834	2.1526	20.012	0	0.38834	2.1526	20.012	0	0.38834	2.1526	20.012	0	0	0.74673	4.1393	38.481	0	0.74673	4.1393	38.481	0	0.74673	4.1393	38.481	0	0.74673	4.1393	38.481	0	0.093742	0.093742	0.093742	0.093742	0.093742	0.093742	0.093742	0.093742	0.093742	0.093742	0.093742	0.093742	0.093742	0.093742	0.093742	0.093742	0.093742
10000	5	0.001	0.02036	1	1	0.59805	0	0.5	2.5	15	0	0.5	2.5	15	0	0.5	2.5	15	0	0.5	2.5	15	0	0	0.77531	3.8766	23.259	0	0.77531	3.8766	23.259	0	0.77531	3.8766	23.259	0	0.77531	3.8766	23.259	0	0.4	0.4	0.4	0.4	0.4	0.4	0.4	0.4	0.4	0.4	0.4	0.4	0.4	0.4	0.4	0.4	0.4
10000	10	0.019994	0.019997	1	1	0.79987	0	0.3001	2.5003	15.001	0	0.3001	2.5003	15.001	0	0.3001	2.5003	15.001	0	0.3001	2.5003	15.001	0	0	0.30014	2.5006	15.003	0	0.30014	2.5006	15.003	0	0.30014	2.5006	15.003	0	0.30014	2.5006	15.003	0	0.10003	0.10003	0.10003	0.10003	0.10003	0.10003	0.10003	0.10003	0.10003	0.10003	0.10003	0.10003	0.10003	0.10003	0.10003	0.10003	0.10003
10000	6.4256	0.010001	0.020003	1	1	0.57484	0	0.21299	2.4998	14.999	0	0.21299	2.4998	14.999	0	0.21299	2.4998	14.999	0	0.21299	2.4998	14.999	0	0	0.21301	2.5001	15.001	0	0.21301	2.5001	15.001	0	0.21301	2.5001	15.001	0	0.21301	2.5001	15.001	0	0.20176	0.20176	0.20176	0.20176	0.20176	0.20176	0.20176	0.20176	0.20176	0.20176	0.20176	0.20176	0.20176	0.20176	0.20176	0.20176	0.20176
10000	5	0.01	0.02	1	1	0.8	0	0.3	2.5	15	0	0.3	2.5	15	0	0.3	2.5	15	0	0.3	2.5	15	0	0	0.3	2.5	15	0	0.3	2.5	15	0	0.3	2.5	15	0	0.3	2.5	15	0	0.2	0.2	0.2	0.2	0.2	0.2	0.2	0.2	0.2	0.2	0.2	0.2	0.2	0.2	0.2	0.2	0.2
10000	7	0.02	0.022408	1	1	0.53333	0	0.3	2.5	15	0	0.3	2.5	15	0	0.3	2.5	15	0	0.3	2.5	15	0	0	0.2875	2.3958	14.375	0	0.2875	2.3958	14.375	0	0.2875	2.3958	14.375	0	0.2875	2.3958	14.375	0	0.2	0.2	0.2	0.2	0.2	0.2	0.2	0.2	0.2	0.2	0.2	0.2	0.2	0.2	0.2	0.2	0.2
10000	6	0.005	0.02	1	1	0.8	0	0.3	2.5	15	0	0.3	2.5	15	0	0.3	2.5	15	0	0.3	2.5	15	0	0	0.3	2.5	15	0	0.3	2.5	15	0	0.3	2.5	15	0	0.3	2.5	15	0	0.26742	0.26742	0.26742	0.26742	0.26742	0.26742	0.26742	0.26742	0.26742	0.26742	0.26742	0.26742	0.26742	0.26742	0.26742	0.26742	0.26742
10000	4.5446	0.0098549	0.018874	1	1	0.40564	0	0.29476	1.5473	16.595	0	0.29476	1.5473	16.595	0	0.29476	1.5473	16.595	0	0.29476	1.5473	16.595	0	0	0.28458	1.4939	16.022	0	0.28458	1.4939	16.022	0	0.28458	1.4939	16.022	0	0.28458	1.4939	16.022	0	0.10732	0.10732	0.10732	0.10732	0.10732	0.10732	0.10732	0.10732	0.10732	0.10732	0.10732	0.10732	0.10732	0.10732	0.10732	0.10732	0.10732
10000	10	0.0047778	0.02	1	1	0.49144	0	0.4	2.5	10.163	0	0.4	2.5	10.163	0	0.4	2.5	10.163	0	0.4	2.5	10.163	0	0	0.38829	2.4268	9.8651	0	0.38829	2.4268	9.8651	0	0.38829	2.4268	9.8651	0	0.38829	2.4268	9.8651	0	0.2	0.2	0.2	0.2	0.2	0.2	0.2	0.2	0.2	0.2	0.2	0.2	0.2	0.2	0.2	0.2	0.2
10000	2.9992	0.001	0.02211	1	1	0.39972	0	0.29974	2.4007	200.04	0	0.29974	2.4007	200.04	0	0.29974	2.4007	200.04	0	0.29974	2.4007	200.04	0	0	0.29985	2.4015	200.11	0	0.29985	2.4015	200.11	0	0.29985	2.4015	200.11	0	0.29985	2.4015	200.11	0	0.19984	0.19984	0.19984	0.19984	0.19984	0.19984	0.19984	0.19984	0.19984	0.19984	0.19984	0.19984	0.19984	0.19984	0.19984	0.19984	0.19984
10000	5	0.0072533	0.019254	1	1	0.43931	0	0.32199	2.3729	12.985	0	0.32199	2.3729	12.985	0	0.32199	2.3729	12.985	0	0.32199	2.3729	12.985	0	0	0.11727	0.86419	4.7289	0	0.11727	0.86419	4.7289	0	0.11727	0.86419	4.7289	0	0.11727	0.86419	4.7289	0	0.21759	0.21759	0.21759	0.21759	0.21759	0.21759	0.21759	0.21759	0.21759	0.21759	0.21759	0.21759	0.21759	0.21759	0.21759	0.21759	0.21759
10000	10	0.0099871	0.01	1	1	0.20518	0	0.30164	2.4831	14.923	0	0.30164	2.4831	14.923	0	0.30164	2.4831	14.923	0	0.30164	2.4831	14.923	0	0	0.28551	2.3503	14.124	0	0.28551	2.3503	14.124	0	0.28551	2.3503	14.124	0	0.28551	2.3503	14.124	0	0.19969	0.19969	0.19969	0.19969	0.19969	0.19969	0.19969	0.19969	0.19969	0.19969	0.19969	0.19969	0.19969	0.19969	0.19969	0.19969	0.19969
10000	3.1226	0.001	0.017099	1	1	0.80001	0	-0.0033601	2.4998	15.001	0	-0.0033601	2.4998	15.001	0	-0.0033601	2.4998	15.001	0	-0.0033601	2.4998	15.001	0	0	-0.0033597	2.4995	14.999	0	-0.0033597	2.4995	14.999	0	-0.0033597	2.4995	14.999	0	-0.0033597	2.4995	14.999	0	0.11278	0.11278	0.11278	0.11278	0.11278	0.11278	0.11278	0.11278	0.11278	0.11278	0.11278	0.11278	0.11278	0.11278	0.11278	0.11278	0.11278
10000	5	0.001	0.01	1	1	0.8	0	0.3	2.5	15	0	0.3	2.5	15	0	0.3	2.5	15	0	0.3	2.5	15	0	0	0.3	2.5	15	0	0.3	2.5	15	0	0.3	2.5	15	0	0.3	2.5	15	0	0.06623	0.06623	0.06623	0.06623	0.06623	0.06623	0.06623	0.06623	0.06623	0.06623	0.06623	0.06623	0.06623	0.06623	0.06623	0.06623	0.06623
10000	4.6533	0.001	0.019095	1	1	1.1615	0	0.45431	3.3739	15	0	0.45431	3.3739	15	0	0.45431	3.3739	15	0	0.45431	3.3739	15	0	0	0.458	3.4013	15.122	0	0.458	3.4013	15.122	0	0.458	3.4013	15.122	0	0.458	3.4013	15.122	0	0.090456	0.090456	0.090456	0.090456	0.090456	0.090456	0.090456	0.090456	0.090456	0.090456	0.090456	0.090456	0.090456	0.090456	0.090456	0.090456	0.090456
10000	8.239	0.001	0.016422	1	1	0.89844	0	0.35566	2.5076	17.447	0	0.35566	2.5076	17.447	0	0.35566	2.5076	17.447	0	0.35566	2.5076	17.447	0	0	0.49821	3.5127	24.439	0	0.49821	3.5127	24.439	0	0.49821	3.5127	24.439	0	0.49821	3.5127	24.439	0	0.15781	0.15781	0.15781	0.15781	0.15781	0.15781	0.15781	0.15781	0.15781	0.15781	0.15781	0.15781	0.15781	0.15781	0.15781	0.15781	0.15781
10000	6.3702	0.001065	0.010859	1	1	0.53517	0	0.60214	3.3135	18.719	0	0.60214	3.3135	18.719	0	0.60214	3.3135	18.719	0	0.60214	3.3135	18.719	0	0	0.53088	2.9213	16.503	0	0.53088	2.9213	16.503	0	0.53088	2.9213	16.503	0	0.53088	2.9213	16.503	0	0.01415	0.01415	0.01415	0.01415	0.01415	0.01415	0.01415	0.01415	0.01415	0.01415	0.01415	0.01415	0.01415	0.01415	0.01415	0.01415	0.01415
10000	6.4456	0.0049101	0.029848	1	1	0.8	0	0.33418	2.7778	15	0	0.33418	2.7778	15	0	0.33418	2.7778	15	0	0.33418	2.7778	15	0	0	0.32954	2.7392	14.792	0	0.32954	2.7392	14.792	0	0.32954	2.7392	14.792	0	0.32954	2.7392	14.792	0	0.18889	0.18889	0.18889	0.18889	0.18889	0.18889	0.18889	0.18889	0.18889	0.18889	0.18889	0.18889	0.18889	0.18889	0.18889	0.18889	0.18889
10000	7.1021	0.001	0.01	1	1	0.75225	0	0.28148	4.3327	14.576	0	0.28148	4.3327	14.576	0	0.28148	4.3327	14.576	0	0.28148	4.3327	14.576	0	0	0.29455	4.5339	15.252	0	0.29455	4.5339	15.252	0	0.29455	4.5339	15.252	0	0.29455	4.5339	15.252	0	0.38441	0.38441	0.38441	0.38441	0.38441	0.38441	0.38441	0.38441	0.38441	0.38441	0.38441	0.38441	0.38441	0.38441	0.38441	0.38441	0.38441
10000	5	0.001	0.02	1	1	1	0	0.3	2.5	15	0	0.3	2.5	15	0	0.3	2.5	15	0	0.3	2.5	15	0	0	0.3	2.5	15	0	0.3	2.5	15	0	0.3	2.5	15	0	0.3	2.5	15	0	0.1	0.1	0.1	0.1	0.1	0.1	0.1	0.1	0.1	0.1	0.1	0.1	0.1	0.1	0.1	0.1	0.1
10000	4.347	0.001	0.01	1	1	0.65183	0	0.3	2.5	15	0	0.3	2.5	15	0	0.3	2.5	15	0	0.3	2.5	15	0	0	0.3	2.5	15	0	0.3	2.5	15	0	0.3	2.5	15	0	0.3	2.5	15	0	0.16667	0.16667	0.16667	0.16667	0.16667	0.16667	0.16667	0.16667	0.16667	0.16667	0.16667	0.16667	0.16667	0.16667	0.16667	0.16667	0.16667
10000	5.3887	0.0039459	0.021561	1	1	0.62557	0	0.38565	3.5639	16.054	0	0.38565	3.5639	16.054	0	0.38565	3.5639	16.054	0	0.38565	3.5639	16.054	0	0	0.44787	4.1389	18.644	0	0.44787	4.1389	18.644	0	0.44787	4.1389	18.644	0	0.44787	4.1389	18.644	0	0.21059	0.21059	0.21059	0.21059	0.21059	0.21059	0.21059	0.21059	0.21059	0.21059	0.21059	0.21059	0.21059	0.21059	0.21059	0.21059	0.21059
10000	3.1154	0.010008	0.01	1	1	1.4749	0	0.24119	3.5	14.507	0	0.24119	3.5	14.507	0	0.24119	3.5	14.507	0	0.24119	3.5	14.507	0	0	0.24119	3.5	14.507	0	0.24119	3.5	14.507	0	0.24119	3.5	14.507	0	0.24119	3.5	14.507	0	0.10924	0.10924	0.10924	0.10924	0.10924	0.10924	0.10924	0.10924	0.10924	0.10924	0.10924	0.10924	0.10924	0.10924	0.10924	0.10924	0.10924
10000	5	0.0049256	0.03	1	1	1.6	0	0.6	5	20	0	0.6	5	20	0	0.6	5	20	0	0.6	5	20	0	0	0.54321	4.5268	18.107	0	0.54321	4.5268	18.107	0	0.54321	4.5268	18.107	0	0.54321	4.5268	18.107	0	0.1	0.1	0.1	0.1	0.1	0.1	0.1	0.1	0.1	0.1	0.1	0.1	0.1	0.1	0.1	0.1	0.1
10000	9.9999	0.001	0.02	1	1	1.17	0	0.48931	5.0356	30.163	0	0.48931	5.0356	30.163	0	0.48931	5.0356	30.163	0	0.48931	5.0356	30.163	0	0	0.12233	1.2589	7.5406	0	0.12233	1.2589	7.5406	0	0.12233	1.2589	7.5406	0	0.12233	1.2589	7.5406	0	0.15575	0.15575	0.15575	0.15575	0.15575	0.15575	0.15575	0.15575	0.15575	0.15575	0.15575	0.15575	0.15575	0.15575	0.15575	0.15575	0.15575
10000	4.6392	0.001	0.022446	1	1	1.4899	0	-0.38724	3.4238	14.022	0	-0.38724	3.4238	14.022	0	-0.38724	3.4238	14.022	0	-0.38724	3.4238	14.022	0	0	-0.12436	1.0995	4.503	0	-0.12436	1.0995	4.503	0	-0.12436	1.0995	4.503	0	-0.12436	1.0995	4.503	0	0.078973	0.078973	0.078973	0.078973	0.078973	0.078973	0.078973	0.078973	0.078973	0.078973	0.078973	0.078973	0.078973	0.078973	0.078973	0.078973	0.078973
10000	4.2559	0.001	0.01	1	1	1.2569	0	-0.0051372	3.5231	15.082	0	-0.0051372	3.5231	15.082	0	-0.0051372	3.5231	15.082	0	-0.0051372	3.5231	15.082	0	0	-0.0023628	1.6204	6.9369	0	-0.0023628	1.6204	6.9369	0	-0.0023628	1.6204	6.9369	0	-0.0023628	1.6204	6.9369	0	0.08252	0.08252	0.08252	0.08252	0.08252	0.08252	0.08252	0.08252	0.08252	0.08252	0.08252	0.08252	0.08252	0.08252	0.08252	0.08252	0.08252
10000	3.3817	0.001	0.038507	1	1	0.4963	0	-2.2855	3.2639	15.445	0	-2.2855	3.2639	15.445	0	-2.2855	3.2639	15.445	0	-2.2855	3.2639	15.445	0	0	-0.87319	1.247	5.9007	0	-0.87319	1.247	5.9007	0	-0.87319	1.247	5.9007	0	-0.87319	1.247	5.9007	0	0.34369	0.34369	0.34369	0.34369	0.34369	0.34369	0.34369	0.34369	0.34369	0.34369	0.34369	0.34369	0.34369	0.34369	0.34369	0.34369	0.34369
10000	5.2013	0.01	0.02	1	1	1.1833	0	0.16251	2.0667	6.8414	0	0.16251	2.0667	6.8414	0	0.16251	2.0667	6.8414	0	0.16251	2.0667	6.8414	0	0	0.16251	2.0667	6.8414	0	0.16251	2.0667	6.8414	0	0.16251	2.0667	6.8414	0	0.16251	2.0667	6.8414	0	0	0	0	0	0	0	0	0	0	0	0	0	0	0	0	0	0
10000	3	0.001	0.01	1	1	1.1013	0	-1.0357	3.392	20	0	-1.0357	3.392	20	0	-1.0357	3.392	20	0	-1.0357	3.392	20	0	0	-0.25893	0.84801	5	0	-0.25893	0.84801	5	0	-0.25893	0.84801	5	0	-0.25893	0.84801	5	0	0.30668	0.30668	0.30668	0.30668	0.30668	0.30668	0.30668	0.30668	0.30668	0.30668	0.30668	0.30668	0.30668	0.30668	0.30668	0.30668	0.30668
10000	3.55	0.001	0.02	1	1	0.8	0	0.3	2.5	15	0	0.3	2.5	15	0	0.3	2.5	15	0	0.3	2.5	15	0	0	0.3	2.5	15	0	0.3	2.5	15	0	0.3	2.5	15	0	0.3	2.5	15	0	0.28265	0.28265	0.28265	0.28265	0.28265	0.28265	0.28265	0.28265	0.28265	0.28265	0.28265	0.28265	0.28265	0.28265	0.28265	0.28265	0.28265
10000	10	0.006492	0.023546	1	1	0.95958	0	-0.65239	1.767	16.418	0	-0.65239	1.767	16.418	0	-0.65239	1.767	16.418	0	-0.65239	1.767	16.418	0	0	-0.55118	1.4928	13.871	0	-0.55118	1.4928	13.871	0	-0.55118	1.4928	13.871	0	-0.55118	1.4928	13.871	0	0.27092	0.27092	0.27092	0.27092	0.27092	0.27092	0.27092	0.27092	0.27092	0.27092	0.27092	0.27092	0.27092	0.27092	0.27092	0.27092	0.27092
10000	3.0778	0.001	0.03	1	1	0.4	0	-6.0555e-06	2.5	30	0	-6.0555e-06	2.5	30	0	-6.0555e-06	2.5	30	0	-6.0555e-06	2.5	30	0	0	-6.0555e-06	2.5	30	0	-6.0555e-06	2.5	30	0	-6.0555e-06	2.5	30	0	-6.0555e-06	2.5	30	0	0.2	0.2	0.2	0.2	0.2	0.2	0.2	0.2	0.2	0.2	0.2	0.2	0.2	0.2	0.2	0.2	0.2
10000	5.8178	0.0089283	0.023282	1	1	0.65229	0	-0.77665	2.7872	16.313	0	-0.77665	2.7872	16.313	0	-0.77665	2.7872	16.313	0	-0.77665	2.7872	16.313	0	0	-1.1394	4.0889	23.932	0	-1.1394	4.0889	23.932	0	-1.1394	4.0889	23.932	0	-1.1394	4.0889	23.932	0	0.26565	0.26565	0.26565	0.26565	0.26565	0.26565	0.26565	0.26565	0.26565	0.26565	0.26565	0.26565	0.26565	0.26565	0.26565	0.26565	0.26565
10000	6	0.005	0.02	1	1	0.49573	0	-2.7	3.3333	15	0	-2.7	3.3333	15	0	-2.7	3.3333	15	0	-2.7	3.3333	15	0	0	-2.8675	3.5401	15.931	0	-2.8675	3.5401	15.931	0	-2.8675	3.5401	15.931	0	-2.8675	3.5401	15.931	0	0.28789	0.28789	0.28789	0.28789	0.28789	0.28789	0.28789	0.28789	0.28789	0.28789	0.28789	0.28789	0.28789	0.28789	0.28789	0.28789	0.28789
10000	1.4856	0.001	0.039879	1	1	0.4	0	-0.25642	2.6813	30	0	-0.25642	2.6813	30	0	-0.25642	2.6813	30	0	-0.25642	2.6813	30	0	0	-0.17094	1.7876	20	0	-0.17094	1.7876	20	0	-0.17094	1.7876	20	0	-0.17094	1.7876	20	0	0.16667	0.16667	0.16667	0.16667	0.16667	0.16667	0.16667	0.16667	0.16667	0.16667	0.16667	0.16667	0.16667	0.16667	0.16667	0.16667	0.16667
10000	7.3285	0.001	0.17973	1	1	0.8	0	-8.1705	7	15	0	-8.1705	7	15	0	-8.1705	7	15	0	-8.1705	7	15	0	0	-8.1705	7	15	0	-8.1705	7	15	0	-8.1705	7	15	0	-8.1705	7	15	0	0.1963	0.1963	0.1963	0.1963	0.1963	0.1963	0.1963	0.1963	0.1963	0.1963	0.1963	0.1963	0.1963	0.1963	0.1963	0.1963	0.1963
10000	10	0.010906	0.01	1	1	0.434	0	0.24993	2.7493	-10.191	0	0.24993	2.7493	-10.191	0	0.24993	2.7493	-10.191	0	0.24993	2.7493	-10.191	0	0	0.30133	3.3147	-12.287	0	0.30133	3.3147	-12.287	0	0.30133	3.3147	-12.287	0	0.30133	3.3147	-12.287	0	0.28115	0.28115	0.28115	0.28115	0.28115	0.28115	0.28115	0.28115	0.28115	0.28115	0.28115	0.28115	0.28115	0.28115	0.28115	0.28115	0.28115
10000	9.1768	0.01	0.02	1	1	0.17177	0	0.3	1.4171	-21.172	0	0.3	1.4171	-21.172	0	0.3	1.4171	-21.172	0	0.3	1.4171	-21.172	0	0	0.7699	3.6367	-54.334	0	0.7699	3.6367	-54.334	0	0.7699	3.6367	-54.334	0	0.7699	3.6367	-54.334	0	0.14136	0.14136	0.14136	0.14136	0.14136	0.14136	0.14136	0.14136	0.14136	0.14136	0.14136	0.14136	0.14136	0.14136	0.14136	0.14136	0.14136
10000	2.8389	0.0053141	0.021762	1	1	0.030981	0	0.4	2.5	15	0	0.4	2.5	15	0	0.4	2.5	15	0	0.4	2.5	15	0	0	0.46667	2.9167	17.5	0	0.46667	2.9167	17.5	0	0.46667	2.9167	17.5	0	0.46667	2.9167	17.5	0	0.52587	0.52587	0.52587	0.52587	0.52587	0.52587	0.52587	0.52587	0.52587	0.52587	0.52587	0.52587	0.52587	0.52587	0.52587	0.52587	0.52587
10000	2.8389	0.0031111	0.023177	1	1	-0.54095	0	0.5	3.3333	15	0	0.5	3.3333	15	0	0.5	3.3333	15	0	0.5	3.3333	15	0	0	0.5	3.3333	15	0	0.5	3.3333	15	0	0.5	3.3333	15	0	0.5	3.3333	15	0	0.51286	0.51286	0.51286	0.51286	0.51286	0.51286	0.51286	0.51286	0.51286	0.51286	0.51286	0.51286	0.51286	0.51286	0.51286	0.51286	0.51286
10000	6.0976	0.0049696	0.018768	1	1	0.22759	0	0.24886	2.0112	-132.77	0	0.24886	2.0112	-132.77	0	0.24886	2.0112	-132.77	0	0.24886	2.0112	-132.77	0	0	0.53189	4.2986	-283.76	0	0.53189	4.2986	-283.76	0	0.53189	4.2986	-283.76	0	0.53189	4.2986	-283.76	0	0.61443	0.61443	0.61443	0.61443	0.61443	0.61443	0.61443	0.61443	0.61443	0.61443	0.61443	0.61443	0.61443	0.61443	0.61443	0.61443	0.61443
10000	5.8944	0.0058333	0.02	1	1	0.4	0	0.3	3.5	10	0	0.3	3.5	10	0	0.3	3.5	10	0	0.3	3.5	10	0	0	0.3	3.5	10	0	0.3	3.5	10	0	0.3	3.5	10	0	0.3	3.5	10	0	0.29514	0.29514	0.29514	0.29514	0.29514	0.29514	0.29514	0.29514	0.29514	0.29514	0.29514	0.29514	0.29514	0.29514	0.29514	0.29514	0.29514
10000	5	0.001	0.01	1	1	0.8	0	0.3	2.5	15	0	0.3	2.5	15	0	0.3	2.5	15	0	0.3	2.5	15	0	0	0.36185	3.0154	18.093	0	0.36185	3.0154	18.093	0	0.36185	3.0154	18.093	0	0.36185	3.0154	18.093	0	0.4	0.4	0.4	0.4	0.4	0.4	0.4	0.4	0.4	0.4	0.4	0.4	0.4	0.4	0.4	0.4	0.4
10000	5.9819	0.010167	0.019815	1	1	0.7919	0	0.29398	4.0182	9.9491	0	0.29398	4.0182	9.9491	0	0.29398	4.0182	9.9491	0	0.29398	4.0182	9.9491	0	0	0.29636	4.0507	10.03	0	0.29636	4.0507	10.03	0	0.29636	4.0507	10.03	0	0.29636	4.0507	10.03	0	0.31959	0.31959	0.31959	0.31959	0.31959	0.31959	0.31959	0.31959	0.31959	0.31959	0.31959	0.31959	0.31959	0.31959	0.31959	0.31959	0.31959
10000	5.6686	0.01	0.01	1	1	0.64816	0	0.37129	2.5	6.83	0	0.37129	2.5	6.83	0	0.37129	2.5	6.83	0	0.37129	2.5	6.83	0	0	0.48431	3.261	8.909	0	0.48431	3.261	8.909	0	0.48431	3.261	8.909	0	0.48431	3.261	8.909	0	0.2	0.2	0.2	0.2	0.2	0.2	0.2	0.2	0.2	0.2	0.2	0.2	0.2	0.2	0.2	0.2	0.2
10000	6.107	0.004561	0.020481	1	1	0.75061	0	0.26433	3.5605	4.7144	0	0.26433	3.5605	4.7144	0	0.26433	3.5605	4.7144	0	0.26433	3.5605	4.7144	0	0	0.2832	3.8147	5.051	0	0.2832	3.8147	5.051	0	0.2832	3.8147	5.051	0	0.2832	3.8147	5.051	0	0.39441	0.39441	0.39441	0.39441	0.39441	0.39441	0.39441	0.39441	0.39441	0.39441	0.39441	0.39441	0.39441	0.39441	0.39441	0.39441	0.39441
10000	6.0566	0.0066897	0.03	1	1	1.1036	0	0.33333	2.4971	15	0	0.33333	2.4971	15	0	0.33333	2.4971	15	0	0.33333	2.4971	15	0	0	0.26772	2.0056	12.048	0	0.26772	2.0056	12.048	0	0.26772	2.0056	12.048	0	0.26772	2.0056	12.048	0	0.27484	0.27484	0.27484	0.27484	0.27484	0.27484	0.27484	0.27484	0.27484	0.27484	0.27484	0.27484	0.27484	0.27484	0.27484	0.27484	0.27484
10000	3.8843	0.0032739	0.0175	1	1	0.78273	0	0.24728	2.7188	14	0	0.24728	2.7188	14	0	0.24728	2.7188	14	0	0.24728	2.7188	14	0	0	0.27432	3.0161	15.531	0	0.27432	3.0161	15.531	0	0.27432	3.0161	15.531	0	0.27432	3.0161	15.531	0	0.25	0.25	0.25	0.25	0.25	0.25	0.25	0.25	0.25	0.25	0.25	0.25	0.25	0.25	0.25	0.25	0.25
10000	7.4626	0.001	0.017274	1	1	0.82496	0	0.27225	3.3332	18.402	0	0.27225	3.3332	18.402	0	0.27225	3.3332	18.402	0	0.27225	3.3332	18.402	0	0	0.27094	3.3171	18.313	0	0.27094	3.3171	18.313	0	0.27094	3.3171	18.313	0	0.27094	3.3171	18.313	0	0.48524	0.48524	0.48524	0.48524	0.48524	0.48524	0.48524	0.48524	0.48524	0.48524	0.48524	0.48524	0.48524	0.48524	0.48524	0.48524	0.48524
10000	0.8764	0.012127	0.017876	1	1	1.0667	0	0.27081	2.5	10	0	0.27081	2.5	10	0	0.27081	2.5	10	0	0.27081	2.5	10	0	0	0.1354	1.25	5	0	0.1354	1.25	5	0	0.1354	1.25	5	0	0.1354	1.25	5	0	0.2	0.2	0.2	0.2	0.2	0.2	0.2	0.2	0.2	0.2	0.2	0.2	0.2	0.2	0.2	0.2	0.2
10000	10	0.001	0.01	1	1	0.8	0	0.3	2.5	15	0	0.3	2.5	15	0	0.3	2.5	15	0	0.3	2.5	15	0	0	0.3	2.5	15	0	0.3	2.5	15	0	0.3	2.5	15	0	0.3	2.5	15	0	0.29141	0.29141	0.29141	0.29141	0.29141	0.29141	0.29141	0.29141	0.29141	0.29141	0.29141	0.29141	0.29141	0.29141	0.29141	0.29141	0.29141
10000	10	0.001	0.01	1	1	0.78296	0	0.42692	3.3506	14.993	0	0.42692	3.3506	14.993	0	0.42692	3.3506	14.993	0	0.42692	3.3506	14.993	0	0	0.42578	3.3417	14.953	0	0.42578	3.3417	14.953	0	0.42578	3.3417	14.953	0	0.42578	3.3417	14.953	0	0.19081	0.19081	0.19081	0.19081	0.19081	0.19081	0.19081	0.19081	0.19081	0.19081	0.19081	0.19081	0.19081	0.19081	0.19081	0.19081	0.19081
10000	7	0.005	0.01	1	1	1	0	0.3	3.5	15	0	0.3	3.5	15	0	0.3	3.5	15	0	0.3	3.5	15	0	0	0.23635	2.7575	11.818	0	0.23635	2.7575	11.818	0	0.23635	2.7575	11.818	0	0.23635	2.7575	11.818	0	0.2	0.2	0.2	0.2	0.2	0.2	0.2	0.2	0.2	0.2	0.2	0.2	0.2	0.2	0.2	0.2	0.2
10000	5	0.0058333	0.022222	1	1	0.8	0	0.3	2.8333	15	0	0.3	2.8333	15	0	0.3	2.8333	15	0	0.3	2.8333	15	0	0	0.6	5.6667	30	0	0.6	5.6667	30	0	0.6	5.6667	30	0	0.6	5.6667	30	0	0.3	0.3	0.3	0.3	0.3	0.3	0.3	0.3	0.3	0.3	0.3	0.3	0.3	0.3	0.3	0.3	0.3
10000	4.1833	0.001	0.01	1	1	0.8	0	0.3	3.3333	15	0	0.3	3.3333	15	0	0.3	3.3333	15	0	0.3	3.3333	15	0	0	0.3	3.3333	15	0	0.3	3.3333	15	0	0.3	3.3333	15	0	0.3	3.3333	15	0	0.2	0.2	0.2	0.2	0.2	0.2	0.2	0.2	0.2	0.2	0.2	0.2	0.2	0.2	0.2	0.2	0.2
10000	4.497	0.0063485	0.024679	1	1	0.98257	0	0.43186	3.2221	16.623	0	0.43186	3.2221	16.623	0	0.43186	3.2221	16.623	0	0.43186	3.2221	16.623	0	0	0.50852	3.7941	19.574	0	0.50852	3.7941	19.574	0	0.50852	3.7941	19.574	0	0.50852	3.7941	19.574	0	0.15847	0.15847	0.15847	0.15847	0.15847	0.15847	0.15847	0.15847	0.15847	0.15847	0.15847	0.15847	0.15847	0.15847	0.15847	0.15847	0.15847
10000	10	0.005	0.03	1	1	1	0	0.3	1.8333	12.407	0	0.3	1.8333	12.407	0	0.3	1.8333	12.407	0	0.3	1.8333	12.407	0	0	0.68486	4.1852	28.324	0	0.68486	4.1852	28.324	0	0.68486	4.1852	28.324	0	0.68486	4.1852	28.324	0	0.11282	0.11282	0.11282	0.11282	0.11282	0.11282	0.11282	0.11282	0.11282	0.11282	0.11282	0.11282	0.11282	0.11282	0.11282	0.11282	0.11282
10000	10	0.0029862	0.017711	1	1	0.73084	0	-0.32326	3.4062	5.4459	0	-0.32326	3.4062	5.4459	0	-0.32326	3.4062	5.4459	0	-0.32326	3.4062	5.4459	0	0	-0.42546	4.4831	7.1676	0	-0.42546	4.4831	7.1676	0	-0.42546	4.4831	7.1676	0	-0.42546	4.4831	7.1676	0	0.21667	0.21667	0.21667	0.21667	0.21667	0.21667	0.21667	0.21667	0.21667	0.21667	0.21667	0.21667	0.21667	0.21667	0.21667	0.21667	0.21667
10000	5.663	0.0058501	0.017366	1	1	1.1411	0	0.5	2.7778	16.667	0	0.5	2.7778	16.667	0	0.5	2.7778	16.667	0	0.5	2.7778	16.667	0	0	0.63356	3.5198	21.119	0	0.63356	3.5198	21.119	0	0.63356	3.5198	21.119	0	0.63356	3.5198	21.119	0	0.098474	0.098474	0.098474	0.098474	0.098474	0.098474	0.098474	0.098474	0.098474	0.098474	0.098474	0.098474	0.098474	0.098474	0.098474	0.098474	0.098474
10000	5.3113	0.001	0.02	1	1	1.0667	0	0.3	2.5	9.2117	0	0.3	2.5	9.2117	0	0.3	2.5	9.2117	0	0.3	2.5	9.2117	0	0	0.3	2.5	9.2117	0	0.3	2.5	9.2117	0	0.3	2.5	9.2117	0	0.3	2.5	9.2117	0	0	0	0	0	0	0	0	0	0	0	0	0	0	0	0	0	0
10000	5.5743	0.0066431	0.024366	1	1	0.99626	0	0.15824	2.882	16.734	0	0.15824	2.882	16.734	0	0.15824	2.882	16.734	0	0.15824	2.882	16.734	0	0	0.18846	3.4325	19.93	0	0.18846	3.4325	19.93	0	0.18846	3.4325	19.93	0	0.18846	3.4325	19.93	0	0.075665	0.075665	0.075665	0.075665	0.075665	0.075665	0.075665	0.075665	0.075665	0.075665	0.075665	0.075665	0.075665	0.075665	0.075665	0.075665	0.075665
10000	5	0.005	0.022594	1	1	0.70536	0	0.3	2.5	-47.048	0	0.3	2.5	-47.048	0	0.3	2.5	-47.048	0	0.3	2.5	-47.048	0	0	0.42483	3.5402	-66.625	0	0.42483	3.5402	-66.625	0	0.42483	3.5402	-66.625	0	0.42483	3.5402	-66.625	0	0.2951	0.2951	0.2951	0.2951	0.2951	0.2951	0.2951	0.2951	0.2951	0.2951	0.2951	0.2951	0.2951	0.2951	0.2951	0.2951	0.2951
10000	8.9749	0.018304	0.01	1	1	0.35	0	0.625	3.375	11	0	0.625	3.375	11	0	0.625	3.375	11	0	0.625	3.375	11	0	0	1.6914	9.1336	29.769	0	1.6914	9.1336	29.769	0	1.6914	9.1336	29.769	0	1.6914	9.1336	29.769	0	0.7	0.7	0.7	0.7	0.7	0.7	0.7	0.7	0.7	0.7	0.7	0.7	0.7	0.7	0.7	0.7	0.7
10000	5.1823	0.0065639	0.023366	1	1	0.49891	0	0.30015	3.5533	3.0742	0	0.30015	3.5533	3.0742	0	0.30015	3.5533	3.0742	0	0.30015	3.5533	3.0742	0	0	0.44722	5.2943	4.5805	0	0.44722	5.2943	4.5805	0	0.44722	5.2943	4.5805	0	0.44722	5.2943	4.5805	0	0.55051	0.55051	0.55051	0.55051	0.55051	0.55051	0.55051	0.55051	0.55051	0.55051	0.55051	0.55051	0.55051	0.55051	0.55051	0.55051	0.55051
10000	8.9444	0.016911	0.017924	1	1	0.5748	0	0.34727	2.7236	10.16	0	0.34727	2.7236	10.16	0	0.34727	2.7236	10.16	0	0.34727	2.7236	10.16	0	0	0.65165	5.1108	19.065	0	0.65165	5.1108	19.065	0	0.65165	5.1108	19.065	0	0.65165	5.1108	19.065	0	0.28335	0.28335	0.28335	0.28335	0.28335	0.28335	0.28335	0.28335	0.28335	0.28335	0.28335	0.28335	0.28335	0.28335	0.28335	0.28335	0.28335
10000	3	0.0036214	0.019247	1	1	0.51617	0	0.66667	2.5476	-8.3218	0	0.66667	2.5476	-8.3218	0	0.66667	2.5476	-8.3218	0	0.66667	2.5476	-8.3218	0	0	0.7037	2.6892	-8.7842	0	0.7037	2.6892	-8.7842	0	0.7037	2.6892	-8.7842	0	0.7037	2.6892	-8.7842	0	0.49019	0.49019	0.49019	0.49019	0.49019	0.49019	0.49019	0.49019	0.49019	0.49019	0.49019	0.49019	0.49019	0.49019	0.49019	0.49019	0.49019
10000	9	0.011667	0.026667	1	1	0.44444	0	0.32876	2.5	4.8074	0	0.32876	2.5	4.8074	0	0.32876	2.5	4.8074	0	0.32876	2.5	4.8074	0	0	0.55101	4.19	8.0573	0	0.55101	4.19	8.0573	0	0.55101	4.19	8.0573	0	0.55101	4.19	8.0573	0	0.4	0.4	0.4	0.4	0.4	0.4	0.4	0.4	0.4	0.4	0.4	0.4	0.4	0.4	0.4	0.4	0.4
10000	9.0032	0.0093217	0.023076	1	1	1.0484	0	0.419	1.4275	21.193	0	0.419	1.4275	21.193	0	0.419	1.4275	21.193	0	0.419	1.4275	21.193	0	0	1.5379	5.2396	77.788	0	1.5379	5.2396	77.788	0	1.5379	5.2396	77.788	0	1.5379	5.2396	77.788	0	0.19348	0.19348	0.19348	0.19348	0.19348	0.19348	0.19348	0.19348	0.19348	0.19348	0.19348	0.19348	0.19348	0.19348	0.19348	0.19348	0.19348
10000	10	0.011526	0.017778	1	1	0.63755	0	0.16293	2.5	15	0	0.16293	2.5	15	0	0.16293	2.5	15	0	0.16293	2.5	15	0	0	0.32846	5.04	30.24	0	0.32846	5.04	30.24	0	0.32846	5.04	30.24	0	0.32846	5.04	30.24	0	0.4	0.4	0.4	0.4	0.4	0.4	0.4	0.4	0.4	0.4	0.4	0.4	0.4	0.4	0.4	0.4	0.4
10000	10	0.010011	0.01	1	1	0.60826	0	0.3	2.5	26.667	0	0.3	2.5	26.667	0	0.3	2.5	26.667	0	0.3	2.5	26.667	0	0	0.67821	5.6518	60.286	0	0.67821	5.6518	60.286	0	0.67821	5.6518	60.286	0	0.67821	5.6518	60.286	0	0.36764	0.36764	0.36764	0.36764	0.36764	0.36764	0.36764	0.36764	0.36764	0.36764	0.36764	0.36764	0.36764	0.36764	0.36764	0.36764	0.36764
10000	9.9999	0.0042842	0.01543	1	1	0.58682	0	0.44604	2.9145	16.895	0	0.44604	2.9145	16.895	0	0.44604	2.9145	16.895	0	0.44604	2.9145	16.895	0	0	1.2357	8.0741	46.804	0	1.2357	8.0741	46.804	0	1.2357	8.0741	46.804	0	1.2357	8.0741	46.804	0	0.52448	0.52448	0.52448	0.52448	0.52448	0.52448	0.52448	0.52448	0.52448	0.52448	0.52448	0.52448	0.52448	0.52448	0.52448	0.52448	0.52448
10000	9.3866	0.001	0.02	1	1	0.92885	0	0.24687	3.8591	14.061	0	0.24687	3.8591	14.061	0	0.24687	3.8591	14.061	0	0.24687	3.8591	14.061	0	0	0.25916	4.0513	14.761	0	0.25916	4.0513	14.761	0	0.25916	4.0513	14.761	0	0.25916	4.0513	14.761	0	0.13333	0.13333	0.13333	0.13333	0.13333	0.13333	0.13333	0.13333	0.13333	0.13333	0.13333	0.13333	0.13333	0.13333	0.13333	0.13333	0.13333
10000	5.2502	0.001	0.01	1	1	0.78599	0	-0.048953	7.4105	20.097	0	-0.048953	7.4105	20.097	0	-0.048953	7.4105	20.097	0	-0.048953	7.4105	20.097	0	0	-0.023898	3.6176	9.8109	0	-0.023898	3.6176	9.8109	0	-0.023898	3.6176	9.8109	0	-0.023898	3.6176	9.8109	0	0.101	0.101	0.101	0.101	0.101	0.101	0.101	0.101	0.101	0.101	0.101	0.101	0.101	0.101	0.101	0.101	0.101
10000	9.9999	0.001	0.01	1	1	0.8	0	-0.00079515	3.3772	20	0	-0.00079515	3.3772	20	0	-0.00079515	3.3772	20	0	-0.00079515	3.3772	20	0	0	-0.00097111	4.1245	24.426	0	-0.00097111	4.1245	24.426	0	-0.00097111	4.1245	24.426	0	-0.00097111	4.1245	24.426	0	0.1	0.1	0.1	0.1	0.1	0.1	0.1	0.1	0.1	0.1	0.1	0.1	0.1	0.1	0.1	0.1	0.1
10000	7	0.001	0.015	1	1	1.0667	0	0.3	3.5	30	0	0.3	3.5	30	0	0.3	3.5	30	0	0.3	3.5	30	0	0	0.31078	3.6258	31.078	0	0.31078	3.6258	31.078	0	0.31078	3.6258	31.078	0	0.31078	3.6258	31.078	0	0.1	0.1	0.1	0.1	0.1	0.1	0.1	0.1	0.1	0.1	0.1	0.1	0.1	0.1	0.1	0.1	0.1
10000	6.9994	0.001	0.019997	1	1	0.87027	0	0.3001	4.6389	15.001	0	0.3001	4.6389	15.001	0	0.3001	4.6389	15.001	0	0.3001	4.6389	15.001	0	0	0.30014	4.6395	15.003	0	0.30014	4.6395	15.003	0	0.30014	4.6395	15.003	0	0.30014	4.6395	15.003	0	0.19994	0.19994	0.19994	0.19994	0.19994	0.19994	0.19994	0.19994	0.19994	0.19994	0.19994	0.19994	0.19994	0.19994	0.19994	0.19994	0.19994
10000	5.8026	0.001	0.02	1	1	1.3746	0	0.3	3.9085	15	0	0.3	3.9085	15	0	0.3	3.9085	15	0	0.3	3.9085	15	0	0	0.15	1.9543	7.5	0	0.15	1.9543	7.5	0	0.15	1.9543	7.5	0	0.15	1.9543	7.5	0	0.1	0.1	0.1	0.1	0.1	0.1	0.1	0.1	0.1	0.1	0.1	0.1	0.1	0.1	0.1	0.1	0.1
10000	4.797	0.001	0.01	1	1	1.3731	0	0.092349	2.2879	20.022	0	0.092349	2.2879	20.022	0	0.092349	2.2879	20.022	0	0.092349	2.2879	20.022	0	0	0.086787	2.1501	18.817	0	0.086787	2.1501	18.817	0	0.086787	2.1501	18.817	0	0.086787	2.1501	18.817	0	0.10056	0.10056	0.10056	0.10056	0.10056	0.10056	0.10056	0.10056	0.10056	0.10056	0.10056	0.10056	0.10056	0.10056	0.10056	0.10056	0.10056
10000	5.9258	0.001	0.030528	1	1	1.3239	0	0.28146	3.3666	10.316	0	0.28146	3.3666	10.316	0	0.28146	3.3666	10.316	0	0.28146	3.3666	10.316	0	0	0.14979	1.7917	5.4901	0	0.14979	1.7917	5.4901	0	0.14979	1.7917	5.4901	0	0.14979	1.7917	5.4901	0	2.7897e-17	2.7897e-17	2.7897e-17	2.7897e-17	2.7897e-17	2.7897e-17	2.7897e-17	2.7897e-17	2.7897e-17	2.7897e-17	2.7897e-17	2.7897e-17	2.7897e-17	2.7897e-17	2.7897e-17	2.7897e-17	2.7897e-17
10000	5	0.001	0.015	1	1	1.2122	0	0.3	2.5	15	0	0.3	2.5	15	0	0.3	2.5	15	0	0.3	2.5	15	0	0	0.3	2.5	15	0	0.3	2.5	15	0	0.3	2.5	15	0	0.3	2.5	15	0	0.2	0.2	0.2	0.2	0.2	0.2	0.2	0.2	0.2	0.2	0.2	0.2	0.2	0.2	0.2	0.2	0.2
10000	6.2101	0.001	0.01	1	1	1.6	0	0.15282	3.5	40	0	0.15282	3.5	40	0	0.15282	3.5	40	0	0.15282	3.5	40	0	0	0.076408	1.75	20	0	0.076408	1.75	20	0	0.076408	1.75	20	0	0.076408	1.75	20	0	0.2	0.2	0.2	0.2	0.2	0.2	0.2	0.2	0.2	0.2	0.2	0.2	0.2	0.2	0.2	0.2	0.2
10000	3	0.001	0.016306	1	1	0.8	0	0.20489	2.9978	15	0	0.20489	2.9978	15	0	0.20489	2.9978	15	0	0.20489	2.9978	15	0	0	0.27533	4.0284	20.157	0	0.27533	4.0284	20.157	0	0.27533	4.0284	20.157	0	0.27533	4.0284	20.157	0	0.3	0.3	0.3	0.3	0.3	0.3	0.3	0.3	0.3	0.3	0.3	0.3	0.3	0.3	0.3	0.3	0.3
10000	5.4517	0.001	0.020711	1	1	0.83125	0	0.32257	6.9219	9.0042	0	0.32257	6.9219	9.0042	0	0.32257	6.9219	9.0042	0	0.32257	6.9219	9.0042	0	0	0.33237	7.1322	9.2778	0	0.33237	7.1322	9.2778	0	0.33237	7.1322	9.2778	0	0.33237	7.1322	9.2778	0	0.21389	0.21389	0.21389	0.21389	0.21389	0.21389	0.21389	0.21389	0.21389	0.21389	0.21389	0.21389	0.21389	0.21389	0.21389	0.21389	0.21389
10000	3.7362	0.001	0.03	1	1	0.8	0	0.3	5	7.3317	0	0.3	5	7.3317	0	0.3	5	7.3317	0	0.3	5	7.3317	0	0	0.30504	5.0839	7.4548	0	0.30504	5.0839	7.4548	0	0.30504	5.0839	7.4548	0	0.30504	5.0839	7.4548	0	0.2	0.2	0.2	0.2	0.2	0.2	0.2	0.2	0.2	0.2	0.2	0.2	0.2	0.2	0.2	0.2	0.2
10000	4.9431	0.0036667	0.018092	1	1	0.93012	0	0.37771	3.6935	7.8074	0	0.37771	3.6935	7.8074	0	0.37771	3.6935	7.8074	0	0.37771	3.6935	7.8074	0	0	0.6863	6.711	14.186	0	0.6863	6.711	14.186	0	0.6863	6.711	14.186	0	0.6863	6.711	14.186	0	0.2796	0.2796	0.2796	0.2796	0.2796	0.2796	0.2796	0.2796	0.2796	0.2796	0.2796	0.2796	0.2796	0.2796	0.2796	0.2796	0.2796
10000	3	0.001	0.01	1	1	0.8	0	0.3	2.8968	15	0	0.3	2.8968	15	0	0.3	2.8968	15	0	0.3	2.8968	15	0	0	0.3	2.8968	15	0	0.3	2.8968	15	0	0.3	2.8968	15	0	0.3	2.8968	15	0	0.083333	0.083333	0.083333	0.083333	0.083333	0.083333	0.083333	0.083333	0.083333	0.083333	0.083333	0.083333	0.083333	0.083333	0.083333	0.083333	0.083333
10000	7.9804	0.001	0.018333	1	1	1.545	0	0.11945	3.8399	33.333	0	0.11945	3.8399	33.333	0	0.11945	3.8399	33.333	0	0.11945	3.8399	33.333	0	0	0.11945	3.8399	33.333	0	0.11945	3.8399	33.333	0	0.11945	3.8399	33.333	0	0.11945	3.8399	33.333	0	0.26279	0.26279	0.26279	0.26279	0.26279	0.26279	0.26279	0.26279	0.26279	0.26279	0.26279	0.26279	0.26279	0.26279	0.26279	0.26279	0.26279
10000	6	0.001	0.04	1	1	1.1955	0	0.1129	3.6	15	0	0.1129	3.6	15	0	0.1129	3.6	15	0	0.1129	3.6	15	0	0	0.1129	3.6	15	0	0.1129	3.6	15	0	0.1129	3.6	15	0	0.1129	3.6	15	0	0.2	0.2	0.2	0.2	0.2	0.2	0.2	0.2	0.2	0.2	0.2	0.2	0.2	0.2	0.2	0.2	0.2
10000	6.135	0.001	0.019046	1	1	1.5045	0	0.33383	4.2634	14.446	0	0.33383	4.2634	14.446	0	0.33383	4.2634	14.446	0	0.33383	4.2634	14.446	0	0	0.32978	4.2118	14.271	0	0.32978	4.2118	14.271	0	0.32978	4.2118	14.271	0	0.32978	4.2118	14.271	0	0.29582	0.29582	0.29582	0.29582	0.29582	0.29582	0.29582	0.29582	0.29582	0.29582	0.29582	0.29582	0.29582	0.29582	0.29582	0.29582	0.29582
10000	7.0631	0.003019	0.019747	1	1	1.4312	0	0.48925	4.6362	10.065	0	0.48925	4.6362	10.065	0	0.48925	4.6362	10.065	0	0.48925	4.6362	10.065	0	0	0.52328	4.9586	10.765	0	0.52328	4.9586	10.765	0	0.52328	4.9586	10.765	0	0.52328	4.9586	10.765	0	0.096944	0.096944	0.096944	0.096944	0.096944	0.096944	0.096944	0.096944	0.096944	0.096944	0.096944	0.096944	0.096944	0.096944	0.096944	0.096944	0.096944
10000	5.2634	0.001	0.015	1	1	1	0	0.3	3.9038	15	0	0.3	3.9038	15	0	0.3	3.9038	15	0	0.3	3.9038	15	0	0	0.3	3.9038	15	0	0.3	3.9038	15	0	0.3	3.9038	15	0	0.3	3.9038	15	0	0.2	0.2	0.2	0.2	0.2	0.2	0.2	0.2	0.2	0.2	0.2	0.2	0.2	0.2	0.2	0.2	0.2
10000	5.1973	0.001	0.012871	1	1	0.78308	0	-0.0093991	2.4671	20.059	0	-0.0093991	2.4671	20.059	0	-0.0093991	2.4671	20.059	0	-0.0093991	2.4671	20.059	0	0	-0.011313	2.9694	24.143	0	-0.011313	2.9694	24.143	0	-0.011313	2.9694	24.143	0	-0.011313	2.9694	24.143	0	0.31391	0.31391	0.31391	0.31391	0.31391	0.31391	0.31391	0.31391	0.31391	0.31391	0.31391	0.31391	0.31391	0.31391	0.31391	0.31391	0.31391
10000	3	0.001	0.01	1	1	0.8	0	0.3	2.5	7.7051	0	0.3	2.5	7.7051	0	0.3	2.5	7.7051	0	0.3	2.5	7.7051	0	0	0.3	2.5	7.7051	0	0.3	2.5	7.7051	0	0.3	2.5	7.7051	0	0.3	2.5	7.7051	0	0.1	0.1	0.1	0.1	0.1	0.1	0.1	0.1	0.1	0.1	0.1	0.1	0.1	0.1	0.1	0.1	0.1
10000	5	0.001	0.01	1	1	0.8	0	0.3	2.5	15	0	0.3	2.5	15	0	0.3	2.5	15	0	0.3	2.5	15	0	0	0.3	2.5	15	0	0.3	2.5	15	0	0.3	2.5	15	0	0.3	2.5	15	0	0.18953	0.18953	0.18953	0.18953	0.18953	0.18953	0.18953	0.18953	0.18953	0.18953	0.18953	0.18953	0.18953	0.18953	0.18953	0.18953	0.18953
10000	6.4114	0.001	0.02013	1	1	0.80724	0	-0.63011	2.5181	29.917	0	-0.63011	2.5181	29.917	0	-0.63011	2.5181	29.917	0	-0.63011	2.5181	29.917	0	0	-0.74655	2.9835	35.446	0	-0.74655	2.9835	35.446	0	-0.74655	2.9835	35.446	0	-0.74655	2.9835	35.446	0	0	0	0	0	0	0	0	0	0	0	0	0	0	0	0	0	0
10000	4.7306	0.001	0.01	1	1	0.71782	0	0.16948	2.6598	14.27	0	0.16948	2.6598	14.27	0	0.16948	2.6598	14.27	0	0.16948	2.6598	14.27	0	0	0.19205	3.014	16.17	0	0.19205	3.014	16.17	0	0.19205	3.014	16.17	0	0.19205	3.014	16.17	0	0.17975	0.17975	0.17975	0.17975	0.17975	0.17975	0.17975	0.17975	0.17975	0.17975	0.17975	0.17975	0.17975	0.17975	0.17975	0.17975	0.17975
10000	3	0.005	0.02	1	1	0.8	0	0.3	2.5	15	0	0.3	2.5	15	0	0.3	2.5	15	0	0.3	2.5	15	0	0	0.3	2.5	15	0	0.3	2.5	15	0	0.3	2.5	15	0	0.3	2.5	15	0	0.1	0.1	0.1	0.1	0.1	0.1	0.1	0.1	0.1	0.1	0.1	0.1	0.1	0.1	0.1	0.1	0.1
10000	3.0902	0.001	0.03	1	1	0.8	0	0.3	2.5	15	0	0.3	2.5	15	0	0.3	2.5	15	0	0.3	2.5	15	0	0	0.3	2.5	15	0	0.3	2.5	15	0	0.3	2.5	15	0	0.3	2.5	15	0	0.20044	0.20044	0.20044	0.20044	0.20044	0.20044	0.20044	0.20044	0.20044	0.20044	0.20044	0.20044	0.20044	0.20044	0.20044	0.20044	0.20044
10000	5.3686	0.001	0.022499	1	1	1.0763	0	0.31981	3.4923	15.822	0	0.31981	3.4923	15.822	0	0.31981	3.4923	15.822	0	0.31981	3.4923	15.822	0	0	0.32079	3.503	15.871	0	0.32079	3.503	15.871	0	0.32079	3.503	15.871	0	0.32079	3.503	15.871	0	0.32311	0.32311	0.32311	0.32311	0.32311	0.32311	0.32311	0.32311	0.32311	0.32311	0.32311	0.32311	0.32311	0.32311	0.32311	0.32311	0.32311
10000	3	0.0029491	0.019444	1	1	0.8	0	0.3	2.5	15	0	0.3	2.5	15	0	0.3	2.5	15	0	0.3	2.5	15	0	0	0.3	2.5	15	0	0.3	2.5	15	0	0.3	2.5	15	0	0.3	2.5	15	0	0.16667	0.16667	0.16667	0.16667	0.16667	0.16667	0.16667	0.16667	0.16667	0.16667	0.16667	0.16667	0.16667	0.16667	0.16667	0.16667	0.16667
10000	3.2834	0.0056932	0.02	1	1	1.3333	0	-0.24096	2.5	15	0	-0.24096	2.5	15	0	-0.24096	2.5	15	0	-0.24096	2.5	15	0	0	-0.24096	2.5	15	0	-0.24096	2.5	15	0	-0.24096	2.5	15	0	-0.24096	2.5	15	0	0.18889	0.18889	0.18889	0.18889	0.18889	0.18889	0.18889	0.18889	0.18889	0.18889	0.18889	0.18889	0.18889	0.18889	0.18889	0.18889	0.18889
10000	10	0.0050049	0.040036	1	1	0.13346	0	0.099159	2.5011	14.995	0	0.099159	2.5011	14.995	0	0.099159	2.5011	14.995	0	0.099159	2.5011	14.995	0	0	0.19831	5.002	29.99	0	0.19831	5.002	29.99	0	0.19831	5.002	29.99	0	0.19831	5.002	29.99	0	0.29964	0.29964	0.29964	0.29964	0.29964	0.29964	0.29964	0.29964	0.29964	0.29964	0.29964	0.29964	0.29964	0.29964	0.29964	0.29964	0.29964
10000	6.6274	0.0097375	0.01	1	1	0.46827	0	0.43211	3.2187	19.212	0	0.43211	3.2187	19.212	0	0.43211	3.2187	19.212	0	0.43211	3.2187	19.212	0	0	0.81696	6.0854	36.323	0	0.81696	6.0854	36.323	0	0.81696	6.0854	36.323	0	0.81696	6.0854	36.323	0	0.73614	0.73614	0.73614	0.73614	0.73614	0.73614	0.73614	0.73614	0.73614	0.73614	0.73614	0.73614	0.73614	0.73614	0.73614	0.73614	0.73614
10000	4.3176	0.014243	0.039081	1	1	0.15333	0	0.2759	3.2741	16.369	0	0.2759	3.2741	16.369	0	0.2759	3.2741	16.369	0	0.2759	3.2741	16.369	0	0	0.27883	3.3088	16.543	0	0.27883	3.3088	16.543	0	0.27883	3.3088	16.543	0	0.27883	3.3088	16.543	0	0.38977	0.38977	0.38977	0.38977	0.38977	0.38977	0.38977	0.38977	0.38977	0.38977	0.38977	0.38977	0.38977	0.38977	0.38977	0.38977	0.38977
10000	5.6633	0.011842	0.021405	1	1	0.20873	0	0.25767	2.4747	15.087	0	0.25767	2.4747	15.087	0	0.25767	2.4747	15.087	0	0.25767	2.4747	15.087	0	0	0.35862	3.4442	20.998	0	0.35862	3.4442	20.998	0	0.35862	3.4442	20.998	0	0.35862	3.4442	20.998	0	0.16473	0.16473	0.16473	0.16473	0.16473	0.16473	0.16473	0.16473	0.16473	0.16473	0.16473	0.16473	0.16473	0.16473	0.16473	0.16473	0.16473
10000	7.2441	0.012132	0.02	1	1	0.1625	0	0	7	10	0	0	7	10	0	0	7	10	0	0	7	10	0	0	0	7	10	0	0	7	10	0	0	7	10	0	0	7	10	0	0.43646	0.43646	0.43646	0.43646	0.43646	0.43646	0.43646	0.43646	0.43646	0.43646	0.43646	0.43646	0.43646	0.43646	0.43646	0.43646	0.43646
10000	3.4468	0.02	0.01	1	1	-0.19172	0	0.7559	2.5	10	0	0.7559	2.5	10	0	0.7559	2.5	10	0	0.7559	2.5	10	0	0	0.75591	2.5	10	0	0.75591	2.5	10	0	0.75591	2.5	10	0	0.75591	2.5	10	0	0.2	0.2	0.2	0.2	0.2	0.2	0.2	0.2	0.2	0.2	0.2	0.2	0.2	0.2	0.2	0.2	0.2
10000	3.0032	0.010175	0.021414	1	1	-1.0071	0	0.96832	2.5029	29.987	0	0.96832	2.5029	29.987	0	0.96832	2.5029	29.987	0	0.96832	2.5029	29.987	0	0	0.96972	2.5065	30.03	0	0.96972	2.5065	30.03	0	0.96972	2.5065	30.03	0	0.96972	2.5065	30.03	0	0.30771	0.30771	0.30771	0.30771	0.30771	0.30771	0.30771	0.30771	0.30771	0.30771	0.30771	0.30771	0.30771	0.30771	0.30771	0.30771	0.30771
10000	6.3039	0.001	0.01	1	1	-0.099689	0	1.4522	3.4092	15.355	0	1.4522	3.4092	15.355	0	1.4522	3.4092	15.355	0	1.4522	3.4092	15.355	0	0	1.0713	2.515	11.328	0	1.0713	2.515	11.328	0	1.0713	2.515	11.328	0	1.0713	2.515	11.328	0	0.38994	0.38994	0.38994	0.38994	0.38994	0.38994	0.38994	0.38994	0.38994	0.38994	0.38994	0.38994	0.38994	0.38994	0.38994	0.38994	0.38994
10000	5	0.0095595	0.04	1	1	0.41054	0	1.566	2.9278	61.015	0	1.566	2.9278	61.015	0	1.566	2.9278	61.015	0	1.566	2.9278	61.015	0	0	1.1518	2.1536	44.88	0	1.1518	2.1536	44.88	0	1.1518	2.1536	44.88	0	1.1518	2.1536	44.88	0	0.19631	0.19631	0.19631	0.19631	0.19631	0.19631	0.19631	0.19631	0.19631	0.19631	0.19631	0.19631	0.19631	0.19631	0.19631	0.19631	0.19631
10000	3	0.01	0.02	1	1	0.25571	0	0.75138	2.5	30	0	0.75138	2.5	30	0	0.75138	2.5	30	0	0.75138	2.5	30	0	0	0.73477	2.4447	29.337	0	0.73477	2.4447	29.337	0	0.73477	2.4447	29.337	0	0.73477	2.4447	29.337	0	0.3	0.3	0.3	0.3	0.3	0.3	0.3	0.3	0.3	0.3	0.3	0.3	0.3	0.3	0.3	0.3	0.3
10000	5.011	0.011359	0.025556	1	1	0.87909	0	0.45312	2.4935	15.03	0	0.45312	2.4935	15.03	0	0.45312	2.4935	15.03	0	0.45312	2.4935	15.03	0	0	0.4652	2.5599	15.43	0	0.4652	2.5599	15.43	0	0.4652	2.5599	15.43	0	0.4652	2.5599	15.43	0	0.20149	0.20149	0.20149	0.20149	0.20149	0.20149	0.20149	0.20149	0.20149	0.20149	0.20149	0.20149	0.20149	0.20149	0.20149	0.20149	0.20149
10000	3.614	0.01	0.01	1	1	0.8	0	0.35123	1.5	15	0	0.35123	1.5	15	0	0.35123	1.5	15	0	0.35123	1.5	15	0	0	0.34218	1.4614	14.614	0	0.34218	1.4614	14.614	0	0.34218	1.4614	14.614	0	0.34218	1.4614	14.614	0	0.21537	0.21537	0.21537	0.21537	0.21537	0.21537	0.21537	0.21537	0.21537	0.21537	0.21537	0.21537	0.21537	0.21537	0.21537	0.21537	0.21537
10000	3.7612	0.001	0.026667	1	1	0.8	0	0.31111	1.5	15	0	0.31111	1.5	15	0	0.31111	1.5	15	0	0.31111	1.5	15	0	0	0.39258	1.8928	18.928	0	0.39258	1.8928	18.928	0	0.39258	1.8928	18.928	0	0.39258	1.8928	18.928	0	0.18559	0.18559	0.18559	0.18559	0.18559	0.18559	0.18559	0.18559	0.18559	0.18559	0.18559	0.18559	0.18559	0.18559	0.18559	0.18559	0.18559
10000	4.0878	0.0064932	0.02	1	1	1	0	0	5	15	0	0	5	15	0	0	5	15	0	0	5	15	0	0	0	2.5	7.5	0	0	2.5	7.5	0	0	2.5	7.5	0	0	2.5	7.5	0	0.47312	0.47312	0.47312	0.47312	0.47312	0.47312	0.47312	0.47312	0.47312	0.47312	0.47312	0.47312	0.47312	0.47312	0.47312	0.47312	0.47312
10000	3.006	0.0099915	0.019939	1	1	0.79725	0	0.39802	1.3834	14.976	0	0.39802	1.3834	14.976	0	0.39802	1.3834	14.976	0	0.39802	1.3834	14.976	0	0	0.39696	1.3797	14.936	0	0.39696	1.3797	14.936	0	0.39696	1.3797	14.936	0	0.39696	1.3797	14.936	0	0.20613	0.20613	0.20613	0.20613	0.20613	0.20613	0.20613	0.20613	0.20613	0.20613	0.20613	0.20613	0.20613	0.20613	0.20613	0.20613	0.20613
10000	3.6425	0.0029177	0.024163	1	1	1.0625	0	0.14586	1.9895	17.334	0	0.14586	1.9895	17.334	0	0.14586	1.9895	17.334	0	0.14586	1.9895	17.334	0	0	0.17119	2.3351	20.345	0	0.17119	2.3351	20.345	0	0.17119	2.3351	20.345	0	0.17119	2.3351	20.345	0	0.2639	0.2639	0.2639	0.2639	0.2639	0.2639	0.2639	0.2639	0.2639	0.2639	0.2639	0.2639	0.2639	0.2639	0.2639	0.2639	0.2639
10000	6.6667	0.010707	0.019815	1	1	0.79203	0	0.38492	2.2739	15	0	0.38492	2.2739	15	0	0.38492	2.2739	15	0	0.38492	2.2739	15	0	0	0.4063	2.4002	15.833	0	0.4063	2.4002	15.833	0	0.4063	2.4002	15.833	0	0.4063	2.4002	15.833	0	0.2116	0.2116	0.2116	0.2116	0.2116	0.2116	0.2116	0.2116	0.2116	0.2116	0.2116	0.2116	0.2116	0.2116	0.2116	0.2116	0.2116
10000	6.002	0.001	0.01999	1	1	0.80043	0	0.00025678	2.4991	30.004	0	0.00025678	2.4991	30.004	0	0.00025678	2.4991	30.004	0	0.00025678	2.4991	30.004	0	0	0.00028577	2.7813	33.392	0	0.00028577	2.7813	33.392	0	0.00028577	2.7813	33.392	0	0.00028577	2.7813	33.392	0	0.69969	0.69969	0.69969	0.69969	0.69969	0.69969	0.69969	0.69969	0.69969	0.69969	0.69969	0.69969	0.69969	0.69969	0.69969	0.69969	0.69969
10000	4.7278	0.0048602	0.02	1	1	0.8	0	0.3	2.109	15	0	0.3	2.109	15	0	0.3	2.109	15	0	0.3	2.109	15	0	0	0.3	2.109	15	0	0.3	2.109	15	0	0.3	2.109	15	0	0.3	2.109	15	0	0.083333	0.083333	0.083333	0.083333	0.083333	0.083333	0.083333	0.083333	0.083333	0.083333	0.083333	0.083333	0.083333	0.083333	0.083333	0.083333	0.083333
10000	5.6443	0.005	0.03	1	1	0.8	0	0.3	2.5	7.7979	0	0.3	2.5	7.7979	0	0.3	2.5	7.7979	0	0.3	2.5	7.7979	0	0	0.2625	2.1875	6.8232	0	0.2625	2.1875	6.8232	0	0.2625	2.1875	6.8232	0	0.2625	2.1875	6.8232	0	0.32226	0.32226	0.32226	0.32226	0.32226	0.32226	0.32226	0.32226	0.32226	0.32226	0.32226	0.32226	0.32226	0.32226	0.32226	0.32226	0.32226
