6.1215	0.01	0.30674	0.02	1.5971	0.76328	0.3	2.7778	15
2.9458	0.001	0.38684	0.016296	1.0243	0.77868	0.41805	3.3819	14.778
4.3007	0.001	0.40279	0.019957	0.99593	0.79581	0.30303	3.3252	6.5295
3.3667	0.0057069	0.2	0.02	1.1302	0.72272	0.4	2.5	15
4.0845	0.0053184	0.23641	0.028091	1.3293	0.73723	0.30285	2.6192	30.074
8.4496	0.001	0.24078	0.030016	1.5246	0.79756	-0.001519	2.4947	15.024
5.85	0.001	0.31542	0.027241	1.2863	0.81248	0.3	3.5	15
5	0.001	0.2	0.02	1.1081	0.8	-0.16317	2.5	15
3	0.001	0.1	0.026667	1	0.74474	-6.0555e-06	2.5	7.8362
5.0096	0.001	0.19934	0.018963	0.92131	0.6061	0.56745	3.1759	30.719
4.0852	0.001	0.16382	0.044904	0.99792	0.79502	-0.79353	3.6802	16.897
3.5247	0.001	0.2	0.01	1	0.68666	0.3	3.5	6.6959
4.0964	0.001	0.3	0.023333	1.111	0.8	0.13573	3.5	15
10	0.0034909	0.17272	0.020276	2	1.1134	-0.074827	2.5	15
8.3675	0.001	0.32092	0.035	1.8429	1.0262	0.37997	3.3333	12.466
4.2623	0.001	0.2	0.01	1.2044	0.8	0.3	2.5	14.281
5.1678	0.0026671	0.29804	0.027765	0.95024	0.74988	0.33697	4.9005	14.545
4.1094	0.0029921	0.078142	0.020001	1.0538	0.79939	0.40129	2.503	14.984
4.6649	0.001	0.27079	0.018651	1.0141	0.80774	0.21757	3.2599	29.669
2.9939	0.001	0.18418	0.020004	0.99725	0.80284	0.3017	2.4945	14.975
5	0.001	0.2	0.023723	1.2443	0.74853	0.3	2.5	15
7	0.001	0.4	0.02	1.3205	0.8	0.33333	2.7363	15
3.1573	0.001	0.13614	0.02	0.97567	0.8	0.50708	3.1667	15
5.3352	0.001	0.25756	0.036885	1.3147	0.75328	0.29566	2.4091	8.0343
4.9954	0.001	0.27588	0.02	1.1667	0.8	0.22722	3.3333	1.5241
4.2604	0.001	0.1444	0.020011	0.25	0.80048	0.29966	3.0577	19.994
7.7676	0.001	0.20441	0.019841	0.50398	0.69199	0.40885	7.0845	11.731
3.0308	0.001	0	0.01	0.57589	0.81264	0.2932	2.7648	14.937
5	0.001	0.18194	0.02	0.25	0.8	0.3	3.5	15
3.4868	0.001	0.1211	0.016612	0.41582	0.6832	0.29227	3.5	26.667
5	0.001	0.14239	0.02	0.91769	0.68385	0.6	3.5	15
10	0.001	0.29867	0.018558	2.0031	0.802	0.30144	2.4961	14.982
6.8879	0.001	0.11374	0.021373	0.96617	0.69724	0.55151	3.6545	19.279
5.8854	0.001	0.19998	0.020001	1	0.70287	0.30003	3.656	15
7	0.001	0.15	0.01909	1.4265	0.71069	0.5	3.3333	10
3	0.001	0	0.01	0.79658	0.8	0.029462	2.5	15
4.9069	0.001	0.064708	0.01	0.88834	0.55302	0.16996	3.5	16.596
7.8324	0.001	0.14113	0.022761	0.83898	0.4	0.3	5.0631	13.333
5.942	0.001	0.076766	0.01	0.972	0.8	0.3	3.5	10
6.6009	0.001	0	0.01	0.80178	0.68693	0.19496	2.8678	15.062
7	0.001	0.11378	0.03	1	0.8	0.3	3.5	15
5	0.001	0.2	0.02	1.1455	0.8	0.3	2.5	8.4401
6.2119	0.0014444	0.29251	0.018316	1.6968	0.8	0.3	2.5	15
9.5479	0.001	0.26978	0.026102	1.067	0.98338	0.52083	3.5521	15.222
7.5944	0.001	0.30003	0.01	1.0001	0.85229	0.30003	3.5002	10
3.5783	0.001	0.20831	0.023333	1	1.0667	0.3	2.9915	15
4.2774	0.001	0.12221	0.01	1.0556	0.8	0.25128	3.3333	20
5.2889	0.001	0.18889	0.026139	0.94399	0.8	0.3	3.5	20
7.1756	0.001	0.13714	0.022761	1.1232	1.0279	-0.12522	3.375	7.0082
6	0.001	0.2	0.022895	0.95833	0.8	0.3	3.5	15
4.6906	0.001	0.2	0.01	0.37282	0.7168	0.33333	3.9041	10.175
5	0.001	0.1	0.01	1	0.8	0.4	2.3857	15
3	0.001	0.23333	0.01	1	0.8	0.5	2.5	15
2.9773	0.001	0.1251	0.021906	0.49306	0.88362	0.44236	2.4757	15.111
3.7091	0.0033941	0.1	0.02	1	0.8	0.32168	2.5	10
7.4152	0.0014445	0.31019	0.02	1.6101	1	-6.0555e-06	2.5	15
5	0.001	0.3	0.01	1	0.8	0.15251	3.5	15
4.2902	0.001	0.18213	0.023333	1	0.8	0.24897	2.5	15
6.0755	0.001	0.28819	0.017368	1.1056	1.1281	0.10489	3.138	22.917
7	0.001	0.2	0.019444	1	0.8	0.3	3.5	20
3.7262	0.001	0.11665	0.01	0.964	0.78462	-0.079192	2.5299	20.179
3.0137	0.001	0.15211	0.02004	1.0061	0.99535	0.29543	2.4877	10.039
5.0128	0.001	0.37072	0.024294	1	0.8	0.3	2.5	15
5.4438	0.001	0.23084	0.017161	1.4474	0.92744	0.066852	2.478	14.879
3	0.001	0.1	0.01	0.89988	0.8	0.3	2.5	15
8.2222	0.001	0.22886	0.020122	1.881	0.5388	0.47342	2.4894	14.951
8.158	0.001	0.68566	0.018313	1.8337	0.83439	4.7752e-07	2.7778	20
6.6017	0.0022725	0.26491	0.01	1.7083	0.8	0.3	2.1046	15
5.1568	0.001	0.28679	0.029463	1.1086	0.79953	0.2984	3.3276	14.98
6.2928	0.001	0.28718	0.027141	1.6268	0.86953	0.3	2.5	9.4503
7.3426	0.001	0.26331	0.02	1.126	0.8	0.1619	3.5	15
2.9733	0.0015539	0.13297	0.019952	0.58697	0.80216	0.40156	4.4393	20.025
4.4934	0.001	0.10241	0.025442	0.88428	0.61328	0.39216	3.1918	14.903
4.85	0.001	0.1	0.02	1	0.73883	0.3	2.5	20
5	0.001	0.23333	0.04	1	0.8	0.3	2.7778	11.014
6.6404	0.001	0.36058	0.021746	0.81547	1.0124	-1.6782	3.068	10.47
7	0.001	0.4	0.02	1	0.8	-0.16301	3.755	9.0344
3.6678	0.001	0.2	0.019444	0.25	1.0021	0.3	2.5	15
4.4146	0.001	0.30507	0.020278	0.76152	1.0792	-1.0195	3.5312	30.111
3	0.001	0.10383	0.01	0.25	0.98735	0	3.3333	30
6.7362	0.0033783	0.47334	0.019339	1.3106	1.0919	0.28658	2.5368	14.835
5.0294	0.001	0.22888	0.013546	0.99128	0.80898	0.26574	2.5174	9.8438
7.6891	0.001	0.54294	0.01522	1.2296	0.74869	0.22571	4.5035	19.429
4.09	0.001	0.40287	0.021111	1.0122	1.0016	0.15619	2.8251	15.667
5.5846	0.001	0.3406	0.02	1.3269	0.81576	0	2.5	15
5.3703	0.001	0.24474	0.015727	1.1098	0.68704	0.23186	2.2804	16.004
2.9188	0.001	0.24595	0.02296	0.78559	0.8708	0.32542	2.5423	15.333
4.1102	0.0018875	0.3	0.02	1	0.8	0.3	2.5	10
3	0.001	0.16725	0.02	1	0.8	0.5	2.5	15
8.1641	0.001	0.43368	0.020423	1.1268	0.77016	0.25092	3.3914	15.265
8.6075	0.0037253	0.20001	0.015	1.2301	1.2221	0.30001	1.7758	20
5.4673	0.0022351	0.44621	0.047301	1.434	1.2464	-0.022368	2.1199	11.032
5.4782	0.001	0.54331	0.021007	1.0763	1.2461	0.37694	3.027	15.698
5.0819	0.0014141	0.30194	0.019444	1.0243	0.97223	0.17968	2.0455	12.834
6.983	0.001	0.20395	0.03989	1.7181	1.1884	0.022765	1.5404	29.617
4.9017	0.0033444	0.096505	0.019226	1.0074	1.6332	0.35989	2.392	15.267
6.3397	0.0023328	0.29988	0.023328	1.0002	1.5094	0.17791	2.9842	6.1451
5	0.001	0.2	0.04	1	1.504	0	2.5	10
7	0.001	0.4	0.01	1.1764	1.5177	0	3.243	15
4.7234	0.001	0.086188	0.022811	1.0206	1.3333	0.19009	2.5	15
6.4076	0.001	0.32364	0.025	1.0351	0.10354	0.7625	6.1458	13
7.4381	0.002	0.24156	0.024257	1.1029	0.58084	0.4	3.7934	15
7.4416	0.001	0.12214	0.01	0.99959	0.21528	0.49965	3.5011	14.996
8.5794	0.001	0.2	0.02	1.486	0.53744	0.3	3.5	15
10	0.0023333	0.3	0.02	1.636	0.8	0.3	3.5	10
6.025	0.0029895	0.2149	0.015855	0.8109	0.55949	0.3412	4.4362	16.356
7.9848	0.0050052	0.19939	0.01	1.0004	0.68137	0.30076	3.9208	14.988
4.3191	0.001	0.1124	0.01	0.48214	0.59404	0.78316	3.8412	131.85
4.1643	0.001	0.20002	0.019999	0.95838	0.71795	0.30003	3.7548	15
3.449	0.001	0.12085	0.024777	0.98637	0.68324	1.1247	3.5	13.333
5.1833	0.001	0.14551	0.01	0.45711	0.80062	0.53098	4.0892	91.779
3	0.001	0.1	0.02	0.25	0.8	0.45276	5	15
7.6318	0.0010438	0.23323	0.01	0.5625	0.26688	0.625	5.7917	31.917
9.686	0.001	0.21111	0.02	1.1543	0.8	0.3	3.5	15
7.5	0.001	0.2	0.03	1	0.8	0.5	5.2239	10
5.2293	0.0028714	0.099897	0.025177	0.49648	0.80037	0.38792	5.2848	19.127
2.8375	0.001	0.12895	0.01	0.38871	0.58031	0.35417	6.9045	19.125
3.2493	0.0013898	0.050241	0.012343	0.37137	0.78543	0.58729	3.5351	37.105
3	0.0047201	6.0547e-06	0.019999	1.0556	0.79999	0.34389	2.5	15
5.275	0.001	0.2	0.021845	1	0.69918	0.6	3.6306	5.8342
3.0522	0.001	0.13104	0.01	0.99415	0.82355	0.2946	3.5591	202.65
4.1817	0.001	0.31587	0.019956	1.002	0.79795	0.30083	3.5051	20.024
7.3572	0.001	0.20243	0.019892	0.90445	1.001	0.15991	7.0136	29.952
3	0.001	0.07465	0.02	1.0556	0.8	0.3	2.9504	15
3.55	0.001	0.097845	0.01	1.1079	0.8	0.3	2.8315	15
1.4725	0.0036667	0.15	0.01	0.5	1.1537	-0.43958	3.5	23.989
2.5229	0.001	0.1777	0.022227	0.82691	1.9908	-0.43538	6.176	40.097
4.0678	0.001	0.24565	0.01	1.1541	1.5085	0.28146	2.5	15
4.025	0.0049657	0.14864	0.01	1.0983	1.5	-0.25	4.625	25.25
4.498	0.004963	0.28485	0.01	1.0041	1.4414	0.30298	5.0081	14.963
3.1544	0.001	0.20817	0.027589	0.98213	1.6304	-0.84283	2.4643	14.837
2.9446	0.001	0.16667	0.040417	0.66037	1.5182	-1.1447	2.5	15
3	0.001	0.25589	0.02	1	1.4925	-1.4585	2.5	15
3.2501	0.001	0.23109	0.01	0.95331	1.5031	-0.37844	2.5	10
2.5167	0.001	0.31534	0.01	0.70094	1.5023	-1	3.3333	22.372
2.9935	0.001	0.15328	0.01	0.35104	1.2445	-0.75547	5.4279	8.9163
4.3239	0.001	0.33163	0.026738	1.0643	1.6701	0.13305	3.1499	19
2.9166	0.001	0.37434	0.01	0.9891	1.3761	0.042768	2.4252	5.7662
4.9995	0.0029209	0.37753	0.020001	0.82576	1.6684	-0.86903	5.5042	12.094
7	0.001	0.2	0.018542	1	1.6	0.3	5	30
3.0015	0.0012495	0.17	0.019986	0.77242	1.9993	0.30044	3.3347	20.007
3.0002	0.001	0.099973	0.023581	0.65676	1.9999	0.11108	3.8293	30.001
3.0713	0.001	0.3	0.01	0.707	1.6	-0.35582	4.6667	15
3.2422	0.0028949	0.19206	0.028606	0.97618	2.1004	0.010207	3.5784	29.721
2.8103	0.001	0.3	0.01	0.74064	1.7083	0.3	4.6667	15
3.778	0.001	0.26527	0.018426	0.9994	1.8013	-0.22802	2.8958	11.542
4.1637	0.0038328	0.2	0.02	1	1.6	-1.0164	3.3333	30
5.3547	0.0031354	0.19634	0.022405	1.2079	1.4736	-0.12023	3.3478	19.496
3	0.001	0.22328	0.01	1.0495	1.8049	0	2.5	15
3.0143	0.001	0.2034	0.02038	0.98336	1.4953	-0.43953	2.4667	9.033
5.8414	0.001	0.5159	0.023465	0.96032	0.75918	0.19729	4.8027	20.476
5.1751	0.001	0.4	0.02	1.3532	0.8	0.3	2.5	9.9999
6.4715	0.001	0.40047	0.01	1.7551	1.2489	0.62577	1.6229	11.009
6.3036	0.0010001	0.4	0.03	1.4295	1.4551	-0.25	3.375	19
9.4743	0.001	0.26701	0.019977	1.076	0.95144	0.33373	3.3354	23.039
8.4	0.001	0.4	0.03	1.4375	1.5	0.625	3.375	24
8.6973	0.0011888	0.1761	0.022433	1.2119	1.1562	-1.0087	2.7805	14.874
8.1365	0.001	0.45116	0.01	2.1263	1.2877	0.11298	2.4458	8.4176
5.9439	0.001	0.45084	0.01	0.9659	1.1114	0.301	4.9972	14.99
4.4836	0.001	0.2	0.02	1	1.1789	0.15249	2.5	15
10	0.001	0.4	0.011923	1.9259	0.85213	-0.025	2.904	11
6.856	0.001	0.31781	0.01	0.99647	0.80007	0.24729	4.9959	30.032
9.2686	0.001	0.30599	0.010833	2.1645	1.0276	0.31755	2.5	13.058
5.4132	0.001	0.13723	0.021436	1.3932	0.99032	0.057853	2.4833	15.113
8.5466	0.001	0.41768	0.0175	2.2994	0.875	0.11127	2.6458	15.136
5.8469	0.001	0.33529	0.024088	1.1628	0.96741	0.34822	2.8255	13.512
5.0453	0.001	0.13517	0.01	1.0687	0.93831	-0.030846	2.392	15.494
4.7311	0.001	0.29481	0.02	1.0288	1.0625	0.16764	3.3333	20
7	0.001	0.56861	0.03	2	1.0219	0.13303	2.5	7.0078
5.794	0.001	0.36103	0.021297	1.1546	0.99347	0.19187	2.6744	16.269
5.85	0.001	0.4	0.02	0.95833	1.3333	0.3	2.5	15
7.0549	0.001	0.48718	0.016493	1.0122	1.0542	0.29357	2.4757	0.27796
6.1111	0.001	0.52659	0.022364	1.0556	1.2183	0.075783	2.5	15
7.3969	0.001	0.20053	0.021043	0.9973	0.8682	0.40185	2.4946	15.025
7.1731	0.001	0.41181	0.03	1	1	0.3	3.3333	15
6.1989	0.0055496	0.22229	0.020587	1.6192	1.4991	0.36631	2.3215	38.919
7.1687	0.001	0.19823	0.02	1.368	1.2114	0.20558	2.5	15
4.9102	0.001	0.22166	0.01	1.3353	1.2275	0.33217	2.4118	20.529
5.503	0.0070391	0.11414	0.013818	1.1888	1.4086	0.20589	2.9461	17.324
4.223	0.001	0.218	0.019076	1.0108	1.3938	0.29197	3.3051	12.303
7.1435	0.001	0.13927	0.018824	1.2604	1.3678	-3.9877e-05	2.787	31.053
7.1833	0.001	0.23534	0.029049	2.02	1.9117	-0.36719	2.4421	14.293
6.8504	0.001	0.18463	0.018333	1.3457	1.525	0.056502	2.3542	20.989
7.2322	0.001	0.072991	0.020542	1.9992	1.5785	0.33567	2.5513	19.997
9.8344	0.001	0.094444	0.01	2	1.1601	6.0555e-06	2.5	13.333
7.3417	0.0010833	0.088889	0.02	1.0164	1.1036	0.23679	3.1339	15
6.3786	0.001	0.18387	0.012579	1.0769	1.1722	0.34387	2.6275	13.22
7.3674	0.001	0.20004	0.021573	0.95833	1.3332	0.0079799	3.7133	10.001
10	0.001	0.12891	0.015192	1.3971	1	0	2.5	20
8.0039	0.001	0.13913	0.01	1.0541	1.1733	0.33446	2.7906	20.07
7	0.001	0.2	0.01	1.0456	1	0.4	2.7536	15
5.9615	0.001	0.28492	0.017903	0.95833	0.8	0.3	3.3333	15
6.0869	0.001	0.21111	0.01	1.1376	1.0619	0.3	2.5	15
10	0.0016667	0.31667	0.01	1.7559	0.8	0.33333	2.5	15
6.6666	0.001	0.12571	0.012931	1.0337	0.8	0	2.5	20
4.7686	0.001	0.22762	0.01955	0.99041	0.90095	0.070811	2.9375	17
6.6221	0.001	0.082819	0.020062	0.9973	1.0031	0.29799	2.4946	15.025
6.3791	0.001	0.14628	0.01	1.1818	0.55111	0.15937	2.4999	10
6.4624	0.0015926	0.22329	0.0225	1.0017	0.64719	0.35735	2.8287	13.628
6	0.001	0.016273	0.02	1	0.8	0.3	2.5	10
3.5731	0.0039224	0.40372	0.020378	0.50053	0.51898	0.40085	3.5812	14.99
3.5504	0.020004	0.18977	0.02	1.0001	0.19536	0.59993	2.5002	20.001
3.975	0.88082	0.34343	0.019497	0.25	0.35	0.28096	8.0295	11
4.9873	0.0050035	0.26408	0.019914	0.77703	0.67891	0.66783	2.5076	6.7115
1.4067	0.0052222	0.30935	0.01	0.36111	0.48822	0.49074	3.7222	17.056
6.8581	0.0065986	0.40003	0.019999	1.4514	0.79995	0.29996	3.5001	15
4.3785	0.001	0.48731	0.01	1.1801	0.58106	0.50292	3.4317	15.54
2.5167	0.001	0.3	0.02	1	0.8	0.3	2.5	15
2.971	0.001	0.38185	0.023509	0.99643	0.65881	0.29432	2.4847	17.683
6	0.005	0.4556	0.023248	1	0.8	0.3	5	1220
4.4956	0.001	0.20377	0.02	0.98249	0.80848	0.12286	2.4916	14.925
5.5202	0.0052778	0.5078	0.027071	1.3177	1	0.3	2.5	6.17
10	0.01258	0.41814	0.030314	1.146	1.479	-0.19037	3.8202	12.079
6	0.001	0.39236	0.03	0.90687	0.86995	0.3	3.5	15
3	0.0014444	0.28805	0.021623	1.1113	1	0.28111	2.5	10
5.4064	0.001	0.42197	0.019071	0.93212	1.3873	0.19486	4.0473	21.107
5.1002	0.001	0.4	0.02	1.0426	1.6	-0.40737	3.55	9.0496
3.1103	0.0011933	0.2	0.02	0.59276	0.9308	0.023378	3.3333	15
2.9937	0.001	0.30061	0.030107	1.0028	1.3301	-0.0016182	2.5057	20.034
5	0.001	0.27423	0.02	0.9957	0.9863	-0.5534	3.5	180
4.1816	0.001	0.23044	0.02	1	0.8	0.3	3.3333	10
3.291	0.0050817	0.28673	0.01	0.9951	0.94351	0.32398	2.5198	19.879
4.126	0.001	0.23333	0.015	1	0.8	0.55556	3.3333	15
3	0.0014444	0.2	0.023333	1	1	0.4	2.5	15
3.6937	0.001	0.24113	0.01	1.0182	0.81875	0.31035	2.5365	14.833
3.5002	0.001	0.23569	0.040285	0.73093	1.6422	-1.1558	3.1262	5.548
5	0.001	0.51071	0.01671	1	2	-0.61921	3.5	8.3542
7.4606	0.001	0.55954	0.020284	0.97198	2.0055	-2.7121	4.6349	10.122
4.1253	0.001	0.49993	0.01	1.0549	2.0723	-0.62955	3.3319	7.9484
5.449	0.0062177	0.39133	0.01531	1.1332	2.2218	-0.21927	2.5039	13.782
6	0.001	0.24123	0.01	0.95833	1.7742	0.4	5	180
4.0314	0.001	0.21604	0.02	1	1.2552	0.11111	2.5	14.353
4.639	0.001	0.32998	0.01	1.0002	1.4496	0.33456	3.3376	14.98
4.8158	0.001	0.20668	0.01	1.2387	1.8144	0.27655	2.7586	8.7804
2.806	0.0038131	0.20604	0.022967	0.86297	1.4591	0.19843	2.7741	13.813
5	0.001	0.3	0.020289	0.95833	1.111	0.13006	3.5	20
5	0.001	0.3	0.02	1	1.6	6.0555e-06	3.5	10
3.2023	0.001	0.2	0.015	0.25	0.99999	0.10432	3.9439	15
4.9767	0.001	0.20361	0.019819	1.2266	1.5919	-0.056081	2.5158	14.928
4.271	0.001	0.28334	0.01	1.0556	1.6	0.3	2.5	30
3.4746	0.001	0.28961	0.023333	1	1.246	0.6	2.5	10
5	0.001	0.51187	0.01	1	1.0977	0.093422	3.3333	200.94
4.5973	0.001	0.41738	0.031922	1.1389	1.3889	-0.16358	2.5561	15.384
4.5487	0.001	0.44774	0.01	1.0696	1.5056	-0.039789	3.1941	19.164
4.2104	0.001	0.2	0.03	1.0998	1.2441	0.19584	2.5	15
7.9821	0.001	0.43143	0.01	1.4882	1.5093	0.30438	3.1679	28.974
5.4159	0.001	0.18959	0.021489	1	1.2009	0.21303	2.5	15
6.7744	0.001	0.2995	0.01	1.3824	1	0.12237	2.1285	20
9.7137	0.001411	0.20785	0.036901	0.99857	1.4307	0.16406	3.1891	8.1954
6.1413	0.0023333	0.2196	0.02	1.1353	1.4407	-0.098275	2.5	20
