10000	3.4922	0.010482	0.015714	1	1	0.73571	0.88654	0.36399	2.8233	11.089	0.88654	0.36399	2.8233	11.089	0.88654	0.36399	2.8233	11.089	0.88654	0.36399	2.8233	11.089	0	0.83113	0.34124	2.6468	10.395	0.83113	0.34124	2.6468	10.395	0.83113	0.34124	2.6468	10.395	0.83113	0.34124	2.6468	10.395	0	0.34006	0.34006	0.34006	0.34006	0.34006	0.34006	0.34006	0.34006	0.34006	0.34006	0.34006	0.34006	0.34006	0.34006	0.34006	0.34006	0.34006
10000	3	0.003	0.01962	1	1	0.4	0.86667	0.6	2.5	13.333	0.86667	0.6	2.5	13.333	0.86667	0.6	2.5	13.333	0.86667	0.6	2.5	13.333	0	0.8474	0.58665	2.4444	13.037	0.8474	0.58665	2.4444	13.037	0.8474	0.58665	2.4444	13.037	0.8474	0.58665	2.4444	13.037	0	0.2	0.2	0.2	0.2	0.2	0.2	0.2	0.2	0.2	0.2	0.2	0.2	0.2	0.2	0.2	0.2	0.2
10000	2.516	0.0063713	0.015036	1	1	0.5766	0.75178	0.46134	2.9344	16.986	0.75178	0.46134	2.9344	16.986	0.75178	0.46134	2.9344	16.986	0.75178	0.46134	2.9344	16.986	0	0.91507	0.56155	3.5717	20.675	0.91507	0.56155	3.5717	20.675	0.91507	0.56155	3.5717	20.675	0.91507	0.56155	3.5717	20.675	0	0.27059	0.27059	0.27059	0.27059	0.27059	0.27059	0.27059	0.27059	0.27059	0.27059	0.27059	0.27059	0.27059	0.27059	0.27059	0.27059	0.27059
10000	3	0.005	0.03	1	1	0.47575	1.3333	0.45026	3.3333	15	1.3333	0.45026	3.3333	15	1.3333	0.45026	3.3333	15	1.3333	0.45026	3.3333	15	0	0.33333	0.11257	0.83333	3.75	0.33333	0.11257	0.83333	3.75	0.33333	0.11257	0.83333	3.75	0.33333	0.11257	0.83333	3.75	0	0.2	0.2	0.2	0.2	0.2	0.2	0.2	0.2	0.2	0.2	0.2	0.2	0.2	0.2	0.2	0.2	0.2
10000	2.9749	0.001	0.041634	1	1	0.34972	0.88889	0.3	2.9176	16.667	0.88889	0.3	2.9176	16.667	0.88889	0.3	2.9176	16.667	0.88889	0.3	2.9176	16.667	0	0.88889	0.3	2.9176	16.667	0.88889	0.3	2.9176	16.667	0.88889	0.3	2.9176	16.667	0.88889	0.3	2.9176	16.667	0	0.34038	0.34038	0.34038	0.34038	0.34038	0.34038	0.34038	0.34038	0.34038	0.34038	0.34038	0.34038	0.34038	0.34038	0.34038	0.34038	0.34038
10000	10	0.0087777	0.020247	1	1	0.67758	0.9448	0.38272	3.9815	17.778	0.9448	0.38272	3.9815	17.778	0.9448	0.38272	3.9815	17.778	0.9448	0.38272	3.9815	17.778	0	0.95103	0.38525	4.0078	17.895	0.95103	0.38525	4.0078	17.895	0.95103	0.38525	4.0078	17.895	0.95103	0.38525	4.0078	17.895	0	0.21675	0.21675	0.21675	0.21675	0.21675	0.21675	0.21675	0.21675	0.21675	0.21675	0.21675	0.21675	0.21675	0.21675	0.21675	0.21675	0.21675
10000	4.3319	0.001	0.022567	1	1	0.32742	1.0667	0.3	4.6667	13.333	1.0667	0.3	4.6667	13.333	1.0667	0.3	4.6667	13.333	1.0667	0.3	4.6667	13.333	0	1.1259	0.31667	4.9259	14.074	1.1259	0.31667	4.9259	14.074	1.1259	0.31667	4.9259	14.074	1.1259	0.31667	4.9259	14.074	0	0.3	0.3	0.3	0.3	0.3	0.3	0.3	0.3	0.3	0.3	0.3	0.3	0.3	0.3	0.3	0.3	0.3
10000	10	0.0055314	0.017221	1	1	0.65073	1	0.3	7	15	1	0.3	7	15	1	0.3	7	15	1	0.3	7	15	0	0.68264	0.20479	4.7785	10.24	0.68264	0.20479	4.7785	10.24	0.68264	0.20479	4.7785	10.24	0.68264	0.20479	4.7785	10.24	0	0.2	0.2	0.2	0.2	0.2	0.2	0.2	0.2	0.2	0.2	0.2	0.2	0.2	0.2	0.2	0.2	0.2
10000	8.5	0.0078925	0.023045	1	1	0.42663	0.69097	0.4049	5	8.7264	0.69097	0.4049	5	8.7264	0.69097	0.4049	5	8.7264	0.69097	0.4049	5	8.7264	0	0.69097	0.4049	5	8.7264	0.69097	0.4049	5	8.7264	0.69097	0.4049	5	8.7264	0.69097	0.4049	5	8.7264	0	0.2	0.2	0.2	0.2	0.2	0.2	0.2	0.2	0.2	0.2	0.2	0.2	0.2	0.2	0.2	0.2	0.2
10000	7.2564	0.0078772	0.036667	1	1	0.75597	1	0.5	4.7325	15	1	0.5	4.7325	15	1	0.5	4.7325	15	1	0.5	4.7325	15	0	1.0927	0.54636	5.1713	16.391	1.0927	0.54636	5.1713	16.391	1.0927	0.54636	5.1713	16.391	1.0927	0.54636	5.1713	16.391	0	0.17135	0.17135	0.17135	0.17135	0.17135	0.17135	0.17135	0.17135	0.17135	0.17135	0.17135	0.17135	0.17135	0.17135	0.17135	0.17135	0.17135
10000	4.8708	0.001	0.03921	1	1	1.0176	1.0409	0.27343	3.8093	15.327	1.0409	0.27343	3.8093	15.327	1.0409	0.27343	3.8093	15.327	1.0409	0.27343	3.8093	15.327	0	1.0036	0.26365	3.673	14.779	1.0036	0.26365	3.673	14.779	1.0036	0.26365	3.673	14.779	1.0036	0.26365	3.673	14.779	0	0.14794	0.14794	0.14794	0.14794	0.14794	0.14794	0.14794	0.14794	0.14794	0.14794	0.14794	0.14794	0.14794	0.14794	0.14794	0.14794	0.14794
10000	4.7277	0.0036667	0.020992	1	1	0.8	1.0941	0.4	3.8889	10	1.0941	0.4	3.8889	10	1.0941	0.4	3.8889	10	1.0941	0.4	3.8889	10	0	1.3875	0.50724	4.9315	12.681	1.3875	0.50724	4.9315	12.681	1.3875	0.50724	4.9315	12.681	1.3875	0.50724	4.9315	12.681	0	0.15	0.15	0.15	0.15	0.15	0.15	0.15	0.15	0.15	0.15	0.15	0.15	0.15	0.15	0.15	0.15	0.15
10000	7.512	0.0020251	0.019215	1	1	0.53107	0.90997	0.3006	5.4178	14.993	0.90997	0.3006	5.4178	14.993	0.90997	0.3006	5.4178	14.993	0.90997	0.3006	5.4178	14.993	0	1.0165	0.33579	6.052	16.748	1.0165	0.33579	6.052	16.748	1.0165	0.33579	6.052	16.748	1.0165	0.33579	6.052	16.748	0	0.28717	0.28717	0.28717	0.28717	0.28717	0.28717	0.28717	0.28717	0.28717	0.28717	0.28717	0.28717	0.28717	0.28717	0.28717	0.28717	0.28717
10000	4.1833	0.001	0.020791	1	1	0.8	1	0.5	3.5	17.778	1	0.5	3.5	17.778	1	0.5	3.5	17.778	1	0.5	3.5	17.778	0	1	0.5	3.5	17.778	1	0.5	3.5	17.778	1	0.5	3.5	17.778	1	0.5	3.5	17.778	0	0.2	0.2	0.2	0.2	0.2	0.2	0.2	0.2	0.2	0.2	0.2	0.2	0.2	0.2	0.2	0.2	0.2
10000	5	0.001	0.016667	1	1	0.70395	1.0407	0.33334	4.1808	22.222	1.0407	0.33334	4.1808	22.222	1.0407	0.33334	4.1808	22.222	1.0407	0.33334	4.1808	22.222	0	1.3758	0.44067	5.527	29.378	1.3758	0.44067	5.527	29.378	1.3758	0.44067	5.527	29.378	1.3758	0.44067	5.527	29.378	0	0.2	0.2	0.2	0.2	0.2	0.2	0.2	0.2	0.2	0.2	0.2	0.2	0.2	0.2	0.2	0.2	0.2
10000	3.3955	0.0019318	0.017552	1	1	0.55965	0.73295	0.40962	4.1009	17.196	0.73295	0.40962	4.1009	17.196	0.73295	0.40962	4.1009	17.196	0.73295	0.40962	4.1009	17.196	0	0.56168	0.3139	3.1426	13.178	0.56168	0.3139	3.1426	13.178	0.56168	0.3139	3.1426	13.178	0.56168	0.3139	3.1426	13.178	0	0.28042	0.28042	0.28042	0.28042	0.28042	0.28042	0.28042	0.28042	0.28042	0.28042	0.28042	0.28042	0.28042	0.28042	0.28042	0.28042	0.28042
10000	4.9727	0.0061417	0.01	1	1	0.68819	0.75979	0.68076	3.6156	14.006	0.75979	0.68076	3.6156	14.006	0.75979	0.68076	3.6156	14.006	0.75979	0.68076	3.6156	14.006	0	0.71493	0.64056	3.4021	13.179	0.71493	0.64056	3.4021	13.179	0.71493	0.64056	3.4021	13.179	0.71493	0.64056	3.4021	13.179	0	0.22061	0.22061	0.22061	0.22061	0.22061	0.22061	0.22061	0.22061	0.22061	0.22061	0.22061	0.22061	0.22061	0.22061	0.22061	0.22061	0.22061
10000	6.3084	0.004116	0.02	1	1	0.74892	1	0.3	4.8168	9.9999	1	0.3	4.8168	9.9999	1	0.3	4.8168	9.9999	1	0.3	4.8168	9.9999	0	0.875	0.2625	4.2147	8.7499	0.875	0.2625	4.2147	8.7499	0.875	0.2625	4.2147	8.7499	0.875	0.2625	4.2147	8.7499	0	0.21619	0.21619	0.21619	0.21619	0.21619	0.21619	0.21619	0.21619	0.21619	0.21619	0.21619	0.21619	0.21619	0.21619	0.21619	0.21619	0.21619
10000	2.1358	0.001	0.016268	1	1	0.70004	1.0803	0.42274	5.2044	16.446	1.0803	0.42274	5.2044	16.446	1.0803	0.42274	5.2044	16.446	1.0803	0.42274	5.2044	16.446	0	0.46108	0.18042	2.2212	7.019	0.46108	0.18042	2.2212	7.019	0.46108	0.18042	2.2212	7.019	0.46108	0.18042	2.2212	7.019	0	0.2	0.2	0.2	0.2	0.2	0.2	0.2	0.2	0.2	0.2	0.2	0.2	0.2	0.2	0.2	0.2	0.2
10000	10	0.0025562	0.035199	1	1	0.50639	0.71127	0.51205	5.8778	23.19	0.71127	0.51205	5.8778	23.19	0.71127	0.51205	5.8778	23.19	0.71127	0.51205	5.8778	23.19	0	0.63571	0.45766	5.2534	20.727	0.63571	0.45766	5.2534	20.727	0.63571	0.45766	5.2534	20.727	0.63571	0.45766	5.2534	20.727	0	0.33049	0.33049	0.33049	0.33049	0.33049	0.33049	0.33049	0.33049	0.33049	0.33049	0.33049	0.33049	0.33049	0.33049	0.33049	0.33049	0.33049
10000	4.9985	0.001	0.020008	1	1	0.74773	1.0006	0.59963	3.5009	14.995	1.0006	0.59963	3.5009	14.995	1.0006	0.59963	3.5009	14.995	1.0006	0.59963	3.5009	14.995	0	1.001	0.59983	3.5021	15	1.001	0.59983	3.5021	15	1.001	0.59983	3.5021	15	1.001	0.59983	3.5021	15	0	0.1998	0.1998	0.1998	0.1998	0.1998	0.1998	0.1998	0.1998	0.1998	0.1998	0.1998	0.1998	0.1998	0.1998	0.1998	0.1998	0.1998
10000	4.7812	0.001	0.01	1	1	0.80233	0.67894	0.48125	3.2188	14	0.67894	0.48125	3.2188	14	0.67894	0.48125	3.2188	14	0.67894	0.48125	3.2188	14	0	0.75312	0.53383	3.5704	15.53	0.75312	0.53383	3.5704	15.53	0.75312	0.53383	3.5704	15.53	0.75312	0.53383	3.5704	15.53	0	0.16957	0.16957	0.16957	0.16957	0.16957	0.16957	0.16957	0.16957	0.16957	0.16957	0.16957	0.16957	0.16957	0.16957	0.16957	0.16957	0.16957
10000	2.5167	0.0050001	0.027542	1	1	0.6383	1	0.6	7.7993	20	1	0.6	7.7993	20	1	0.6	7.7993	20	1	0.6	7.7993	20	0	0.57486	0.34491	4.4835	11.497	0.57486	0.34491	4.4835	11.497	0.57486	0.34491	4.4835	11.497	0.57486	0.34491	4.4835	11.497	0	0.2	0.2	0.2	0.2	0.2	0.2	0.2	0.2	0.2	0.2	0.2	0.2	0.2	0.2	0.2	0.2	0.2
10000	7.0218	0.001	0.02	1	1	0.6338	1	0.3	3.5	10	1	0.3	3.5	10	1	0.3	3.5	10	1	0.3	3.5	10	0	1	0.3	3.5	10	1	0.3	3.5	10	1	0.3	3.5	10	1	0.3	3.5	10	0	0.2	0.2	0.2	0.2	0.2	0.2	0.2	0.2	0.2	0.2	0.2	0.2	0.2	0.2	0.2	0.2	0.2
10000	1.0556	0.0071363	0.040135	1	1	0.81025	1.0114	0.65936	6.6419	22.291	1.0114	0.65936	6.6419	22.291	1.0114	0.65936	6.6419	22.291	1.0114	0.65936	6.6419	22.291	0	0.51145	0.33343	3.3587	11.272	0.51145	0.33343	3.3587	11.272	0.51145	0.33343	3.3587	11.272	0.51145	0.33343	3.3587	11.272	0	0.24225	0.24225	0.24225	0.24225	0.24225	0.24225	0.24225	0.24225	0.24225	0.24225	0.24225	0.24225	0.24225	0.24225	0.24225	0.24225	0.24225
10000	7.1666	0.0023162	0.02	1	1	0.57598	0.98659	0.4	3.5442	20.741	0.98659	0.4	3.5442	20.741	0.98659	0.4	3.5442	20.741	0.98659	0.4	3.5442	20.741	0	0.38368	0.15555	1.3783	8.0658	0.38368	0.15555	1.3783	8.0658	0.38368	0.15555	1.3783	8.0658	0.38368	0.15555	1.3783	8.0658	0	0.15741	0.15741	0.15741	0.15741	0.15741	0.15741	0.15741	0.15741	0.15741	0.15741	0.15741	0.15741	0.15741	0.15741	0.15741	0.15741	0.15741
10000	7	0.005	0.022228	1	1	0.62888	1	0.4	5	15	1	0.4	5	15	1	0.4	5	15	1	0.4	5	15	0	0.5	0.2	2.5	7.5	0.5	0.2	2.5	7.5	0.5	0.2	2.5	7.5	0.5	0.2	2.5	7.5	0	0.3	0.3	0.3	0.3	0.3	0.3	0.3	0.3	0.3	0.3	0.3	0.3	0.3	0.3	0.3	0.3	0.3
10000	5.0971	0.001	0.014922	1	1	0.52681	0.98934	0.29481	3.3471	14.627	0.98934	0.29481	3.3471	14.627	0.98934	0.29481	3.3471	14.627	0.98934	0.29481	3.3471	14.627	0	0.442	0.13171	1.4954	6.5348	0.442	0.13171	1.4954	6.5348	0.442	0.13171	1.4954	6.5348	0.442	0.13171	1.4954	6.5348	0	0.20427	0.20427	0.20427	0.20427	0.20427	0.20427	0.20427	0.20427	0.20427	0.20427	0.20427	0.20427	0.20427	0.20427	0.20427	0.20427	0.20427
10000	2.3139	0.0021207	0.01	1	1	0.38056	0.99911	0.31806	7.0625	24.176	0.99911	0.31806	7.0625	24.176	0.99911	0.31806	7.0625	24.176	0.99911	0.31806	7.0625	24.176	0	0.48568	0.15461	3.4332	11.752	0.48568	0.15461	3.4332	11.752	0.48568	0.15461	3.4332	11.752	0.48568	0.15461	3.4332	11.752	0	0.19422	0.19422	0.19422	0.19422	0.19422	0.19422	0.19422	0.19422	0.19422	0.19422	0.19422	0.19422	0.19422	0.19422	0.19422	0.19422	0.19422
10000	8.8745	0.0040949	0.018571	1	1	0.76088	1.0912	0.49594	4.7122	6.5872	1.0912	0.49594	4.7122	6.5872	1.0912	0.49594	4.7122	6.5872	1.0912	0.49594	4.7122	6.5872	0	0.36662	0.16662	1.5832	2.2131	0.36662	0.16662	1.5832	2.2131	0.36662	0.16662	1.5832	2.2131	0.36662	0.16662	1.5832	2.2131	0	0.10285	0.10285	0.10285	0.10285	0.10285	0.10285	0.10285	0.10285	0.10285	0.10285	0.10285	0.10285	0.10285	0.10285	0.10285	0.10285	0.10285
10000	3.3318	0.001	0.018401	1	1	0.31976	0.82293	0.37537	2.5552	7.6781	0.82293	0.37537	2.5552	7.6781	0.82293	0.37537	2.5552	7.6781	0.82293	0.37537	2.5552	7.6781	0	0.69748	0.31815	2.1657	6.5076	0.69748	0.31815	2.1657	6.5076	0.69748	0.31815	2.1657	6.5076	0.69748	0.31815	2.1657	6.5076	0	0.11146	0.11146	0.11146	0.11146	0.11146	0.11146	0.11146	0.11146	0.11146	0.11146	0.11146	0.11146	0.11146	0.11146	0.11146	0.11146	0.11146
10000	4.2158	0.001	0.016792	1	1	0.42067	0.58309	0.3	2.5	15	0.58309	0.3	2.5	15	0.58309	0.3	2.5	15	0.58309	0.3	2.5	15	0	0.58309	0.3	2.5	15	0.58309	0.3	2.5	15	0.58309	0.3	2.5	15	0.58309	0.3	2.5	15	0	0.098596	0.098596	0.098596	0.098596	0.098596	0.098596	0.098596	0.098596	0.098596	0.098596	0.098596	0.098596	0.098596	0.098596	0.098596	0.098596	0.098596
10000	4.5732	0.0064313	0.021515	1	1	0.48043	0.97776	1.0566	4.1491	16.792	0.97776	1.0566	4.1491	16.792	0.97776	1.0566	4.1491	16.792	0.97776	1.0566	4.1491	16.792	0	0.83698	0.90445	3.5517	14.374	0.83698	0.90445	3.5517	14.374	0.83698	0.90445	3.5517	14.374	0.83698	0.90445	3.5517	14.374	0	0.087422	0.087422	0.087422	0.087422	0.087422	0.087422	0.087422	0.087422	0.087422	0.087422	0.087422	0.087422	0.087422	0.087422	0.087422	0.087422	0.087422
10000	5.4326	0.001	0.020728	1	1	0.41524	0.63707	0.2418	3.7823	13.827	0.63707	0.2418	3.7823	13.827	0.63707	0.2418	3.7823	13.827	0.63707	0.2418	3.7823	13.827	0	0.60981	0.23145	3.6205	13.235	0.60981	0.23145	3.6205	13.235	0.60981	0.23145	3.6205	13.235	0.60981	0.23145	3.6205	13.235	0	0.20019	0.20019	0.20019	0.20019	0.20019	0.20019	0.20019	0.20019	0.20019	0.20019	0.20019	0.20019	0.20019	0.20019	0.20019	0.20019	0.20019
10000	3	0.01	0.02	1	1	0.8	1	0.6	4.6667	20	1	0.6	4.6667	20	1	0.6	4.6667	20	1	0.6	4.6667	20	0	0.71969	0.43182	3.3586	14.394	0.71969	0.43182	3.3586	14.394	0.71969	0.43182	3.3586	14.394	0.71969	0.43182	3.3586	14.394	0	0.2	0.2	0.2	0.2	0.2	0.2	0.2	0.2	0.2	0.2	0.2	0.2	0.2	0.2	0.2	0.2	0.2
10000	7.9702	0.0012978	0.023102	1	1	0.39533	0.80598	0.46224	5.1933	10.081	0.80598	0.46224	5.1933	10.081	0.80598	0.46224	5.1933	10.081	0.80598	0.46224	5.1933	10.081	0	0.39965	0.2292	2.5752	4.999	0.39965	0.2292	2.5752	4.999	0.39965	0.2292	2.5752	4.999	0.39965	0.2292	2.5752	4.999	0	0.072526	0.072526	0.072526	0.072526	0.072526	0.072526	0.072526	0.072526	0.072526	0.072526	0.072526	0.072526	0.072526	0.072526	0.072526	0.072526	0.072526
10000	3.0102	0.001	0.011711	1	1	0.70588	0.88889	0.5	7	20	0.88889	0.5	7	20	0.88889	0.5	7	20	0.88889	0.5	7	20	0	0.57494	0.3234	4.5276	12.936	0.57494	0.3234	4.5276	12.936	0.57494	0.3234	4.5276	12.936	0.57494	0.3234	4.5276	12.936	0	6.0555e-06	6.0555e-06	6.0555e-06	6.0555e-06	6.0555e-06	6.0555e-06	6.0555e-06	6.0555e-06	6.0555e-06	6.0555e-06	6.0555e-06	6.0555e-06	6.0555e-06	6.0555e-06	6.0555e-06	6.0555e-06	6.0555e-06
10000	7	0.001	0.02	1	1	0.8	0.8	0.19862	6.1239	20	0.8	0.19862	6.1239	20	0.8	0.19862	6.1239	20	0.8	0.19862	6.1239	20	0	0.4	0.09931	3.0619	9.9999	0.4	0.09931	3.0619	9.9999	0.4	0.09931	3.0619	9.9999	0.4	0.09931	3.0619	9.9999	0	0.099999	0.099999	0.099999	0.099999	0.099999	0.099999	0.099999	0.099999	0.099999	0.099999	0.099999	0.099999	0.099999	0.099999	0.099999	0.099999	0.099999
10000	10	0.001	0.016121	1	1	0.21006	0.79893	0.4572	3.5018	10.392	0.79893	0.4572	3.5018	10.392	0.79893	0.4572	3.5018	10.392	0.79893	0.4572	3.5018	10.392	0	0.6743	0.38588	2.9556	8.771	0.6743	0.38588	2.9556	8.771	0.6743	0.38588	2.9556	8.771	0.6743	0.38588	2.9556	8.771	0	0.071022	0.071022	0.071022	0.071022	0.071022	0.071022	0.071022	0.071022	0.071022	0.071022	0.071022	0.071022	0.071022	0.071022	0.071022	0.071022	0.071022
10000	10	0.001	0.01	1	1	0.38489	0.82963	0.3	3.5	136.67	0.82963	0.3	3.5	136.67	0.82963	0.3	3.5	136.67	0.82963	0.3	3.5	136.67	0	0.84327	0.30493	3.5576	138.91	0.84327	0.30493	3.5576	138.91	0.84327	0.30493	3.5576	138.91	0.84327	0.30493	3.5576	138.91	0	0.1	0.1	0.1	0.1	0.1	0.1	0.1	0.1	0.1	0.1	0.1	0.1	0.1	0.1	0.1	0.1	0.1
10000	6.425	0.001	0.015266	1	1	0.8	1	0.28345	4.0863	11.111	1	0.28345	4.0863	11.111	1	0.28345	4.0863	11.111	1	0.28345	4.0863	11.111	0	0.97253	0.27566	3.9741	10.806	0.97253	0.27566	3.9741	10.806	0.97253	0.27566	3.9741	10.806	0.97253	0.27566	3.9741	10.806	0	0.19256	0.19256	0.19256	0.19256	0.19256	0.19256	0.19256	0.19256	0.19256	0.19256	0.19256	0.19256	0.19256	0.19256	0.19256	0.19256	0.19256
10000	4.3702	0.001	0.02	1	1	0.63444	0.8	0.3	3.7133	15	0.8	0.3	3.7133	15	0.8	0.3	3.7133	15	0.8	0.3	3.7133	15	0	0.63767	0.23913	2.9598	11.956	0.63767	0.23913	2.9598	11.956	0.63767	0.23913	2.9598	11.956	0.63767	0.23913	2.9598	11.956	0	0.1	0.1	0.1	0.1	0.1	0.1	0.1	0.1	0.1	0.1	0.1	0.1	0.1	0.1	0.1	0.1	0.1
10000	7.0295	0.0022604	0.01	1	1	0.63994	0.92353	0.28222	4.9743	19.713	0.92353	0.28222	4.9743	19.713	0.92353	0.28222	4.9743	19.713	0.92353	0.28222	4.9743	19.713	0	1.0394	0.31763	5.5984	22.186	1.0394	0.31763	5.5984	22.186	1.0394	0.31763	5.5984	22.186	1.0394	0.31763	5.5984	22.186	0	0.29075	0.29075	0.29075	0.29075	0.29075	0.29075	0.29075	0.29075	0.29075	0.29075	0.29075	0.29075	0.29075	0.29075	0.29075	0.29075	0.29075
10000	9.4093	0.0017033	0.01	1	1	0.46933	0.82664	0.40045	3.771	14.995	0.82664	0.40045	3.771	14.995	0.82664	0.40045	3.771	14.995	0.82664	0.40045	3.771	14.995	0	0.82664	0.40045	3.771	14.995	0.82664	0.40045	3.771	14.995	0.82664	0.40045	3.771	14.995	0.82664	0.40045	3.771	14.995	0	0.14981	0.14981	0.14981	0.14981	0.14981	0.14981	0.14981	0.14981	0.14981	0.14981	0.14981	0.14981	0.14981	0.14981	0.14981	0.14981	0.14981
10000	4.959	0.001	0.01	1	1	0.59284	0.7875	0.51041	3.4688	10.076	0.7875	0.51041	3.4688	10.076	0.7875	0.51041	3.4688	10.076	0.7875	0.51041	3.4688	10.076	0	0.77792	0.50421	3.4266	9.9539	0.77792	0.50421	3.4266	9.9539	0.77792	0.50421	3.4266	9.9539	0.77792	0.50421	3.4266	9.9539	0	0.20768	0.20768	0.20768	0.20768	0.20768	0.20768	0.20768	0.20768	0.20768	0.20768	0.20768	0.20768	0.20768	0.20768	0.20768	0.20768	0.20768
10000	4.3818	0.001	0.029947	1	1	0.79903	0.79307	0.59914	2.8224	15.011	0.79307	0.59914	2.8224	15.011	0.79307	0.59914	2.8224	15.011	0.79307	0.59914	2.8224	15.011	0	0.83806	0.63312	2.9825	15.862	0.83806	0.63312	2.9825	15.862	0.83806	0.63312	2.9825	15.862	0.83806	0.63312	2.9825	15.862	0	0.03278	0.03278	0.03278	0.03278	0.03278	0.03278	0.03278	0.03278	0.03278	0.03278	0.03278	0.03278	0.03278	0.03278	0.03278	0.03278	0.03278
10000	2.5167	0.001	0.01	1	1	0.4	1.1004	0.53554	3.3333	180	1.1004	0.53554	3.3333	180	1.1004	0.53554	3.3333	180	1.1004	0.53554	3.3333	180	0	0.53791	0.26178	1.6294	87.987	0.53791	0.26178	1.6294	87.987	0.53791	0.26178	1.6294	87.987	0.53791	0.26178	1.6294	87.987	0	0.04292	0.04292	0.04292	0.04292	0.04292	0.04292	0.04292	0.04292	0.04292	0.04292	0.04292	0.04292	0.04292	0.04292	0.04292	0.04292	0.04292
10000	4.2875	0.001	0.019864	1	1	0.70665	1	0.3	3.365	15	1	0.3	3.365	15	1	0.3	3.365	15	1	0.3	3.365	15	0	0.93672	0.28102	3.152	14.051	0.93672	0.28102	3.152	14.051	0.93672	0.28102	3.152	14.051	0.93672	0.28102	3.152	14.051	0	0.2377	0.2377	0.2377	0.2377	0.2377	0.2377	0.2377	0.2377	0.2377	0.2377	0.2377	0.2377	0.2377	0.2377	0.2377	0.2377	0.2377
10000	2.9463	0.0044554	0.02	1	1	0.83299	0.99999	0.6	3.5	61.886	0.99999	0.6	3.5	61.886	0.99999	0.6	3.5	61.886	0.99999	0.6	3.5	61.886	0	0.99999	0.6	3.5	61.886	0.99999	0.6	3.5	61.886	0.99999	0.6	3.5	61.886	0.99999	0.6	3.5	61.886	0	0.18889	0.18889	0.18889	0.18889	0.18889	0.18889	0.18889	0.18889	0.18889	0.18889	0.18889	0.18889	0.18889	0.18889	0.18889	0.18889	0.18889
10000	4.1978	0.001	0.01	1	1	0.79023	1.0109	0.28519	3.5244	15.087	1.0109	0.28519	3.5244	15.087	1.0109	0.28519	3.5244	15.087	1.0109	0.28519	3.5244	15.087	0	1.0013	0.28248	3.4909	14.944	1.0013	0.28248	3.4909	14.944	1.0013	0.28248	3.4909	14.944	1.0013	0.28248	3.4909	14.944	0	0.20378	0.20378	0.20378	0.20378	0.20378	0.20378	0.20378	0.20378	0.20378	0.20378	0.20378	0.20378	0.20378	0.20378	0.20378	0.20378	0.20378
10000	6.6444	0.001	0.011111	1	1	0.8	1	0.4	3.5	20	1	0.4	3.5	20	1	0.4	3.5	20	1	0.4	3.5	20	0	1.0346	0.41386	3.6212	20.693	1.0346	0.41386	3.6212	20.693	1.0346	0.41386	3.6212	20.693	1.0346	0.41386	3.6212	20.693	0	0.3	0.3	0.3	0.3	0.3	0.3	0.3	0.3	0.3	0.3	0.3	0.3	0.3	0.3	0.3	0.3	0.3
10000	4.852	0.001	0.01	1	1	0.88639	0.79977	0.29964	2.499	29.978	0.79977	0.29964	2.499	29.978	0.79977	0.29964	2.499	29.978	0.79977	0.29964	2.499	29.978	0	0.58193	0.21803	1.8184	21.813	0.58193	0.21803	1.8184	21.813	0.58193	0.21803	1.8184	21.813	0.58193	0.21803	1.8184	21.813	0	0.21969	0.21969	0.21969	0.21969	0.21969	0.21969	0.21969	0.21969	0.21969	0.21969	0.21969	0.21969	0.21969	0.21969	0.21969	0.21969	0.21969
10000	8.0352	0.0038424	0.023866	1	1	0.72552	0.78106	1.6305	4.5577	27.084	0.78106	1.6305	4.5577	27.084	0.78106	1.6305	4.5577	27.084	0.78106	1.6305	4.5577	27.084	0	0.50019	1.0442	2.9187	17.345	0.50019	1.0442	2.9187	17.345	0.50019	1.0442	2.9187	17.345	0.50019	1.0442	2.9187	17.345	0	0.2408	0.2408	0.2408	0.2408	0.2408	0.2408	0.2408	0.2408	0.2408	0.2408	0.2408	0.2408	0.2408	0.2408	0.2408	0.2408	0.2408
10000	2.7115	0.0012537	0.022315	1	1	0.65662	0.86933	0.59956	3.1919	14.22	0.86933	0.59956	3.1919	14.22	0.86933	0.59956	3.1919	14.22	0.86933	0.59956	3.1919	14.22	0	0.21733	0.14989	0.79796	3.555	0.21733	0.14989	0.79796	3.555	0.21733	0.14989	0.79796	3.555	0.21733	0.14989	0.79796	3.555	0	0.15671	0.15671	0.15671	0.15671	0.15671	0.15671	0.15671	0.15671	0.15671	0.15671	0.15671	0.15671	0.15671	0.15671	0.15671	0.15671	0.15671
10000	4	0.001	0.035	1	1	0.72542	1	0.40884	2.5202	15	1	0.40884	2.5202	15	1	0.40884	2.5202	15	1	0.40884	2.5202	15	0	0.42139	0.17228	1.062	6.3208	0.42139	0.17228	1.062	6.3208	0.42139	0.17228	1.062	6.3208	0.42139	0.17228	1.062	6.3208	0	0.10075	0.10075	0.10075	0.10075	0.10075	0.10075	0.10075	0.10075	0.10075	0.10075	0.10075	0.10075	0.10075	0.10075	0.10075	0.10075	0.10075
10000	2.8363	0.0034931	0.020003	1	1	0.39989	1.5054	0.30009	3.3336	14.999	1.5054	0.30009	3.3336	14.999	1.5054	0.30009	3.3336	14.999	1.5054	0.30009	3.3336	14.999	0	0.75257	0.15002	1.6665	7.4981	0.75257	0.15002	1.6665	7.4981	0.75257	0.15002	1.6665	7.4981	0.75257	0.15002	1.6665	7.4981	0	0.099994	0.099994	0.099994	0.099994	0.099994	0.099994	0.099994	0.099994	0.099994	0.099994	0.099994	0.099994	0.099994	0.099994	0.099994	0.099994	0.099994
10000	3.3261	0.0016908	0.01	1	1	0.65212	1.122	0.34278	2.7712	10.45	1.122	0.34278	2.7712	10.45	1.122	0.34278	2.7712	10.45	1.122	0.34278	2.7712	10.45	0	0.99891	0.30517	2.4671	9.3033	0.99891	0.30517	2.4671	9.3033	0.99891	0.30517	2.4671	9.3033	0.99891	0.30517	2.4671	9.3033	0	0.10927	0.10927	0.10927	0.10927	0.10927	0.10927	0.10927	0.10927	0.10927	0.10927	0.10927	0.10927	0.10927	0.10927	0.10927	0.10927	0.10927
10000	4.5213	0.001	0.01	1	1	0.57201	1.4297	0.28827	3.4503	15.027	1.4297	0.28827	3.4503	15.027	1.4297	0.28827	3.4503	15.027	1.4297	0.28827	3.4503	15.027	0	1.1024	0.22228	2.6605	11.587	1.1024	0.22228	2.6605	11.587	1.1024	0.22228	2.6605	11.587	1.1024	0.22228	2.6605	11.587	0	0.10442	0.10442	0.10442	0.10442	0.10442	0.10442	0.10442	0.10442	0.10442	0.10442	0.10442	0.10442	0.10442	0.10442	0.10442	0.10442	0.10442
10000	3.0034	0.001	0.015079	1	1	0.79292	1.0878	0.67256	3.3196	15.063	1.0878	0.67256	3.3196	15.063	1.0878	0.67256	3.3196	15.063	1.0878	0.67256	3.3196	15.063	0	0.73986	0.45744	2.2578	10.245	0.73986	0.45744	2.2578	10.245	0.73986	0.45744	2.2578	10.245	0.73986	0.45744	2.2578	10.245	0	0.098426	0.098426	0.098426	0.098426	0.098426	0.098426	0.098426	0.098426	0.098426	0.098426	0.098426	0.098426	0.098426	0.098426	0.098426	0.098426	0.098426
10000	3	0.001	0.03	1	1	0.44445	1.5983	-0.23501	3.5	11.667	1.5983	-0.23501	3.5	11.667	1.5983	-0.23501	3.5	11.667	1.5983	-0.23501	3.5	11.667	0	0.79914	-0.11751	1.75	5.8333	0.79914	-0.11751	1.75	5.8333	0.79914	-0.11751	1.75	5.8333	0.79914	-0.11751	1.75	5.8333	0	0.15589	0.15589	0.15589	0.15589	0.15589	0.15589	0.15589	0.15589	0.15589	0.15589	0.15589	0.15589	0.15589	0.15589	0.15589	0.15589	0.15589
10000	5.0969	0.0047401	0.01935	1	1	0.78533	1.1044	0.63395	3.7902	9.5586	1.1044	0.63395	3.7902	9.5586	1.1044	0.63395	3.7902	9.5586	1.1044	0.63395	3.7902	9.5586	0	0.82735	0.47493	2.8394	7.1609	0.82735	0.47493	2.8394	7.1609	0.82735	0.47493	2.8394	7.1609	0.82735	0.47493	2.8394	7.1609	0	0.094834	0.094834	0.094834	0.094834	0.094834	0.094834	0.094834	0.094834	0.094834	0.094834	0.094834	0.094834	0.094834	0.094834	0.094834	0.094834	0.094834
10000	4.023	0.001	0.03125	1	1	0.44901	1.5625	0.12806	4.7656	18.5	1.5625	0.12806	4.7656	18.5	1.5625	0.12806	4.7656	18.5	1.5625	0.12806	4.7656	18.5	0	0.7316	0.059959	2.2314	8.6621	0.7316	0.059959	2.2314	8.6621	0.7316	0.059959	2.2314	8.6621	0.7316	0.059959	2.2314	8.6621	0	0.14558	0.14558	0.14558	0.14558	0.14558	0.14558	0.14558	0.14558	0.14558	0.14558	0.14558	0.14558	0.14558	0.14558	0.14558	0.14558	0.14558
10000	5.2408	0.001	0.019911	1	1	0.72888	0.99556	0.30289	3.51	26.009	0.99556	0.30289	3.51	26.009	0.99556	0.30289	3.51	26.009	0.99556	0.30289	3.51	26.009	0	0.99169	0.30171	3.4963	25.908	0.99169	0.30171	3.4963	25.908	0.99169	0.30171	3.4963	25.908	0.99169	0.30171	3.4963	25.908	0	0.19982	0.19982	0.19982	0.19982	0.19982	0.19982	0.19982	0.19982	0.19982	0.19982	0.19982	0.19982	0.19982	0.19982	0.19982	0.19982	0.19982
10000	6.9765	0.001	0.020013	1	1	0.8004	0.97743	0.30043	5.644	20.007	0.97743	0.30043	5.644	20.007	0.97743	0.30043	5.644	20.007	0.97743	0.30043	5.644	20.007	0	0.89494	0.27507	5.1677	18.318	0.89494	0.27507	5.1677	18.318	0.89494	0.27507	5.1677	18.318	0.89494	0.27507	5.1677	18.318	0	0.40039	0.40039	0.40039	0.40039	0.40039	0.40039	0.40039	0.40039	0.40039	0.40039	0.40039	0.40039	0.40039	0.40039	0.40039	0.40039	0.40039
10000	5.0367	0.0021708	0.024252	1	1	0.77407	0.81148	0.16952	4.0535	17.444	0.81148	0.16952	4.0535	17.444	0.81148	0.16952	4.0535	17.444	0.81148	0.16952	4.0535	17.444	0	0.58916	0.12308	2.943	12.665	0.58916	0.12308	2.943	12.665	0.58916	0.12308	2.943	12.665	0.58916	0.12308	2.943	12.665	0	0.24034	0.24034	0.24034	0.24034	0.24034	0.24034	0.24034	0.24034	0.24034	0.24034	0.24034	0.24034	0.24034	0.24034	0.24034	0.24034	0.24034
10000	3.4617	0.001	0.022299	1	1	0.69061	0.97222	0.28194	2.5486	20.222	0.97222	0.28194	2.5486	20.222	0.97222	0.28194	2.5486	20.222	0.97222	0.28194	2.5486	20.222	0	0.99585	0.2888	2.6106	20.714	0.99585	0.2888	2.6106	20.714	0.99585	0.2888	2.6106	20.714	0.99585	0.2888	2.6106	20.714	0	0.078704	0.078704	0.078704	0.078704	0.078704	0.078704	0.078704	0.078704	0.078704	0.078704	0.078704	0.078704	0.078704	0.078704	0.078704	0.078704	0.078704
10000	4.1633	0.0062701	0.020278	1	1	0.73253	0.84378	0.3	2.5	15	0.84378	0.3	2.5	15	0.84378	0.3	2.5	15	0.84378	0.3	2.5	15	0	0.84378	0.3	2.5	15	0.84378	0.3	2.5	15	0.84378	0.3	2.5	15	0.84378	0.3	2.5	15	0	0.097865	0.097865	0.097865	0.097865	0.097865	0.097865	0.097865	0.097865	0.097865	0.097865	0.097865	0.097865	0.097865	0.097865	0.097865	0.097865	0.097865
10000	4.3063	0.001	0.02	1	1	0.69855	1	0.3	2.7445	15	1	0.3	2.7445	15	1	0.3	2.7445	15	1	0.3	2.7445	15	0	1	0.3	2.7445	15	1	0.3	2.7445	15	1	0.3	2.7445	15	1	0.3	2.7445	15	0	0.17028	0.17028	0.17028	0.17028	0.17028	0.17028	0.17028	0.17028	0.17028	0.17028	0.17028	0.17028	0.17028	0.17028	0.17028	0.17028	0.17028
10000	6.9949	0.005	0.021679	1	1	0.8	1	0.3	3.5	10	1	0.3	3.5	10	1	0.3	3.5	10	1	0.3	3.5	10	0	1.253	0.3759	4.3855	12.53	1.253	0.3759	4.3855	12.53	1.253	0.3759	4.3855	12.53	1.253	0.3759	4.3855	12.53	0	0.28312	0.28312	0.28312	0.28312	0.28312	0.28312	0.28312	0.28312	0.28312	0.28312	0.28312	0.28312	0.28312	0.28312	0.28312	0.28312	0.28312
10000	4.2877	0.001	0.023333	1	1	0.50976	0.99999	0.39455	3.3333	30	0.99999	0.39455	3.3333	30	0.99999	0.39455	3.3333	30	0.99999	0.39455	3.3333	30	0	1.087	0.42889	3.6235	32.611	1.087	0.42889	3.6235	32.611	1.087	0.42889	3.6235	32.611	1.087	0.42889	3.6235	32.611	0	0.2	0.2	0.2	0.2	0.2	0.2	0.2	0.2	0.2	0.2	0.2	0.2	0.2	0.2	0.2	0.2	0.2
10000	4.1833	0.001	0.022926	1	1	0.4	1	0.3	2.5	20	1	0.3	2.5	20	1	0.3	2.5	20	1	0.3	2.5	20	0	1	0.3	2.5	20	1	0.3	2.5	20	1	0.3	2.5	20	1	0.3	2.5	20	0	0.1	0.1	0.1	0.1	0.1	0.1	0.1	0.1	0.1	0.1	0.1	0.1	0.1	0.1	0.1	0.1	0.1
10000	2.5167	0.001	0.01	1	1	0.61134	1.4734	0.55556	3.5	19.476	1.4734	0.55556	3.5	19.476	1.4734	0.55556	3.5	19.476	1.4734	0.55556	3.5	19.476	0	1.1315	0.42663	2.6878	14.956	1.1315	0.42663	2.6878	14.956	1.1315	0.42663	2.6878	14.956	1.1315	0.42663	2.6878	14.956	0	0.05	0.05	0.05	0.05	0.05	0.05	0.05	0.05	0.05	0.05	0.05	0.05	0.05	0.05	0.05	0.05	0.05
10000	7.0787	0.001	0.035	1	1	0.1394	1	0.4	2.5	15	1	0.4	2.5	15	1	0.4	2.5	15	1	0.4	2.5	15	0	1.0556	0.42222	2.6389	15.833	1.0556	0.42222	2.6389	15.833	1.0556	0.42222	2.6389	15.833	1.0556	0.42222	2.6389	15.833	0	0.011111	0.011111	0.011111	0.011111	0.011111	0.011111	0.011111	0.011111	0.011111	0.011111	0.011111	0.011111	0.011111	0.011111	0.011111	0.011111	0.011111
10000	5.8505	0.001	0.019997	1	1	0.023297	1.0001	0.29998	1.7758	14.999	1.0001	0.29998	1.7758	14.999	1.0001	0.29998	1.7758	14.999	1.0001	0.29998	1.7758	14.999	0	1.1669	0.35001	2.0719	17.5	1.1669	0.35001	2.0719	17.5	1.1669	0.35001	2.0719	17.5	1.1669	0.35001	2.0719	17.5	0	0.11003	0.11003	0.11003	0.11003	0.11003	0.11003	0.11003	0.11003	0.11003	0.11003	0.11003	0.11003	0.11003	0.11003	0.11003	0.11003	0.11003
10000	8	0.001	0.018914	1	1	0.60775	1	0.61729	2.779	15.926	1	0.61729	2.779	15.926	1	0.61729	2.779	15.926	1	0.61729	2.779	15.926	0	0.99691	0.61538	2.7704	15.877	0.99691	0.61538	2.7704	15.877	0.99691	0.61538	2.7704	15.877	0.99691	0.61538	2.7704	15.877	0	0.18889	0.18889	0.18889	0.18889	0.18889	0.18889	0.18889	0.18889	0.18889	0.18889	0.18889	0.18889	0.18889	0.18889	0.18889	0.18889	0.18889
10000	5.8576	0.0036664	0.020885	1	1	0.81112	1.0139	0.30003	2.9354	15	1.0139	0.30003	2.9354	15	1.0139	0.30003	2.9354	15	1.0139	0.30003	2.9354	15	0	0.4678	0.13843	1.3544	6.9211	0.4678	0.13843	1.3544	6.9211	0.4678	0.13843	1.3544	6.9211	0.4678	0.13843	1.3544	6.9211	0	0.1983	0.1983	0.1983	0.1983	0.1983	0.1983	0.1983	0.1983	0.1983	0.1983	0.1983	0.1983	0.1983	0.1983	0.1983	0.1983	0.1983
10000	5.5229	0.001	0.019928	1	1	0.79678	1.1397	0.0017879	2.4937	14.077	1.1397	0.0017879	2.4937	14.077	1.1397	0.0017879	2.4937	14.077	1.1397	0.0017879	2.4937	14.077	0	0.4658	0.00073073	1.0192	5.7532	0.4658	0.00073073	1.0192	5.7532	0.4658	0.00073073	1.0192	5.7532	0.4658	0.00073073	1.0192	5.7532	0	0.26553	0.26553	0.26553	0.26553	0.26553	0.26553	0.26553	0.26553	0.26553	0.26553	0.26553	0.26553	0.26553	0.26553	0.26553	0.26553	0.26553
10000	2.9888	0.001	0.01	1	1	0.78562	1.0317	0.14888	3.5712	14.747	1.0317	0.14888	3.5712	14.747	1.0317	0.14888	3.5712	14.747	1.0317	0.14888	3.5712	14.747	0	0.25791	0.037221	0.89281	3.6867	0.25791	0.037221	0.89281	3.6867	0.25791	0.037221	0.89281	3.6867	0.25791	0.037221	0.89281	3.6867	0	0.19423	0.19423	0.19423	0.19423	0.19423	0.19423	0.19423	0.19423	0.19423	0.19423	0.19423	0.19423	0.19423	0.19423	0.19423	0.19423	0.19423
10000	2.6199	0.001	0.01996	1	1	0.99802	1.1579	-0.00099236	5.0035	29.984	1.1579	-0.00099236	5.0035	29.984	1.1579	-0.00099236	5.0035	29.984	1.1579	-0.00099236	5.0035	29.984	0	0.57924	-0.00049641	2.5029	14.999	0.57924	-0.00049641	2.5029	14.999	0.57924	-0.00049641	2.5029	14.999	0.57924	-0.00049641	2.5029	14.999	0	0.21089	0.21089	0.21089	0.21089	0.21089	0.21089	0.21089	0.21089	0.21089	0.21089	0.21089	0.21089	0.21089	0.21089	0.21089	0.21089	0.21089
10000	4.8898	0.0035119	0.02	1	1	1	1	-0.19735	3.5	15	1	-0.19735	3.5	15	1	-0.19735	3.5	15	1	-0.19735	3.5	15	0	0.38138	-0.075267	1.3348	5.7208	0.38138	-0.075267	1.3348	5.7208	0.38138	-0.075267	1.3348	5.7208	0.38138	-0.075267	1.3348	5.7208	0	0.1	0.1	0.1	0.1	0.1	0.1	0.1	0.1	0.1	0.1	0.1	0.1	0.1	0.1	0.1	0.1	0.1
10000	5.2535	0.001	0.02	1	1	0.8	1	0.3	2.5	30	1	0.3	2.5	30	1	0.3	2.5	30	1	0.3	2.5	30	0	1	0.3	2.5	30	1	0.3	2.5	30	1	0.3	2.5	30	1	0.3	2.5	30	0	0.1	0.1	0.1	0.1	0.1	0.1	0.1	0.1	0.1	0.1	0.1	0.1	0.1	0.1	0.1	0.1	0.1
10000	7.0047	0.001	0.029952	1	1	0.79892	1.0012	0.40078	2.5021	30.009	1.0012	0.40078	2.5021	30.009	1.0012	0.40078	2.5021	30.009	1.0012	0.40078	2.5021	30.009	0	0.95428	0.382	2.3848	28.603	0.95428	0.382	2.3848	28.603	0.95428	0.382	2.3848	28.603	0.95428	0.382	2.3848	28.603	0	0.17613	0.17613	0.17613	0.17613	0.17613	0.17613	0.17613	0.17613	0.17613	0.17613	0.17613	0.17613	0.17613	0.17613	0.17613	0.17613	0.17613
10000	5.3427	0.001	0.016901	1	1	0.62595	0.76281	0.27209	2.5723	29.339	0.76281	0.27209	2.5723	29.339	0.76281	0.27209	2.5723	29.339	0.76281	0.27209	2.5723	29.339	0	0.73501	0.26218	2.4786	28.27	0.73501	0.26218	2.4786	28.27	0.73501	0.26218	2.4786	28.27	0.73501	0.26218	2.4786	28.27	0	0.2168	0.2168	0.2168	0.2168	0.2168	0.2168	0.2168	0.2168	0.2168	0.2168	0.2168	0.2168	0.2168	0.2168	0.2168	0.2168	0.2168
10000	3.5	0.0025	0.02	1	1	0.59287	1	0.5	3.4111	10	1	0.5	3.4111	10	1	0.5	3.4111	10	1	0.5	3.4111	10	0	0.76002	0.38001	2.5925	7.6002	0.76002	0.38001	2.5925	7.6002	0.76002	0.38001	2.5925	7.6002	0.76002	0.38001	2.5925	7.6002	0	0.1	0.1	0.1	0.1	0.1	0.1	0.1	0.1	0.1	0.1	0.1	0.1	0.1	0.1	0.1	0.1	0.1
10000	5.8515	0.001	0.017578	1	1	0.6379	0.8756	0.39413	2.4842	8.1922	0.8756	0.39413	2.4842	8.1922	0.8756	0.39413	2.4842	8.1922	0.8756	0.39413	2.4842	8.1922	0	0.86869	0.39103	2.4646	8.1276	0.86869	0.39103	2.4646	8.1276	0.86869	0.39103	2.4646	8.1276	0.86869	0.39103	2.4646	8.1276	0	0.16366	0.16366	0.16366	0.16366	0.16366	0.16366	0.16366	0.16366	0.16366	0.16366	0.16366	0.16366	0.16366	0.16366	0.16366	0.16366	0.16366
10000	9.0216	0.001	0.042222	1	1	0.73246	0.70199	0.29901	2.1782	9.7549	0.70199	0.29901	2.1782	9.7549	0.70199	0.29901	2.1782	9.7549	0.70199	0.29901	2.1782	9.7549	0	0.55766	0.23753	1.7304	7.7493	0.55766	0.23753	1.7304	7.7493	0.55766	0.23753	1.7304	7.7493	0.55766	0.23753	1.7304	7.7493	0	0.19913	0.19913	0.19913	0.19913	0.19913	0.19913	0.19913	0.19913	0.19913	0.19913	0.19913	0.19913	0.19913	0.19913	0.19913	0.19913	0.19913
10000	5.1211	0.001	0.02	1	1	0.65795	0.8	0.5	2.5	15	0.8	0.5	2.5	15	0.8	0.5	2.5	15	0.8	0.5	2.5	15	0	0.8	0.5	2.5	15	0.8	0.5	2.5	15	0.8	0.5	2.5	15	0.8	0.5	2.5	15	0	0.1	0.1	0.1	0.1	0.1	0.1	0.1	0.1	0.1	0.1	0.1	0.1	0.1	0.1	0.1	0.1	0.1
10000	5	0.001	0.03	1	1	0.77884	0.76181	0.3	2.6589	15	0.76181	0.3	2.6589	15	0.76181	0.3	2.6589	15	0.76181	0.3	2.6589	15	0	0.79808	0.31429	2.7855	15.714	0.79808	0.31429	2.7855	15.714	0.79808	0.31429	2.7855	15.714	0.79808	0.31429	2.7855	15.714	0	0.29316	0.29316	0.29316	0.29316	0.29316	0.29316	0.29316	0.29316	0.29316	0.29316	0.29316	0.29316	0.29316	0.29316	0.29316	0.29316	0.29316
10000	2.8668	0.001	0.022095	1	1	0.55847	0.89523	0.36809	2.3167	14.162	0.89523	0.36809	2.3167	14.162	0.89523	0.36809	2.3167	14.162	0.89523	0.36809	2.3167	14.162	0	0.81317	0.33435	2.1043	12.864	0.81317	0.33435	2.1043	12.864	0.81317	0.33435	2.1043	12.864	0.81317	0.33435	2.1043	12.864	0	0.20794	0.20794	0.20794	0.20794	0.20794	0.20794	0.20794	0.20794	0.20794	0.20794	0.20794	0.20794	0.20794	0.20794	0.20794	0.20794	0.20794
10000	5	0.001	0.02	1	1	0.8	0.54236	0.3	2.5	15	0.54236	0.3	2.5	15	0.54236	0.3	2.5	15	0.54236	0.3	2.5	15	0	0.54237	0.3	2.5	15	0.54237	0.3	2.5	15	0.54237	0.3	2.5	15	0.54237	0.3	2.5	15	0	0.4	0.4	0.4	0.4	0.4	0.4	0.4	0.4	0.4	0.4	0.4	0.4	0.4	0.4	0.4	0.4	0.4
10000	3.55	0.001	0.02	1	1	0.8	1	0.51955	2.5	15	1	0.51955	2.5	15	1	0.51955	2.5	15	1	0.51955	2.5	15	0	0.86155	0.44762	2.1539	12.923	0.86155	0.44762	2.1539	12.923	0.86155	0.44762	2.1539	12.923	0.86155	0.44762	2.1539	12.923	0	0.1087	0.1087	0.1087	0.1087	0.1087	0.1087	0.1087	0.1087	0.1087	0.1087	0.1087	0.1087	0.1087	0.1087	0.1087	0.1087	0.1087
10000	7	0.001	0.02	1	1	0.8	1	0.3	2.5	15	1	0.3	2.5	15	1	0.3	2.5	15	1	0.3	2.5	15	0	1	0.3	2.5	15	1	0.3	2.5	15	1	0.3	2.5	15	1	0.3	2.5	15	0	0.3	0.3	0.3	0.3	0.3	0.3	0.3	0.3	0.3	0.3	0.3	0.3	0.3	0.3	0.3	0.3	0.3
10000	7.0004	0.001	0.030004	1	1	0.92665	0.7999	0.29993	2.4998	14.999	0.7999	0.29993	2.4998	14.999	0.7999	0.29993	2.4998	14.999	0.7999	0.29993	2.4998	14.999	0	0.79998	0.29996	2.5	15.001	0.79998	0.29996	2.5	15.001	0.79998	0.29996	2.5	15.001	0.79998	0.29996	2.5	15.001	0	0.20004	0.20004	0.20004	0.20004	0.20004	0.20004	0.20004	0.20004	0.20004	0.20004	0.20004	0.20004	0.20004	0.20004	0.20004	0.20004	0.20004
10000	10	0.0044569	0.01	1	1	0.8	1	0.3	2.5	15	1	0.3	2.5	15	1	0.3	2.5	15	1	0.3	2.5	15	0	1.0203	0.3061	2.5509	15.305	1.0203	0.3061	2.5509	15.305	1.0203	0.3061	2.5509	15.305	1.0203	0.3061	2.5509	15.305	0	0.3	0.3	0.3	0.3	0.3	0.3	0.3	0.3	0.3	0.3	0.3	0.3	0.3	0.3	0.3	0.3	0.3
10000	10	0.005	0.02	1	1	0.8	1	0.3	2.5	15	1	0.3	2.5	15	1	0.3	2.5	15	1	0.3	2.5	15	0	1	0.3	2.5	15	1	0.3	2.5	15	1	0.3	2.5	15	1	0.3	2.5	15	0	0.2	0.2	0.2	0.2	0.2	0.2	0.2	0.2	0.2	0.2	0.2	0.2	0.2	0.2	0.2	0.2	0.2
10000	1.9513	0.0079827	0.02436	1	1	1.6012	1.5018	-0.13529	3.3544	18.906	1.5018	-0.13529	3.3544	18.906	1.5018	-0.13529	3.3544	18.906	1.5018	-0.13529	3.3544	18.906	0	0.80436	-0.072464	1.7967	10.126	0.80436	-0.072464	1.7967	10.126	0.80436	-0.072464	1.7967	10.126	0.80436	-0.072464	1.7967	10.126	0	0.1578	0.1578	0.1578	0.1578	0.1578	0.1578	0.1578	0.1578	0.1578	0.1578	0.1578	0.1578	0.1578	0.1578	0.1578	0.1578	0.1578
10000	3.743	0.009	0.01	1	1	1.0208	1.682	0.42443	4.2084	17.25	1.682	0.42443	4.2084	17.25	1.682	0.42443	4.2084	17.25	1.682	0.42443	4.2084	17.25	0	0.4205	0.10611	1.0521	4.3125	0.4205	0.10611	1.0521	4.3125	0.4205	0.10611	1.0521	4.3125	0.4205	0.10611	1.0521	4.3125	0	0.048071	0.048071	0.048071	0.048071	0.048071	0.048071	0.048071	0.048071	0.048071	0.048071	0.048071	0.048071	0.048071	0.048071	0.048071	0.048071	0.048071
10000	10	0.0066206	0.02	1	1	1.1665	1	-0.049801	2.5	15	1	-0.049801	2.5	15	1	-0.049801	2.5	15	1	-0.049801	2.5	15	0	1	-0.049801	2.5	15	1	-0.049801	2.5	15	1	-0.049801	2.5	15	1	-0.049801	2.5	15	0	0.3	0.3	0.3	0.3	0.3	0.3	0.3	0.3	0.3	0.3	0.3	0.3	0.3	0.3	0.3	0.3	0.3
10000	3	0.001	0.01	1	1	0.8	0.8	0.3	2.5	15	0.8	0.3	2.5	15	0.8	0.3	2.5	15	0.8	0.3	2.5	15	0	0.64391	0.24146	2.0122	12.073	0.64391	0.24146	2.0122	12.073	0.64391	0.24146	2.0122	12.073	0.64391	0.24146	2.0122	12.073	0	0.1	0.1	0.1	0.1	0.1	0.1	0.1	0.1	0.1	0.1	0.1	0.1	0.1	0.1	0.1	0.1	0.1
10000	3.6406	0.001	0.02	1	1	1.2065	1.1307	0.16733	2.5	15	1.1307	0.16733	2.5	15	1.1307	0.16733	2.5	15	1.1307	0.16733	2.5	15	0	0.74124	0.1097	1.639	9.8338	0.74124	0.1097	1.639	9.8338	0.74124	0.1097	1.639	9.8338	0.74124	0.1097	1.639	9.8338	0	0.083333	0.083333	0.083333	0.083333	0.083333	0.083333	0.083333	0.083333	0.083333	0.083333	0.083333	0.083333	0.083333	0.083333	0.083333	0.083333	0.083333
10000	1.55	0.005	0.036379	1	1	0.30981	0.8	0.5	3.5	200	0.8	0.5	3.5	200	0.8	0.5	3.5	200	0.8	0.5	3.5	200	0	0.56985	0.35616	2.4931	142.46	0.56985	0.35616	2.4931	142.46	0.56985	0.35616	2.4931	142.46	0.56985	0.35616	2.4931	142.46	0	0.083333	0.083333	0.083333	0.083333	0.083333	0.083333	0.083333	0.083333	0.083333	0.083333	0.083333	0.083333	0.083333	0.083333	0.083333	0.083333	0.083333
10000	4.1833	0.001	0.01	1	1	0.19629	1.1711	0.42075	3.5	30	1.1711	0.42075	3.5	30	1.1711	0.42075	3.5	30	1.1711	0.42075	3.5	30	0	0.60324	0.21673	1.8028	15.453	0.60324	0.21673	1.8028	15.453	0.60324	0.21673	1.8028	15.453	0.60324	0.21673	1.8028	15.453	0	0.10308	0.10308	0.10308	0.10308	0.10308	0.10308	0.10308	0.10308	0.10308	0.10308	0.10308	0.10308	0.10308	0.10308	0.10308	0.10308	0.10308
10000	6.4632	0.0050004	0.021075	1	1	0.43932	0.48067	0.2937	3.7703	16.744	0.48067	0.2937	3.7703	16.744	0.48067	0.2937	3.7703	16.744	0.48067	0.2937	3.7703	16.744	0	0.56486	0.34514	4.4306	19.677	0.56486	0.34514	4.4306	19.677	0.56486	0.34514	4.4306	19.677	0.56486	0.34514	4.4306	19.677	0	0.2427	0.2427	0.2427	0.2427	0.2427	0.2427	0.2427	0.2427	0.2427	0.2427	0.2427	0.2427	0.2427	0.2427	0.2427	0.2427	0.2427
10000	5.2399	0.001	0.034351	1	1	0.12727	0.75351	-0.078592	7.6481	18.362	0.75351	-0.078592	7.6481	18.362	0.75351	-0.078592	7.6481	18.362	0.75351	-0.078592	7.6481	18.362	0	0.53026	-0.055307	5.3822	12.921	0.53026	-0.055307	5.3822	12.921	0.53026	-0.055307	5.3822	12.921	0.53026	-0.055307	5.3822	12.921	0	0.27559	0.27559	0.27559	0.27559	0.27559	0.27559	0.27559	0.27559	0.27559	0.27559	0.27559	0.27559	0.27559	0.27559	0.27559	0.27559	0.27559
10000	2.4215	0.001	0.011935	1	1	0.28359	1.0488	0.32555	7.2532	41.182	1.0488	0.32555	7.2532	41.182	1.0488	0.32555	7.2532	41.182	1.0488	0.32555	7.2532	41.182	0	0.48571	0.15076	3.359	19.072	0.48571	0.15076	3.359	19.072	0.48571	0.15076	3.359	19.072	0.48571	0.15076	3.359	19.072	0	0.20338	0.20338	0.20338	0.20338	0.20338	0.20338	0.20338	0.20338	0.20338	0.20338	0.20338	0.20338	0.20338	0.20338	0.20338	0.20338	0.20338
10000	5	0.002	0.02233	1	1	0.65766	-0.067418	0.6	3.221	15	-0.067418	0.6	3.221	15	-0.067418	0.6	3.221	15	-0.067418	0.6	3.221	15	0	-0.067418	0.6	3.221	15	-0.067418	0.6	3.221	15	-0.067418	0.6	3.221	15	-0.067418	0.6	3.221	15	0	0.2	0.2	0.2	0.2	0.2	0.2	0.2	0.2	0.2	0.2	0.2	0.2	0.2	0.2	0.2	0.2	0.2
10000	5.7108	0.0067083	0.025255	1	1	0.37806	0.42574	1.0093	5.1748	14.534	0.42574	1.0093	5.1748	14.534	0.42574	1.0093	5.1748	14.534	0.42574	1.0093	5.1748	14.534	0	0.25655	0.60822	3.1183	8.7584	0.25655	0.60822	3.1183	8.7584	0.25655	0.60822	3.1183	8.7584	0.25655	0.60822	3.1183	8.7584	0	0.18308	0.18308	0.18308	0.18308	0.18308	0.18308	0.18308	0.18308	0.18308	0.18308	0.18308	0.18308	0.18308	0.18308	0.18308	0.18308	0.18308
10000	3	0.0047778	0.01	1	1	0.4	0.8	1.9351	7	333.33	0.8	1.9351	7	333.33	0.8	1.9351	7	333.33	0.8	1.9351	7	333.33	0	0.4	0.96753	3.5	166.67	0.4	0.96753	3.5	166.67	0.4	0.96753	3.5	166.67	0.4	0.96753	3.5	166.67	0	0.2	0.2	0.2	0.2	0.2	0.2	0.2	0.2	0.2	0.2	0.2	0.2	0.2	0.2	0.2	0.2	0.2
10000	2.9362	0.0039203	0.044047	1	1	0.45466	0.64779	0.60565	7.7565	36.583	0.64779	0.60565	7.7565	36.583	0.64779	0.60565	7.7565	36.583	0.64779	0.60565	7.7565	36.583	0	0.32108	0.30019	3.8446	18.133	0.32108	0.30019	3.8446	18.133	0.32108	0.30019	3.8446	18.133	0.32108	0.30019	3.8446	18.133	0	0.20073	0.20073	0.20073	0.20073	0.20073	0.20073	0.20073	0.20073	0.20073	0.20073	0.20073	0.20073	0.20073	0.20073	0.20073	0.20073	0.20073
10000	3.6813	0.0038584	0.016668	1	1	0.37579	0.82035	1.6979	9.2839	37.029	0.82035	1.6979	9.2839	37.029	0.82035	1.6979	9.2839	37.029	0.82035	1.6979	9.2839	37.029	0	0.41011	0.84881	4.6413	18.512	0.41011	0.84881	4.6413	18.512	0.41011	0.84881	4.6413	18.512	0.41011	0.84881	4.6413	18.512	0	0.18132	0.18132	0.18132	0.18132	0.18132	0.18132	0.18132	0.18132	0.18132	0.18132	0.18132	0.18132	0.18132	0.18132	0.18132	0.18132	0.18132
10000	8.2974	0.001	0.01	1	1	0.66486	0.8	0.33205	5.253	6.8672	0.8	0.33205	5.253	6.8672	0.8	0.33205	5.253	6.8672	0.8	0.33205	5.253	6.8672	0	0.8	0.33205	5.253	6.8672	0.8	0.33205	5.253	6.8672	0.8	0.33205	5.253	6.8672	0.8	0.33205	5.253	6.8672	0	0.3	0.3	0.3	0.3	0.3	0.3	0.3	0.3	0.3	0.3	0.3	0.3	0.3	0.3	0.3	0.3	0.3
10000	3	0.001	0.01	1	1	0.4	0.33065	0.3	4.1714	20	0.33065	0.3	4.1714	20	0.33065	0.3	4.1714	20	0.33065	0.3	4.1714	20	0	0.33065	0.3	4.1714	20	0.33065	0.3	4.1714	20	0.33065	0.3	4.1714	20	0.33065	0.3	4.1714	20	0	0.16816	0.16816	0.16816	0.16816	0.16816	0.16816	0.16816	0.16816	0.16816	0.16816	0.16816	0.16816	0.16816	0.16816	0.16816	0.16816	0.16816
10000	9.4561	0.0049992	0.019998	1	1	0.64845	0.80009	0.50007	5.6002	9.9995	0.80009	0.50007	5.6002	9.9995	0.80009	0.50007	5.6002	9.9995	0.80009	0.50007	5.6002	9.9995	0	0.80006	0.50005	5.6	9.9991	0.80006	0.50005	5.6	9.9991	0.80006	0.50005	5.6	9.9991	0.80006	0.50005	5.6	9.9991	0	0.10002	0.10002	0.10002	0.10002	0.10002	0.10002	0.10002	0.10002	0.10002	0.10002	0.10002	0.10002	0.10002	0.10002	0.10002	0.10002	0.10002
10000	2.7719	0.0035444	0.024644	1	1	0.79673	0.89815	0.67522	9.2917	26.569	0.89815	0.67522	9.2917	26.569	0.89815	0.67522	9.2917	26.569	0.89815	0.67522	9.2917	26.569	0	0.40957	0.30791	4.2372	12.116	0.40957	0.30791	4.2372	12.116	0.40957	0.30791	4.2372	12.116	0.40957	0.30791	4.2372	12.116	0	0.068673	0.068673	0.068673	0.068673	0.068673	0.068673	0.068673	0.068673	0.068673	0.068673	0.068673	0.068673	0.068673	0.068673	0.068673	0.068673	0.068673
10000	3	0.001	0.01	1	1	0.69455	0.8	0.5	7	20	0.8	0.5	7	20	0.8	0.5	7	20	0.8	0.5	7	20	0	0.46666	0.29166	4.0833	11.667	0.46666	0.29166	4.0833	11.667	0.46666	0.29166	4.0833	11.667	0.46666	0.29166	4.0833	11.667	0	0.1	0.1	0.1	0.1	0.1	0.1	0.1	0.1	0.1	0.1	0.1	0.1	0.1	0.1	0.1	0.1	0.1
10000	3	0.001	0.015	1	1	0.56684	0.68201	0.5	3.0291	15	0.68201	0.5	3.0291	15	0.68201	0.5	3.0291	15	0.68201	0.5	3.0291	15	0	0.34101	0.25	1.5146	7.5	0.34101	0.25	1.5146	7.5	0.34101	0.25	1.5146	7.5	0.34101	0.25	1.5146	7.5	0	0.063116	0.063116	0.063116	0.063116	0.063116	0.063116	0.063116	0.063116	0.063116	0.063116	0.063116	0.063116	0.063116	0.063116	0.063116	0.063116	0.063116
10000	6.5365	0.001	0.035833	1	1	0.40972	0.67038	0.44792	5.4239	19.802	0.67038	0.44792	5.4239	19.802	0.67038	0.44792	5.4239	19.802	0.67038	0.44792	5.4239	19.802	0	0.40036	0.2675	3.2393	11.826	0.40036	0.2675	3.2393	11.826	0.40036	0.2675	3.2393	11.826	0.40036	0.2675	3.2393	11.826	0	0.24306	0.24306	0.24306	0.24306	0.24306	0.24306	0.24306	0.24306	0.24306	0.24306	0.24306	0.24306	0.24306	0.24306	0.24306	0.24306	0.24306
10000	7.1814	0.001	0.016328	1	1	0.50694	0.62134	0.32896	5.1216	19.929	0.62134	0.32896	5.1216	19.929	0.62134	0.32896	5.1216	19.929	0.62134	0.32896	5.1216	19.929	0	0.41227	0.21827	3.3983	13.224	0.41227	0.21827	3.3983	13.224	0.41227	0.21827	3.3983	13.224	0.41227	0.21827	3.3983	13.224	0	0.20269	0.20269	0.20269	0.20269	0.20269	0.20269	0.20269	0.20269	0.20269	0.20269	0.20269	0.20269	0.20269	0.20269	0.20269	0.20269	0.20269
10000	3	0.005	0.02	1	1	0.4	0.88157	0.6	5	15	0.88157	0.6	5	15	0.88157	0.6	5	15	0.88157	0.6	5	15	0	0.42891	0.29192	2.4326	7.2979	0.42891	0.29192	2.4326	7.2979	0.42891	0.29192	2.4326	7.2979	0.42891	0.29192	2.4326	7.2979	0	0.1	0.1	0.1	0.1	0.1	0.1	0.1	0.1	0.1	0.1	0.1	0.1	0.1	0.1	0.1	0.1	0.1
10000	0.92336	0.0032039	0.05112	1	1	0.48645	0.71658	0.72835	5.1321	563.87	0.71658	0.72835	5.1321	563.87	0.71658	0.72835	5.1321	563.87	0.71658	0.72835	5.1321	563.87	0	0.38585	0.39219	2.7634	303.62	0.38585	0.39219	2.7634	303.62	0.38585	0.39219	2.7634	303.62	0.38585	0.39219	2.7634	303.62	0	0.15505	0.15505	0.15505	0.15505	0.15505	0.15505	0.15505	0.15505	0.15505	0.15505	0.15505	0.15505	0.15505	0.15505	0.15505	0.15505	0.15505
10000	4.6998	0.001	0.019998	1	1	0.64507	0.96694	0.415	4.4809	14.998	0.96694	0.415	4.4809	14.998	0.96694	0.415	4.4809	14.998	0.96694	0.415	4.4809	14.998	0	0.96714	0.41509	4.4819	15.001	0.96714	0.41509	4.4819	15.001	0.96714	0.41509	4.4819	15.001	0.96714	0.41509	4.4819	15.001	0	0.22717	0.22717	0.22717	0.22717	0.22717	0.22717	0.22717	0.22717	0.22717	0.22717	0.22717	0.22717	0.22717	0.22717	0.22717	0.22717	0.22717
10000	2.6778	0.001	0.015	1	1	0.32414	0.88889	0.3	3.5	15	0.88889	0.3	3.5	15	0.88889	0.3	3.5	15	0.88889	0.3	3.5	15	0	0.73142	0.24685	2.8799	12.343	0.73142	0.24685	2.8799	12.343	0.73142	0.24685	2.8799	12.343	0.73142	0.24685	2.8799	12.343	0	0.2193	0.2193	0.2193	0.2193	0.2193	0.2193	0.2193	0.2193	0.2193	0.2193	0.2193	0.2193	0.2193	0.2193	0.2193	0.2193	0.2193
10000	5.85	0.001	0.02	1	1	0.53348	0.73831	0.4	3.6785	30	0.73831	0.4	3.6785	30	0.73831	0.4	3.6785	30	0.73831	0.4	3.6785	30	0	0.73831	0.4	3.6785	30	0.73831	0.4	3.6785	30	0.73831	0.4	3.6785	30	0.73831	0.4	3.6785	30	0	0.16571	0.16571	0.16571	0.16571	0.16571	0.16571	0.16571	0.16571	0.16571	0.16571	0.16571	0.16571	0.16571	0.16571	0.16571	0.16571	0.16571
10000	2.9454	0.0016907	0.018266	1	1	0.28918	0.9543	0.64635	4.6657	893.21	0.9543	0.64635	4.6657	893.21	0.9543	0.64635	4.6657	893.21	0.9543	0.64635	4.6657	893.21	0	0.91482	0.61961	4.4727	856.26	0.91482	0.61961	4.4727	856.26	0.91482	0.61961	4.4727	856.26	0.91482	0.61961	4.4727	856.26	0	0.16707	0.16707	0.16707	0.16707	0.16707	0.16707	0.16707	0.16707	0.16707	0.16707	0.16707	0.16707	0.16707	0.16707	0.16707	0.16707	0.16707
10000	2.9332	0.001	0.022739	1	1	0.80359	0.51542	0.31448	3.9433	14.822	0.51542	0.31448	3.9433	14.822	0.51542	0.31448	3.9433	14.822	0.51542	0.31448	3.9433	14.822	0	0.53266	0.325	4.0752	15.317	0.53266	0.325	4.0752	15.317	0.53266	0.325	4.0752	15.317	0.53266	0.325	4.0752	15.317	0	0.20556	0.20556	0.20556	0.20556	0.20556	0.20556	0.20556	0.20556	0.20556	0.20556	0.20556	0.20556	0.20556	0.20556	0.20556	0.20556	0.20556
10000	1.6675	0.0055159	0.01	1	1	1.4587	1.0643	0.079522	4.522	15.514	1.0643	0.079522	4.522	15.514	1.0643	0.079522	4.522	15.514	1.0643	0.079522	4.522	15.514	0	1.0043	0.075036	4.2669	14.639	1.0043	0.075036	4.2669	14.639	1.0043	0.075036	4.2669	14.639	1.0043	0.075036	4.2669	14.639	0	0.17706	0.17706	0.17706	0.17706	0.17706	0.17706	0.17706	0.17706	0.17706	0.17706	0.17706	0.17706	0.17706	0.17706	0.17706	0.17706	0.17706
10000	3.0028	0.001	0.01	1	1	1.2049	1.5018	0.30093	5.0025	29.989	1.5018	0.30093	5.0025	29.989	1.5018	0.30093	5.0025	29.989	1.5018	0.30093	5.0025	29.989	0	0.74982	0.15025	2.4977	14.973	0.74982	0.15025	2.4977	14.973	0.74982	0.15025	2.4977	14.973	0.74982	0.15025	2.4977	14.973	0	0.1997	0.1997	0.1997	0.1997	0.1997	0.1997	0.1997	0.1997	0.1997	0.1997	0.1997	0.1997	0.1997	0.1997	0.1997	0.1997	0.1997
10000	2.4174	0.001	0.01	1	1	1.157	1.1111	0	3.3199	15	1.1111	0	3.3199	15	1.1111	0	3.3199	15	1.1111	0	3.3199	15	0	0.41667	0	1.245	5.625	0.41667	0	1.245	5.625	0.41667	0	1.245	5.625	0.41667	0	1.245	5.625	0	0.1	0.1	0.1	0.1	0.1	0.1	0.1	0.1	0.1	0.1	0.1	0.1	0.1	0.1	0.1	0.1	0.1
10000	1.55	0.0044854	0.034075	1	1	1.1723	0.83327	0.34668	3.5	15	0.83327	0.34668	3.5	15	0.83327	0.34668	3.5	15	0.83327	0.34668	3.5	15	0	0.83327	0.34668	3.5	15	0.83327	0.34668	3.5	15	0.83327	0.34668	3.5	15	0.83327	0.34668	3.5	15	0	0.18889	0.18889	0.18889	0.18889	0.18889	0.18889	0.18889	0.18889	0.18889	0.18889	0.18889	0.18889	0.18889	0.18889	0.18889	0.18889	0.18889
10000	3.1374	0.0014028	0.02	1	1	1.1939	1.4358	0.3	3.3333	15	1.4358	0.3	3.3333	15	1.4358	0.3	3.3333	15	1.4358	0.3	3.3333	15	0	0.74433	0.15552	1.728	7.776	0.74433	0.15552	1.728	7.776	0.74433	0.15552	1.728	7.776	0.74433	0.15552	1.728	7.776	0	0.16667	0.16667	0.16667	0.16667	0.16667	0.16667	0.16667	0.16667	0.16667	0.16667	0.16667	0.16667	0.16667	0.16667	0.16667	0.16667	0.16667
10000	2.4103	0.0040222	0.020933	1	1	1.4885	0.95333	0.023336	4.7717	532.14	0.95333	0.023336	4.7717	532.14	0.95333	0.023336	4.7717	532.14	0.95333	0.023336	4.7717	532.14	0	0.94607	0.023158	4.7353	528.08	0.94607	0.023158	4.7353	528.08	0.94607	0.023158	4.7353	528.08	0.94607	0.023158	4.7353	528.08	0	0.31967	0.31967	0.31967	0.31967	0.31967	0.31967	0.31967	0.31967	0.31967	0.31967	0.31967	0.31967	0.31967	0.31967	0.31967	0.31967	0.31967
10000	0.1	0.01647	0.022292	1	1	1.0296	1	0	4.6667	30	1	0	4.6667	30	1	0	4.6667	30	1	0	4.6667	30	0	0.52993	0	2.473	15.898	0.52993	0	2.473	15.898	0.52993	0	2.473	15.898	0.52993	0	2.473	15.898	0	0.21554	0.21554	0.21554	0.21554	0.21554	0.21554	0.21554	0.21554	0.21554	0.21554	0.21554	0.21554	0.21554	0.21554	0.21554	0.21554	0.21554
10000	1.6947	0.003769	0.030009	1	1	1.5998	0.99978	0.29986	4.9996	16.52	0.99978	0.29986	4.9996	16.52	0.99978	0.29986	4.9996	16.52	0.99978	0.29986	4.9996	16.52	0	0.81476	0.24437	4.0744	13.463	0.81476	0.24437	4.0744	13.463	0.81476	0.24437	4.0744	13.463	0.81476	0.24437	4.0744	13.463	0	0.30008	0.30008	0.30008	0.30008	0.30008	0.30008	0.30008	0.30008	0.30008	0.30008	0.30008	0.30008	0.30008	0.30008	0.30008	0.30008	0.30008
10000	1.5255	0.001	0.021204	1	1	1.3449	0.86862	0.33084	3.3268	20.919	0.86862	0.33084	3.3268	20.919	0.86862	0.33084	3.3268	20.919	0.86862	0.33084	3.3268	20.919	0	0.7978	0.30387	3.0556	19.213	0.7978	0.30387	3.0556	19.213	0.7978	0.30387	3.0556	19.213	0.7978	0.30387	3.0556	19.213	0	0.19506	0.19506	0.19506	0.19506	0.19506	0.19506	0.19506	0.19506	0.19506	0.19506	0.19506	0.19506	0.19506	0.19506	0.19506	0.19506	0.19506
10000	1.4146	0.01	0.021937	1	1	1.5092	0.85698	0.5	4.6667	15	0.85698	0.5	4.6667	15	0.85698	0.5	4.6667	15	0.85698	0.5	4.6667	15	0	0.6853	0.39983	3.7318	11.995	0.6853	0.39983	3.7318	11.995	0.6853	0.39983	3.7318	11.995	0.6853	0.39983	3.7318	11.995	0	0.19928	0.19928	0.19928	0.19928	0.19928	0.19928	0.19928	0.19928	0.19928	0.19928	0.19928	0.19928	0.19928	0.19928	0.19928	0.19928	0.19928
10000	1.55	0.005	0.02	1	1	1	1	0.33333	3.5	20	1	0.33333	3.5	20	1	0.33333	3.5	20	1	0.33333	3.5	20	0	0.62211	0.20737	2.1774	12.442	0.62211	0.20737	2.1774	12.442	0.62211	0.20737	2.1774	12.442	0.62211	0.20737	2.1774	12.442	0	0.2	0.2	0.2	0.2	0.2	0.2	0.2	0.2	0.2	0.2	0.2	0.2	0.2	0.2	0.2	0.2	0.2
10000	3.1876	0.0068783	0.020451	1	1	1.246	1.2252	0.22973	3.2473	10.595	1.2252	0.22973	3.2473	10.595	1.2252	0.22973	3.2473	10.595	1.2252	0.22973	3.2473	10.595	0	0.46472	0.087135	1.2317	4.0184	0.46472	0.087135	1.2317	4.0184	0.46472	0.087135	1.2317	4.0184	0.46472	0.087135	1.2317	4.0184	0	0.12162	0.12162	0.12162	0.12162	0.12162	0.12162	0.12162	0.12162	0.12162	0.12162	0.12162	0.12162	0.12162	0.12162	0.12162	0.12162	0.12162
10000	1.866	0.0076667	0.020179	1	1	1.1519	0.86667	0.41153	3.3794	20	0.86667	0.41153	3.3794	20	0.86667	0.41153	3.3794	20	0.86667	0.41153	3.3794	20	0	0.91482	0.43439	3.5671	21.111	0.91482	0.43439	3.5671	21.111	0.91482	0.43439	3.5671	21.111	0.91482	0.43439	3.5671	21.111	0	0.19434	0.19434	0.19434	0.19434	0.19434	0.19434	0.19434	0.19434	0.19434	0.19434	0.19434	0.19434	0.19434	0.19434	0.19434	0.19434	0.19434
10000	3.083	0.001	0.019149	1	1	1.1711	1.0425	-0.02127	2.4256	14.66	1.0425	-0.02127	2.4256	14.66	1.0425	-0.02127	2.4256	14.66	1.0425	-0.02127	2.4256	14.66	0	0.66183	-0.013503	1.5398	9.3063	0.66183	-0.013503	1.5398	9.3063	0.66183	-0.013503	1.5398	9.3063	0.66183	-0.013503	1.5398	9.3063	0	0.10851	0.10851	0.10851	0.10851	0.10851	0.10851	0.10851	0.10851	0.10851	0.10851	0.10851	0.10851	0.10851	0.10851	0.10851	0.10851	0.10851
10000	3.4306	0.001	0.016512	1	1	1.4964	1.3521	0.14797	2.8311	15.089	1.3521	0.14797	2.8311	15.089	1.3521	0.14797	2.8311	15.089	1.3521	0.14797	2.8311	15.089	0	0.33803	0.036992	0.70778	3.7723	0.33803	0.036992	0.70778	3.7723	0.33803	0.036992	0.70778	3.7723	0.33803	0.036992	0.70778	3.7723	0	0.2933	0.2933	0.2933	0.2933	0.2933	0.2933	0.2933	0.2933	0.2933	0.2933	0.2933	0.2933	0.2933	0.2933	0.2933	0.2933	0.2933
10000	2.0286	0.0047176	0.01998	1	1	1.7157	0.99854	0.49959	5.8252	19.988	0.99854	0.49959	5.8252	19.988	0.99854	0.49959	5.8252	19.988	0.99854	0.49959	5.8252	19.988	0	0.49901	0.24966	2.911	9.9888	0.49901	0.24966	2.911	9.9888	0.49901	0.24966	2.911	9.9888	0.49901	0.24966	2.911	9.9888	0	0.10693	0.10693	0.10693	0.10693	0.10693	0.10693	0.10693	0.10693	0.10693	0.10693	0.10693	0.10693	0.10693	0.10693	0.10693	0.10693	0.10693
10000	0.96159	0.001	0.013166	1	1	1.6445	1.0669	0.34953	4.7372	29.09	1.0669	0.34953	4.7372	29.09	1.0669	0.34953	4.7372	29.09	1.0669	0.34953	4.7372	29.09	0	0.49522	0.16224	2.1988	13.502	0.49522	0.16224	2.1988	13.502	0.49522	0.16224	2.1988	13.502	0.49522	0.16224	2.1988	13.502	0	0.126	0.126	0.126	0.126	0.126	0.126	0.126	0.126	0.126	0.126	0.126	0.126	0.126	0.126	0.126	0.126	0.126
10000	3.0001	0.001	0.020635	1	1	1.7572	0.74583	0.30001	3.5739	16.667	0.74583	0.30001	3.5739	16.667	0.74583	0.30001	3.5739	16.667	0.74583	0.30001	3.5739	16.667	0	0.74418	0.29935	3.566	16.63	0.74418	0.29935	3.566	16.63	0.74418	0.29935	3.566	16.63	0.74418	0.29935	3.566	16.63	0	0.26694	0.26694	0.26694	0.26694	0.26694	0.26694	0.26694	0.26694	0.26694	0.26694	0.26694	0.26694	0.26694	0.26694	0.26694	0.26694	0.26694
10000	2.3011	0.001	0.021824	1	1	1.4225	1.0006	0.49959	3.3324	14.996	1.0006	0.49959	3.3324	14.996	1.0006	0.49959	3.3324	14.996	1.0006	0.49959	3.3324	14.996	0	0.50796	0.25363	1.6918	7.6129	0.50796	0.25363	1.6918	7.6129	0.50796	0.25363	1.6918	7.6129	0.50796	0.25363	1.6918	7.6129	0	0.084617	0.084617	0.084617	0.084617	0.084617	0.084617	0.084617	0.084617	0.084617	0.084617	0.084617	0.084617	0.084617	0.084617	0.084617	0.084617	0.084617
10000	3	0.005	0.016213	1	1	1.9	0.8817	0.3	4.6667	20	0.8817	0.3	4.6667	20	0.8817	0.3	4.6667	20	0.8817	0.3	4.6667	20	0	0.81405	0.27698	4.3086	18.466	0.81405	0.27698	4.3086	18.466	0.81405	0.27698	4.3086	18.466	0.81405	0.27698	4.3086	18.466	0	0.28181	0.28181	0.28181	0.28181	0.28181	0.28181	0.28181	0.28181	0.28181	0.28181	0.28181	0.28181	0.28181	0.28181	0.28181	0.28181	0.28181
10000	3.002	0.0058428	0.01	1	1	1.5043	0.93242	0.36591	3.3357	6.2409	0.93242	0.36591	3.3357	6.2409	0.93242	0.36591	3.3357	6.2409	0.93242	0.36591	3.3357	6.2409	0	0.93159	0.36558	3.3327	6.2354	0.93159	0.36558	3.3327	6.2354	0.93159	0.36558	3.3327	6.2354	0.93159	0.36558	3.3327	6.2354	0	0.13474	0.13474	0.13474	0.13474	0.13474	0.13474	0.13474	0.13474	0.13474	0.13474	0.13474	0.13474	0.13474	0.13474	0.13474	0.13474	0.13474
10000	3	0.005	0.019711	1	1	1.1859	1	0.25282	3.3333	15	1	0.25282	3.3333	15	1	0.25282	3.3333	15	1	0.25282	3.3333	15	0	0.99999	0.25282	3.3333	15	0.99999	0.25282	3.3333	15	0.99999	0.25282	3.3333	15	0.99999	0.25282	3.3333	15	0	0.2	0.2	0.2	0.2	0.2	0.2	0.2	0.2	0.2	0.2	0.2	0.2	0.2	0.2	0.2	0.2	0.2
10000	4.0863	0.0049598	0.02004	1	1	1.6717	0.99497	0.29673	4.6866	24.98	0.99497	0.29673	4.6866	24.98	0.99497	0.29673	4.6866	24.98	0.99497	0.29673	4.6866	24.98	0	0.67527	0.20139	3.1807	16.954	0.67527	0.20139	3.1807	16.954	0.67527	0.20139	3.1807	16.954	0.67527	0.20139	3.1807	16.954	0	0.27775	0.27775	0.27775	0.27775	0.27775	0.27775	0.27775	0.27775	0.27775	0.27775	0.27775	0.27775	0.27775	0.27775	0.27775	0.27775	0.27775
10000	4.0415	0.001	0.020999	1	1	1.6599	0.9987	0.17479	4.0197	45.069	0.9987	0.17479	4.0197	45.069	0.9987	0.17479	4.0197	45.069	0.9987	0.17479	4.0197	45.069	0	0.9594	0.16791	3.8615	43.295	0.9594	0.16791	3.8615	43.295	0.9594	0.16791	3.8615	43.295	0.9594	0.16791	3.8615	43.295	0	0.22858	0.22858	0.22858	0.22858	0.22858	0.22858	0.22858	0.22858	0.22858	0.22858	0.22858	0.22858	0.22858	0.22858	0.22858	0.22858	0.22858
10000	3.6349	0.0047763	0.020001	1	1	1.778	1.0604	0.5557	3.5004	15.002	1.0604	0.5557	3.5004	15.002	1.0604	0.5557	3.5004	15.002	1.0604	0.5557	3.5004	15.002	0	1.0604	0.55567	3.5002	15.001	1.0604	0.55567	3.5002	15.001	1.0604	0.55567	3.5002	15.001	1.0604	0.55567	3.5002	15.001	0	0.20676	0.20676	0.20676	0.20676	0.20676	0.20676	0.20676	0.20676	0.20676	0.20676	0.20676	0.20676	0.20676	0.20676	0.20676	0.20676	0.20676
10000	7.4163	0.0038777	0.030062	1	1	0.85887	0.94377	0.41225	2.5232	16.907	0.94377	0.41225	2.5232	16.907	0.94377	0.41225	2.5232	16.907	0.94377	0.41225	2.5232	16.907	0	1.7112	0.74749	4.5751	30.655	1.7112	0.74749	4.5751	30.655	1.7112	0.74749	4.5751	30.655	1.7112	0.74749	4.5751	30.655	0	0.24539	0.24539	0.24539	0.24539	0.24539	0.24539	0.24539	0.24539	0.24539	0.24539	0.24539	0.24539	0.24539	0.24539	0.24539	0.24539	0.24539
10000	7.474	0.0050168	0.022305	1	1	0.88732	1.0018	0.29883	2.5032	19.974	1.0018	0.29883	2.5032	19.974	1.0018	0.29883	2.5032	19.974	1.0018	0.29883	2.5032	19.974	0	1.1001	0.32815	2.7488	21.934	1.1001	0.32815	2.7488	21.934	1.1001	0.32815	2.7488	21.934	1.1001	0.32815	2.7488	21.934	0	0.20022	0.20022	0.20022	0.20022	0.20022	0.20022	0.20022	0.20022	0.20022	0.20022	0.20022	0.20022	0.20022	0.20022	0.20022	0.20022	0.20022
10000	7	0.001	0.023333	1	1	0.8	1	0.3	2.5	8.3484	1	0.3	2.5	8.3484	1	0.3	2.5	8.3484	1	0.3	2.5	8.3484	0	1.2624	0.37873	3.1561	10.539	1.2624	0.37873	3.1561	10.539	1.2624	0.37873	3.1561	10.539	1.2624	0.37873	3.1561	10.539	0	0.4	0.4	0.4	0.4	0.4	0.4	0.4	0.4	0.4	0.4	0.4	0.4	0.4	0.4	0.4	0.4	0.4
10000	7.0909	0.001	0.04	1	1	0.8	0.8	0.23764	2.5	15	0.8	0.23764	2.5	15	0.8	0.23764	2.5	15	0.8	0.23764	2.5	15	0	0.88429	0.26268	2.7634	16.58	0.88429	0.26268	2.7634	16.58	0.88429	0.26268	2.7634	16.58	0.88429	0.26268	2.7634	16.58	0	0.2	0.2	0.2	0.2	0.2	0.2	0.2	0.2	0.2	0.2	0.2	0.2	0.2	0.2	0.2	0.2	0.2
10000	10	0.002116	0.04	1	1	0.80676	1.5	0.3	2.5	15	1.5	0.3	2.5	15	1.5	0.3	2.5	15	1.5	0.3	2.5	15	0	1.5	0.3	2.5	15	1.5	0.3	2.5	15	1.5	0.3	2.5	15	1.5	0.3	2.5	15	0	0.1638	0.1638	0.1638	0.1638	0.1638	0.1638	0.1638	0.1638	0.1638	0.1638	0.1638	0.1638	0.1638	0.1638	0.1638	0.1638	0.1638
10000	6.6467	0.001	0.02	1	1	1	1.0851	0.6	2.5	8.8185	1.0851	0.6	2.5	8.8185	1.0851	0.6	2.5	8.8185	1.0851	0.6	2.5	8.8185	0	2.1701	1.2	5	17.637	2.1701	1.2	5	17.637	2.1701	1.2	5	17.637	2.1701	1.2	5	17.637	0	0.2	0.2	0.2	0.2	0.2	0.2	0.2	0.2	0.2	0.2	0.2	0.2	0.2	0.2	0.2	0.2	0.2
10000	5	0.001	0.03	1	1	1	1.5	0.3	3.5	15.646	1.5	0.3	3.5	15.646	1.5	0.3	3.5	15.646	1.5	0.3	3.5	15.646	0	1.5833	0.31666	3.6944	16.515	1.5833	0.31666	3.6944	16.515	1.5833	0.31666	3.6944	16.515	1.5833	0.31666	3.6944	16.515	0	0.014311	0.014311	0.014311	0.014311	0.014311	0.014311	0.014311	0.014311	0.014311	0.014311	0.014311	0.014311	0.014311	0.014311	0.014311	0.014311	0.014311
10000	8.3334	0.001	0.032308	1	1	0.71677	1.5399	0.35819	3.3008	12.213	1.5399	0.35819	3.3008	12.213	1.5399	0.35819	3.3008	12.213	1.5399	0.35819	3.3008	12.213	0	1.6607	0.38626	3.5595	13.171	1.6607	0.38626	3.5595	13.171	1.6607	0.38626	3.5595	13.171	1.6607	0.38626	3.5595	13.171	0	0.10887	0.10887	0.10887	0.10887	0.10887	0.10887	0.10887	0.10887	0.10887	0.10887	0.10887	0.10887	0.10887	0.10887	0.10887	0.10887	0.10887
10000	10	0.0010023	0.049988	1	1	0.62519	1.4997	0.62507	3.3752	7.6078	1.4997	0.62507	3.3752	7.6078	1.4997	0.62507	3.3752	7.6078	1.4997	0.62507	3.3752	7.6078	0	1.969	0.82066	4.4313	9.9883	1.969	0.82066	4.4313	9.9883	1.969	0.82066	4.4313	9.9883	1.969	0.82066	4.4313	9.9883	0	0	0	0	0	0	0	0	0	0	0	0	0	0	0	0	0	0
10000	7	0.001	0.01	1	1	0.71723	1	0.3	1.5	9.4435	1	0.3	1.5	9.4435	1	0.3	1.5	9.4435	1	0.3	1.5	9.4435	0	1.4028	0.42085	2.1043	13.248	1.4028	0.42085	2.1043	13.248	1.4028	0.42085	2.1043	13.248	1.4028	0.42085	2.1043	13.248	0	0.05	0.05	0.05	0.05	0.05	0.05	0.05	0.05	0.05	0.05	0.05	0.05	0.05	0.05	0.05	0.05	0.05
10000	10	0.0010833	0.020224	1	1	0.35527	1.1079	0.66667	2.5	15	1.1079	0.66667	2.5	15	1.1079	0.66667	2.5	15	1.1079	0.66667	2.5	15	0	2.3917	1.4392	5.3971	32.382	2.3917	1.4392	5.3971	32.382	2.3917	1.4392	5.3971	32.382	2.3917	1.4392	5.3971	32.382	0	0.25659	0.25659	0.25659	0.25659	0.25659	0.25659	0.25659	0.25659	0.25659	0.25659	0.25659	0.25659	0.25659	0.25659	0.25659	0.25659	0.25659
10000	4.4658	0.001	0.01	1	1	0.75282	1.3843	0.60032	3.3344	15.006	1.3843	0.60032	3.3344	15.006	1.3843	0.60032	3.3344	15.006	1.3843	0.60032	3.3344	15.006	0	1.692	0.73378	4.0757	18.341	1.692	0.73378	4.0757	18.341	1.692	0.73378	4.0757	18.341	1.692	0.73378	4.0757	18.341	0	0.20027	0.20027	0.20027	0.20027	0.20027	0.20027	0.20027	0.20027	0.20027	0.20027	0.20027	0.20027	0.20027	0.20027	0.20027	0.20027	0.20027
10000	6.3237	0.0016174	0.010513	1	1	0.37308	1.4744	0.59167	3.2853	129.93	1.4744	0.59167	3.2853	129.93	1.4744	0.59167	3.2853	129.93	1.4744	0.59167	3.2853	129.93	0	2.4758	0.99353	5.5166	218.19	2.4758	0.99353	5.5166	218.19	2.4758	0.99353	5.5166	218.19	2.4758	0.99353	5.5166	218.19	0	0.1462	0.1462	0.1462	0.1462	0.1462	0.1462	0.1462	0.1462	0.1462	0.1462	0.1462	0.1462	0.1462	0.1462	0.1462	0.1462	0.1462
10000	7.2833	0.0012105	0.01	1	1	0.82963	1.1439	0.4	2.6246	18.333	1.1439	0.4	2.6246	18.333	1.1439	0.4	2.6246	18.333	1.1439	0.4	2.6246	18.333	0	2.3301	0.81481	5.3465	37.346	2.3301	0.81481	5.3465	37.346	2.3301	0.81481	5.3465	37.346	2.3301	0.81481	5.3465	37.346	0	0.097927	0.097927	0.097927	0.097927	0.097927	0.097927	0.097927	0.097927	0.097927	0.097927	0.097927	0.097927	0.097927	0.097927	0.097927	0.097927	0.097927
10000	9.9999	0.001	0.02	1	1	1.0667	1.0667	0.3	2.5	15	1.0667	0.3	2.5	15	1.0667	0.3	2.5	15	1.0667	0.3	2.5	15	0	2.1752	0.61177	5.0981	30.588	2.1752	0.61177	5.0981	30.588	2.1752	0.61177	5.0981	30.588	2.1752	0.61177	5.0981	30.588	0	0.1	0.1	0.1	0.1	0.1	0.1	0.1	0.1	0.1	0.1	0.1	0.1	0.1	0.1	0.1	0.1	0.1
10000	9.9999	0.001	0.028908	1	1	0.80046	1.2699	0.30013	2.1006	19.998	1.2699	0.30013	2.1006	19.998	1.2699	0.30013	2.1006	19.998	1.2699	0.30013	2.1006	19.998	0	2.4173	0.57129	3.9985	38.065	2.4173	0.57129	3.9985	38.065	2.4173	0.57129	3.9985	38.065	2.4173	0.57129	3.9985	38.065	0	0.1352	0.1352	0.1352	0.1352	0.1352	0.1352	0.1352	0.1352	0.1352	0.1352	0.1352	0.1352	0.1352	0.1352	0.1352	0.1352	0.1352
10000	8.8382	0.001	0.016502	1	1	0.86487	0.9999	-4.9031e-05	1.8204	15.001	0.9999	-4.9031e-05	1.8204	15.001	0.9999	-4.9031e-05	1.8204	15.001	0.9999	-4.9031e-05	1.8204	15.001	0	1.9998	-9.8063e-05	3.6408	30.002	1.9998	-9.8063e-05	3.6408	30.002	1.9998	-9.8063e-05	3.6408	30.002	1.9998	-9.8063e-05	3.6408	30.002	0	0.19996	0.19996	0.19996	0.19996	0.19996	0.19996	0.19996	0.19996	0.19996	0.19996	0.19996	0.19996	0.19996	0.19996	0.19996	0.19996	0.19996
10000	8.4162	0.001	0.02	1	1	0.8	1.2364	0.3	2.5	15	1.2364	0.3	2.5	15	1.2364	0.3	2.5	15	1.2364	0.3	2.5	15	0	1.8216	0.44199	3.6832	22.099	1.8216	0.44199	3.6832	22.099	1.8216	0.44199	3.6832	22.099	1.8216	0.44199	3.6832	22.099	0	0.099065	0.099065	0.099065	0.099065	0.099065	0.099065	0.099065	0.099065	0.099065	0.099065	0.099065	0.099065	0.099065	0.099065	0.099065	0.099065	0.099065
10000	7.0147	0.001	0.01	1	1	1.0037	0.99635	0.30241	1.9647	14.97	0.99635	0.30241	1.9647	14.97	0.99635	0.30241	1.9647	14.97	0.99635	0.30241	1.9647	14.97	0	1.9978	0.60637	3.9395	30.017	1.9978	0.60637	3.9395	30.017	1.9978	0.60637	3.9395	30.017	1.9978	0.60637	3.9395	30.017	0	0.10223	0.10223	0.10223	0.10223	0.10223	0.10223	0.10223	0.10223	0.10223	0.10223	0.10223	0.10223	0.10223	0.10223	0.10223	0.10223	0.10223
10000	7.675	0.001	0.01	1	1	0.79506	1.6701	0.19655	3.3167	14.939	1.6701	0.19655	3.3167	14.939	1.6701	0.19655	3.3167	14.939	1.6701	0.19655	3.3167	14.939	0	1.6688	0.1964	3.3142	14.927	1.6688	0.1964	3.3142	14.927	1.6688	0.1964	3.3142	14.927	1.6688	0.1964	3.3142	14.927	0	0.098464	0.098464	0.098464	0.098464	0.098464	0.098464	0.098464	0.098464	0.098464	0.098464	0.098464	0.098464	0.098464	0.098464	0.098464	0.098464	0.098464
10000	9.4577	0.001	0.011097	1	1	1.1136	1.0062	0.59596	1.7009	7.452	1.0062	0.59596	1.7009	7.452	1.0062	0.59596	1.7009	7.452	1.0062	0.59596	1.7009	7.452	0	1.5121	0.89557	2.556	11.198	1.5121	0.89557	2.556	11.198	1.5121	0.89557	2.556	11.198	1.5121	0.89557	2.556	11.198	0	0.21216	0.21216	0.21216	0.21216	0.21216	0.21216	0.21216	0.21216	0.21216	0.21216	0.21216	0.21216	0.21216	0.21216	0.21216	0.21216	0.21216
10000	10	0.001	0.02	1	1	0.8	1.5	0.47988	2.3315	7.1672	1.5	0.47988	2.3315	7.1672	1.5	0.47988	2.3315	7.1672	1.5	0.47988	2.3315	7.1672	0	1.8988	0.60748	2.9514	9.0729	1.8988	0.60748	2.9514	9.0729	1.8988	0.60748	2.9514	9.0729	1.8988	0.60748	2.9514	9.0729	0	0.21111	0.21111	0.21111	0.21111	0.21111	0.21111	0.21111	0.21111	0.21111	0.21111	0.21111	0.21111	0.21111	0.21111	0.21111	0.21111	0.21111
10000	6.9961	0.001	0.020002	1	1	1.0658	1.5012	0.49926	2.4983	14.992	1.5012	0.49926	2.4983	14.992	1.5012	0.49926	2.4983	14.992	1.5012	0.49926	2.4983	14.992	0	1.4999	0.49883	2.4962	14.979	1.4999	0.49883	2.4962	14.979	1.4999	0.49883	2.4962	14.979	1.4999	0.49883	2.4962	14.979	0	0.029729	0.029729	0.029729	0.029729	0.029729	0.029729	0.029729	0.029729	0.029729	0.029729	0.029729	0.029729	0.029729	0.029729	0.029729	0.029729	0.029729
10000	2.9795	0.0057281	0.015482	1	1	1.0136	1.7967	0.75426	3.7321	16.899	1.7967	0.75426	3.7321	16.899	1.7967	0.75426	3.7321	16.899	1.7967	0.75426	3.7321	16.899	0	0.67536	0.28353	1.4029	6.3522	0.67536	0.28353	1.4029	6.3522	0.67536	0.28353	1.4029	6.3522	0.67536	0.28353	1.4029	6.3522	0	0.02914	0.02914	0.02914	0.02914	0.02914	0.02914	0.02914	0.02914	0.02914	0.02914	0.02914	0.02914	0.02914	0.02914	0.02914	0.02914	0.02914
10000	10	0.001	0.017373	1	1	0.8	1.5	0.4	2.5	11.316	1.5	0.4	2.5	11.316	1.5	0.4	2.5	11.316	1.5	0.4	2.5	11.316	0	2.25	0.6	3.75	16.974	2.25	0.6	3.75	16.974	2.25	0.6	3.75	16.974	2.25	0.6	3.75	16.974	0	0.2	0.2	0.2	0.2	0.2	0.2	0.2	0.2	0.2	0.2	0.2	0.2	0.2	0.2	0.2	0.2	0.2
10000	5.2042	0.002	0.02	1	1	1.1164	1.1996	0.3	4.7805	15	1.1996	0.3	4.7805	15	1.1996	0.3	4.7805	15	1.1996	0.3	4.7805	15	0	1.1996	0.3	4.7805	15	1.1996	0.3	4.7805	15	1.1996	0.3	4.7805	15	1.1996	0.3	4.7805	15	0	0.15634	0.15634	0.15634	0.15634	0.15634	0.15634	0.15634	0.15634	0.15634	0.15634	0.15634	0.15634	0.15634	0.15634	0.15634	0.15634	0.15634
10000	7	0.001	0.026971	1	1	1.0951	1	0.6	2.5	20	1	0.6	2.5	20	1	0.6	2.5	20	1	0.6	2.5	20	0	1.3438	0.80629	3.3595	26.876	1.3438	0.80629	3.3595	26.876	1.3438	0.80629	3.3595	26.876	1.3438	0.80629	3.3595	26.876	0	0.2	0.2	0.2	0.2	0.2	0.2	0.2	0.2	0.2	0.2	0.2	0.2	0.2	0.2	0.2	0.2	0.2
10000	6	0.001	0.02	1	1	0.8	1	0.3	2.5	15	1	0.3	2.5	15	1	0.3	2.5	15	1	0.3	2.5	15	0	1.0861	0.32584	2.7153	16.292	1.0861	0.32584	2.7153	16.292	1.0861	0.32584	2.7153	16.292	1.0861	0.32584	2.7153	16.292	0	0.1531	0.1531	0.1531	0.1531	0.1531	0.1531	0.1531	0.1531	0.1531	0.1531	0.1531	0.1531	0.1531	0.1531	0.1531	0.1531	0.1531
10000	5.76	0.0023333	0.016539	1	1	0.8	1	0.3	2.7007	5.1239	1	0.3	2.7007	5.1239	1	0.3	2.7007	5.1239	1	0.3	2.7007	5.1239	0	0.99999	0.3	2.7006	5.1239	0.99999	0.3	2.7006	5.1239	0.99999	0.3	2.7006	5.1239	0.99999	0.3	2.7006	5.1239	0	0.1213	0.1213	0.1213	0.1213	0.1213	0.1213	0.1213	0.1213	0.1213	0.1213	0.1213	0.1213	0.1213	0.1213	0.1213	0.1213	0.1213
10000	6	0.001	0.01	1	1	0.8	1	0.4	2.5	15	1	0.4	2.5	15	1	0.4	2.5	15	1	0.4	2.5	15	0	0.95833	0.38333	2.3958	14.375	0.95833	0.38333	2.3958	14.375	0.95833	0.38333	2.3958	14.375	0.95833	0.38333	2.3958	14.375	0	0.083546	0.083546	0.083546	0.083546	0.083546	0.083546	0.083546	0.083546	0.083546	0.083546	0.083546	0.083546	0.083546	0.083546	0.083546	0.083546	0.083546
10000	8.018	0.001	0.01684	1	1	0.7959	1.0003	0.39704	2.5653	14.964	1.0003	0.39704	2.5653	14.964	1.0003	0.39704	2.5653	14.964	1.0003	0.39704	2.5653	14.964	0	1.1154	0.44274	2.8605	16.686	1.1154	0.44274	2.8605	16.686	1.1154	0.44274	2.8605	16.686	1.1154	0.44274	2.8605	16.686	0	0.049544	0.049544	0.049544	0.049544	0.049544	0.049544	0.049544	0.049544	0.049544	0.049544	0.049544	0.049544	0.049544	0.049544	0.049544	0.049544	0.049544
10000	3.1866	0.0025	0.015	1	1	0.8	1	0.3	2.5	15	1	0.3	2.5	15	1	0.3	2.5	15	1	0.3	2.5	15	0	1	0.3	2.5	15	1	0.3	2.5	15	1	0.3	2.5	15	1	0.3	2.5	15	0	0	0	0	0	0	0	0	0	0	0	0	0	0	0	0	0	0
10000	5.3926	0.001	0.021675	1	1	0.79974	1.0003	0.29994	3.219	14.998	1.0003	0.29994	3.219	14.998	1.0003	0.29994	3.219	14.998	1.0003	0.29994	3.219	14.998	0	1.0005	0.30001	3.2198	15.001	1.0005	0.30001	3.2198	15.001	1.0005	0.30001	3.2198	15.001	1.0005	0.30001	3.2198	15.001	0	0.099981	0.099981	0.099981	0.099981	0.099981	0.099981	0.099981	0.099981	0.099981	0.099981	0.099981	0.099981	0.099981	0.099981	0.099981	0.099981	0.099981
10000	7.4881	0.001	0.02	1	1	0.8	1.1678	0.3	3.5	15	1.1678	0.3	3.5	15	1.1678	0.3	3.5	15	1.1678	0.3	3.5	15	0	1.1988	0.30796	3.5929	15.398	1.1988	0.30796	3.5929	15.398	1.1988	0.30796	3.5929	15.398	1.1988	0.30796	3.5929	15.398	0	0.2	0.2	0.2	0.2	0.2	0.2	0.2	0.2	0.2	0.2	0.2	0.2	0.2	0.2	0.2	0.2	0.2
10000	3.8552	0.001	0.019967	1	1	1.0017	1.0017	0.30106	3.5038	9.9908	1.0017	0.30106	3.5038	9.9908	1.0017	0.30106	3.5038	9.9908	1.0017	0.30106	3.5038	9.9908	0	1.0031	0.3015	3.5088	10.005	1.0031	0.3015	3.5088	10.005	1.0031	0.3015	3.5088	10.005	1.0031	0.3015	3.5088	10.005	0	0.085597	0.085597	0.085597	0.085597	0.085597	0.085597	0.085597	0.085597	0.085597	0.085597	0.085597	0.085597	0.085597	0.085597	0.085597	0.085597	0.085597
10000	5	0.001	0.01	1	1	0.6958	0.8	0.3	2.5	15	0.8	0.3	2.5	15	0.8	0.3	2.5	15	0.8	0.3	2.5	15	0	0.7	0.2625	2.1875	13.125	0.7	0.2625	2.1875	13.125	0.7	0.2625	2.1875	13.125	0.7	0.2625	2.1875	13.125	0	0.16667	0.16667	0.16667	0.16667	0.16667	0.16667	0.16667	0.16667	0.16667	0.16667	0.16667	0.16667	0.16667	0.16667	0.16667	0.16667	0.16667
10000	6.1717	0.001	0.020005	1	1	0.99975	0.97166	0.30016	3.5611	14.446	0.97166	0.30016	3.5611	14.446	0.97166	0.30016	3.5611	14.446	0.97166	0.30016	3.5611	14.446	0	0.68099	0.21037	2.4958	10.125	0.68099	0.21037	2.4958	10.125	0.68099	0.21037	2.4958	10.125	0.68099	0.21037	2.4958	10.125	0	0.19001	0.19001	0.19001	0.19001	0.19001	0.19001	0.19001	0.19001	0.19001	0.19001	0.19001	0.19001	0.19001	0.19001	0.19001	0.19001	0.19001
10000	8.9133	0.001	0.016905	1	1	1.25	1.8361	0.125	5.875	12.561	1.8361	0.125	5.875	12.561	1.8361	0.125	5.875	12.561	1.8361	0.125	5.875	12.561	0	0.45902	0.03125	1.4688	3.1401	0.45902	0.03125	1.4688	3.1401	0.45902	0.03125	1.4688	3.1401	0.45902	0.03125	1.4688	3.1401	0	0.08701	0.08701	0.08701	0.08701	0.08701	0.08701	0.08701	0.08701	0.08701	0.08701	0.08701	0.08701	0.08701	0.08701	0.08701	0.08701	0.08701
10000	4.0965	0.001	0.023333	1	1	0.8	1.2419	0.3	3.5	13.12	1.2419	0.3	3.5	13.12	1.2419	0.3	3.5	13.12	1.2419	0.3	3.5	13.12	0	0.62095	0.15	1.75	6.5599	0.62095	0.15	1.75	6.5599	0.62095	0.15	1.75	6.5599	0.62095	0.15	1.75	6.5599	0	0.098148	0.098148	0.098148	0.098148	0.098148	0.098148	0.098148	0.098148	0.098148	0.098148	0.098148	0.098148	0.098148	0.098148	0.098148	0.098148	0.098148
10000	4.4648	0.001	0.02	1	1	0.8	1	0.3	3.5	10	1	0.3	3.5	10	1	0.3	3.5	10	1	0.3	3.5	10	0	0.96222	0.28867	3.3677	9.6222	0.96222	0.28867	3.3677	9.6222	0.96222	0.28867	3.3677	9.6222	0.96222	0.28867	3.3677	9.6222	0	0.2	0.2	0.2	0.2	0.2	0.2	0.2	0.2	0.2	0.2	0.2	0.2	0.2	0.2	0.2	0.2	0.2
10000	8.8681	0.001	0.01	1	1	0.67476	0.8759	0.4	3.5	26.667	0.8759	0.4	3.5	26.667	0.8759	0.4	3.5	26.667	0.8759	0.4	3.5	26.667	0	0.82865	0.37842	3.3112	25.228	0.82865	0.37842	3.3112	25.228	0.82865	0.37842	3.3112	25.228	0.82865	0.37842	3.3112	25.228	0	0.2	0.2	0.2	0.2	0.2	0.2	0.2	0.2	0.2	0.2	0.2	0.2	0.2	0.2	0.2	0.2	0.2
10000	5.3946	0.001	0.020006	1	1	0.76762	1.0003	0.33314	2.9858	14.998	1.0003	0.33314	2.9858	14.998	1.0003	0.33314	2.9858	14.998	1.0003	0.33314	2.9858	14.998	0	0.77328	0.25753	2.3082	11.594	0.77328	0.25753	2.3082	11.594	0.77328	0.25753	2.3082	11.594	0.77328	0.25753	2.3082	11.594	0	0.20011	0.20011	0.20011	0.20011	0.20011	0.20011	0.20011	0.20011	0.20011	0.20011	0.20011	0.20011	0.20011	0.20011	0.20011	0.20011	0.20011
10000	7.0477	0.001	0.020242	1	1	0.78912	1.0121	0.39215	3.4728	15.097	1.0121	0.39215	3.4728	15.097	1.0121	0.39215	3.4728	15.097	1.0121	0.39215	3.4728	15.097	0	1.0014	0.388	3.4361	14.937	1.0014	0.388	3.4361	14.937	1.0014	0.388	3.4361	14.937	1.0014	0.388	3.4361	14.937	0	0.20483	0.20483	0.20483	0.20483	0.20483	0.20483	0.20483	0.20483	0.20483	0.20483	0.20483	0.20483	0.20483	0.20483	0.20483	0.20483	0.20483
10000	8	0.001	0.01	1	1	0.8	0.77592	0.66667	2.5	20	0.77592	0.66667	2.5	20	0.77592	0.66667	2.5	20	0.77592	0.66667	2.5	20	0	0.77592	0.66667	2.5	20	0.77592	0.66667	2.5	20	0.77592	0.66667	2.5	20	0.77592	0.66667	2.5	20	0	0.074793	0.074793	0.074793	0.074793	0.074793	0.074793	0.074793	0.074793	0.074793	0.074793	0.074793	0.074793	0.074793	0.074793	0.074793	0.074793	0.074793
10000	7.9139	0.001	0.018361	1	1	0.7985	0.99831	0.30096	2.846	14.987	0.99831	0.30096	2.846	14.987	0.99831	0.30096	2.846	14.987	0.99831	0.30096	2.846	14.987	0	0.99978	0.3014	2.8501	15.009	0.99978	0.3014	2.8501	15.009	0.99978	0.3014	2.8501	15.009	0.99978	0.3014	2.8501	15.009	0	0.25987	0.25987	0.25987	0.25987	0.25987	0.25987	0.25987	0.25987	0.25987	0.25987	0.25987	0.25987	0.25987	0.25987	0.25987	0.25987	0.25987
10000	7.9843	0.001	0.01344	1	1	0.61393	0.92268	0.35489	3.31	14.324	0.92268	0.35489	3.31	14.324	0.92268	0.35489	3.31	14.324	0.92268	0.35489	3.31	14.324	0	0.96171	0.36991	3.45	14.93	0.96171	0.36991	3.45	14.93	0.96171	0.36991	3.45	14.93	0.96171	0.36991	3.45	14.93	0	0.11346	0.11346	0.11346	0.11346	0.11346	0.11346	0.11346	0.11346	0.11346	0.11346	0.11346	0.11346	0.11346	0.11346	0.11346	0.11346	0.11346
10000	4.3431	0.002033	0.018353	1	1	0.8	1	0.20771	3.5	20	1	0.20771	3.5	20	1	0.20771	3.5	20	1	0.20771	3.5	20	0	1	0.20771	3.5	20	1	0.20771	3.5	20	1	0.20771	3.5	20	1	0.20771	3.5	20	0	0.10604	0.10604	0.10604	0.10604	0.10604	0.10604	0.10604	0.10604	0.10604	0.10604	0.10604	0.10604	0.10604	0.10604	0.10604	0.10604	0.10604
10000	7.1327	0.001	0.01	1	1	0.40942	1	0.4	3.5	20	1	0.4	3.5	20	1	0.4	3.5	20	1	0.4	3.5	20	0	1.1852	0.47409	4.1484	23.705	1.1852	0.47409	4.1484	23.705	1.1852	0.47409	4.1484	23.705	1.1852	0.47409	4.1484	23.705	0	0.099999	0.099999	0.099999	0.099999	0.099999	0.099999	0.099999	0.099999	0.099999	0.099999	0.099999	0.099999	0.099999	0.099999	0.099999	0.099999	0.099999
10000	8.1547	0.001	0.018333	1	1	0.35833	0.80434	0.5625	3.742	28	0.80434	0.5625	3.742	28	0.80434	0.5625	3.742	28	0.80434	0.5625	3.742	28	0	0.62839	0.43945	2.9234	21.875	0.62839	0.43945	2.9234	21.875	0.62839	0.43945	2.9234	21.875	0.62839	0.43945	2.9234	21.875	0	0.063516	0.063516	0.063516	0.063516	0.063516	0.063516	0.063516	0.063516	0.063516	0.063516	0.063516	0.063516	0.063516	0.063516	0.063516	0.063516	0.063516
10000	3.4089	0.003792	0.012678	1	1	0.61127	0.56861	0.54821	3.1825	12.206	0.56861	0.54821	3.1825	12.206	0.56861	0.54821	3.1825	12.206	0.56861	0.54821	3.1825	12.206	0	0.49154	0.4739	2.7511	10.552	0.49154	0.4739	2.7511	10.552	0.49154	0.4739	2.7511	10.552	0.49154	0.4739	2.7511	10.552	0	0	0	0	0	0	0	0	0	0	0	0	0	0	0	0	0	0
10000	1.4321	0.24357	0.01	1	1	0.59799	1.0051	0.82859	3.512	13.387	1.0051	0.82859	3.512	13.387	1.0051	0.82859	3.512	13.387	1.0051	0.82859	3.512	13.387	0	0.64244	0.5296	2.2447	8.5564	0.64244	0.5296	2.2447	8.5564	0.64244	0.5296	2.2447	8.5564	0.64244	0.5296	2.2447	8.5564	0	0.098938	0.098938	0.098938	0.098938	0.098938	0.098938	0.098938	0.098938	0.098938	0.098938	0.098938	0.098938	0.098938	0.098938	0.098938	0.098938	0.098938
10000	3.4969	0.018793	0.02977	1	1	0.061053	1.3042	0.61752	3.3917	11.092	1.3042	0.61752	3.3917	11.092	1.3042	0.61752	3.3917	11.092	1.3042	0.61752	3.3917	11.092	0	0.64608	0.30591	1.6801	5.4948	0.64608	0.30591	1.6801	5.4948	0.64608	0.30591	1.6801	5.4948	0.64608	0.30591	1.6801	5.4948	0	0.3954	0.3954	0.3954	0.3954	0.3954	0.3954	0.3954	0.3954	0.3954	0.3954	0.3954	0.3954	0.3954	0.3954	0.3954	0.3954	0.3954
10000	7	0.02	0.018684	1	1	0.50204	0.82965	0.3	3.3333	5.9144	0.82965	0.3	3.3333	5.9144	0.82965	0.3	3.3333	5.9144	0.82965	0.3	3.3333	5.9144	0	0.58203	0.21046	2.3384	4.1491	0.58203	0.21046	2.3384	4.1491	0.58203	0.21046	2.3384	4.1491	0.58203	0.21046	2.3384	4.1491	0	0.2	0.2	0.2	0.2	0.2	0.2	0.2	0.2	0.2	0.2	0.2	0.2	0.2	0.2	0.2	0.2	0.2
10000	6.8105	0.011015	0.014256	1	1	0.51525	0.81395	0.39694	4.2052	5.8171	0.81395	0.39694	4.2052	5.8171	0.81395	0.39694	4.2052	5.8171	0.81395	0.39694	4.2052	5.8171	0	0.73595	0.3589	3.8022	5.2596	0.73595	0.3589	3.8022	5.2596	0.73595	0.3589	3.8022	5.2596	0.73595	0.3589	3.8022	5.2596	0	0.27064	0.27064	0.27064	0.27064	0.27064	0.27064	0.27064	0.27064	0.27064	0.27064	0.27064	0.27064	0.27064	0.27064	0.27064	0.27064	0.27064
10000	4.0541	0.001	0.01	1	1	-0.015806	1.5	0.81173	3.375	19	1.5	0.81173	3.375	19	1.5	0.81173	3.375	19	1.5	0.81173	3.375	19	0	0.59375	0.32131	1.3359	7.5208	0.59375	0.32131	1.3359	7.5208	0.59375	0.32131	1.3359	7.5208	0.59375	0.32131	1.3359	7.5208	0	0.38424	0.38424	0.38424	0.38424	0.38424	0.38424	0.38424	0.38424	0.38424	0.38424	0.38424	0.38424	0.38424	0.38424	0.38424	0.38424	0.38424
10000	3.5194	0.01	0.02	1	1	0.4	0.8	0.3	2.5	15	0.8	0.3	2.5	15	0.8	0.3	2.5	15	0.8	0.3	2.5	15	0	0.8	0.3	2.5	15	0.8	0.3	2.5	15	0.8	0.3	2.5	15	0.8	0.3	2.5	15	0	0.2	0.2	0.2	0.2	0.2	0.2	0.2	0.2	0.2	0.2	0.2	0.2	0.2	0.2	0.2	0.2	0.2
10000	5.0977	0.0064521	0.040219	1	1	0.72982	0.8	0.3	3.8889	5.103	0.8	0.3	3.8889	5.103	0.8	0.3	3.8889	5.103	0.8	0.3	3.8889	5.103	0	0.87388	0.3277	4.248	5.5742	0.87388	0.3277	4.248	5.5742	0.87388	0.3277	4.248	5.5742	0.87388	0.3277	4.248	5.5742	0	0.27705	0.27705	0.27705	0.27705	0.27705	0.27705	0.27705	0.27705	0.27705	0.27705	0.27705	0.27705	0.27705	0.27705	0.27705	0.27705	0.27705
10000	3.2429	0.001	0.02	1	1	0.51048	1	0.6	2.5	15	1	0.6	2.5	15	1	0.6	2.5	15	1	0.6	2.5	15	0	0.625	0.375	1.5625	9.3751	0.625	0.375	1.5625	9.3751	0.625	0.375	1.5625	9.3751	0.625	0.375	1.5625	9.3751	0	0.2	0.2	0.2	0.2	0.2	0.2	0.2	0.2	0.2	0.2	0.2	0.2	0.2	0.2	0.2	0.2	0.2
10000	4.8901	0.0093296	0.021657	1	1	0.68829	0.96276	0.27579	4.9348	14.702	0.96276	0.27579	4.9348	14.702	0.96276	0.27579	4.9348	14.702	0.96276	0.27579	4.9348	14.702	0	0.99413	0.28478	5.0956	15.181	0.99413	0.28478	5.0956	15.181	0.99413	0.28478	5.0956	15.181	0.99413	0.28478	5.0956	15.181	0	0.32235	0.32235	0.32235	0.32235	0.32235	0.32235	0.32235	0.32235	0.32235	0.32235	0.32235	0.32235	0.32235	0.32235	0.32235	0.32235	0.32235
10000	2.8706	0.001	0.018972	1	1	0.40201	1.0147	0.40253	3.481	15.04	1.0147	0.40253	3.481	15.04	1.0147	0.40253	3.481	15.04	1.0147	0.40253	3.481	15.04	0	1.0126	0.40168	3.4736	15.009	1.0126	0.40168	3.4736	15.009	1.0126	0.40168	3.4736	15.009	1.0126	0.40168	3.4736	15.009	0	0.34956	0.34956	0.34956	0.34956	0.34956	0.34956	0.34956	0.34956	0.34956	0.34956	0.34956	0.34956	0.34956	0.34956	0.34956	0.34956	0.34956
10000	0.3103	0.0093966	0.016489	1	1	0.76403	1.0446	0.23028	3.0019	14.605	1.0446	0.23028	3.0019	14.605	1.0446	0.23028	3.0019	14.605	1.0446	0.23028	3.0019	14.605	0	0.43524	0.095951	1.2508	6.0854	0.43524	0.095951	1.2508	6.0854	0.43524	0.095951	1.2508	6.0854	0.43524	0.095951	1.2508	6.0854	0	0.15334	0.15334	0.15334	0.15334	0.15334	0.15334	0.15334	0.15334	0.15334	0.15334	0.15334	0.15334	0.15334	0.15334	0.15334	0.15334	0.15334
10000	4.109	0.001	0.025556	1	1	0.76945	0.91667	0.17445	2.3542	15.667	0.91667	0.17445	2.3542	15.667	0.91667	0.17445	2.3542	15.667	0.91667	0.17445	2.3542	15.667	0	0.98351	0.18717	2.5258	16.809	0.98351	0.18717	2.5258	16.809	0.98351	0.18717	2.5258	16.809	0.98351	0.18717	2.5258	16.809	0	0.18996	0.18996	0.18996	0.18996	0.18996	0.18996	0.18996	0.18996	0.18996	0.18996	0.18996	0.18996	0.18996	0.18996	0.18996	0.18996	0.18996
10000	2.1842	0.0039593	0.026415	1	1	0.77574	0.86667	0.31111	2.8503	15	0.86667	0.31111	2.8503	15	0.86667	0.31111	2.8503	15	0.86667	0.31111	2.8503	15	0	0.86667	0.31111	2.8503	15	0.86667	0.31111	2.8503	15	0.86667	0.31111	2.8503	15	0.86667	0.31111	2.8503	15	0	0.15959	0.15959	0.15959	0.15959	0.15959	0.15959	0.15959	0.15959	0.15959	0.15959	0.15959	0.15959	0.15959	0.15959	0.15959	0.15959	0.15959
10000	2.8704	0.001	0.02	1	1	0.8	1	0.3	2.5	15	1	0.3	2.5	15	1	0.3	2.5	15	1	0.3	2.5	15	0	1	0.3	2.5	15	1	0.3	2.5	15	1	0.3	2.5	15	1	0.3	2.5	15	0	0.10556	0.10556	0.10556	0.10556	0.10556	0.10556	0.10556	0.10556	0.10556	0.10556	0.10556	0.10556	0.10556	0.10556	0.10556	0.10556	0.10556
10000	2.5167	0.001	0.02	1	1	0.8	1	0.3	2.7268	15	1	0.3	2.7268	15	1	0.3	2.7268	15	1	0.3	2.7268	15	0	0.35859	0.10758	0.97782	5.3789	0.35859	0.10758	0.97782	5.3789	0.35859	0.10758	0.97782	5.3789	0.35859	0.10758	0.97782	5.3789	0	0.2	0.2	0.2	0.2	0.2	0.2	0.2	0.2	0.2	0.2	0.2	0.2	0.2	0.2	0.2	0.2	0.2
10000	3	0.001	0.022084	1	1	0.8	1	0.36667	2.5	16.667	1	0.36667	2.5	16.667	1	0.36667	2.5	16.667	1	0.36667	2.5	16.667	0	0.66823	0.24502	1.6706	11.137	0.66823	0.24502	1.6706	11.137	0.66823	0.24502	1.6706	11.137	0.66823	0.24502	1.6706	11.137	0	0.041667	0.041667	0.041667	0.041667	0.041667	0.041667	0.041667	0.041667	0.041667	0.041667	0.041667	0.041667	0.041667	0.041667	0.041667	0.041667	0.041667
10000	0.98152	0.0040362	0.017591	1	1	0.93707	1.1281	0.23514	3.55	14.015	1.1281	0.23514	3.55	14.015	1.1281	0.23514	3.55	14.015	1.1281	0.23514	3.55	14.015	0	0.56203	0.11715	1.7686	6.9825	0.56203	0.11715	1.7686	6.9825	0.56203	0.11715	1.7686	6.9825	0.56203	0.11715	1.7686	6.9825	0	0.039716	0.039716	0.039716	0.039716	0.039716	0.039716	0.039716	0.039716	0.039716	0.039716	0.039716	0.039716	0.039716	0.039716	0.039716	0.039716	0.039716
10000	0.94542	0.001	0.01	1	1	0.93131	1.3723	0.44465	4.0791	15.55	1.3723	0.44465	4.0791	15.55	1.3723	0.44465	4.0791	15.55	1.3723	0.44465	4.0791	15.55	0	0.49105	0.15911	1.4596	5.564	0.49105	0.15911	1.4596	5.564	0.49105	0.15911	1.4596	5.564	0.49105	0.15911	1.4596	5.564	0	0.10578	0.10578	0.10578	0.10578	0.10578	0.10578	0.10578	0.10578	0.10578	0.10578	0.10578	0.10578	0.10578	0.10578	0.10578	0.10578	0.10578
10000	1.0022	0.0043826	0.019526	1	1	1.0067	1.4414	0.30881	3.9881	16.729	1.4414	0.30881	3.9881	16.729	1.4414	0.30881	3.9881	16.729	1.4414	0.30881	3.9881	16.729	0	0.77383	0.16578	2.141	8.9811	0.77383	0.16578	2.141	8.9811	0.77383	0.16578	2.141	8.9811	0.77383	0.16578	2.141	8.9811	0	0.19042	0.19042	0.19042	0.19042	0.19042	0.19042	0.19042	0.19042	0.19042	0.19042	0.19042	0.19042	0.19042	0.19042	0.19042	0.19042	0.19042
10000	3.3512	0.001	0.010928	1	1	0.92649	1.5379	-0.063956	3.5473	18.443	1.5379	-0.063956	3.5473	18.443	1.5379	-0.063956	3.5473	18.443	1.5379	-0.063956	3.5473	18.443	0	0.95875	-0.039872	2.2115	11.498	0.95875	-0.039872	2.2115	11.498	0.95875	-0.039872	2.2115	11.498	0.95875	-0.039872	2.2115	11.498	0	0.24616	0.24616	0.24616	0.24616	0.24616	0.24616	0.24616	0.24616	0.24616	0.24616	0.24616	0.24616	0.24616	0.24616	0.24616	0.24616	0.24616
10000	5.0307	0.001	0.01	1	1	0.97406	0.92536	0.45967	4.3863	8.4337	0.92536	0.45967	4.3863	8.4337	0.92536	0.45967	4.3863	8.4337	0.92536	0.45967	4.3863	8.4337	0	0.23134	0.11492	1.0966	2.1084	0.23134	0.11492	1.0966	2.1084	0.23134	0.11492	1.0966	2.1084	0.23134	0.11492	1.0966	2.1084	0	0.18255	0.18255	0.18255	0.18255	0.18255	0.18255	0.18255	0.18255	0.18255	0.18255	0.18255	0.18255	0.18255	0.18255	0.18255	0.18255	0.18255
10000	2.8389	0.001	0.01	1	1	0.80001	1	0.3	2.5	21.712	1	0.3	2.5	21.712	1	0.3	2.5	21.712	1	0.3	2.5	21.712	0	1	0.3	2.5	21.712	1	0.3	2.5	21.712	1	0.3	2.5	21.712	1	0.3	2.5	21.712	0	0.2	0.2	0.2	0.2	0.2	0.2	0.2	0.2	0.2	0.2	0.2	0.2	0.2	0.2	0.2	0.2	0.2
10000	4.1101	0.0064854	0.018889	1	1	0.84666	0.75062	0.4	3.0556	12.222	0.75062	0.4	3.0556	12.222	0.75062	0.4	3.0556	12.222	0.75062	0.4	3.0556	12.222	0	0.62551	0.33333	2.5463	10.185	0.62551	0.33333	2.5463	10.185	0.62551	0.33333	2.5463	10.185	0.62551	0.33333	2.5463	10.185	0	0.098526	0.098526	0.098526	0.098526	0.098526	0.098526	0.098526	0.098526	0.098526	0.098526	0.098526	0.098526	0.098526	0.098526	0.098526	0.098526	0.098526
10000	3.6485	0.001	0.01	1	1	1.2251	1.5575	0.75	3.7222	11	1.5575	0.75	3.7222	11	1.5575	0.75	3.7222	11	1.5575	0.75	3.7222	11	0	0.38938	0.1875	0.93056	2.75	0.38938	0.1875	0.93056	2.75	0.38938	0.1875	0.93056	2.75	0.38938	0.1875	0.93056	2.75	0	0.14682	0.14682	0.14682	0.14682	0.14682	0.14682	0.14682	0.14682	0.14682	0.14682	0.14682	0.14682	0.14682	0.14682	0.14682	0.14682	0.14682
10000	3.55	0.0023619	0.02	1	1	0.8	1	0.3	2.5	15	1	0.3	2.5	15	1	0.3	2.5	15	1	0.3	2.5	15	0	1	0.3	2.5	15	1	0.3	2.5	15	1	0.3	2.5	15	1	0.3	2.5	15	0	0.2	0.2	0.2	0.2	0.2	0.2	0.2	0.2	0.2	0.2	0.2	0.2	0.2	0.2	0.2	0.2	0.2
10000	2.9706	0.001	0.01	1	1	1.4941	0.99791	0.15202	2.3818	9.8752	0.99791	0.15202	2.3818	9.8752	0.99791	0.15202	2.3818	9.8752	0.99791	0.15202	2.3818	9.8752	0	0.9985	0.15211	2.3832	9.8811	0.9985	0.15211	2.3832	9.8811	0.9985	0.15211	2.3832	9.8811	0.9985	0.15211	2.3832	9.8811	0	0.20794	0.20794	0.20794	0.20794	0.20794	0.20794	0.20794	0.20794	0.20794	0.20794	0.20794	0.20794	0.20794	0.20794	0.20794	0.20794	0.20794
10000	3	0.0038535	0.02	1	1	1.6	1.0922	0.4	2.7838	15	1.0922	0.4	2.7838	15	1.0922	0.4	2.7838	15	1.0922	0.4	2.7838	15	0	1.0922	0.4	2.7838	15	1.0922	0.4	2.7838	15	1.0922	0.4	2.7838	15	1.0922	0.4	2.7838	15	0	0.20553	0.20553	0.20553	0.20553	0.20553	0.20553	0.20553	0.20553	0.20553	0.20553	0.20553	0.20553	0.20553	0.20553	0.20553	0.20553	0.20553
10000	4.1468	0.001	0.019994	1	1	1.474	1.2576	0.33353	2.5005	19.998	1.2576	0.33353	2.5005	19.998	1.2576	0.33353	2.5005	19.998	1.2576	0.33353	2.5005	19.998	0	1.1894	0.31543	2.3648	18.913	1.1894	0.31543	2.3648	18.913	1.1894	0.31543	2.3648	18.913	1.1894	0.31543	2.3648	18.913	0	0.11918	0.11918	0.11918	0.11918	0.11918	0.11918	0.11918	0.11918	0.11918	0.11918	0.11918	0.11918	0.11918	0.11918	0.11918	0.11918	0.11918
10000	4.2786	0.001	0.015914	1	1	1.6	1.3333	0.6	2.5	10	1.3333	0.6	2.5	10	1.3333	0.6	2.5	10	1.3333	0.6	2.5	10	0	1.3333	0.6	2.5	10	1.3333	0.6	2.5	10	1.3333	0.6	2.5	10	1.3333	0.6	2.5	10	0	0.2	0.2	0.2	0.2	0.2	0.2	0.2	0.2	0.2	0.2	0.2	0.2	0.2	0.2	0.2	0.2	0.2
10000	5	0.001	0.01	1	1	1.6	1	0.3	2.5	15	1	0.3	2.5	15	1	0.3	2.5	15	1	0.3	2.5	15	0	1.0556	0.31667	2.6389	15.833	1.0556	0.31667	2.6389	15.833	1.0556	0.31667	2.6389	15.833	1.0556	0.31667	2.6389	15.833	0	0.2	0.2	0.2	0.2	0.2	0.2	0.2	0.2	0.2	0.2	0.2	0.2	0.2	0.2	0.2	0.2	0.2
10000	6	0.0023333	0.01	1	1	1.1353	0.99999	0.3	3.5	30	0.99999	0.3	3.5	30	0.99999	0.3	3.5	30	0.99999	0.3	3.5	30	0	1	0.3	3.5	30	1	0.3	3.5	30	1	0.3	3.5	30	1	0.3	3.5	30	0	0.16667	0.16667	0.16667	0.16667	0.16667	0.16667	0.16667	0.16667	0.16667	0.16667	0.16667	0.16667	0.16667	0.16667	0.16667	0.16667	0.16667
10000	8.8241	0.001	0.018587	1	1	1.3373	0.79977	0.20482	5.0582	166.42	0.79977	0.20482	5.0582	166.42	0.79977	0.20482	5.0582	166.42	0.79977	0.20482	5.0582	166.42	0	0.69738	0.17859	4.4106	145.12	0.69738	0.17859	4.4106	145.12	0.69738	0.17859	4.4106	145.12	0.69738	0.17859	4.4106	145.12	0	0.25411	0.25411	0.25411	0.25411	0.25411	0.25411	0.25411	0.25411	0.25411	0.25411	0.25411	0.25411	0.25411	0.25411	0.25411	0.25411	0.25411
10000	3.4782	0.001	0.01	1	1	1.1701	1	0.41848	3.5	15	1	0.41848	3.5	15	1	0.41848	3.5	15	1	0.41848	3.5	15	0	0.82518	0.34532	2.8881	12.378	0.82518	0.34532	2.8881	12.378	0.82518	0.34532	2.8881	12.378	0.82518	0.34532	2.8881	12.378	0	0.11881	0.11881	0.11881	0.11881	0.11881	0.11881	0.11881	0.11881	0.11881	0.11881	0.11881	0.11881	0.11881	0.11881	0.11881	0.11881	0.11881
10000	3	0.001	0.02	1	1	1.1772	1	0.3	3.3333	20	1	0.3	3.3333	20	1	0.3	3.3333	20	1	0.3	3.3333	20	0	0.5	0.15	1.6667	10	0.5	0.15	1.6667	10	0.5	0.15	1.6667	10	0.5	0.15	1.6667	10	0	0.19297	0.19297	0.19297	0.19297	0.19297	0.19297	0.19297	0.19297	0.19297	0.19297	0.19297	0.19297	0.19297	0.19297	0.19297	0.19297	0.19297
10000	5.6676	0.0014444	0.02	1	1	1.4137	1.0563	0.3	3.5	15	1.0563	0.3	3.5	15	1.0563	0.3	3.5	15	1.0563	0.3	3.5	15	0	1.0563	0.3	3.5	15	1.0563	0.3	3.5	15	1.0563	0.3	3.5	15	1.0563	0.3	3.5	15	0	0.3	0.3	0.3	0.3	0.3	0.3	0.3	0.3	0.3	0.3	0.3	0.3	0.3	0.3	0.3	0.3	0.3
10000	3.2486	0.001	0.01	1	1	1.0667	1	0.3	2.5	10	1	0.3	2.5	10	1	0.3	2.5	10	1	0.3	2.5	10	0	1	0.3	2.5	10	1	0.3	2.5	10	1	0.3	2.5	10	1	0.3	2.5	10	0	0.2	0.2	0.2	0.2	0.2	0.2	0.2	0.2	0.2	0.2	0.2	0.2	0.2	0.2	0.2	0.2	0.2
10000	4.2075	0.001	0.01	1	1	0.93575	0.99031	0.31963	2.9214	13.342	0.99031	0.31963	2.9214	13.342	0.99031	0.31963	2.9214	13.342	0.99031	0.31963	2.9214	13.342	0	0.94573	0.30524	2.7899	12.741	0.94573	0.30524	2.7899	12.741	0.94573	0.30524	2.7899	12.741	0.94573	0.30524	2.7899	12.741	0	0.10488	0.10488	0.10488	0.10488	0.10488	0.10488	0.10488	0.10488	0.10488	0.10488	0.10488	0.10488	0.10488	0.10488	0.10488	0.10488	0.10488
10000	3	0.003	0.01	1	1	0.8	1	0.3	2.7907	15	1	0.3	2.7907	15	1	0.3	2.7907	15	1	0.3	2.7907	15	0	0.5	0.15	1.3953	7.5	0.5	0.15	1.3953	7.5	0.5	0.15	1.3953	7.5	0.5	0.15	1.3953	7.5	0	0.21098	0.21098	0.21098	0.21098	0.21098	0.21098	0.21098	0.21098	0.21098	0.21098	0.21098	0.21098	0.21098	0.21098	0.21098	0.21098	0.21098
10000	3.858	0.001	0.021092	1	1	1.1952	1.1236	0.28433	3.5978	15.989	1.1236	0.28433	3.5978	15.989	1.1236	0.28433	3.5978	15.989	1.1236	0.28433	3.5978	15.989	0	1.0193	0.25794	3.2639	14.505	1.0193	0.25794	3.2639	14.505	1.0193	0.25794	3.2639	14.505	1.0193	0.25794	3.2639	14.505	0	0.20278	0.20278	0.20278	0.20278	0.20278	0.20278	0.20278	0.20278	0.20278	0.20278	0.20278	0.20278	0.20278	0.20278	0.20278	0.20278	0.20278
10000	3	0.005	0.03	1	1	1.0667	0.84702	0.3	3.3333	15	0.84702	0.3	3.3333	15	0.84702	0.3	3.3333	15	0.84702	0.3	3.3333	15	0	0.84702	0.3	3.3333	15	0.84702	0.3	3.3333	15	0.84702	0.3	3.3333	15	0.84702	0.3	3.3333	15	0	0.2	0.2	0.2	0.2	0.2	0.2	0.2	0.2	0.2	0.2	0.2	0.2	0.2	0.2	0.2	0.2	0.2
10000	3.3495	0.0050018	0.01	1	1	1.1093	1.3888	0.30014	3.334	29.997	1.3888	0.30014	3.334	29.997	1.3888	0.30014	3.334	29.997	1.3888	0.30014	3.334	29.997	0	1.0754	0.23242	2.5817	23.228	1.0754	0.23242	2.5817	23.228	1.0754	0.23242	2.5817	23.228	1.0754	0.23242	2.5817	23.228	0	0.17713	0.17713	0.17713	0.17713	0.17713	0.17713	0.17713	0.17713	0.17713	0.17713	0.17713	0.17713	0.17713	0.17713	0.17713	0.17713	0.17713
10000	3.0035	0.0049856	0.03509	1	1	1.0901	1.4537	0.30117	3.3302	14.377	1.4537	0.30117	3.3302	14.377	1.4537	0.30117	3.3302	14.377	1.4537	0.30117	3.3302	14.377	0	0.7085	0.14678	1.623	7.0068	0.7085	0.14678	1.623	7.0068	0.7085	0.14678	1.623	7.0068	0.7085	0.14678	1.623	7.0068	0	0.19928	0.19928	0.19928	0.19928	0.19928	0.19928	0.19928	0.19928	0.19928	0.19928	0.19928	0.19928	0.19928	0.19928	0.19928	0.19928	0.19928
10000	5	0.0012222	0.03	1	1	1.0932	1.5	0.3	2.5	10	1.5	0.3	2.5	10	1.5	0.3	2.5	10	1.5	0.3	2.5	10	0	1.2061	0.24122	2.0102	8.0407	1.2061	0.24122	2.0102	8.0407	1.2061	0.24122	2.0102	8.0407	1.2061	0.24122	2.0102	8.0407	0	0.19412	0.19412	0.19412	0.19412	0.19412	0.19412	0.19412	0.19412	0.19412	0.19412	0.19412	0.19412	0.19412	0.19412	0.19412	0.19412	0.19412
10000	2.4942	0.0013671	0.019698	1	1	1.1385	1.4632	0.59536	3.0469	15.586	1.4632	0.59536	3.0469	15.586	1.4632	0.59536	3.0469	15.586	1.4632	0.59536	3.0469	15.586	0	0.78299	0.31859	1.6305	8.3402	0.78299	0.31859	1.6305	8.3402	0.78299	0.31859	1.6305	8.3402	0.78299	0.31859	1.6305	8.3402	0	0.18298	0.18298	0.18298	0.18298	0.18298	0.18298	0.18298	0.18298	0.18298	0.18298	0.18298	0.18298	0.18298	0.18298	0.18298	0.18298	0.18298
10000	2.4887	0.001	0.021742	1	1	1.0667	1	0.6	2.5	15	1	0.6	2.5	15	1	0.6	2.5	15	1	0.6	2.5	15	0	0.66814	0.40088	1.6704	10.022	0.66814	0.40088	1.6704	10.022	0.66814	0.40088	1.6704	10.022	0.66814	0.40088	1.6704	10.022	0	0.1	0.1	0.1	0.1	0.1	0.1	0.1	0.1	0.1	0.1	0.1	0.1	0.1	0.1	0.1	0.1	0.1
10000	2.8389	0.0022521	0.03	1	1	1	1.462	0.6	4.6666	30	1.462	0.6	4.6666	30	1.462	0.6	4.6666	30	1.462	0.6	4.6666	30	0	0.94265	0.38685	3.0088	19.342	0.94265	0.38685	3.0088	19.342	0.94265	0.38685	3.0088	19.342	0.94265	0.38685	3.0088	19.342	0	0.2	0.2	0.2	0.2	0.2	0.2	0.2	0.2	0.2	0.2	0.2	0.2	0.2	0.2	0.2	0.2	0.2
10000	2.8664	0.001	0.018889	1	1	0.89268	0.87389	0.36338	2.5	30	0.87389	0.36338	2.5	30	0.87389	0.36338	2.5	30	0.87389	0.36338	2.5	30	0	0.87389	0.36338	2.5	30	0.87389	0.36338	2.5	30	0.87389	0.36338	2.5	30	0.87389	0.36338	2.5	30	0	0.1	0.1	0.1	0.1	0.1	0.1	0.1	0.1	0.1	0.1	0.1	0.1	0.1	0.1	0.1	0.1	0.1
10000	3	0.001	0.01	1	1	0.8	1	0.6	3.3333	20	1	0.6	3.3333	20	1	0.6	3.3333	20	1	0.6	3.3333	20	0	0.71678	0.43007	2.3893	14.336	0.71678	0.43007	2.3893	14.336	0.71678	0.43007	2.3893	14.336	0.71678	0.43007	2.3893	14.336	0	0.099999	0.099999	0.099999	0.099999	0.099999	0.099999	0.099999	0.099999	0.099999	0.099999	0.099999	0.099999	0.099999	0.099999	0.099999	0.099999	0.099999
10000	2.0578	0.001	0.015	1	1	1.0833	1.0833	0.29932	3.3565	15.792	1.0833	0.29932	3.3565	15.792	1.0833	0.29932	3.3565	15.792	1.0833	0.29932	3.3565	15.792	0	1.0043	0.2775	3.1117	14.64	1.0043	0.2775	3.1117	14.64	1.0043	0.2775	3.1117	14.64	1.0043	0.2775	3.1117	14.64	0	0.20149	0.20149	0.20149	0.20149	0.20149	0.20149	0.20149	0.20149	0.20149	0.20149	0.20149	0.20149	0.20149	0.20149	0.20149	0.20149	0.20149
10000	4.985	0.0029046	0.012219	1	1	0.91496	1.3051	0.62291	5.7399	15.857	1.3051	0.62291	5.7399	15.857	1.3051	0.62291	5.7399	15.857	1.3051	0.62291	5.7399	15.857	0	0.71676	0.34209	3.1523	8.7086	0.71676	0.34209	3.1523	8.7086	0.71676	0.34209	3.1523	8.7086	0.71676	0.34209	3.1523	8.7086	0	0.23263	0.23263	0.23263	0.23263	0.23263	0.23263	0.23263	0.23263	0.23263	0.23263	0.23263	0.23263	0.23263	0.23263	0.23263	0.23263	0.23263
