10000	7.424	0.001	0.01	1	1	0.57728	1.0006	-0.00027578	3.3324	0	1.0006	-0.00027578	3.3324	0	1.0006	-0.00027578	3.3324	0	1.0006	-0.00027578	3.3324	0	0	0.94956	-0.00026173	3.1625	0	0.94956	-0.00026173	3.1625	0	0.94956	-0.00026173	3.1625	0	0.94956	-0.00026173	3.1625	0	0	0.27661	0.27661	0.27661	0.27661	0.27661	0.27661	0.27661	0.27661	0.27661	0.27661	0.27661	0.27661	0.27661	0.27661	0.27661	0.27661	0.27661
10000	7.0007	0.0038137	0.01	1	1	0.99983	1.0013	0.24604	8.0022	0	1.0013	0.24604	8.0022	0	1.0013	0.24604	8.0022	0	1.0013	0.24604	8.0022	0	0	0.59848	0.14706	4.7831	0	0.59848	0.14706	4.7831	0	0.59848	0.14706	4.7831	0	0.59848	0.14706	4.7831	0	0	0.28848	0.28848	0.28848	0.28848	0.28848	0.28848	0.28848	0.28848	0.28848	0.28848	0.28848	0.28848	0.28848	0.28848	0.28848	0.28848	0.28848
10000	9.3266	0.001	0.018512	1	1	1.0214	1.2501	0.19244	3.2688	0	1.2501	0.19244	3.2688	0	1.2501	0.19244	3.2688	0	1.2501	0.19244	3.2688	0	0	0.97668	0.15034	2.5538	0	0.97668	0.15034	2.5538	0	0.97668	0.15034	2.5538	0	0.97668	0.15034	2.5538	0	0	0.31109	0.31109	0.31109	0.31109	0.31109	0.31109	0.31109	0.31109	0.31109	0.31109	0.31109	0.31109	0.31109	0.31109	0.31109	0.31109	0.31109
10000	10	0.001	0.02	1	1	0.73848	0.84999	0.4	3.3333	0	0.84999	0.4	3.3333	0	0.84999	0.4	3.3333	0	0.84999	0.4	3.3333	0	0	0.83323	0.39211	3.2676	0	0.83323	0.39211	3.2676	0	0.83323	0.39211	3.2676	0	0.83323	0.39211	3.2676	0	0	0.085566	0.085566	0.085566	0.085566	0.085566	0.085566	0.085566	0.085566	0.085566	0.085566	0.085566	0.085566	0.085566	0.085566	0.085566	0.085566	0.085566
10000	7.2274	0.001807	0.043454	1	1	1.0576	0.74819	0.028784	3.2326	0	0.74819	0.028784	3.2326	0	0.74819	0.028784	3.2326	0	0.74819	0.028784	3.2326	0	0	0.67808	0.026087	2.9297	0	0.67808	0.026087	2.9297	0	0.67808	0.026087	2.9297	0	0.67808	0.026087	2.9297	0	0	0.13273	0.13273	0.13273	0.13273	0.13273	0.13273	0.13273	0.13273	0.13273	0.13273	0.13273	0.13273	0.13273	0.13273	0.13273	0.13273	0.13273
10000	9.9999	0.001	0.01	1	1	1.614	0.98443	0.26409	2.7302	0	0.98443	0.26409	2.7302	0	0.98443	0.26409	2.7302	0	0.98443	0.26409	2.7302	0	0	0.93001	0.24949	2.5793	0	0.93001	0.24949	2.5793	0	0.93001	0.24949	2.5793	0	0.93001	0.24949	2.5793	0	0	0.10311	0.10311	0.10311	0.10311	0.10311	0.10311	0.10311	0.10311	0.10311	0.10311	0.10311	0.10311	0.10311	0.10311	0.10311	0.10311	0.10311
10000	9.9999	0.001	0.023333	1	1	1.2076	1.1644	0.24077	3.5	0	1.1644	0.24077	3.5	0	1.1644	0.24077	3.5	0	1.1644	0.24077	3.5	0	0	0.97145	0.20088	2.9201	0	0.97145	0.20088	2.9201	0	0.97145	0.20088	2.9201	0	0.97145	0.20088	2.9201	0	0	0.19382	0.19382	0.19382	0.19382	0.19382	0.19382	0.19382	0.19382	0.19382	0.19382	0.19382	0.19382	0.19382	0.19382	0.19382	0.19382	0.19382
10000	8.1454	0.001	0.020308	1	1	1.3487	0.9846	0.37893	2.7508	0	0.9846	0.37893	2.7508	0	0.9846	0.37893	2.7508	0	0.9846	0.37893	2.7508	0	0	0.99373	0.38245	2.7763	0	0.99373	0.38245	2.7763	0	0.99373	0.38245	2.7763	0	0.99373	0.38245	2.7763	0	0	0.29076	0.29076	0.29076	0.29076	0.29076	0.29076	0.29076	0.29076	0.29076	0.29076	0.29076	0.29076	0.29076	0.29076	0.29076	0.29076	0.29076
10000	9.5486	0.0027582	0.03	1	1	1.4936	1.7903	0.3	3.3333	0	1.7903	0.3	3.3333	0	1.7903	0.3	3.3333	0	1.7903	0.3	3.3333	0	0	0.89514	0.15	1.6667	0	0.89514	0.15	1.6667	0	0.89514	0.15	1.6667	0	0.89514	0.15	1.6667	0	0	0.18889	0.18889	0.18889	0.18889	0.18889	0.18889	0.18889	0.18889	0.18889	0.18889	0.18889	0.18889	0.18889	0.18889	0.18889	0.18889	0.18889
10000	8.6599	0.001	0.019726	1	1	0.81232	0.96182	0.2911	2.524	0	0.96182	0.2911	2.524	0	0.96182	0.2911	2.524	0	0.96182	0.2911	2.524	0	0	0.91877	0.27807	2.411	0	0.91877	0.27807	2.411	0	0.91877	0.27807	2.411	0	0.91877	0.27807	2.411	0	0	0.048631	0.048631	0.048631	0.048631	0.048631	0.048631	0.048631	0.048631	0.048631	0.048631	0.048631	0.048631	0.048631	0.048631	0.048631	0.048631	0.048631
10000	10	0.012385	0.015	1	1	-0.44546	0.61831	0.3	3.5	0	0.61831	0.3	3.5	0	0.61831	0.3	3.5	0	0.61831	0.3	3.5	0	0	0.72136	0.35	4.0833	0	0.72136	0.35	4.0833	0	0.72136	0.35	4.0833	0	0.72136	0.35	4.0833	0	0	0.2	0.2	0.2	0.2	0.2	0.2	0.2	0.2	0.2	0.2	0.2	0.2	0.2	0.2	0.2	0.2	0.2
10000	10	0.010031	0.020023	1	1	-0.15457	0.29596	0.30111	3.6119	0	0.29596	0.30111	3.6119	0	0.29596	0.30111	3.6119	0	0.29596	0.30111	3.6119	0	0	0.21358	0.21729	2.6065	0	0.21358	0.21729	2.6065	0	0.21358	0.21729	2.6065	0	0.21358	0.21729	2.6065	0	0	0.20068	0.20068	0.20068	0.20068	0.20068	0.20068	0.20068	0.20068	0.20068	0.20068	0.20068	0.20068	0.20068	0.20068	0.20068	0.20068	0.20068
10000	9.6228	0.017206	0.0125	1	1	-0.23179	1.1527	0.5	3.5	0	1.1527	0.5	3.5	0	1.1527	0.5	3.5	0	1.1527	0.5	3.5	0	0	0.28818	0.125	0.87499	0	0.28818	0.125	0.87499	0	0.28818	0.125	0.87499	0	0.28818	0.125	0.87499	0	0	0.3	0.3	0.3	0.3	0.3	0.3	0.3	0.3	0.3	0.3	0.3	0.3	0.3	0.3	0.3	0.3	0.3
10000	7.1515	0.0066783	0.021621	1	1	0.17449	1.1062	0.31111	3.3334	0	1.1062	0.31111	3.3334	0	1.1062	0.31111	3.3334	0	1.1062	0.31111	3.3334	0	0	0.27654	0.077778	0.83334	0	0.27654	0.077778	0.83334	0	0.27654	0.077778	0.83334	0	0.27654	0.077778	0.83334	0	0	0.1	0.1	0.1	0.1	0.1	0.1	0.1	0.1	0.1	0.1	0.1	0.1	0.1	0.1	0.1	0.1	0.1
10000	9.5886	0.01046	0.027392	1	1	0.13244	0.48227	0.21513	3.5145	0	0.48227	0.21513	3.5145	0	0.48227	0.21513	3.5145	0	0.48227	0.21513	3.5145	0	0	0.22542	0.10055	1.6427	0	0.22542	0.10055	1.6427	0	0.22542	0.10055	1.6427	0	0.22542	0.10055	1.6427	0	0	0.18961	0.18961	0.18961	0.18961	0.18961	0.18961	0.18961	0.18961	0.18961	0.18961	0.18961	0.18961	0.18961	0.18961	0.18961	0.18961	0.18961
10000	4.1149	0.011667	0.02	1	1	1.0667	1	0.12367	2.5	0	1	0.12367	2.5	0	1	0.12367	2.5	0	1	0.12367	2.5	0	0	1	0.12367	2.5	0	1	0.12367	2.5	0	1	0.12367	2.5	0	1	0.12367	2.5	0	0	0.2	0.2	0.2	0.2	0.2	0.2	0.2	0.2	0.2	0.2	0.2	0.2	0.2	0.2	0.2	0.2	0.2
10000	3.2652	0.019838	0.028645	1	1	0.80177	0.99804	0.30128	2.5034	0	0.99804	0.30128	2.5034	0	0.99804	0.30128	2.5034	0	0.99804	0.30128	2.5034	0	0	0.99632	0.30076	2.4991	0	0.99632	0.30076	2.4991	0	0.99632	0.30076	2.4991	0	0.99632	0.30076	2.4991	0	0	0.59872	0.59872	0.59872	0.59872	0.59872	0.59872	0.59872	0.59872	0.59872	0.59872	0.59872	0.59872	0.59872	0.59872	0.59872	0.59872	0.59872
10000	3	0.01	0.02	1	1	0.8	1	0.3	2.5	0	1	0.3	2.5	0	1	0.3	2.5	0	1	0.3	2.5	0	0	0.95833	0.2875	2.3958	0	0.95833	0.2875	2.3958	0	0.95833	0.2875	2.3958	0	0.95833	0.2875	2.3958	0	0	0.25	0.25	0.25	0.25	0.25	0.25	0.25	0.25	0.25	0.25	0.25	0.25	0.25	0.25	0.25	0.25	0.25
10000	2.0318	0.0050598	0.01	1	1	0.84402	0.95109	0.26821	2.477	0	0.95109	0.26821	2.477	0	0.95109	0.26821	2.477	0	0.95109	0.26821	2.477	0	0	0.65539	0.18482	1.7069	0	0.65539	0.18482	1.7069	0	0.65539	0.18482	1.7069	0	0.65539	0.18482	1.7069	0	0	0.37606	0.37606	0.37606	0.37606	0.37606	0.37606	0.37606	0.37606	0.37606	0.37606	0.37606	0.37606	0.37606	0.37606	0.37606	0.37606	0.37606
10000	2.2101	0.39943	0.03257	1	1	0.80835	1.0093	0.19096	2.3521	0	1.0093	0.19096	2.3521	0	1.0093	0.19096	2.3521	0	1.0093	0.19096	2.3521	0	0	0.754	0.14266	1.7571	0	0.754	0.14266	1.7571	0	0.754	0.14266	1.7571	0	0.754	0.14266	1.7571	0	0	0.42172	0.42172	0.42172	0.42172	0.42172	0.42172	0.42172	0.42172	0.42172	0.42172	0.42172	0.42172	0.42172	0.42172	0.42172	0.42172	0.42172
10000	5	0.001	0.020217	1	1	0.38824	1.0667	0.3	2.5	0	1.0667	0.3	2.5	0	1.0667	0.3	2.5	0	1.0667	0.3	2.5	0	0	1.1126	0.31292	2.6077	0	1.1126	0.31292	2.6077	0	1.1126	0.31292	2.6077	0	1.1126	0.31292	2.6077	0	0	0.35656	0.35656	0.35656	0.35656	0.35656	0.35656	0.35656	0.35656	0.35656	0.35656	0.35656	0.35656	0.35656	0.35656	0.35656	0.35656	0.35656
10000	7	0.01	0.01	1	1	0.58801	0.8	0.09235	3.5907	0	0.8	0.09235	3.5907	0	0.8	0.09235	3.5907	0	0.8	0.09235	3.5907	0	0	1.3667	0.15776	6.1341	0	1.3667	0.15776	6.1341	0	1.3667	0.15776	6.1341	0	1.3667	0.15776	6.1341	0	0	0.6	0.6	0.6	0.6	0.6	0.6	0.6	0.6	0.6	0.6	0.6	0.6	0.6	0.6	0.6	0.6	0.6
10000	6.4431	0.015553	0.02	1	1	0.4	0.8	0.3	2.5	0	0.8	0.3	2.5	0	0.8	0.3	2.5	0	0.8	0.3	2.5	0	0	0.8	0.3	2.5	0	0.8	0.3	2.5	0	0.8	0.3	2.5	0	0.8	0.3	2.5	0	0	0.16667	0.16667	0.16667	0.16667	0.16667	0.16667	0.16667	0.16667	0.16667	0.16667	0.16667	0.16667	0.16667	0.16667	0.16667	0.16667	0.16667
10000	4.9988	0.0094984	0.020008	1	1	0.46416	1.0913	0.29991	4.6676	0	1.0913	0.29991	4.6676	0	1.0913	0.29991	4.6676	0	1.0913	0.29991	4.6676	0	0	1.0909	0.29981	4.6659	0	1.0909	0.29981	4.6659	0	1.0909	0.29981	4.6659	0	1.0909	0.29981	4.6659	0	0	0.64045	0.64045	0.64045	0.64045	0.64045	0.64045	0.64045	0.64045	0.64045	0.64045	0.64045	0.64045	0.64045	0.64045	0.64045	0.64045	0.64045
10000	5	0.0025272	0.018021	1	1	0.4	1	0.20062	2.5	0	1	0.20062	2.5	0	1	0.20062	2.5	0	1	0.20062	2.5	0	0	1	0.20062	2.5	0	1	0.20062	2.5	0	1	0.20062	2.5	0	1	0.20062	2.5	0	0	0.41137	0.41137	0.41137	0.41137	0.41137	0.41137	0.41137	0.41137	0.41137	0.41137	0.41137	0.41137	0.41137	0.41137	0.41137	0.41137	0.41137
10000	8.4065	0.0024845	0.01	1	1	1.0058	2.2331	1.4741	3.6329	0	2.2331	1.4741	3.6329	0	2.2331	1.4741	3.6329	0	2.2331	1.4741	3.6329	0	0	0.97493	0.64359	1.5861	0	0.97493	0.64359	1.5861	0	0.97493	0.64359	1.5861	0	0.97493	0.64359	1.5861	0	0	0.22789	0.22789	0.22789	0.22789	0.22789	0.22789	0.22789	0.22789	0.22789	0.22789	0.22789	0.22789	0.22789	0.22789	0.22789	0.22789	0.22789
10000	9.9999	0.0013766	0.01	1	1	0.82284	0.99475	0.98026	2.5444	0	0.99475	0.98026	2.5444	0	0.99475	0.98026	2.5444	0	0.99475	0.98026	2.5444	0	0	1.0003	0.98575	2.5586	0	1.0003	0.98575	2.5586	0	1.0003	0.98575	2.5586	0	1.0003	0.98575	2.5586	0	0	0.1944	0.1944	0.1944	0.1944	0.1944	0.1944	0.1944	0.1944	0.1944	0.1944	0.1944	0.1944	0.1944	0.1944	0.1944	0.1944	0.1944
10000	10	0.001	0.015	1	1	1.0667	1.1761	0.3	2.5	0	1.1761	0.3	2.5	0	1.1761	0.3	2.5	0	1.1761	0.3	2.5	0	0	0.58807	0.15	1.25	0	0.58807	0.15	1.25	0	0.58807	0.15	1.25	0	0.58807	0.15	1.25	0	0	0.15792	0.15792	0.15792	0.15792	0.15792	0.15792	0.15792	0.15792	0.15792	0.15792	0.15792	0.15792	0.15792	0.15792	0.15792	0.15792	0.15792
10000	9.9999	0.0024059	0.015	1	1	0.8	0.98844	0.3	2.5	0	0.98844	0.3	2.5	0	0.98844	0.3	2.5	0	0.98844	0.3	2.5	0	0	0.98844	0.3	2.5	0	0.98844	0.3	2.5	0	0.98844	0.3	2.5	0	0.98844	0.3	2.5	0	0	0.3	0.3	0.3	0.3	0.3	0.3	0.3	0.3	0.3	0.3	0.3	0.3	0.3	0.3	0.3	0.3	0.3
10000	10	0.0034504	0.01	1	1	0.74419	0.93526	0.52414	2.7026	0	0.93526	0.52414	2.7026	0	0.93526	0.52414	2.7026	0	0.93526	0.52414	2.7026	0	0	0.88307	0.49489	2.5518	0	0.88307	0.49489	2.5518	0	0.88307	0.49489	2.5518	0	0.88307	0.49489	2.5518	0	0	0.25305	0.25305	0.25305	0.25305	0.25305	0.25305	0.25305	0.25305	0.25305	0.25305	0.25305	0.25305	0.25305	0.25305	0.25305	0.25305	0.25305
10000	10	0.001	0.032733	1	1	0.81876	1.1668	0.72983	2.9814	0	1.1668	0.72983	2.9814	0	1.1668	0.72983	2.9814	0	1.1668	0.72983	2.9814	0	0	0.93616	0.58555	2.392	0	0.93616	0.58555	2.392	0	0.93616	0.58555	2.392	0	0.93616	0.58555	2.392	0	0	0.32208	0.32208	0.32208	0.32208	0.32208	0.32208	0.32208	0.32208	0.32208	0.32208	0.32208	0.32208	0.32208	0.32208	0.32208	0.32208	0.32208
10000	10	0.0047372	0.01	1	1	0.8	1	0.3	2.5	0	1	0.3	2.5	0	1	0.3	2.5	0	1	0.3	2.5	0	0	0.49478	0.14843	1.237	0	0.49478	0.14843	1.237	0	0.49478	0.14843	1.237	0	0.49478	0.14843	1.237	0	0	0.17745	0.17745	0.17745	0.17745	0.17745	0.17745	0.17745	0.17745	0.17745	0.17745	0.17745	0.17745	0.17745	0.17745	0.17745	0.17745	0.17745
10000	9.9208	0.0047881	0.013015	1	1	0.95484	0.88092	0.85303	3.926	0	0.88092	0.85303	3.926	0	0.88092	0.85303	3.926	0	0.88092	0.85303	3.926	0	0	0.56256	0.54474	2.5071	0	0.56256	0.54474	2.5071	0	0.56256	0.54474	2.5071	0	0.56256	0.54474	2.5071	0	0	0.40913	0.40913	0.40913	0.40913	0.40913	0.40913	0.40913	0.40913	0.40913	0.40913	0.40913	0.40913	0.40913	0.40913	0.40913	0.40913	0.40913
10000	9.3333	0.0079381	0.01	1	1	0.94431	0.82963	0.73501	2.4575	0	0.82963	0.73501	2.4575	0	0.82963	0.73501	2.4575	0	0.82963	0.73501	2.4575	0	0	0.41481	0.36751	1.2287	0	0.41481	0.36751	1.2287	0	0.41481	0.36751	1.2287	0	0.41481	0.36751	1.2287	0	0	0.13333	0.13333	0.13333	0.13333	0.13333	0.13333	0.13333	0.13333	0.13333	0.13333	0.13333	0.13333	0.13333	0.13333	0.13333	0.13333	0.13333
10000	10	0.005	0.034891	1	1	0.8	0.8	0.3	3.7037	0	0.8	0.3	3.7037	0	0.8	0.3	3.7037	0	0.8	0.3	3.7037	0	0	0.50585	0.18969	2.3419	0	0.50585	0.18969	2.3419	0	0.50585	0.18969	2.3419	0	0.50585	0.18969	2.3419	0	0	0.3	0.3	0.3	0.3	0.3	0.3	0.3	0.3	0.3	0.3	0.3	0.3	0.3	0.3	0.3	0.3	0.3
10000	9.177	0.0052823	0.02	1	1	0.4	0.8	0.3	3.5	0	0.8	0.3	3.5	0	0.8	0.3	3.5	0	0.8	0.3	3.5	0	0	1.1182	0.41933	4.8922	0	1.1182	0.41933	4.8922	0	1.1182	0.41933	4.8922	0	1.1182	0.41933	4.8922	0	0	0.34242	0.34242	0.34242	0.34242	0.34242	0.34242	0.34242	0.34242	0.34242	0.34242	0.34242	0.34242	0.34242	0.34242	0.34242	0.34242	0.34242
10000	10	0.01246	0.023483	1	1	0.5477	0.60099	0.48682	3.0286	0	0.60099	0.48682	3.0286	0	0.60099	0.48682	3.0286	0	0.60099	0.48682	3.0286	0	0	1.0659	0.8634	5.3714	0	1.0659	0.8634	5.3714	0	1.0659	0.8634	5.3714	0	1.0659	0.8634	5.3714	0	0	0.40448	0.40448	0.40448	0.40448	0.40448	0.40448	0.40448	0.40448	0.40448	0.40448	0.40448	0.40448	0.40448	0.40448	0.40448	0.40448	0.40448
10000	9.5429	0.01499	0.01	1	1	0.99965	0.084751	0.28491	3.3339	0	0.084751	0.28491	3.3339	0	0.084751	0.28491	3.3339	0	0.084751	0.28491	3.3339	0	0	0.1695	0.56983	6.668	0	0.1695	0.56983	6.668	0	0.1695	0.56983	6.668	0	0.1695	0.56983	6.668	0	0	0.29993	0.29993	0.29993	0.29993	0.29993	0.29993	0.29993	0.29993	0.29993	0.29993	0.29993	0.29993	0.29993	0.29993	0.29993	0.29993	0.29993
10000	7.8915	0.0049741	0.017169	1	1	0.78637	0.20113	0.41626	2.5438	0	0.20113	0.41626	2.5438	0	0.20113	0.41626	2.5438	0	0.20113	0.41626	2.5438	0	0	0.3794	0.78521	4.7984	0	0.3794	0.78521	4.7984	0	0.3794	0.78521	4.7984	0	0.3794	0.78521	4.7984	0	0	0.38745	0.38745	0.38745	0.38745	0.38745	0.38745	0.38745	0.38745	0.38745	0.38745	0.38745	0.38745	0.38745	0.38745	0.38745	0.38745	0.38745
10000	8.5602	0.0050022	0.022546	1	1	0.76289	0.37359	0.49992	3.9453	0	0.37359	0.49992	3.9453	0	0.37359	0.49992	3.9453	0	0.37359	0.49992	3.9453	0	0	0.58887	0.78799	6.2187	0	0.58887	0.78799	6.2187	0	0.58887	0.78799	6.2187	0	0.58887	0.78799	6.2187	0	0	0.47881	0.47881	0.47881	0.47881	0.47881	0.47881	0.47881	0.47881	0.47881	0.47881	0.47881	0.47881	0.47881	0.47881	0.47881	0.47881	0.47881
10000	9.7003	0.001	0.021746	1	1	0.41834	1.0535	-0.00056985	3.3995	0	1.0535	-0.00056985	3.3995	0	1.0535	-0.00056985	3.3995	0	1.0535	-0.00056985	3.3995	0	0	0.93453	-0.00050547	3.0155	0	0.93453	-0.00050547	3.0155	0	0.93453	-0.00050547	3.0155	0	0.93453	-0.00050547	3.0155	0	0	0.31025	0.31025	0.31025	0.31025	0.31025	0.31025	0.31025	0.31025	0.31025	0.31025	0.31025	0.31025	0.31025	0.31025	0.31025	0.31025	0.31025
10000	7.226	0.0046301	0.018491	1	1	0.3783	1.2123	0.35083	3.2791	0	1.2123	0.35083	3.2791	0	1.2123	0.35083	3.2791	0	1.2123	0.35083	3.2791	0	0	0.58736	0.16998	1.5887	0	0.58736	0.16998	1.5887	0	0.58736	0.16998	1.5887	0	0.58736	0.16998	1.5887	0	0	0.25203	0.25203	0.25203	0.25203	0.25203	0.25203	0.25203	0.25203	0.25203	0.25203	0.25203	0.25203	0.25203	0.25203	0.25203	0.25203	0.25203
10000	10	0.0040991	0.01	1	1	0.42029	0.97658	0.47991	5.0967	0	0.97658	0.47991	5.0967	0	0.97658	0.47991	5.0967	0	0.97658	0.47991	5.0967	0	0	0.85386	0.4196	4.4562	0	0.85386	0.4196	4.4562	0	0.85386	0.4196	4.4562	0	0.85386	0.4196	4.4562	0	0	0.32432	0.32432	0.32432	0.32432	0.32432	0.32432	0.32432	0.32432	0.32432	0.32432	0.32432	0.32432	0.32432	0.32432	0.32432	0.32432	0.32432
10000	7.0174	0.0050352	0.019912	1	1	0.16293	0.9956	0.4967	2.5077	0	0.9956	0.4967	2.5077	0	0.9956	0.4967	2.5077	0	0.9956	0.4967	2.5077	0	0	0.99176	0.49478	2.498	0	0.99176	0.49478	2.498	0	0.99176	0.49478	2.498	0	0.99176	0.49478	2.498	0	0	0.2008	0.2008	0.2008	0.2008	0.2008	0.2008	0.2008	0.2008	0.2008	0.2008	0.2008	0.2008	0.2008	0.2008	0.2008	0.2008	0.2008
10000	9.4968	0.0058209	0.01	1	1	0.46025	0.9968	0.29792	5.1694	0	0.9968	0.29792	5.1694	0	0.9968	0.29792	5.1694	0	0.9968	0.29792	5.1694	0	0	0.62395	0.18648	3.2358	0	0.62395	0.18648	3.2358	0	0.62395	0.18648	3.2358	0	0.62395	0.18648	3.2358	0	0	0.30103	0.30103	0.30103	0.30103	0.30103	0.30103	0.30103	0.30103	0.30103	0.30103	0.30103	0.30103	0.30103	0.30103	0.30103	0.30103	0.30103
10000	7.9754	0.001	0.01	1	1	0.83579	1	0.2385	2.5	0	1	0.2385	2.5	0	1	0.2385	2.5	0	1	0.2385	2.5	0	0	0.5	0.11925	1.25	0	0.5	0.11925	1.25	0	0.5	0.11925	1.25	0	0.5	0.11925	1.25	0	0	0.27909	0.27909	0.27909	0.27909	0.27909	0.27909	0.27909	0.27909	0.27909	0.27909	0.27909	0.27909	0.27909	0.27909	0.27909	0.27909	0.27909
10000	7.8154	0.0014444	0.01	1	1	0.29265	1.0216	0.2	3.3333	0	1.0216	0.2	3.3333	0	1.0216	0.2	3.3333	0	1.0216	0.2	3.3333	0	0	0.51079	0.099999	1.6667	0	0.51079	0.099999	1.6667	0	0.51079	0.099999	1.6667	0	0.51079	0.099999	1.6667	0	0	0.21022	0.21022	0.21022	0.21022	0.21022	0.21022	0.21022	0.21022	0.21022	0.21022	0.21022	0.21022	0.21022	0.21022	0.21022	0.21022	0.21022
10000	10	0.0033939	0.029441	1	1	0.69901	1.0006	0.21074	2.8406	0	1.0006	0.21074	2.8406	0	1.0006	0.21074	2.8406	0	1.0006	0.21074	2.8406	0	0	0.50013	0.10533	1.4198	0	0.50013	0.10533	1.4198	0	0.50013	0.10533	1.4198	0	0.50013	0.10533	1.4198	0	0	0.25189	0.25189	0.25189	0.25189	0.25189	0.25189	0.25189	0.25189	0.25189	0.25189	0.25189	0.25189	0.25189	0.25189	0.25189	0.25189	0.25189
10000	9.9999	0.001	0.020432	1	1	0.57991	0.99684	0.31236	3.3819	0	0.99684	0.31236	3.3819	0	0.99684	0.31236	3.3819	0	0.99684	0.31236	3.3819	0	0	0.62719	0.19653	2.1279	0	0.62719	0.19653	2.1279	0	0.62719	0.19653	2.1279	0	0.62719	0.19653	2.1279	0	0	0.19672	0.19672	0.19672	0.19672	0.19672	0.19672	0.19672	0.19672	0.19672	0.19672	0.19672	0.19672	0.19672	0.19672	0.19672	0.19672	0.19672
10000	7	0.001	0.02	1	1	0.8	1	0.3	2.912	0	1	0.3	2.912	0	1	0.3	2.912	0	1	0.3	2.912	0	0	0.5	0.15	1.456	0	0.5	0.15	1.456	0	0.5	0.15	1.456	0	0.5	0.15	1.456	0	0	0.3	0.3	0.3	0.3	0.3	0.3	0.3	0.3	0.3	0.3	0.3	0.3	0.3	0.3	0.3	0.3	0.3
10000	5	0.0058333	0.015876	1	1	0.8	1.0667	0.5	3.3333	0	1.0667	0.5	3.3333	0	1.0667	0.5	3.3333	0	1.0667	0.5	3.3333	0	0	0.62244	0.29177	1.9451	0	0.62244	0.29177	1.9451	0	0.62244	0.29177	1.9451	0	0.62244	0.29177	1.9451	0	0	0.18025	0.18025	0.18025	0.18025	0.18025	0.18025	0.18025	0.18025	0.18025	0.18025	0.18025	0.18025	0.18025	0.18025	0.18025	0.18025	0.18025
10000	3.9528	0.01	0.02	1	1	0.8	1	0.5	2.5	0	1	0.5	2.5	0	1	0.5	2.5	0	1	0.5	2.5	0	0	0.97626	0.48813	2.4406	0	0.97626	0.48813	2.4406	0	0.97626	0.48813	2.4406	0	0.97626	0.48813	2.4406	0	0	0.34219	0.34219	0.34219	0.34219	0.34219	0.34219	0.34219	0.34219	0.34219	0.34219	0.34219	0.34219	0.34219	0.34219	0.34219	0.34219	0.34219
10000	9.13	1	0.019966	1	1	0.89243	1.0017	0.020457	3.3304	0	1.0017	0.020457	3.3304	0	1.0017	0.020457	3.3304	0	1.0017	0.020457	3.3304	0	0	1.1724	0.023943	3.8979	0	1.1724	0.023943	3.8979	0	1.1724	0.023943	3.8979	0	1.1724	0.023943	3.8979	0	0	0.42259	0.42259	0.42259	0.42259	0.42259	0.42259	0.42259	0.42259	0.42259	0.42259	0.42259	0.42259	0.42259	0.42259	0.42259	0.42259	0.42259
10000	4.5895	0.001	0.02151	1	1	0.91833	0.91833	-9.9592	2.3571	0	0.91833	-9.9592	2.3571	0	0.91833	-9.9592	2.3571	0	0.91833	-9.9592	2.3571	0	0	0.49346	-5.3515	1.2666	0	0.49346	-5.3515	1.2666	0	0.49346	-5.3515	1.2666	0	0.49346	-5.3515	1.2666	0	0	0.35375	0.35375	0.35375	0.35375	0.35375	0.35375	0.35375	0.35375	0.35375	0.35375	0.35375	0.35375	0.35375	0.35375	0.35375	0.35375	0.35375
10000	5.7024	0.006795	0.023233	1	1	0.77745	0.79731	0.2996	2.5002	0	0.79731	0.2996	2.5002	0	0.79731	0.2996	2.5002	0	0.79731	0.2996	2.5002	0	0	0.76955	0.28917	2.4132	0	0.76955	0.28917	2.4132	0	0.76955	0.28917	2.4132	0	0.76955	0.28917	2.4132	0	0	0.19204	0.19204	0.19204	0.19204	0.19204	0.19204	0.19204	0.19204	0.19204	0.19204	0.19204	0.19204	0.19204	0.19204	0.19204	0.19204	0.19204
10000	10	0.0033095	0.02	1	1	0.4	0.8	0.3	6.7365	0	0.8	0.3	6.7365	0	0.8	0.3	6.7365	0	0.8	0.3	6.7365	0	0	0.4	0.15	3.3683	0	0.4	0.15	3.3683	0	0.4	0.15	3.3683	0	0.4	0.15	3.3683	0	0	0.3	0.3	0.3	0.3	0.3	0.3	0.3	0.3	0.3	0.3	0.3	0.3	0.3	0.3	0.3	0.3	0.3
10000	7	0.001	0.01	1	1	0.4	0.96636	0.37332	3.4445	0	0.96636	0.37332	3.4445	0	0.96636	0.37332	3.4445	0	0.96636	0.37332	3.4445	0	0	0.4078	0.15754	1.4536	0	0.4078	0.15754	1.4536	0	0.4078	0.15754	1.4536	0	0.4078	0.15754	1.4536	0	0	0.29533	0.29533	0.29533	0.29533	0.29533	0.29533	0.29533	0.29533	0.29533	0.29533	0.29533	0.29533	0.29533	0.29533	0.29533	0.29533	0.29533
10000	6.9409	0.001	0.01	1	1	0.46406	0.79762	0.55761	3.7829	0	0.79762	0.55761	3.7829	0	0.79762	0.55761	3.7829	0	0.79762	0.55761	3.7829	0	0	0.39986	0.27954	1.8964	0	0.39986	0.27954	1.8964	0	0.39986	0.27954	1.8964	0	0.39986	0.27954	1.8964	0	0	0.33135	0.33135	0.33135	0.33135	0.33135	0.33135	0.33135	0.33135	0.33135	0.33135	0.33135	0.33135	0.33135	0.33135	0.33135	0.33135	0.33135
10000	6.5131	0.001	0.02	1	1	0.4	0.86443	0	2.5	0	0.86443	0	2.5	0	0.86443	0	2.5	0	0.86443	0	2.5	0	0	0.43222	0	1.25	0	0.43222	0	1.25	0	0.43222	0	1.25	0	0.43222	0	1.25	0	0	0.2	0.2	0.2	0.2	0.2	0.2	0.2	0.2	0.2	0.2	0.2	0.2	0.2	0.2	0.2	0.2	0.2
10000	6.2729	0.0014268	0.042911	1	1	0.4	0.55937	0.3	3.3333	0	0.55937	0.3	3.3333	0	0.55937	0.3	3.3333	0	0.55937	0.3	3.3333	0	0	0.27968	0.15	1.6667	0	0.27968	0.15	1.6667	0	0.27968	0.15	1.6667	0	0.27968	0.15	1.6667	0	0	0.2077	0.2077	0.2077	0.2077	0.2077	0.2077	0.2077	0.2077	0.2077	0.2077	0.2077	0.2077	0.2077	0.2077	0.2077	0.2077	0.2077
10000	10	0.005	0.022128	1	1	0.8	0.60362	0.3	2.5	0	0.60362	0.3	2.5	0	0.60362	0.3	2.5	0	0.60362	0.3	2.5	0	0	0.23029	0.11445	0.95379	0	0.23029	0.11445	0.95379	0	0.23029	0.11445	0.95379	0	0.23029	0.11445	0.95379	0	0	0.15	0.15	0.15	0.15	0.15	0.15	0.15	0.15	0.15	0.15	0.15	0.15	0.15	0.15	0.15	0.15	0.15
10000	7.7354	0.001	0.01	1	1	0.73244	0.59606	0.35984	2.2056	0	0.59606	0.35984	2.2056	0	0.59606	0.35984	2.2056	0	0.59606	0.35984	2.2056	0	0	0.24449	0.1476	0.90468	0	0.24449	0.1476	0.90468	0	0.24449	0.1476	0.90468	0	0.24449	0.1476	0.90468	0	0	0.1123	0.1123	0.1123	0.1123	0.1123	0.1123	0.1123	0.1123	0.1123	0.1123	0.1123	0.1123	0.1123	0.1123	0.1123	0.1123	0.1123
10000	10	0.001	0.019873	1	1	0.84496	0.79126	0.32259	2.9023	0	0.79126	0.32259	2.9023	0	0.79126	0.32259	2.9023	0	0.79126	0.32259	2.9023	0	0	0.39338	0.16038	1.4429	0	0.39338	0.16038	1.4429	0	0.39338	0.16038	1.4429	0	0.39338	0.16038	1.4429	0	0	0.24973	0.24973	0.24973	0.24973	0.24973	0.24973	0.24973	0.24973	0.24973	0.24973	0.24973	0.24973	0.24973	0.24973	0.24973	0.24973	0.24973
10000	10	0.001	0.018545	1	1	0.82509	0.76066	0.61813	2.9475	0	0.76066	0.61813	2.9475	0	0.76066	0.61813	2.9475	0	0.76066	0.61813	2.9475	0	0	0.61089	0.49643	2.3671	0	0.61089	0.49643	2.3671	0	0.61089	0.49643	2.3671	0	0.61089	0.49643	2.3671	0	0	0.24832	0.24832	0.24832	0.24832	0.24832	0.24832	0.24832	0.24832	0.24832	0.24832	0.24832	0.24832	0.24832	0.24832	0.24832	0.24832	0.24832
10000	8.4553	0.001	0.021105	1	1	0.79987	0.80399	0.16656	2.778	0	0.80399	0.16656	2.778	0	0.80399	0.16656	2.778	0	0.80399	0.16656	2.778	0	0	0.39032	0.080863	1.3487	0	0.39032	0.080863	1.3487	0	0.39032	0.080863	1.3487	0	0.39032	0.080863	1.3487	0	0	0.26008	0.26008	0.26008	0.26008	0.26008	0.26008	0.26008	0.26008	0.26008	0.26008	0.26008	0.26008	0.26008	0.26008	0.26008	0.26008	0.26008
10000	5.8782	0.0096507	0.01432	1	1	0.42016	1.284	0.11539	2.9971	0	1.284	0.11539	2.9971	0	1.284	0.11539	2.9971	0	1.284	0.11539	2.9971	0	0	0.4825	0.04336	1.1263	0	0.4825	0.04336	1.1263	0	0.4825	0.04336	1.1263	0	0.4825	0.04336	1.1263	0	0	0.2352	0.2352	0.2352	0.2352	0.2352	0.2352	0.2352	0.2352	0.2352	0.2352	0.2352	0.2352	0.2352	0.2352	0.2352	0.2352	0.2352
10000	5.398	0.014128	0.019377	1	1	0.78205	1.0311	0.015571	3.5701	0	1.0311	0.015571	3.5701	0	1.0311	0.015571	3.5701	0	1.0311	0.015571	3.5701	0	0	0.25779	0.0038927	0.89252	0	0.25779	0.0038927	0.89252	0	0.25779	0.0038927	0.89252	0	0.25779	0.0038927	0.89252	0	0	0.10623	0.10623	0.10623	0.10623	0.10623	0.10623	0.10623	0.10623	0.10623	0.10623	0.10623	0.10623	0.10623	0.10623	0.10623	0.10623	0.10623
10000	6.4046	0.0054398	0.017543	1	1	0.36828	1.3648	0.13333	3.78	0	1.3648	0.13333	3.78	0	1.3648	0.13333	3.78	0	1.3648	0.13333	3.78	0	0	0.83168	0.08125	2.3034	0	0.83168	0.08125	2.3034	0	0.83168	0.08125	2.3034	0	0.83168	0.08125	2.3034	0	0	0.30736	0.30736	0.30736	0.30736	0.30736	0.30736	0.30736	0.30736	0.30736	0.30736	0.30736	0.30736	0.30736	0.30736	0.30736	0.30736	0.30736
10000	6.4344	0.0080833	0.01	1	1	0.11282	1.1498	0.28194	3.4375	0	1.1498	0.28194	3.4375	0	1.1498	0.28194	3.4375	0	1.1498	0.28194	3.4375	0	0	0.52736	0.12932	1.5766	0	0.52736	0.12932	1.5766	0	0.52736	0.12932	1.5766	0	0.52736	0.12932	1.5766	0	0	0.28464	0.28464	0.28464	0.28464	0.28464	0.28464	0.28464	0.28464	0.28464	0.28464	0.28464	0.28464	0.28464	0.28464	0.28464	0.28464	0.28464
10000	5.6904	0.010948	0.01	1	1	0.38143	0.77885	0.070472	7.0966	0	0.77885	0.070472	7.0966	0	0.77885	0.070472	7.0966	0	0.77885	0.070472	7.0966	0	0	0.80638	0.072963	7.3474	0	0.80638	0.072963	7.3474	0	0.80638	0.072963	7.3474	0	0.80638	0.072963	7.3474	0	0	0.32425	0.32425	0.32425	0.32425	0.32425	0.32425	0.32425	0.32425	0.32425	0.32425	0.32425	0.32425	0.32425	0.32425	0.32425	0.32425	0.32425
10000	10	0.0043657	0.016907	1	1	0.8	1	0.36667	2.5	0	1	0.36667	2.5	0	1	0.36667	2.5	0	1	0.36667	2.5	0	0	1	0.36667	2.5	0	1	0.36667	2.5	0	1	0.36667	2.5	0	1	0.36667	2.5	0	0	0.21547	0.21547	0.21547	0.21547	0.21547	0.21547	0.21547	0.21547	0.21547	0.21547	0.21547	0.21547	0.21547	0.21547	0.21547	0.21547	0.21547
10000	9.8331	0.0077673	0.03565	1	1	0.80853	1.018	0.52426	4.0367	0	1.018	0.52426	4.0367	0	1.018	0.52426	4.0367	0	1.018	0.52426	4.0367	0	0	1.5244	0.78501	6.0445	0	1.5244	0.78501	6.0445	0	1.5244	0.78501	6.0445	0	1.5244	0.78501	6.0445	0	0	0.35742	0.35742	0.35742	0.35742	0.35742	0.35742	0.35742	0.35742	0.35742	0.35742	0.35742	0.35742	0.35742	0.35742	0.35742	0.35742	0.35742
10000	9.9999	0.005	0.02	1	1	0.8	0.99999	0.3	2.5	0	0.99999	0.3	2.5	0	0.99999	0.3	2.5	0	0.99999	0.3	2.5	0	0	1.144	0.34319	2.8599	0	1.144	0.34319	2.8599	0	1.144	0.34319	2.8599	0	1.144	0.34319	2.8599	0	0	0.3	0.3	0.3	0.3	0.3	0.3	0.3	0.3	0.3	0.3	0.3	0.3	0.3	0.3	0.3	0.3	0.3
10000	10	0.001	0.015	1	1	0.61189	1	0.4	2.5	0	1	0.4	2.5	0	1	0.4	2.5	0	1	0.4	2.5	0	0	1	0.4	2.5	0	1	0.4	2.5	0	1	0.4	2.5	0	1	0.4	2.5	0	0	0.2	0.2	0.2	0.2	0.2	0.2	0.2	0.2	0.2	0.2	0.2	0.2	0.2	0.2	0.2	0.2	0.2
10000	7.4309	0.0030827	0.016667	1	1	0.72614	0.98748	0.30587	2.5219	0	0.98748	0.30587	2.5219	0	0.98748	0.30587	2.5219	0	0.98748	0.30587	2.5219	0	0	1.2674	0.39259	3.2369	0	1.2674	0.39259	3.2369	0	1.2674	0.39259	3.2369	0	1.2674	0.39259	3.2369	0	0	0.4118	0.4118	0.4118	0.4118	0.4118	0.4118	0.4118	0.4118	0.4118	0.4118	0.4118	0.4118	0.4118	0.4118	0.4118	0.4118	0.4118
10000	5.85	0.001	0.02	1	1	0.8	0.99999	0.5821	2.4169	0	0.99999	0.5821	2.4169	0	0.99999	0.5821	2.4169	0	0.99999	0.5821	2.4169	0	0	0.75	0.43658	1.8127	0	0.75	0.43658	1.8127	0	0.75	0.43658	1.8127	0	0.75	0.43658	1.8127	0	0	0.22708	0.22708	0.22708	0.22708	0.22708	0.22708	0.22708	0.22708	0.22708	0.22708	0.22708	0.22708	0.22708	0.22708	0.22708	0.22708	0.22708
10000	10	0.0045216	0.01841	1	1	0.72845	1.0795	1.3966	6.1797	0	1.0795	1.3966	6.1797	0	1.0795	1.3966	6.1797	0	1.0795	1.3966	6.1797	0	0	0.41529	0.53727	2.3774	0	0.41529	0.53727	2.3774	0	0.41529	0.53727	2.3774	0	0.41529	0.53727	2.3774	0	0	0.2318	0.2318	0.2318	0.2318	0.2318	0.2318	0.2318	0.2318	0.2318	0.2318	0.2318	0.2318	0.2318	0.2318	0.2318	0.2318	0.2318
10000	6.9521	0.001	0.02	1	1	0.78914	1	2.2041	3.2778	0	1	2.2041	3.2778	0	1	2.2041	3.2778	0	1	2.2041	3.2778	0	0	0.49635	1.094	1.6269	0	0.49635	1.094	1.6269	0	0.49635	1.094	1.6269	0	0.49635	1.094	1.6269	0	0	0.1	0.1	0.1	0.1	0.1	0.1	0.1	0.1	0.1	0.1	0.1	0.1	0.1	0.1	0.1	0.1	0.1
10000	6.6501	0.0017683	0.01	1	1	0.91667	1.154	0.24583	3.7265	0	1.154	0.24583	3.7265	0	1.154	0.24583	3.7265	0	1.154	0.24583	3.7265	0	0	0.62508	0.13316	2.0185	0	0.62508	0.13316	2.0185	0	0.62508	0.13316	2.0185	0	0.62508	0.13316	2.0185	0	0	0.28676	0.28676	0.28676	0.28676	0.28676	0.28676	0.28676	0.28676	0.28676	0.28676	0.28676	0.28676	0.28676	0.28676	0.28676	0.28676	0.28676
10000	9.9999	0.005	0.01	1	1	0.8	1	0.71497	2.5	0	1	0.71497	2.5	0	1	0.71497	2.5	0	1	0.71497	2.5	0	0	1	0.71497	2.5	0	1	0.71497	2.5	0	1	0.71497	2.5	0	1	0.71497	2.5	0	0	0.3	0.3	0.3	0.3	0.3	0.3	0.3	0.3	0.3	0.3	0.3	0.3	0.3	0.3	0.3	0.3	0.3
10000	6.6798	0.001	0.01	1	1	-0.052171	1.4144	0.54731	3.3952	0	1.4144	0.54731	3.3952	0	1.4144	0.54731	3.3952	0	1.4144	0.54731	3.3952	0	0	0.3536	0.13683	0.8488	0	0.3536	0.13683	0.8488	0	0.3536	0.13683	0.8488	0	0.3536	0.13683	0.8488	0	0	0.25136	0.25136	0.25136	0.25136	0.25136	0.25136	0.25136	0.25136	0.25136	0.25136	0.25136	0.25136	0.25136	0.25136	0.25136	0.25136	0.25136
10000	8.1963	0.001	0.019444	1	1	0.4	1	0.4	2.4326	0	1	0.4	2.4326	0	1	0.4	2.4326	0	1	0.4	2.4326	0	0	0.36111	0.14444	0.87844	0	0.36111	0.14444	0.87844	0	0.36111	0.14444	0.87844	0	0.36111	0.14444	0.87844	0	0	0.33556	0.33556	0.33556	0.33556	0.33556	0.33556	0.33556	0.33556	0.33556	0.33556	0.33556	0.33556	0.33556	0.33556	0.33556	0.33556	0.33556
10000	10	0.001	0.016869	1	1	0.34754	1.5035	0.62201	3.3669	0	1.5035	0.62201	3.3669	0	1.5035	0.62201	3.3669	0	1.5035	0.62201	3.3669	0	0	0.88184	0.36483	1.9748	0	0.88184	0.36483	1.9748	0	0.88184	0.36483	1.9748	0	0.88184	0.36483	1.9748	0	0	0.51393	0.51393	0.51393	0.51393	0.51393	0.51393	0.51393	0.51393	0.51393	0.51393	0.51393	0.51393	0.51393	0.51393	0.51393	0.51393	0.51393
10000	6.3432	0.001	0.01	1	1	0.37665	1.1413	0.33214	2.8889	0	1.1413	0.33214	2.8889	0	1.1413	0.33214	2.8889	0	1.1413	0.33214	2.8889	0	0	0.42766	0.12446	1.0825	0	0.42766	0.12446	1.0825	0	0.42766	0.12446	1.0825	0	0.42766	0.12446	1.0825	0	0	0.32348	0.32348	0.32348	0.32348	0.32348	0.32348	0.32348	0.32348	0.32348	0.32348	0.32348	0.32348	0.32348	0.32348	0.32348	0.32348	0.32348
10000	9.5463	0.001	0.045	1	1	0.71068	0.47314	0.87114	3.5	0	0.47314	0.87114	3.5	0	0.47314	0.87114	3.5	0	0.47314	0.87114	3.5	0	0	0.26843	0.49423	1.9857	0	0.26843	0.49423	1.9857	0	0.26843	0.49423	1.9857	0	0.26843	0.49423	1.9857	0	0	0.41456	0.41456	0.41456	0.41456	0.41456	0.41456	0.41456	0.41456	0.41456	0.41456	0.41456	0.41456	0.41456	0.41456	0.41456	0.41456	0.41456
10000	9.9999	0.001	0.02	1	1	0.8	1	0.3	2.5	0	1	0.3	2.5	0	1	0.3	2.5	0	1	0.3	2.5	0	0	1	0.3	2.5	0	1	0.3	2.5	0	1	0.3	2.5	0	1	0.3	2.5	0	0	0.2	0.2	0.2	0.2	0.2	0.2	0.2	0.2	0.2	0.2	0.2	0.2	0.2	0.2	0.2	0.2	0.2
10000	9.9999	0.001	0.023333	1	1	0.64187	1.3333	0.3	2.5	0	1.3333	0.3	2.5	0	1.3333	0.3	2.5	0	1.3333	0.3	2.5	0	0	1.1667	0.2625	2.1875	0	1.1667	0.2625	2.1875	0	1.1667	0.2625	2.1875	0	1.1667	0.2625	2.1875	0	0	0.25501	0.25501	0.25501	0.25501	0.25501	0.25501	0.25501	0.25501	0.25501	0.25501	0.25501	0.25501	0.25501	0.25501	0.25501	0.25501	0.25501
10000	10	0.0055725	0.015	1	1	0.22439	1.5	0.4075	2.5	0	1.5	0.4075	2.5	0	1.5	0.4075	2.5	0	1.5	0.4075	2.5	0	0	1.5	0.4075	2.5	0	1.5	0.4075	2.5	0	1.5	0.4075	2.5	0	1.5	0.4075	2.5	0	0	0.18998	0.18998	0.18998	0.18998	0.18998	0.18998	0.18998	0.18998	0.18998	0.18998	0.18998	0.18998	0.18998	0.18998	0.18998	0.18998	0.18998
10000	10	0.001	0.01	1	1	0.68869	0.99996	0.29997	2.4999	0	0.99996	0.29997	2.4999	0	0.99996	0.29997	2.4999	0	0.99996	0.29997	2.4999	0	0	0.97733	0.29319	2.4434	0	0.97733	0.29319	2.4434	0	0.97733	0.29319	2.4434	0	0.97733	0.29319	2.4434	0	0	0.18879	0.18879	0.18879	0.18879	0.18879	0.18879	0.18879	0.18879	0.18879	0.18879	0.18879	0.18879	0.18879	0.18879	0.18879	0.18879	0.18879
10000	10	0.001	0.01	1	1	0.43021	1.053	0.31723	3.2373	0	1.053	0.31723	3.2373	0	1.053	0.31723	3.2373	0	1.053	0.31723	3.2373	0	0	1.715	0.51666	5.2726	0	1.715	0.51666	5.2726	0	1.715	0.51666	5.2726	0	1.715	0.51666	5.2726	0	0	0.39683	0.39683	0.39683	0.39683	0.39683	0.39683	0.39683	0.39683	0.39683	0.39683	0.39683	0.39683	0.39683	0.39683	0.39683	0.39683	0.39683
10000	7.4915	0.0050321	0.012973	1	1	1.0631	0.61939	0.29881	4.993	0	0.61939	0.29881	4.993	0	0.61939	0.29881	4.993	0	0.61939	0.29881	4.993	0	0	0.52708	0.25428	4.2488	0	0.52708	0.25428	4.2488	0	0.52708	0.25428	4.2488	0	0.52708	0.25428	4.2488	0	0	0.52892	0.52892	0.52892	0.52892	0.52892	0.52892	0.52892	0.52892	0.52892	0.52892	0.52892	0.52892	0.52892	0.52892	0.52892	0.52892	0.52892
10000	8.3476	0.0014444	0.01	1	1	1	-0.55579	-0.080886	3.5	0	-0.55579	-0.080886	3.5	0	-0.55579	-0.080886	3.5	0	-0.55579	-0.080886	3.5	0	0	-0.62558	-0.091042	3.9395	0	-0.62558	-0.091042	3.9395	0	-0.62558	-0.091042	3.9395	0	-0.62558	-0.091042	3.9395	0	0	0.36258	0.36258	0.36258	0.36258	0.36258	0.36258	0.36258	0.36258	0.36258	0.36258	0.36258	0.36258	0.36258	0.36258	0.36258	0.36258	0.36258
10000	9.2133	0.0078222	0.036796	1	1	1.3528	0.038096	0.34448	4.5112	0	0.038096	0.34448	4.5112	0	0.038096	0.34448	4.5112	0	0.038096	0.34448	4.5112	0	0	0.050077	0.45282	5.9299	0	0.050077	0.45282	5.9299	0	0.050077	0.45282	5.9299	0	0.050077	0.45282	5.9299	0	0	0.60292	0.60292	0.60292	0.60292	0.60292	0.60292	0.60292	0.60292	0.60292	0.60292	0.60292	0.60292	0.60292	0.60292	0.60292	0.60292	0.60292
10000	7.582	0.0091341	0.017851	1	1	1.0913	0.22318	0.49696	2.7578	0	0.22318	0.49696	2.7578	0	0.22318	0.49696	2.7578	0	0.22318	0.49696	2.7578	0	0	0.25196	0.56103	3.1134	0	0.25196	0.56103	3.1134	0	0.25196	0.56103	3.1134	0	0.25196	0.56103	3.1134	0	0	0.24233	0.24233	0.24233	0.24233	0.24233	0.24233	0.24233	0.24233	0.24233	0.24233	0.24233	0.24233	0.24233	0.24233	0.24233	0.24233	0.24233
10000	7.4811	0.001	0.077678	1	1	0.8	0.31129	0.3	2.5	0	0.31129	0.3	2.5	0	0.31129	0.3	2.5	0	0.31129	0.3	2.5	0	0	0.38938	0.37525	3.1271	0	0.38938	0.37525	3.1271	0	0.38938	0.37525	3.1271	0	0.38938	0.37525	3.1271	0	0	0.25224	0.25224	0.25224	0.25224	0.25224	0.25224	0.25224	0.25224	0.25224	0.25224	0.25224	0.25224	0.25224	0.25224	0.25224	0.25224	0.25224
10000	9.0364	0.004286	0.026667	1	1	0.8	1	0.66078	5.4444	0	1	0.66078	5.4444	0	1	0.66078	5.4444	0	1	0.66078	5.4444	0	0	0.8459	0.55895	4.6054	0	0.8459	0.55895	4.6054	0	0.8459	0.55895	4.6054	0	0.8459	0.55895	4.6054	0	0	0.3	0.3	0.3	0.3	0.3	0.3	0.3	0.3	0.3	0.3	0.3	0.3	0.3	0.3	0.3	0.3	0.3
10000	10	0.0036294	0.01	1	1	0.88202	0.6559	0.41136	8.3638	0	0.6559	0.41136	8.3638	0	0.6559	0.41136	8.3638	0	0.6559	0.41136	8.3638	0	0	0.55758	0.34969	7.11	0	0.55758	0.34969	7.11	0	0.55758	0.34969	7.11	0	0.55758	0.34969	7.11	0	0	0.4028	0.4028	0.4028	0.4028	0.4028	0.4028	0.4028	0.4028	0.4028	0.4028	0.4028	0.4028	0.4028	0.4028	0.4028	0.4028	0.4028
10000	8.5076	0.001	0.02	1	1	0.8	0.59293	0.3	3.5	0	0.59293	0.3	3.5	0	0.59293	0.3	3.5	0	0.59293	0.3	3.5	0	0	0.59293	0.3	3.5	0	0.59293	0.3	3.5	0	0.59293	0.3	3.5	0	0.59293	0.3	3.5	0	0	0.27588	0.27588	0.27588	0.27588	0.27588	0.27588	0.27588	0.27588	0.27588	0.27588	0.27588	0.27588	0.27588	0.27588	0.27588	0.27588	0.27588
10000	8.1889	0.001	0.01	1	1	0.77649	0.49989	0.62492	4.6247	0	0.49989	0.62492	4.6247	0	0.49989	0.62492	4.6247	0	0.49989	0.62492	4.6247	0	0	0.65607	0.82015	6.0696	0	0.65607	0.82015	6.0696	0	0.65607	0.82015	6.0696	0	0.65607	0.82015	6.0696	0	0	0.59991	0.59991	0.59991	0.59991	0.59991	0.59991	0.59991	0.59991	0.59991	0.59991	0.59991	0.59991	0.59991	0.59991	0.59991	0.59991	0.59991
10000	10	0.0044528	0.020969	1	1	0.73269	0.73269	0.44862	5.0848	0	0.73269	0.44862	5.0848	0	0.73269	0.44862	5.0848	0	0.73269	0.44862	5.0848	0	0	0.70059	0.42896	4.862	0	0.70059	0.42896	4.862	0	0.70059	0.42896	4.862	0	0.70059	0.42896	4.862	0	0	0.22189	0.22189	0.22189	0.22189	0.22189	0.22189	0.22189	0.22189	0.22189	0.22189	0.22189	0.22189	0.22189	0.22189	0.22189	0.22189	0.22189
10000	8.3276	0.0032663	0.022092	1	1	0.79808	0.71046	1.1078	2.4898	0	0.71046	1.1078	2.4898	0	0.71046	1.1078	2.4898	0	0.71046	1.1078	2.4898	0	0	0.65543	1.022	2.297	0	0.65543	1.022	2.297	0	0.65543	1.022	2.297	0	0.65543	1.022	2.297	0	0	0.25747	0.25747	0.25747	0.25747	0.25747	0.25747	0.25747	0.25747	0.25747	0.25747	0.25747	0.25747	0.25747	0.25747	0.25747	0.25747	0.25747
10000	5.8241	0.009991	0.01	1	1	0.67226	1.0021	0.4026	2.493	0	1.0021	0.4026	2.493	0	1.0021	0.4026	2.493	0	1.0021	0.4026	2.493	0	0	0.50088	0.20122	1.246	0	0.50088	0.20122	1.246	0	0.50088	0.20122	1.246	0	0.50088	0.20122	1.246	0	0	0.2976	0.2976	0.2976	0.2976	0.2976	0.2976	0.2976	0.2976	0.2976	0.2976	0.2976	0.2976	0.2976	0.2976	0.2976	0.2976	0.2976
10000	7	0.011667	0.02	1	1	0.46251	1	1	2.5	0	1	1	2.5	0	1	1	2.5	0	1	1	2.5	0	0	0.54925	0.54925	1.3731	0	0.54925	0.54925	1.3731	0	0.54925	0.54925	1.3731	0	0.54925	0.54925	1.3731	0	0	0.1953	0.1953	0.1953	0.1953	0.1953	0.1953	0.1953	0.1953	0.1953	0.1953	0.1953	0.1953	0.1953	0.1953	0.1953	0.1953	0.1953
10000	10	0.013645	0.017076	1	1	0.8	1	0.68998	1.5	0	1	0.68998	1.5	0	1	0.68998	1.5	0	1	0.68998	1.5	0	0	0.5	0.34499	0.75	0	0.5	0.34499	0.75	0	0.5	0.34499	0.75	0	0.5	0.34499	0.75	0	0	0.21981	0.21981	0.21981	0.21981	0.21981	0.21981	0.21981	0.21981	0.21981	0.21981	0.21981	0.21981	0.21981	0.21981	0.21981	0.21981	0.21981
10000	8.6613	0.007902	0.018114	1	1	0.41502	1.2826	2.216	2.1377	0	1.2826	2.216	2.1377	0	1.2826	2.216	2.1377	0	1.2826	2.216	2.1377	0	0	0.84237	1.4554	1.4041	0	0.84237	1.4554	1.4041	0	0.84237	1.4554	1.4041	0	0.84237	1.4554	1.4041	0	0	0.21066	0.21066	0.21066	0.21066	0.21066	0.21066	0.21066	0.21066	0.21066	0.21066	0.21066	0.21066	0.21066	0.21066	0.21066	0.21066	0.21066
10000	8.4321	0.010019	0.01	1	1	0.82849	0.62967	0.29317	3.5938	0	0.62967	0.29317	3.5938	0	0.62967	0.29317	3.5938	0	0.62967	0.29317	3.5938	0	0	0.20551	0.095686	1.173	0	0.20551	0.095686	1.173	0	0.20551	0.095686	1.173	0	0.20551	0.095686	1.173	0	0	0.3013	0.3013	0.3013	0.3013	0.3013	0.3013	0.3013	0.3013	0.3013	0.3013	0.3013	0.3013	0.3013	0.3013	0.3013	0.3013	0.3013
10000	9.3495	0.0055073	0.018331	1	1	0.8	0.8	0.25232	3.4105	0	0.8	0.25232	3.4105	0	0.8	0.25232	3.4105	0	0.8	0.25232	3.4105	0	0	0.4	0.12616	1.7052	0	0.4	0.12616	1.7052	0	0.4	0.12616	1.7052	0	0.4	0.12616	1.7052	0	0	0.13938	0.13938	0.13938	0.13938	0.13938	0.13938	0.13938	0.13938	0.13938	0.13938	0.13938	0.13938	0.13938	0.13938	0.13938	0.13938	0.13938
10000	7.3647	0.001	0.025076	1	1	0.81138	0.70198	0.52431	2.5169	0	0.70198	0.52431	2.5169	0	0.70198	0.52431	2.5169	0	0.70198	0.52431	2.5169	0	0	0.1755	0.13108	0.62923	0	0.1755	0.13108	0.62923	0	0.1755	0.13108	0.62923	0	0.1755	0.13108	0.62923	0	0	0.16379	0.16379	0.16379	0.16379	0.16379	0.16379	0.16379	0.16379	0.16379	0.16379	0.16379	0.16379	0.16379	0.16379	0.16379	0.16379	0.16379
10000	8	0.001	0.02	1	1	0.4	0.8	0.5	2.5	0	0.8	0.5	2.5	0	0.8	0.5	2.5	0	0.8	0.5	2.5	0	0	0.4	0.25	1.25	0	0.4	0.25	1.25	0	0.4	0.25	1.25	0	0.4	0.25	1.25	0	0	0	0	0	0	0	0	0	0	0	0	0	0	0	0	0	0	0
10000	7	0.001	0.02	1	1	0.8	0.8	0.19658	3.3867	0	0.8	0.19658	3.3867	0	0.8	0.19658	3.3867	0	0.8	0.19658	3.3867	0	0	0.2	0.049146	0.84667	0	0.2	0.049146	0.84667	0	0.2	0.049146	0.84667	0	0.2	0.049146	0.84667	0	0	0.3298	0.3298	0.3298	0.3298	0.3298	0.3298	0.3298	0.3298	0.3298	0.3298	0.3298	0.3298	0.3298	0.3298	0.3298	0.3298	0.3298
10000	8.9598	0.0088376	0.021292	1	1	0.74188	1.5807	0.73503	5.2422	0	1.5807	0.73503	5.2422	0	1.5807	0.73503	5.2422	0	1.5807	0.73503	5.2422	0	0	0.61829	0.2875	2.0505	0	0.61829	0.2875	2.0505	0	0.61829	0.2875	2.0505	0	0.61829	0.2875	2.0505	0	0	0.11845	0.11845	0.11845	0.11845	0.11845	0.11845	0.11845	0.11845	0.11845	0.11845	0.11845	0.11845	0.11845	0.11845	0.11845	0.11845	0.11845
10000	8.5868	0.001	0.028786	1	1	0.79876	0.71258	0.49896	3.503	0	0.71258	0.49896	3.503	0	0.71258	0.49896	3.503	0	0.71258	0.49896	3.503	0	0	0.70981	0.49702	3.4893	0	0.70981	0.49702	3.4893	0	0.70981	0.49702	3.4893	0	0.70981	0.49702	3.4893	0	0	0.29791	0.29791	0.29791	0.29791	0.29791	0.29791	0.29791	0.29791	0.29791	0.29791	0.29791	0.29791	0.29791	0.29791	0.29791	0.29791	0.29791
10000	7	0.001	0.02	1	1	0.8	1	0.3	3.5	0	1	0.3	3.5	0	1	0.3	3.5	0	1	0.3	3.5	0	0	0.5	0.15	1.75	0	0.5	0.15	1.75	0	0.5	0.15	1.75	0	0.5	0.15	1.75	0	0	0	0	0	0	0	0	0	0	0	0	0	0	0	0	0	0	0
10000	10	0.0059749	0.01	1	1	0.8	1	0.3	4.0967	0	1	0.3	4.0967	0	1	0.3	4.0967	0	1	0.3	4.0967	0	0	0.62805	0.18841	2.5729	0	0.62805	0.18841	2.5729	0	0.62805	0.18841	2.5729	0	0.62805	0.18841	2.5729	0	0	0.16901	0.16901	0.16901	0.16901	0.16901	0.16901	0.16901	0.16901	0.16901	0.16901	0.16901	0.16901	0.16901	0.16901	0.16901	0.16901	0.16901
10000	8.6316	0.0011065	0.025303	1	1	0.6349	0.64779	0.078226	3.0123	0	0.64779	0.078226	3.0123	0	0.64779	0.078226	3.0123	0	0.64779	0.078226	3.0123	0	0	0.55079	0.066512	2.5612	0	0.55079	0.066512	2.5612	0	0.55079	0.066512	2.5612	0	0.55079	0.066512	2.5612	0	0	0.23041	0.23041	0.23041	0.23041	0.23041	0.23041	0.23041	0.23041	0.23041	0.23041	0.23041	0.23041	0.23041	0.23041	0.23041	0.23041	0.23041
10000	9.0579	0.0074602	0.011791	1	1	0.57735	1.346	0.23905	3.6747	0	1.346	0.23905	3.6747	0	1.346	0.23905	3.6747	0	1.346	0.23905	3.6747	0	0	0.74137	0.13167	2.024	0	0.74137	0.13167	2.024	0	0.74137	0.13167	2.024	0	0.74137	0.13167	2.024	0	0	0.19516	0.19516	0.19516	0.19516	0.19516	0.19516	0.19516	0.19516	0.19516	0.19516	0.19516	0.19516	0.19516	0.19516	0.19516	0.19516	0.19516
10000	10	0.001	0.011948	1	1	0.77348	0.99287	0	2.8212	0	0.99287	0	2.8212	0	0.99287	0	2.8212	0	0.99287	0	2.8212	0	0	0.99907	0	2.8389	0	0.99907	0	2.8389	0	0.99907	0	2.8389	0	0.99907	0	2.8389	0	0	0.20169	0.20169	0.20169	0.20169	0.20169	0.20169	0.20169	0.20169	0.20169	0.20169	0.20169	0.20169	0.20169	0.20169	0.20169	0.20169	0.20169
10000	10	0.0036667	0.023481	1	1	0.56106	1.0756	0.36926	3.2426	0	1.0756	0.36926	3.2426	0	1.0756	0.36926	3.2426	0	1.0756	0.36926	3.2426	0	0	0.90439	0.31048	2.7265	0	0.90439	0.31048	2.7265	0	0.90439	0.31048	2.7265	0	0.90439	0.31048	2.7265	0	0	0.098007	0.098007	0.098007	0.098007	0.098007	0.098007	0.098007	0.098007	0.098007	0.098007	0.098007	0.098007	0.098007	0.098007	0.098007	0.098007	0.098007
10000	9.1455	0.001	0.025138	1	1	0.68995	0.98135	0.19095	2.565	0	0.98135	0.19095	2.565	0	0.98135	0.19095	2.565	0	0.98135	0.19095	2.565	0	0	0.96742	0.18824	2.5286	0	0.96742	0.18824	2.5286	0	0.96742	0.18824	2.5286	0	0.96742	0.18824	2.5286	0	0	0.20694	0.20694	0.20694	0.20694	0.20694	0.20694	0.20694	0.20694	0.20694	0.20694	0.20694	0.20694	0.20694	0.20694	0.20694	0.20694	0.20694
10000	8.0787	0.007	0.018616	1	1	0.42851	1.4393	0.067854	3.5765	0	1.4393	0.067854	3.5765	0	1.4393	0.067854	3.5765	0	1.4393	0.067854	3.5765	0	0	0.35984	0.016964	0.89414	0	0.35984	0.016964	0.89414	0	0.35984	0.016964	0.89414	0	0.35984	0.016964	0.89414	0	0	0.18068	0.18068	0.18068	0.18068	0.18068	0.18068	0.18068	0.18068	0.18068	0.18068	0.18068	0.18068	0.18068	0.18068	0.18068	0.18068	0.18068
10000	10	0.005046	0.019878	1	1	0.77925	0.97694	0.38501	2.4597	0	0.97694	0.38501	2.4597	0	0.97694	0.38501	2.4597	0	0.97694	0.38501	2.4597	0	0	0.99665	0.39278	2.5093	0	0.99665	0.39278	2.5093	0	0.99665	0.39278	2.5093	0	0.99665	0.39278	2.5093	0	0	0.22219	0.22219	0.22219	0.22219	0.22219	0.22219	0.22219	0.22219	0.22219	0.22219	0.22219	0.22219	0.22219	0.22219	0.22219	0.22219	0.22219
10000	9.9999	0.005	0.02	1	1	0.58692	1	0.3	2.5	0	1	0.3	2.5	0	1	0.3	2.5	0	1	0.3	2.5	0	0	1	0.3	2.5	0	1	0.3	2.5	0	1	0.3	2.5	0	1	0.3	2.5	0	0	0.2	0.2	0.2	0.2	0.2	0.2	0.2	0.2	0.2	0.2	0.2	0.2	0.2	0.2	0.2	0.2	0.2
10000	7	0.005	0.02	1	1	0.4	1	0.3	2.5	0	1	0.3	2.5	0	1	0.3	2.5	0	1	0.3	2.5	0	0	1	0.3	2.5	0	1	0.3	2.5	0	1	0.3	2.5	0	1	0.3	2.5	0	0	0.3	0.3	0.3	0.3	0.3	0.3	0.3	0.3	0.3	0.3	0.3	0.3	0.3	0.3	0.3	0.3	0.3
10000	9.6158	0.017367	0.019797	1	1	0.7203	1.8686	0.3	2.5	0	1.8686	0.3	2.5	0	1.8686	0.3	2.5	0	1.8686	0.3	2.5	0	0	0.46714	0.075	0.625	0	0.46714	0.075	0.625	0	0.46714	0.075	0.625	0	0.46714	0.075	0.625	0	0	0.092456	0.092456	0.092456	0.092456	0.092456	0.092456	0.092456	0.092456	0.092456	0.092456	0.092456	0.092456	0.092456	0.092456	0.092456	0.092456	0.092456
10000	10	0.0099999	0.021457	1	1	0.8	0.8	0.3	2.5	0	0.8	0.3	2.5	0	0.8	0.3	2.5	0	0.8	0.3	2.5	0	0	0.8	0.3	2.5	0	0.8	0.3	2.5	0	0.8	0.3	2.5	0	0.8	0.3	2.5	0	0	0.25463	0.25463	0.25463	0.25463	0.25463	0.25463	0.25463	0.25463	0.25463	0.25463	0.25463	0.25463	0.25463	0.25463	0.25463	0.25463	0.25463
10000	9.6632	0.0013559	0.01	1	1	0.60141	1.1065	0.39666	4.6056	0	1.1065	0.39666	4.6056	0	1.1065	0.39666	4.6056	0	1.1065	0.39666	4.6056	0	0	0.91797	0.32908	3.8209	0	0.91797	0.32908	3.8209	0	0.91797	0.32908	3.8209	0	0.91797	0.32908	3.8209	0	0	0.27818	0.27818	0.27818	0.27818	0.27818	0.27818	0.27818	0.27818	0.27818	0.27818	0.27818	0.27818	0.27818	0.27818	0.27818	0.27818	0.27818
10000	8.6681	0.001	0.021148	1	1	-0.088363	1	0.84797	3.3334	0	1	0.84797	3.3334	0	1	0.84797	3.3334	0	1	0.84797	3.3334	0	0	1	0.84798	3.3334	0	1	0.84798	3.3334	0	1	0.84798	3.3334	0	1	0.84798	3.3334	0	0	0.1	0.1	0.1	0.1	0.1	0.1	0.1	0.1	0.1	0.1	0.1	0.1	0.1	0.1	0.1	0.1	0.1
10000	10	0.001	0.02	1	1	0.54865	1	0.3	3.3333	0	1	0.3	3.3333	0	1	0.3	3.3333	0	1	0.3	3.3333	0	0	0.99999	0.3	3.3333	0	0.99999	0.3	3.3333	0	0.99999	0.3	3.3333	0	0.99999	0.3	3.3333	0	0	0.19094	0.19094	0.19094	0.19094	0.19094	0.19094	0.19094	0.19094	0.19094	0.19094	0.19094	0.19094	0.19094	0.19094	0.19094	0.19094	0.19094
10000	8.6669	0.001	0.014696	1	1	0.70976	0.72631	0.52094	2.7815	0	0.72631	0.52094	2.7815	0	0.72631	0.52094	2.7815	0	0.72631	0.52094	2.7815	0	0	0.95063	0.68183	3.6406	0	0.95063	0.68183	3.6406	0	0.95063	0.68183	3.6406	0	0.95063	0.68183	3.6406	0	0	0.17591	0.17591	0.17591	0.17591	0.17591	0.17591	0.17591	0.17591	0.17591	0.17591	0.17591	0.17591	0.17591	0.17591	0.17591	0.17591	0.17591
10000	7.8055	0.001	0.02	1	1	0.12821	1.0952	0.57778	2.7778	0	1.0952	0.57778	2.7778	0	1.0952	0.57778	2.7778	0	1.0952	0.57778	2.7778	0	0	1.0952	0.57778	2.7778	0	1.0952	0.57778	2.7778	0	1.0952	0.57778	2.7778	0	1.0952	0.57778	2.7778	0	0	0.19669	0.19669	0.19669	0.19669	0.19669	0.19669	0.19669	0.19669	0.19669	0.19669	0.19669	0.19669	0.19669	0.19669	0.19669	0.19669	0.19669
10000	10	0.0027113	0.051943	1	1	0.95384	1.5621	0.26449	3.207	0	1.5621	0.26449	3.207	0	1.5621	0.26449	3.207	0	1.5621	0.26449	3.207	0	0	1.1432	0.19355	2.3469	0	1.1432	0.19355	2.3469	0	1.1432	0.19355	2.3469	0	1.1432	0.19355	2.3469	0	0	0.22529	0.22529	0.22529	0.22529	0.22529	0.22529	0.22529	0.22529	0.22529	0.22529	0.22529	0.22529	0.22529	0.22529	0.22529	0.22529	0.22529
10000	5.5677	0.00454	0.018503	1	1	0.73121	1.6679	0.27625	3.7307	0	1.6679	0.27625	3.7307	0	1.6679	0.27625	3.7307	0	1.6679	0.27625	3.7307	0	0	0.83475	0.13826	1.8671	0	0.83475	0.13826	1.8671	0	0.83475	0.13826	1.8671	0	0.83475	0.13826	1.8671	0	0	0.19485	0.19485	0.19485	0.19485	0.19485	0.19485	0.19485	0.19485	0.19485	0.19485	0.19485	0.19485	0.19485	0.19485	0.19485	0.19485	0.19485
10000	7	0.001	0.02	1	1	0.8	1	0.3	2.5	0	1	0.3	2.5	0	1	0.3	2.5	0	1	0.3	2.5	0	0	1	0.3	2.5	0	1	0.3	2.5	0	1	0.3	2.5	0	1	0.3	2.5	0	0	0.2	0.2	0.2	0.2	0.2	0.2	0.2	0.2	0.2	0.2	0.2	0.2	0.2	0.2	0.2	0.2	0.2
10000	10	0.001	0.015	1	1	0.8	1.5	0.3	2.5	0	1.5	0.3	2.5	0	1.5	0.3	2.5	0	1.5	0.3	2.5	0	0	0.75	0.15	1.25	0	0.75	0.15	1.25	0	0.75	0.15	1.25	0	0.75	0.15	1.25	0	0	0.1	0.1	0.1	0.1	0.1	0.1	0.1	0.1	0.1	0.1	0.1	0.1	0.1	0.1	0.1	0.1	0.1
10000	7.0005	0.001	0.020014	1	1	0.99928	0.99952	-1.0603	3.3346	0	0.99952	-1.0603	3.3346	0	0.99952	-1.0603	3.3346	0	0.99952	-1.0603	3.3346	0	0	0.95725	-1.0155	3.1936	0	0.95725	-1.0155	3.1936	0	0.95725	-1.0155	3.1936	0	0.95725	-1.0155	3.1936	0	0	0.30004	0.30004	0.30004	0.30004	0.30004	0.30004	0.30004	0.30004	0.30004	0.30004	0.30004	0.30004	0.30004	0.30004	0.30004	0.30004	0.30004
10000	8.5	0.0014444	0.016599	1	1	0.8	1	0.3	4.6667	0	1	0.3	4.6667	0	1	0.3	4.6667	0	1	0.3	4.6667	0	0	0.625	0.1875	2.9167	0	0.625	0.1875	2.9167	0	0.625	0.1875	2.9167	0	0.625	0.1875	2.9167	0	0	0.2509	0.2509	0.2509	0.2509	0.2509	0.2509	0.2509	0.2509	0.2509	0.2509	0.2509	0.2509	0.2509	0.2509	0.2509	0.2509	0.2509
10000	7.868	0.001	0.019706	1	1	0.79213	0.6633	0.2815	2.5498	0	0.6633	0.2815	2.5498	0	0.6633	0.2815	2.5498	0	0.6633	0.2815	2.5498	0	0	0.67982	0.28851	2.6133	0	0.67982	0.28851	2.6133	0	0.67982	0.28851	2.6133	0	0.67982	0.28851	2.6133	0	0	0.19837	0.19837	0.19837	0.19837	0.19837	0.19837	0.19837	0.19837	0.19837	0.19837	0.19837	0.19837	0.19837	0.19837	0.19837	0.19837	0.19837
10000	7.4029	0.0032325	0.01	1	1	0.47498	1.0833	0.60417	3.1875	0	1.0833	0.60417	3.1875	0	1.0833	0.60417	3.1875	0	1.0833	0.60417	3.1875	0	0	0.97319	0.54274	2.8634	0	0.97319	0.54274	2.8634	0	0.97319	0.54274	2.8634	0	0.97319	0.54274	2.8634	0	0	0.19923	0.19923	0.19923	0.19923	0.19923	0.19923	0.19923	0.19923	0.19923	0.19923	0.19923	0.19923	0.19923	0.19923	0.19923	0.19923	0.19923
10000	6.9291	0.0027862	0.018446	1	1	0.68193	0.93483	0.23058	2.963	0	0.93483	0.23058	2.963	0	0.93483	0.23058	2.963	0	0.93483	0.23058	2.963	0	0	0.58391	0.14402	1.8507	0	0.58391	0.14402	1.8507	0	0.58391	0.14402	1.8507	0	0.58391	0.14402	1.8507	0	0	0.28587	0.28587	0.28587	0.28587	0.28587	0.28587	0.28587	0.28587	0.28587	0.28587	0.28587	0.28587	0.28587	0.28587	0.28587	0.28587	0.28587
10000	5.9153	0.0013005	0.012254	1	1	0.59223	0.54415	0.28299	2.9806	0	0.54415	0.28299	2.9806	0	0.54415	0.28299	2.9806	0	0.54415	0.28299	2.9806	0	0	0.42798	0.22257	2.3442	0	0.42798	0.22257	2.3442	0	0.42798	0.22257	2.3442	0	0.42798	0.22257	2.3442	0	0	0.15492	0.15492	0.15492	0.15492	0.15492	0.15492	0.15492	0.15492	0.15492	0.15492	0.15492	0.15492	0.15492	0.15492	0.15492	0.15492	0.15492
10000	6	0.001627	0.01	1	1	0.80002	1	0.30001	2.5	0	1	0.30001	2.5	0	1	0.30001	2.5	0	1	0.30001	2.5	0	0	0.89319	0.26796	2.233	0	0.89319	0.26796	2.233	0	0.89319	0.26796	2.233	0	0.89319	0.26796	2.233	0	0	0.1	0.1	0.1	0.1	0.1	0.1	0.1	0.1	0.1	0.1	0.1	0.1	0.1	0.1	0.1	0.1	0.1
10000	6.0482	0.0022674	0.016363	1	1	1.0444	1.0247	0.31607	2.5433	0	1.0247	0.31607	2.5433	0	1.0247	0.31607	2.5433	0	1.0247	0.31607	2.5433	0	0	1.0234	0.31567	2.54	0	1.0234	0.31567	2.54	0	1.0234	0.31567	2.54	0	1.0234	0.31567	2.54	0	0	0.20851	0.20851	0.20851	0.20851	0.20851	0.20851	0.20851	0.20851	0.20851	0.20851	0.20851	0.20851	0.20851	0.20851	0.20851	0.20851	0.20851
10000	6.4862	0.001	0.020156	1	1	0.79231	0.99145	0.29445	3.3184	0	0.99145	0.29445	3.3184	0	0.99145	0.29445	3.3184	0	0.99145	0.29445	3.3184	0	0	1.2142	0.3606	4.064	0	1.2142	0.3606	4.064	0	1.2142	0.3606	4.064	0	1.2142	0.3606	4.064	0	0	0.11904	0.11904	0.11904	0.11904	0.11904	0.11904	0.11904	0.11904	0.11904	0.11904	0.11904	0.11904	0.11904	0.11904	0.11904	0.11904	0.11904
10000	8.6691	0.001	0.021685	1	1	0.7896	1.2204	0.12523	3.9132	0	1.2204	0.12523	3.9132	0	1.2204	0.12523	3.9132	0	1.2204	0.12523	3.9132	0	0	1.2069	0.12384	3.87	0	1.2069	0.12384	3.87	0	1.2069	0.12384	3.87	0	1.2069	0.12384	3.87	0	0	0.20123	0.20123	0.20123	0.20123	0.20123	0.20123	0.20123	0.20123	0.20123	0.20123	0.20123	0.20123	0.20123	0.20123	0.20123	0.20123	0.20123
10000	6.815	0.001	0.01	1	1	0.99998	0.96298	0.33332	3.3333	0	0.96298	0.33332	3.3333	0	0.96298	0.33332	3.3333	0	0.96298	0.33332	3.3333	0	0	1.0952	0.37909	3.791	0	1.0952	0.37909	3.791	0	1.0952	0.37909	3.791	0	1.0952	0.37909	3.791	0	0	0.24612	0.24612	0.24612	0.24612	0.24612	0.24612	0.24612	0.24612	0.24612	0.24612	0.24612	0.24612	0.24612	0.24612	0.24612	0.24612	0.24612
10000	7	0.005	0.026915	1	1	0.32171	0.56591	1.2587	4.2501	0	0.56591	1.2587	4.2501	0	0.56591	1.2587	4.2501	0	0.56591	1.2587	4.2501	0	0	0.23667	0.52638	1.7774	0	0.23667	0.52638	1.7774	0	0.23667	0.52638	1.7774	0	0.23667	0.52638	1.7774	0	0	0.3	0.3	0.3	0.3	0.3	0.3	0.3	0.3	0.3	0.3	0.3	0.3	0.3	0.3	0.3	0.3	0.3
10000	7	0.005	0.014642	1	1	0.4	0.60808	0.4	3.1667	0	0.60808	0.4	3.1667	0	0.60808	0.4	3.1667	0	0.60808	0.4	3.1667	0	0	0.30404	0.2	1.5833	0	0.30404	0.2	1.5833	0	0.30404	0.2	1.5833	0	0.30404	0.2	1.5833	0	0	0.2	0.2	0.2	0.2	0.2	0.2	0.2	0.2	0.2	0.2	0.2	0.2	0.2	0.2	0.2	0.2	0.2
10000	7	0.0039994	0.01	1	1	-0.04	1	1.0187	3.3333	0	1	1.0187	3.3333	0	1	1.0187	3.3333	0	1	1.0187	3.3333	0	0	0.5	0.50935	1.6667	0	0.5	0.50935	1.6667	0	0.5	0.50935	1.6667	0	0.5	0.50935	1.6667	0	0	0.2	0.2	0.2	0.2	0.2	0.2	0.2	0.2	0.2	0.2	0.2	0.2	0.2	0.2	0.2	0.2	0.2
10000	7.0721	0.64253	0.019508	1	1	0.29907	0.32499	0.72593	2.3705	0	0.32499	0.72593	2.3705	0	0.32499	0.72593	2.3705	0	0.32499	0.72593	2.3705	0	0	0.31628	0.70648	2.307	0	0.31628	0.70648	2.307	0	0.31628	0.70648	2.307	0	0.31628	0.70648	2.307	0	0	0.068342	0.068342	0.068342	0.068342	0.068342	0.068342	0.068342	0.068342	0.068342	0.068342	0.068342	0.068342	0.068342	0.068342	0.068342	0.068342	0.068342
10000	9.9999	0.0094087	0.02027	1	1	0.50579	0.78632	1.9611	3.5885	0	0.78632	1.9611	3.5885	0	0.78632	1.9611	3.5885	0	0.78632	1.9611	3.5885	0	0	0.40863	1.0191	1.8649	0	0.40863	1.0191	1.8649	0	0.40863	1.0191	1.8649	0	0.40863	1.0191	1.8649	0	0	0.28577	0.28577	0.28577	0.28577	0.28577	0.28577	0.28577	0.28577	0.28577	0.28577	0.28577	0.28577	0.28577	0.28577	0.28577	0.28577	0.28577
10000	9.9999	0.0037608	0.023333	1	1	0.6204	0.81561	0.3	2.8995	0	0.81561	0.3	2.8995	0	0.81561	0.3	2.8995	0	0.81561	0.3	2.8995	0	0	0.61171	0.225	2.1746	0	0.61171	0.225	2.1746	0	0.61171	0.225	2.1746	0	0.61171	0.225	2.1746	0	0	0.18889	0.18889	0.18889	0.18889	0.18889	0.18889	0.18889	0.18889	0.18889	0.18889	0.18889	0.18889	0.18889	0.18889	0.18889	0.18889	0.18889
10000	10	0.001	0.019725	1	1	0.7791	1.3559	0.29544	3.8437	0	1.3559	0.29544	3.8437	0	1.3559	0.29544	3.8437	0	1.3559	0.29544	3.8437	0	0	0.66484	0.14486	1.8847	0	0.66484	0.14486	1.8847	0	0.66484	0.14486	1.8847	0	0.66484	0.14486	1.8847	0	0	0.19499	0.19499	0.19499	0.19499	0.19499	0.19499	0.19499	0.19499	0.19499	0.19499	0.19499	0.19499	0.19499	0.19499	0.19499	0.19499	0.19499
10000	10	0.005	0.02	1	1	0.8	1	0.3	2.5	0	1	0.3	2.5	0	1	0.3	2.5	0	1	0.3	2.5	0	0	0.5	0.15	1.25	0	0.5	0.15	1.25	0	0.5	0.15	1.25	0	0.5	0.15	1.25	0	0	0.1	0.1	0.1	0.1	0.1	0.1	0.1	0.1	0.1	0.1	0.1	0.1	0.1	0.1	0.1	0.1	0.1
10000	9.3587	0.001	0.10889	1	1	0.8	0.88889	0.3	2.9074	0	0.88889	0.3	2.9074	0	0.88889	0.3	2.9074	0	0.88889	0.3	2.9074	0	0	0.66667	0.225	2.1806	0	0.66667	0.225	2.1806	0	0.66667	0.225	2.1806	0	0.66667	0.225	2.1806	0	0	0	0	0	0	0	0	0	0	0	0	0	0	0	0	0	0	0
10000	8.5118	0.001	0.02	1	1	0.49272	1	0.43333	3.5803	0	1	0.43333	3.5803	0	1	0.43333	3.5803	0	1	0.43333	3.5803	0	0	0.51248	0.22207	1.8348	0	0.51248	0.22207	1.8348	0	0.51248	0.22207	1.8348	0	0.51248	0.22207	1.8348	0	0	0.2	0.2	0.2	0.2	0.2	0.2	0.2	0.2	0.2	0.2	0.2	0.2	0.2	0.2	0.2	0.2	0.2
10000	8.0533	0.0016315	0.01	1	1	0.31732	0.78724	0.29905	4.0653	0	0.78724	0.29905	4.0653	0	0.78724	0.29905	4.0653	0	0.78724	0.29905	4.0653	0	0	0.39305	0.14931	2.0297	0	0.39305	0.14931	2.0297	0	0.39305	0.14931	2.0297	0	0.39305	0.14931	2.0297	0	0	0.24919	0.24919	0.24919	0.24919	0.24919	0.24919	0.24919	0.24919	0.24919	0.24919	0.24919	0.24919	0.24919	0.24919	0.24919	0.24919	0.24919
10000	7.5919	0.001	0.02913	1	1	0.31127	0.57034	0.3648	3.9919	0	0.57034	0.3648	3.9919	0	0.57034	0.3648	3.9919	0	0.57034	0.3648	3.9919	0	0	0.21388	0.1368	1.497	0	0.21388	0.1368	1.497	0	0.21388	0.1368	1.497	0	0.21388	0.1368	1.497	0	0	0.35534	0.35534	0.35534	0.35534	0.35534	0.35534	0.35534	0.35534	0.35534	0.35534	0.35534	0.35534	0.35534	0.35534	0.35534	0.35534	0.35534
10000	8.0545	0.001	0.01	1	1	0.6167	1.1738	0.086568	5.2439	0	1.1738	0.086568	5.2439	0	1.1738	0.086568	5.2439	0	1.1738	0.086568	5.2439	0	0	0.4325	0.031897	1.9322	0	0.4325	0.031897	1.9322	0	0.4325	0.031897	1.9322	0	0.4325	0.031897	1.9322	0	0	0.3181	0.3181	0.3181	0.3181	0.3181	0.3181	0.3181	0.3181	0.3181	0.3181	0.3181	0.3181	0.3181	0.3181	0.3181	0.3181	0.3181
10000	8.9572	0.0050018	0.019991	1	1	0.80039	0.86002	0.39972	5.0007	0	0.86002	0.39972	5.0007	0	0.86002	0.39972	5.0007	0	0.86002	0.39972	5.0007	0	0	0.42982	0.19977	2.4993	0	0.42982	0.19977	2.4993	0	0.42982	0.19977	2.4993	0	0.42982	0.19977	2.4993	0	0	0.30026	0.30026	0.30026	0.30026	0.30026	0.30026	0.30026	0.30026	0.30026	0.30026	0.30026	0.30026	0.30026	0.30026	0.30026	0.30026	0.30026
10000	10	0.001	0.019954	1	1	0.39907	0.99771	-0.0011434	4.996	0	0.99771	-0.0011434	4.996	0	0.99771	-0.0011434	4.996	0	0.99771	-0.0011434	4.996	0	0	0.49884	-0.00057167	2.4979	0	0.49884	-0.00057167	2.4979	0	0.49884	-0.00057167	2.4979	0	0.49884	-0.00057167	2.4979	0	0	0.30024	0.30024	0.30024	0.30024	0.30024	0.30024	0.30024	0.30024	0.30024	0.30024	0.30024	0.30024	0.30024	0.30024	0.30024	0.30024	0.30024
10000	7.002	0.0049854	0.030073	1	1	0.68097	0.99816	-0.331	3.4959	0	0.99816	-0.331	3.4959	0	0.99816	-0.331	3.4959	0	0.99816	-0.331	3.4959	0	0	0.24954	-0.082749	0.87397	0	0.24954	-0.082749	0.87397	0	0.24954	-0.082749	0.87397	0	0.24954	-0.082749	0.87397	0	0	0.30473	0.30473	0.30473	0.30473	0.30473	0.30473	0.30473	0.30473	0.30473	0.30473	0.30473	0.30473	0.30473	0.30473	0.30473	0.30473	0.30473
10000	10	0.001	0.016552	1	1	0.44567	1	-0.73284	2.5	0	1	-0.73284	2.5	0	1	-0.73284	2.5	0	1	-0.73284	2.5	0	0	0.36366	-0.26651	0.90916	0	0.36366	-0.26651	0.90916	0	0.36366	-0.26651	0.90916	0	0.36366	-0.26651	0.90916	0	0	0.2532	0.2532	0.2532	0.2532	0.2532	0.2532	0.2532	0.2532	0.2532	0.2532	0.2532	0.2532	0.2532	0.2532	0.2532	0.2532	0.2532
10000	10	0.0054322	0.02098	1	1	0.5035	1.0307	-0.39434	2.5	0	1.0307	-0.39434	2.5	0	1.0307	-0.39434	2.5	0	1.0307	-0.39434	2.5	0	0	0.40323	-0.15427	0.97802	0	0.40323	-0.15427	0.97802	0	0.40323	-0.15427	0.97802	0	0.40323	-0.15427	0.97802	0	0	0.094444	0.094444	0.094444	0.094444	0.094444	0.094444	0.094444	0.094444	0.094444	0.094444	0.094444	0.094444	0.094444	0.094444	0.094444	0.094444	0.094444
10000	7	0.51074	0.03	1	1	0.4065	1	0.3	5	0	1	0.3	5	0	1	0.3	5	0	1	0.3	5	0	0	1	0.3	5	0	1	0.3	5	0	1	0.3	5	0	1	0.3	5	0	0	0.2	0.2	0.2	0.2	0.2	0.2	0.2	0.2	0.2	0.2	0.2	0.2	0.2	0.2	0.2	0.2	0.2
10000	7.6402	0.0062162	0.032	1	1	0.55891	1.05	-1.9644	3.4208	0	1.05	-1.9644	3.4208	0	1.05	-1.9644	3.4208	0	1.05	-1.9644	3.4208	0	0	0.2625	-0.49109	0.85521	0	0.2625	-0.49109	0.85521	0	0.2625	-0.49109	0.85521	0	0.2625	-0.49109	0.85521	0	0	0.212	0.212	0.212	0.212	0.212	0.212	0.212	0.212	0.212	0.212	0.212	0.212	0.212	0.212	0.212	0.212	0.212
10000	5.2837	0.001	0.028174	1	1	0.079322	0.94196	0.28877	5.0412	0	0.94196	0.28877	5.0412	0	0.94196	0.28877	5.0412	0	0.94196	0.28877	5.0412	0	0	0.34958	0.10717	1.8709	0	0.34958	0.10717	1.8709	0	0.34958	0.10717	1.8709	0	0.34958	0.10717	1.8709	0	0	0.20736	0.20736	0.20736	0.20736	0.20736	0.20736	0.20736	0.20736	0.20736	0.20736	0.20736	0.20736	0.20736	0.20736	0.20736	0.20736	0.20736
10000	8.5034	0.001	0.03048	1	1	0.27067	1.1125	0.30434	2.808	0	1.1125	0.30434	2.808	0	1.1125	0.30434	2.808	0	1.1125	0.30434	2.808	0	0	0.56706	0.15513	1.4313	0	0.56706	0.15513	1.4313	0	0.56706	0.15513	1.4313	0	0.56706	0.15513	1.4313	0	0	0.3887	0.3887	0.3887	0.3887	0.3887	0.3887	0.3887	0.3887	0.3887	0.3887	0.3887	0.3887	0.3887	0.3887	0.3887	0.3887	0.3887
10000	10	0.005	0.01	1	1	-0.142	1	0.26833	2.5	0	1	0.26833	2.5	0	1	0.26833	2.5	0	1	0.26833	2.5	0	0	1.0922	0.29307	2.7305	0	1.0922	0.29307	2.7305	0	1.0922	0.29307	2.7305	0	1.0922	0.29307	2.7305	0	0	0.20618	0.20618	0.20618	0.20618	0.20618	0.20618	0.20618	0.20618	0.20618	0.20618	0.20618	0.20618	0.20618	0.20618	0.20618	0.20618	0.20618
10000	5.5822	0.001	0.021632	1	1	0.161	1.0667	0.4	3.3333	0	1.0667	0.4	3.3333	0	1.0667	0.4	3.3333	0	1.0667	0.4	3.3333	0	0	0.53333	0.2	1.6667	0	0.53333	0.2	1.6667	0	0.53333	0.2	1.6667	0	0.53333	0.2	1.6667	0	0	0.2	0.2	0.2	0.2	0.2	0.2	0.2	0.2	0.2	0.2	0.2	0.2	0.2	0.2	0.2	0.2	0.2
10000	6.424	0.001	0.019282	1	1	-0.015553	0.8	0.36492	2.5	0	0.8	0.36492	2.5	0	0.8	0.36492	2.5	0	0.8	0.36492	2.5	0	0	0.65527	0.2989	2.0477	0	0.65527	0.2989	2.0477	0	0.65527	0.2989	2.0477	0	0.65527	0.2989	2.0477	0	0	0.17821	0.17821	0.17821	0.17821	0.17821	0.17821	0.17821	0.17821	0.17821	0.17821	0.17821	0.17821	0.17821	0.17821	0.17821	0.17821	0.17821
10000	4.5946	0.019691	0.019837	1	1	0.76906	0.99186	0.50611	2.4858	0	0.99186	0.50611	2.4858	0	0.99186	0.50611	2.4858	0	0.99186	0.50611	2.4858	0	0	1.1046	0.56364	2.7683	0	1.1046	0.56364	2.7683	0	1.1046	0.56364	2.7683	0	1.1046	0.56364	2.7683	0	0	0.22704	0.22704	0.22704	0.22704	0.22704	0.22704	0.22704	0.22704	0.22704	0.22704	0.22704	0.22704	0.22704	0.22704	0.22704	0.22704	0.22704
10000	5.2509	0.013158	0.13997	1	1	0.39989	1.1263	0.16237	3.333	0	1.1263	0.16237	3.333	0	1.1263	0.16237	3.333	0	1.1263	0.16237	3.333	0	0	1.5594	0.2248	4.6146	0	1.5594	0.2248	4.6146	0	1.5594	0.2248	4.6146	0	1.5594	0.2248	4.6146	0	0	0.34637	0.34637	0.34637	0.34637	0.34637	0.34637	0.34637	0.34637	0.34637	0.34637	0.34637	0.34637	0.34637	0.34637	0.34637	0.34637	0.34637
10000	4.9631	0.0097746	0.020026	1	1	0.80412	0.43682	0.29504	2.4781	0	0.43682	0.29504	2.4781	0	0.43682	0.29504	2.4781	0	0.43682	0.29504	2.4781	0	0	0.86886	0.58685	4.929	0	0.86886	0.58685	4.929	0	0.86886	0.58685	4.929	0	0.86886	0.58685	4.929	0	0	0.16249	0.16249	0.16249	0.16249	0.16249	0.16249	0.16249	0.16249	0.16249	0.16249	0.16249	0.16249	0.16249	0.16249	0.16249	0.16249	0.16249
10000	2.6431	0.010456	0.01	1	1	0.57412	0.75124	0.38671	2.2435	0	0.75124	0.38671	2.2435	0	0.75124	0.38671	2.2435	0	0.75124	0.38671	2.2435	0	0	0.83472	0.42969	2.4928	0	0.83472	0.42969	2.4928	0	0.83472	0.42969	2.4928	0	0.83472	0.42969	2.4928	0	0	0.428	0.428	0.428	0.428	0.428	0.428	0.428	0.428	0.428	0.428	0.428	0.428	0.428	0.428	0.428	0.428	0.428
10000	4.3829	0.02	0.02	1	1	0.8	1	0.23466	2.5	0	1	0.23466	2.5	0	1	0.23466	2.5	0	1	0.23466	2.5	0	0	1	0.23466	2.5	0	1	0.23466	2.5	0	1	0.23466	2.5	0	1	0.23466	2.5	0	0	0.4	0.4	0.4	0.4	0.4	0.4	0.4	0.4	0.4	0.4	0.4	0.4	0.4	0.4	0.4	0.4	0.4
10000	7.0127	0.0014483	0.01	1	1	0.39696	0.77107	0.29718	2.5011	0	0.77107	0.29718	2.5011	0	0.77107	0.29718	2.5011	0	0.77107	0.29718	2.5011	0	0	0.76813	0.29605	2.4916	0	0.76813	0.29605	2.4916	0	0.76813	0.29605	2.4916	0	0.76813	0.29605	2.4916	0	0	0.28409	0.28409	0.28409	0.28409	0.28409	0.28409	0.28409	0.28409	0.28409	0.28409	0.28409	0.28409	0.28409	0.28409	0.28409	0.28409	0.28409
10000	10	0.001	0.02	1	1	0.8	1	0.3	2.5	0	1	0.3	2.5	0	1	0.3	2.5	0	1	0.3	2.5	0	0	1	0.3	2.5	0	1	0.3	2.5	0	1	0.3	2.5	0	1	0.3	2.5	0	0	0.25252	0.25252	0.25252	0.25252	0.25252	0.25252	0.25252	0.25252	0.25252	0.25252	0.25252	0.25252	0.25252	0.25252	0.25252	0.25252	0.25252
10000	10	0.0050503	0.039687	1	1	0.40931	0.99479	0.59304	3.4638	0	0.99479	0.59304	3.4638	0	0.99479	0.59304	3.4638	0	0.99479	0.59304	3.4638	0	0	1.0001	0.59619	3.4822	0	1.0001	0.59619	3.4822	0	1.0001	0.59619	3.4822	0	1.0001	0.59619	3.4822	0	0	0.19468	0.19468	0.19468	0.19468	0.19468	0.19468	0.19468	0.19468	0.19468	0.19468	0.19468	0.19468	0.19468	0.19468	0.19468	0.19468	0.19468
10000	9.1298	0.001	0.03	1	1	0.35	0.5	0.92501	3.375	0	0.5	0.92501	3.375	0	0.5	0.92501	3.375	0	0.5	0.92501	3.375	0	0	0.71874	1.3297	4.8516	0	0.71874	1.3297	4.8516	0	0.71874	1.3297	4.8516	0	0.71874	1.3297	4.8516	0	0	0.21813	0.21813	0.21813	0.21813	0.21813	0.21813	0.21813	0.21813	0.21813	0.21813	0.21813	0.21813	0.21813	0.21813	0.21813	0.21813	0.21813
10000	7	0.001	0.029307	1	1	0.4	0.6736	0.4	2.5	0	0.6736	0.4	2.5	0	0.6736	0.4	2.5	0	0.6736	0.4	2.5	0	0	0.6736	0.4	2.5	0	0.6736	0.4	2.5	0	0.6736	0.4	2.5	0	0.6736	0.4	2.5	0	0	0.22101	0.22101	0.22101	0.22101	0.22101	0.22101	0.22101	0.22101	0.22101	0.22101	0.22101	0.22101	0.22101	0.22101	0.22101	0.22101	0.22101
10000	9	0.005	0.03	1	1	1	1	0.5	4.6667	0	1	0.5	4.6667	0	1	0.5	4.6667	0	1	0.5	4.6667	0	0	0.5	0.25	2.3333	0	0.5	0.25	2.3333	0	0.5	0.25	2.3333	0	0.5	0.25	2.3333	0	0	0.2	0.2	0.2	0.2	0.2	0.2	0.2	0.2	0.2	0.2	0.2	0.2	0.2	0.2	0.2	0.2	0.2
10000	10	0.001	0.027947	1	1	0.75661	1.0482	0.34791	2.5522	0	1.0482	0.34791	2.5522	0	1.0482	0.34791	2.5522	0	1.0482	0.34791	2.5522	0	0	0.91456	0.30355	2.2268	0	0.91456	0.30355	2.2268	0	0.91456	0.30355	2.2268	0	0.91456	0.30355	2.2268	0	0	0	0	0	0	0	0	0	0	0	0	0	0	0	0	0	0	0
10000	5.85	0.001	0.01	1	1	1	1	0.46433	2.7551	0	1	0.46433	2.7551	0	1	0.46433	2.7551	0	1	0.46433	2.7551	0	0	0.375	0.17412	1.0332	0	0.375	0.17412	1.0332	0	0.375	0.17412	1.0332	0	0.375	0.17412	1.0332	0	0	0.055021	0.055021	0.055021	0.055021	0.055021	0.055021	0.055021	0.055021	0.055021	0.055021	0.055021	0.055021	0.055021	0.055021	0.055021	0.055021	0.055021
10000	9.9999	0.001	0.023333	1	1	0.8	1	0.3	4.6667	0	1	0.3	4.6667	0	1	0.3	4.6667	0	1	0.3	4.6667	0	0	0.75595	0.22679	3.5278	0	0.75595	0.22679	3.5278	0	0.75595	0.22679	3.5278	0	0.75595	0.22679	3.5278	0	0	0.26032	0.26032	0.26032	0.26032	0.26032	0.26032	0.26032	0.26032	0.26032	0.26032	0.26032	0.26032	0.26032	0.26032	0.26032	0.26032	0.26032
10000	8.9247	0.0013095	0.023457	1	1	1.2302	1.457	0.55654	4.1885	0	1.457	0.55654	4.1885	0	1.457	0.55654	4.1885	0	1.457	0.55654	4.1885	0	0	0.80217	0.3064	2.306	0	0.80217	0.3064	2.306	0	0.80217	0.3064	2.306	0	0.80217	0.3064	2.306	0	0	0.21895	0.21895	0.21895	0.21895	0.21895	0.21895	0.21895	0.21895	0.21895	0.21895	0.21895	0.21895	0.21895	0.21895	0.21895	0.21895	0.21895
10000	6.6167	0.001	0.03	1	1	0.34104	1	0.3	3.5	0	1	0.3	3.5	0	1	0.3	3.5	0	1	0.3	3.5	0	0	0.5	0.15	1.75	0	0.5	0.15	1.75	0	0.5	0.15	1.75	0	0.5	0.15	1.75	0	0	0.37283	0.37283	0.37283	0.37283	0.37283	0.37283	0.37283	0.37283	0.37283	0.37283	0.37283	0.37283	0.37283	0.37283	0.37283	0.37283	0.37283
10000	9.9998	0.0070015	0.02333	1	1	0.51458	1.0001	0.49991	3.5213	0	1.0001	0.49991	3.5213	0	1.0001	0.49991	3.5213	0	1.0001	0.49991	3.5213	0	0	1.0002	0.49996	3.5217	0	1.0002	0.49996	3.5217	0	1.0002	0.49996	3.5217	0	1.0002	0.49996	3.5217	0	0	0.19995	0.19995	0.19995	0.19995	0.19995	0.19995	0.19995	0.19995	0.19995	0.19995	0.19995	0.19995	0.19995	0.19995	0.19995	0.19995	0.19995
10000	7.9172	0.001	0.01	1	1	0.52124	0.6828	0.49238	3.9292	0	0.6828	0.49238	3.9292	0	0.6828	0.49238	3.9292	0	0.6828	0.49238	3.9292	0	0	0.31309	0.22578	1.8017	0	0.31309	0.22578	1.8017	0	0.31309	0.22578	1.8017	0	0.31309	0.22578	1.8017	0	0	0.26448	0.26448	0.26448	0.26448	0.26448	0.26448	0.26448	0.26448	0.26448	0.26448	0.26448	0.26448	0.26448	0.26448	0.26448	0.26448	0.26448
10000	10	0.003581	0.018801	1	1	0.70356	0.76826	0.31401	2.8185	0	0.76826	0.31401	2.8185	0	0.76826	0.31401	2.8185	0	0.76826	0.31401	2.8185	0	0	0.42979	0.17567	1.5768	0	0.42979	0.17567	1.5768	0	0.42979	0.17567	1.5768	0	0.42979	0.17567	1.5768	0	0	0.098244	0.098244	0.098244	0.098244	0.098244	0.098244	0.098244	0.098244	0.098244	0.098244	0.098244	0.098244	0.098244	0.098244	0.098244	0.098244	0.098244
10000	8.2694	0.0059247	0.03	1	1	0.53901	1	0.3	3.3333	0	1	0.3	3.3333	0	1	0.3	3.3333	0	1	0.3	3.3333	0	0	1	0.3	3.3333	0	1	0.3	3.3333	0	1	0.3	3.3333	0	1	0.3	3.3333	0	0	0.30471	0.30471	0.30471	0.30471	0.30471	0.30471	0.30471	0.30471	0.30471	0.30471	0.30471	0.30471	0.30471	0.30471	0.30471	0.30471	0.30471
10000	10	0.001	0.023813	1	1	0.62842	0.80935	0.30447	3.929	0	0.80935	0.30447	3.929	0	0.80935	0.30447	3.929	0	0.80935	0.30447	3.929	0	0	0.94437	0.35526	4.5844	0	0.94437	0.35526	4.5844	0	0.94437	0.35526	4.5844	0	0.94437	0.35526	4.5844	0	0	0.12091	0.12091	0.12091	0.12091	0.12091	0.12091	0.12091	0.12091	0.12091	0.12091	0.12091	0.12091	0.12091	0.12091	0.12091	0.12091	0.12091
10000	10	0.001	0.019546	1	1	0.57832	1.0816	0.29987	2.4956	0	1.0816	0.29987	2.4956	0	1.0816	0.29987	2.4956	0	1.0816	0.29987	2.4956	0	0	0.48825	0.13537	1.1266	0	0.48825	0.13537	1.1266	0	0.48825	0.13537	1.1266	0	0.48825	0.13537	1.1266	0	0	0.19841	0.19841	0.19841	0.19841	0.19841	0.19841	0.19841	0.19841	0.19841	0.19841	0.19841	0.19841	0.19841	0.19841	0.19841	0.19841	0.19841
10000	10	0.0014012	0.019444	1	1	0.4	0.8	0.24789	2.5	0	0.8	0.24789	2.5	0	0.8	0.24789	2.5	0	0.8	0.24789	2.5	0	0	0.2	0.061972	0.625	0	0.2	0.061972	0.625	0	0.2	0.061972	0.625	0	0.2	0.061972	0.625	0	0	0.15022	0.15022	0.15022	0.15022	0.15022	0.15022	0.15022	0.15022	0.15022	0.15022	0.15022	0.15022	0.15022	0.15022	0.15022	0.15022	0.15022
10000	7.9982	0.0041461	0.035016	1	1	0.72213	1.012	0.44383	2.5012	0	1.012	0.44383	2.5012	0	1.012	0.44383	2.5012	0	1.012	0.44383	2.5012	0	0	0.253	0.11096	0.62531	0	0.253	0.11096	0.62531	0	0.253	0.11096	0.62531	0	0.253	0.11096	0.62531	0	0	0.14513	0.14513	0.14513	0.14513	0.14513	0.14513	0.14513	0.14513	0.14513	0.14513	0.14513	0.14513	0.14513	0.14513	0.14513	0.14513	0.14513
10000	8.598	0.001	0.04	1	1	0.78661	0.84952	0.3	5	0	0.84952	0.3	5	0	0.84952	0.3	5	0	0.84952	0.3	5	0	0	0.84952	0.3	4.9999	0	0.84952	0.3	4.9999	0	0.84952	0.3	4.9999	0	0.84952	0.3	4.9999	0	0	0.55	0.55	0.55	0.55	0.55	0.55	0.55	0.55	0.55	0.55	0.55	0.55	0.55	0.55	0.55	0.55	0.55
10000	9.3377	0.0031517	0.019946	1	1	0.85616	0.56181	0.40222	4.62	0	0.56181	0.40222	4.62	0	0.56181	0.40222	4.62	0	0.56181	0.40222	4.62	0	0	0.61111	0.43751	5.0255	0	0.61111	0.43751	5.0255	0	0.61111	0.43751	5.0255	0	0.61111	0.43751	5.0255	0	0	0.35105	0.35105	0.35105	0.35105	0.35105	0.35105	0.35105	0.35105	0.35105	0.35105	0.35105	0.35105	0.35105	0.35105	0.35105	0.35105	0.35105
10000	10	0.001	0.021326	1	1	0.8	1	0.3	5	0	1	0.3	5	0	1	0.3	5	0	1	0.3	5	0	0	1	0.3	5	0	1	0.3	5	0	1	0.3	5	0	1	0.3	5	0	0	0.4	0.4	0.4	0.4	0.4	0.4	0.4	0.4	0.4	0.4	0.4	0.4	0.4	0.4	0.4	0.4	0.4
10000	9.9456	0.0038929	0.03179	1	1	0.6535	0.8266	0.6462	3.8682	0	0.8266	0.6462	3.8682	0	0.8266	0.6462	3.8682	0	0.8266	0.6462	3.8682	0	0	1.019	0.79663	4.7686	0	1.019	0.79663	4.7686	0	1.019	0.79663	4.7686	0	1.019	0.79663	4.7686	0	0	0.21248	0.21248	0.21248	0.21248	0.21248	0.21248	0.21248	0.21248	0.21248	0.21248	0.21248	0.21248	0.21248	0.21248	0.21248	0.21248	0.21248
10000	8.9751	0.001	0.01	1	1	0.82659	0.5	-0.025	4.625	0	0.5	-0.025	4.625	0	0.5	-0.025	4.625	0	0.5	-0.025	4.625	0	0	0.63337	-0.031669	5.8587	0	0.63337	-0.031669	5.8587	0	0.63337	-0.031669	5.8587	0	0.63337	-0.031669	5.8587	0	0	0.34358	0.34358	0.34358	0.34358	0.34358	0.34358	0.34358	0.34358	0.34358	0.34358	0.34358	0.34358	0.34358	0.34358	0.34358	0.34358	0.34358
10000	10	0.0051134	0.02227	1	1	0.55551	0.72833	0.55909	5.9252	0	0.72833	0.55909	5.9252	0	0.72833	0.55909	5.9252	0	0.72833	0.55909	5.9252	0	0	0.43485	0.33381	3.5376	0	0.43485	0.33381	3.5376	0	0.43485	0.33381	3.5376	0	0.43485	0.33381	3.5376	0	0	0.20021	0.20021	0.20021	0.20021	0.20021	0.20021	0.20021	0.20021	0.20021	0.20021	0.20021	0.20021	0.20021	0.20021	0.20021	0.20021	0.20021
