10000	9.5	0.010217	0.02	1	1	0.48391	0.65803	0.3	3.9069	58.744	0.65803	0.3	3.9069	58.744	0.65803	0.3	3.9069	58.744	0.65803	0.3	3.9069	58.744	0	1.0795	0.49214	6.4092	96.367	1.0795	0.49214	6.4092	96.367	1.0795	0.49214	6.4092	96.367	1.0795	0.49214	6.4092	96.367	0	0.2734	0.2734	0.2734	0.2734	0.2734	0.2734	0.2734	0.2734	0.2734	0.2734	0.2734	0.2734	0.2734	0.2734	0.2734	0.2734	0.2734
10000	5.2396	0.011462	0.019527	1	1	0.27219	0.91877	0.3472	18.102	10.447	0.91877	0.3472	18.102	10.447	0.91877	0.3472	18.102	10.447	0.91877	0.3472	18.102	10.447	0	0.22969	0.086801	4.5254	2.6117	0.22969	0.086801	4.5254	2.6117	0.22969	0.086801	4.5254	2.6117	0.22969	0.086801	4.5254	2.6117	0	0.23249	0.23249	0.23249	0.23249	0.23249	0.23249	0.23249	0.23249	0.23249	0.23249	0.23249	0.23249	0.23249	0.23249	0.23249	0.23249	0.23249
10000	7.774	0.0038907	0.0173	1	1	0.53274	0.34303	0.3125	2.9375	13	0.34303	0.3125	2.9375	13	0.34303	0.3125	2.9375	13	0.34303	0.3125	2.9375	13	0	0.41807	0.38086	3.5801	15.844	0.41807	0.38086	3.5801	15.844	0.41807	0.38086	3.5801	15.844	0.41807	0.38086	3.5801	15.844	0	0.15	0.15	0.15	0.15	0.15	0.15	0.15	0.15	0.15	0.15	0.15	0.15	0.15	0.15	0.15	0.15	0.15
10000	4.3609	0.010032	0.020036	1	1	0.22031	0.6862	0.33244	4.9969	14.986	0.6862	0.33244	4.9969	14.986	0.6862	0.33244	4.9969	14.986	0.6862	0.33244	4.9969	14.986	0	0.52649	0.25506	3.8339	11.498	0.52649	0.25506	3.8339	11.498	0.52649	0.25506	3.8339	11.498	0.52649	0.25506	3.8339	11.498	0	0.27196	0.27196	0.27196	0.27196	0.27196	0.27196	0.27196	0.27196	0.27196	0.27196	0.27196	0.27196	0.27196	0.27196	0.27196	0.27196	0.27196
10000	4.8452	0.001	0.022589	1	1	0.3196	-0.12423	0.50294	2.6452	15.114	-0.12423	0.50294	2.6452	15.114	-0.12423	0.50294	2.6452	15.114	-0.12423	0.50294	2.6452	15.114	0	-0.13541	0.5482	2.8833	16.474	-0.13541	0.5482	2.8833	16.474	-0.13541	0.5482	2.8833	16.474	-0.13541	0.5482	2.8833	16.474	0	0.28175	0.28175	0.28175	0.28175	0.28175	0.28175	0.28175	0.28175	0.28175	0.28175	0.28175	0.28175	0.28175	0.28175	0.28175	0.28175	0.28175
10000	6.0008	0.013481	0.017187	1	1	0.31849	0.34173	0.3	3.5	10	0.34173	0.3	3.5	10	0.34173	0.3	3.5	10	0.34173	0.3	3.5	10	0	0.68922	0.60506	7.059	20.169	0.68922	0.60506	7.059	20.169	0.68922	0.60506	7.059	20.169	0.68922	0.60506	7.059	20.169	0	0.7	0.7	0.7	0.7	0.7	0.7	0.7	0.7	0.7	0.7	0.7	0.7	0.7	0.7	0.7	0.7	0.7
10000	0.1	0.022149	0.1461	1	1	0.12297	0.68669	0.56361	3.2097	18.022	0.68669	0.56361	3.2097	18.022	0.68669	0.56361	3.2097	18.022	0.68669	0.56361	3.2097	18.022	0	0.2068	0.16974	0.96663	5.4275	0.2068	0.16974	0.96663	5.4275	0.2068	0.16974	0.96663	5.4275	0.2068	0.16974	0.96663	5.4275	0	0.32167	0.32167	0.32167	0.32167	0.32167	0.32167	0.32167	0.32167	0.32167	0.32167	0.32167	0.32167	0.32167	0.32167	0.32167	0.32167	0.32167
10000	4.5148	0.02611	0.027105	1	1	0.37752	-0.1165	0.37479	3.0437	19.163	-0.1165	0.37479	3.0437	19.163	-0.1165	0.37479	3.0437	19.163	-0.1165	0.37479	3.0437	19.163	0	-0.09243	0.29735	2.4149	15.204	-0.09243	0.29735	2.4149	15.204	-0.09243	0.29735	2.4149	15.204	-0.09243	0.29735	2.4149	15.204	0	0.29082	0.29082	0.29082	0.29082	0.29082	0.29082	0.29082	0.29082	0.29082	0.29082	0.29082	0.29082	0.29082	0.29082	0.29082	0.29082	0.29082
10000	6.2423	0.014184	0.02173	1	1	0.087206	0.13418	-0.0013972	4.6992	12.42	0.13418	-0.0013972	4.6992	12.42	0.13418	-0.0013972	4.6992	12.42	0.13418	-0.0013972	4.6992	12.42	0	0.16998	-0.00177	5.9529	15.734	0.16998	-0.00177	5.9529	15.734	0.16998	-0.00177	5.9529	15.734	0.16998	-0.00177	5.9529	15.734	0	0.56514	0.56514	0.56514	0.56514	0.56514	0.56514	0.56514	0.56514	0.56514	0.56514	0.56514	0.56514	0.56514	0.56514	0.56514	0.56514	0.56514
10000	5.5162	0.016916	0.019541	1	1	0.0069467	0.30793	-0.076937	3.6826	14.351	0.30793	-0.076937	3.6826	14.351	0.30793	-0.076937	3.6826	14.351	0.30793	-0.076937	3.6826	14.351	0	0.41184	-0.1029	4.9252	19.193	0.41184	-0.1029	4.9252	19.193	0.41184	-0.1029	4.9252	19.193	0.41184	-0.1029	4.9252	19.193	0	0.60533	0.60533	0.60533	0.60533	0.60533	0.60533	0.60533	0.60533	0.60533	0.60533	0.60533	0.60533	0.60533	0.60533	0.60533	0.60533	0.60533
10000	3.0303	0.022638	0.019689	1	1	0.36023	0.046323	0.38988	5.0272	14.876	0.046323	0.38988	5.0272	14.876	0.046323	0.38988	5.0272	14.876	0.046323	0.38988	5.0272	14.876	0	0.023522	0.19798	2.5527	7.5535	0.023522	0.19798	2.5527	7.5535	0.023522	0.19798	2.5527	7.5535	0.023522	0.19798	2.5527	7.5535	0	0.19378	0.19378	0.19378	0.19378	0.19378	0.19378	0.19378	0.19378	0.19378	0.19378	0.19378	0.19378	0.19378	0.19378	0.19378	0.19378	0.19378
10000	6.842	0.010915	0.01967	1	1	-0.1582	0.22973	0.5	2.5	15	0.22973	0.5	2.5	15	0.22973	0.5	2.5	15	0.22973	0.5	2.5	15	0	0.45947	1	5	30	0.45947	1	5	30	0.45947	1	5	30	0.45947	1	5	30	0	0.39154	0.39154	0.39154	0.39154	0.39154	0.39154	0.39154	0.39154	0.39154	0.39154	0.39154	0.39154	0.39154	0.39154	0.39154	0.39154	0.39154
10000	8.3398	0.020025	0.0125	1	1	0.34863	-0.53969	0.095987	3.5041	13.323	-0.53969	0.095987	3.5041	13.323	-0.53969	0.095987	3.5041	13.323	-0.53969	0.095987	3.5041	13.323	0	-1.0807	0.19222	7.0171	26.68	-1.0807	0.19222	7.0171	26.68	-1.0807	0.19222	7.0171	26.68	-1.0807	0.19222	7.0171	26.68	0	0.46594	0.46594	0.46594	0.46594	0.46594	0.46594	0.46594	0.46594	0.46594	0.46594	0.46594	0.46594	0.46594	0.46594	0.46594	0.46594	0.46594
10000	5.5671	0.013779	0.013688	1	1	0.25976	0.41382	0.38525	4.7705	16.049	0.41382	0.38525	4.7705	16.049	0.41382	0.38525	4.7705	16.049	0.41382	0.38525	4.7705	16.049	0	0.44266	0.4121	5.1029	17.168	0.44266	0.4121	5.1029	17.168	0.44266	0.4121	5.1029	17.168	0.44266	0.4121	5.1029	17.168	0	0.37869	0.37869	0.37869	0.37869	0.37869	0.37869	0.37869	0.37869	0.37869	0.37869	0.37869	0.37869	0.37869	0.37869	0.37869	0.37869	0.37869
10000	4.8098	0.009671	0.020556	1	1	0.41945	0.14449	0.063301	3.5625	10.153	0.14449	0.063301	3.5625	10.153	0.14449	0.063301	3.5625	10.153	0.14449	0.063301	3.5625	10.153	0	0.148	0.064839	3.6491	10.399	0.148	0.064839	3.6491	10.399	0.148	0.064839	3.6491	10.399	0.148	0.064839	3.6491	10.399	0	0.1929	0.1929	0.1929	0.1929	0.1929	0.1929	0.1929	0.1929	0.1929	0.1929	0.1929	0.1929	0.1929	0.1929	0.1929	0.1929	0.1929
10000	5.0007	0.011592	0.020006	1	1	0.40021	0.41163	1.6268e-05	2.5005	15.002	0.41163	1.6268e-05	2.5005	15.002	0.41163	1.6268e-05	2.5005	15.002	0.41163	1.6268e-05	2.5005	15.002	0	0.82344	3.2542e-05	5.0021	30.011	0.82344	3.2542e-05	5.0021	30.011	0.82344	3.2542e-05	5.0021	30.011	0.82344	3.2542e-05	5.0021	30.011	0	0.39243	0.39243	0.39243	0.39243	0.39243	0.39243	0.39243	0.39243	0.39243	0.39243	0.39243	0.39243	0.39243	0.39243	0.39243	0.39243	0.39243
10000	0.1	0.02	0.039483	1	1	0.4	0.69972	0.3	2.5	15	0.69972	0.3	2.5	15	0.69972	0.3	2.5	15	0.69972	0.3	2.5	15	0	0.35952	0.15414	1.2845	7.707	0.35952	0.15414	1.2845	7.707	0.35952	0.15414	1.2845	7.707	0.35952	0.15414	1.2845	7.707	0	0.3	0.3	0.3	0.3	0.3	0.3	0.3	0.3	0.3	0.3	0.3	0.3	0.3	0.3	0.3	0.3	0.3
10000	5.6865	0.010087	0.019902	1	1	0.40814	0.79561	0.14205	3.511	14.961	0.79561	0.14205	3.511	14.961	0.79561	0.14205	3.511	14.961	0.79561	0.14205	3.511	14.961	0	1.5878	0.2835	7.007	29.858	1.5878	0.2835	7.007	29.858	1.5878	0.2835	7.007	29.858	1.5878	0.2835	7.007	29.858	0	0.55293	0.55293	0.55293	0.55293	0.55293	0.55293	0.55293	0.55293	0.55293	0.55293	0.55293	0.55293	0.55293	0.55293	0.55293	0.55293	0.55293
10000	7	0.01	0.02	1	1	0.8	0.56727	0.3	6.65	15	0.56727	0.3	6.65	15	0.56727	0.3	6.65	15	0.56727	0.3	6.65	15	0	0.59878	0.31667	7.0194	15.833	0.59878	0.31667	7.0194	15.833	0.59878	0.31667	7.0194	15.833	0.59878	0.31667	7.0194	15.833	0	0.3	0.3	0.3	0.3	0.3	0.3	0.3	0.3	0.3	0.3	0.3	0.3	0.3	0.3	0.3	0.3	0.3
10000	4.1653	0.001	0.01	1	1	0.38704	0.16633	-0.24203	3.0232	15.148	0.16633	-0.24203	3.0232	15.148	0.16633	-0.24203	3.0232	15.148	0.16633	-0.24203	3.0232	15.148	0	0.16363	-0.23811	2.9742	14.903	0.16363	-0.23811	2.9742	14.903	0.16363	-0.23811	2.9742	14.903	0.16363	-0.23811	2.9742	14.903	0	0.48124	0.48124	0.48124	0.48124	0.48124	0.48124	0.48124	0.48124	0.48124	0.48124	0.48124	0.48124	0.48124	0.48124	0.48124	0.48124	0.48124
10000	10	0.0099466	0.01	1	1	0.55661	0.79148	0.30615	4.9983	14.924	0.79148	0.30615	4.9983	14.924	0.79148	0.30615	4.9983	14.924	0.79148	0.30615	4.9983	14.924	0	1.5933	0.61629	10.062	30.043	1.5933	0.61629	10.062	30.043	1.5933	0.61629	10.062	30.043	1.5933	0.61629	10.062	30.043	0	0.44455	0.44455	0.44455	0.44455	0.44455	0.44455	0.44455	0.44455	0.44455	0.44455	0.44455	0.44455	0.44455	0.44455	0.44455	0.44455	0.44455
10000	3.4387	0.010556	0.01	1	1	0.37801	0.53158	0.47644	2.555	14.749	0.53158	0.47644	2.555	14.749	0.53158	0.47644	2.555	14.749	0.53158	0.47644	2.555	14.749	0	0.5462	0.48953	2.6252	15.154	0.5462	0.48953	2.6252	15.154	0.5462	0.48953	2.6252	15.154	0.5462	0.48953	2.6252	15.154	0	0.30789	0.30789	0.30789	0.30789	0.30789	0.30789	0.30789	0.30789	0.30789	0.30789	0.30789	0.30789	0.30789	0.30789	0.30789	0.30789	0.30789
10000	5.2778	0.01	0.02	1	1	0.4	0.54067	0.5	2.5	15	0.54067	0.5	2.5	15	0.54067	0.5	2.5	15	0.54067	0.5	2.5	15	0	0.54067	0.5	2.5	15	0.54067	0.5	2.5	15	0.54067	0.5	2.5	15	0.54067	0.5	2.5	15	0	0.2	0.2	0.2	0.2	0.2	0.2	0.2	0.2	0.2	0.2	0.2	0.2	0.2	0.2	0.2	0.2	0.2
10000	4.4376	0.001	0.015456	1	1	0.71922	0.80759	0.32834	5.4155	30.693	0.80759	0.32834	5.4155	30.693	0.80759	0.32834	5.4155	30.693	0.80759	0.32834	5.4155	30.693	0	0.82056	0.33361	5.5024	31.186	0.82056	0.33361	5.5024	31.186	0.82056	0.33361	5.5024	31.186	0.82056	0.33361	5.5024	31.186	0	0.58819	0.58819	0.58819	0.58819	0.58819	0.58819	0.58819	0.58819	0.58819	0.58819	0.58819	0.58819	0.58819	0.58819	0.58819	0.58819	0.58819
10000	3.6779	0.69262	0.013333	1	1	0.39037	0.89217	0.36175	3.7625	15.625	0.89217	0.36175	3.7625	15.625	0.89217	0.36175	3.7625	15.625	0.89217	0.36175	3.7625	15.625	0	0.48097	0.19501	2.0284	8.4236	0.48097	0.19501	2.0284	8.4236	0.48097	0.19501	2.0284	8.4236	0.48097	0.19501	2.0284	8.4236	0	0.32872	0.32872	0.32872	0.32872	0.32872	0.32872	0.32872	0.32872	0.32872	0.32872	0.32872	0.32872	0.32872	0.32872	0.32872	0.32872	0.32872
10000	5.704	0.001	0.02	1	1	0.55733	0.60231	0.4	2.594	13.482	0.60231	0.4	2.594	13.482	0.60231	0.4	2.594	13.482	0.60231	0.4	2.594	13.482	0	0.60231	0.4	2.594	13.482	0.60231	0.4	2.594	13.482	0.60231	0.4	2.594	13.482	0.60231	0.4	2.594	13.482	0	0.2	0.2	0.2	0.2	0.2	0.2	0.2	0.2	0.2	0.2	0.2	0.2	0.2	0.2	0.2	0.2	0.2
10000	2.2909	0.0029048	0.02032	1	1	0.46917	1.4901	0.59751	3.3513	13.828	1.4901	0.59751	3.3513	13.828	1.4901	0.59751	3.3513	13.828	1.4901	0.59751	3.3513	13.828	0	0.70539	0.28286	1.5865	6.5463	0.70539	0.28286	1.5865	6.5463	0.70539	0.28286	1.5865	6.5463	0.70539	0.28286	1.5865	6.5463	0	0.099184	0.099184	0.099184	0.099184	0.099184	0.099184	0.099184	0.099184	0.099184	0.099184	0.099184	0.099184	0.099184	0.099184	0.099184	0.099184	0.099184
10000	2.6867	0.0029591	0.04	1	1	0.27032	1.7333	0.44444	5	26.666	1.7333	0.44444	5	26.666	1.7333	0.44444	5	26.666	1.7333	0.44444	5	26.666	0	0.43333	0.11111	1.25	6.6666	0.43333	0.11111	1.25	6.6666	0.43333	0.11111	1.25	6.6666	0.43333	0.11111	1.25	6.6666	0	0.096815	0.096815	0.096815	0.096815	0.096815	0.096815	0.096815	0.096815	0.096815	0.096815	0.096815	0.096815	0.096815	0.096815	0.096815	0.096815	0.096815
10000	7	0.001	0.01	1	1	0.66174	0.8	0.3	3.5	15	0.8	0.3	3.5	15	0.8	0.3	3.5	15	0.8	0.3	3.5	15	0	0.8	0.3	3.5	15	0.8	0.3	3.5	15	0.8	0.3	3.5	15	0.8	0.3	3.5	15	0	0.3	0.3	0.3	0.3	0.3	0.3	0.3	0.3	0.3	0.3	0.3	0.3	0.3	0.3	0.3	0.3	0.3
10000	4.5373	0.001	0.023137	1	1	0.65883	1.1423	0.28103	5.2745	13.745	1.1423	0.28103	5.2745	13.745	1.1423	0.28103	5.2745	13.745	1.1423	0.28103	5.2745	13.745	0	0.28558	0.070257	1.3186	3.4363	0.28558	0.070257	1.3186	3.4363	0.28558	0.070257	1.3186	3.4363	0.28558	0.070257	1.3186	3.4363	0	0.17302	0.17302	0.17302	0.17302	0.17302	0.17302	0.17302	0.17302	0.17302	0.17302	0.17302	0.17302	0.17302	0.17302	0.17302	0.17302	0.17302
10000	1.157	0.001	0.020855	1	1	1.0663	1.4407	0.36114	6.436	209.67	1.4407	0.36114	6.436	209.67	1.4407	0.36114	6.436	209.67	1.4407	0.36114	6.436	209.67	0	0.71559	0.17938	3.1968	104.14	0.71559	0.17938	3.1968	104.14	0.71559	0.17938	3.1968	104.14	0.71559	0.17938	3.1968	104.14	0	0.20382	0.20382	0.20382	0.20382	0.20382	0.20382	0.20382	0.20382	0.20382	0.20382	0.20382	0.20382	0.20382	0.20382	0.20382	0.20382	0.20382
10000	0.56805	0.007	0.01	1	1	1.1226	1.0186	0.5	3.303	15	1.0186	0.5	3.303	15	1.0186	0.5	3.303	15	1.0186	0.5	3.303	15	0	0.50576	0.24826	1.64	7.4479	0.50576	0.24826	1.64	7.4479	0.50576	0.24826	1.64	7.4479	0.50576	0.24826	1.64	7.4479	0	0.051461	0.051461	0.051461	0.051461	0.051461	0.051461	0.051461	0.051461	0.051461	0.051461	0.051461	0.051461	0.051461	0.051461	0.051461	0.051461	0.051461
10000	0.1	0.003274	0.015265	1	1	0.83857	1.5701	0.75389	4.7971	28.106	1.5701	0.75389	4.7971	28.106	1.5701	0.75389	4.7971	28.106	1.5701	0.75389	4.7971	28.106	0	0.78815	0.37843	2.408	14.109	0.78815	0.37843	2.408	14.109	0.78815	0.37843	2.408	14.109	0.78815	0.37843	2.408	14.109	0	0.068528	0.068528	0.068528	0.068528	0.068528	0.068528	0.068528	0.068528	0.068528	0.068528	0.068528	0.068528	0.068528	0.068528	0.068528	0.068528	0.068528
10000	1.4911	0.001	0.02	1	1	0.96716	1	0.3	3.5381	15	1	0.3	3.5381	15	1	0.3	3.5381	15	1	0.3	3.5381	15	0	0.5	0.15	1.769	7.5	0.5	0.15	1.769	7.5	0.5	0.15	1.769	7.5	0.5	0.15	1.769	7.5	0	0.089939	0.089939	0.089939	0.089939	0.089939	0.089939	0.089939	0.089939	0.089939	0.089939	0.089939	0.089939	0.089939	0.089939	0.089939	0.089939	0.089939
10000	1.0126	0.0038983	0.010833	1	1	0.91858	1.0004	0.39978	3.5008	16.664	1.0004	0.39978	3.5008	16.664	1.0004	0.39978	3.5008	16.664	1.0004	0.39978	3.5008	16.664	0	0.5	0.19982	1.7498	8.3288	0.5	0.19982	1.7498	8.3288	0.5	0.19982	1.7498	8.3288	0.5	0.19982	1.7498	8.3288	0	0.091902	0.091902	0.091902	0.091902	0.091902	0.091902	0.091902	0.091902	0.091902	0.091902	0.091902	0.091902	0.091902	0.091902	0.091902	0.091902	0.091902
10000	2.5167	0.001	0.01	1	1	1.0935	0.8	0.3	2.5	10	0.8	0.3	2.5	10	0.8	0.3	2.5	10	0.8	0.3	2.5	10	0	0.4	0.15	1.25	5	0.4	0.15	1.25	5	0.4	0.15	1.25	5	0.4	0.15	1.25	5	0	0.1265	0.1265	0.1265	0.1265	0.1265	0.1265	0.1265	0.1265	0.1265	0.1265	0.1265	0.1265	0.1265	0.1265	0.1265	0.1265	0.1265
10000	6.3322	0.001	0.019997	1	1	1.1293	1.0552	0.30035	3.4988	11.147	1.0552	0.30035	3.4988	11.147	1.0552	0.30035	3.4988	11.147	1.0552	0.30035	3.4988	11.147	0	1.0552	0.30036	3.4989	11.147	1.0552	0.30036	3.4989	11.147	1.0552	0.30036	3.4989	11.147	1.0552	0.30036	3.4989	11.147	0	0.29702	0.29702	0.29702	0.29702	0.29702	0.29702	0.29702	0.29702	0.29702	0.29702	0.29702	0.29702	0.29702	0.29702	0.29702	0.29702	0.29702
10000	1.013	0.001	0.027424	1	1	1.2536	0.99999	1.1111	4.6667	20	0.99999	1.1111	4.6667	20	0.99999	1.1111	4.6667	20	0.99999	1.1111	4.6667	20	0	0.47957	0.53286	2.238	9.5915	0.47957	0.53286	2.238	9.5915	0.47957	0.53286	2.238	9.5915	0.47957	0.53286	2.238	9.5915	0	0.19056	0.19056	0.19056	0.19056	0.19056	0.19056	0.19056	0.19056	0.19056	0.19056	0.19056	0.19056	0.19056	0.19056	0.19056	0.19056	0.19056
10000	3.5029	0.001	0.01	1	1	1.2333	0.95397	0.6297	2.6081	15.366	0.95397	0.6297	2.6081	15.366	0.95397	0.6297	2.6081	15.366	0.95397	0.6297	2.6081	15.366	0	0.74171	0.48959	2.0278	11.947	0.74171	0.48959	2.0278	11.947	0.74171	0.48959	2.0278	11.947	0.74171	0.48959	2.0278	11.947	0	0.18172	0.18172	0.18172	0.18172	0.18172	0.18172	0.18172	0.18172	0.18172	0.18172	0.18172	0.18172	0.18172	0.18172	0.18172	0.18172	0.18172
10000	7.1995	0.001	0.01	1	1	1.4456	1.3625	0.27004	6.3605	8.5265	1.3625	0.27004	6.3605	8.5265	1.3625	0.27004	6.3605	8.5265	1.3625	0.27004	6.3605	8.5265	0	0.63985	0.12681	2.9869	4.004	0.63985	0.12681	2.9869	4.004	0.63985	0.12681	2.9869	4.004	0.63985	0.12681	2.9869	4.004	0	0.26828	0.26828	0.26828	0.26828	0.26828	0.26828	0.26828	0.26828	0.26828	0.26828	0.26828	0.26828	0.26828	0.26828	0.26828	0.26828	0.26828
10000	1.0667	0.001	0.016978	1	1	1.2182	1	0.35382	3.5295	12.778	1	0.35382	3.5295	12.778	1	0.35382	3.5295	12.778	1	0.35382	3.5295	12.778	0	0.52837	0.18694	1.8648	6.7513	0.52837	0.18694	1.8648	6.7513	0.52837	0.18694	1.8648	6.7513	0.52837	0.18694	1.8648	6.7513	0	0.066667	0.066667	0.066667	0.066667	0.066667	0.066667	0.066667	0.066667	0.066667	0.066667	0.066667	0.066667	0.066667	0.066667	0.066667	0.066667	0.066667
10000	0.94535	0.0035238	0.021401	1	1	0.83965	1.1557	0.56254	3.7655	31.046	1.1557	0.56254	3.7655	31.046	1.1557	0.56254	3.7655	31.046	1.1557	0.56254	3.7655	31.046	0	0.54156	0.2636	1.7645	14.547	0.54156	0.2636	1.7645	14.547	0.54156	0.2636	1.7645	14.547	0.54156	0.2636	1.7645	14.547	0	0.089816	0.089816	0.089816	0.089816	0.089816	0.089816	0.089816	0.089816	0.089816	0.089816	0.089816	0.089816	0.089816	0.089816	0.089816	0.089816	0.089816
10000	5	0.001	0.02	1	1	1.3828	1.1397	0.3	3.7378	10	1.1397	0.3	3.7378	10	1.1397	0.3	3.7378	10	1.1397	0.3	3.7378	10	0	0.56985	0.15	1.8689	5	0.56985	0.15	1.8689	5	0.56985	0.15	1.8689	5	0.56985	0.15	1.8689	5	0	0.1	0.1	0.1	0.1	0.1	0.1	0.1	0.1	0.1	0.1	0.1	0.1	0.1	0.1	0.1	0.1	0.1
10000	2.8707	0.001	0.018942	1	1	1.2392	1.0156	0.33935	3.9363	13.384	1.0156	0.33935	3.9363	13.384	1.0156	0.33935	3.9363	13.384	1.0156	0.33935	3.9363	13.384	0	0.69281	0.23149	2.6852	9.1301	0.69281	0.23149	2.6852	9.1301	0.69281	0.23149	2.6852	9.1301	0.69281	0.23149	2.6852	9.1301	0	0.21502	0.21502	0.21502	0.21502	0.21502	0.21502	0.21502	0.21502	0.21502	0.21502	0.21502	0.21502	0.21502	0.21502	0.21502	0.21502	0.21502
10000	2.8129	0.0032492	0.01	1	1	1.3918	1.5149	0.33704	4.7289	33.187	1.5149	0.33704	4.7289	33.187	1.5149	0.33704	4.7289	33.187	1.5149	0.33704	4.7289	33.187	0	0.73918	0.16446	2.3074	16.193	0.73918	0.16446	2.3074	16.193	0.73918	0.16446	2.3074	16.193	0.73918	0.16446	2.3074	16.193	0	0.10135	0.10135	0.10135	0.10135	0.10135	0.10135	0.10135	0.10135	0.10135	0.10135	0.10135	0.10135	0.10135	0.10135	0.10135	0.10135	0.10135
10000	9	0.001	0.020153	1	1	1.2311	1.138	0.6	2.5	15	1.138	0.6	2.5	15	1.138	0.6	2.5	15	1.138	0.6	2.5	15	0	1.0132	0.53424	2.226	13.356	1.0132	0.53424	2.226	13.356	1.0132	0.53424	2.226	13.356	1.0132	0.53424	2.226	13.356	0	0.18652	0.18652	0.18652	0.18652	0.18652	0.18652	0.18652	0.18652	0.18652	0.18652	0.18652	0.18652	0.18652	0.18652	0.18652	0.18652	0.18652
10000	3.5695	0.001	0.027185	1	1	1.0639	1.189	0.7409	3.3507	14.426	1.189	0.7409	3.3507	14.426	1.189	0.7409	3.3507	14.426	1.189	0.7409	3.3507	14.426	0	0.81168	0.5058	2.2875	9.8485	0.81168	0.5058	2.2875	9.8485	0.81168	0.5058	2.2875	9.8485	0.81168	0.5058	2.2875	9.8485	0	0.089132	0.089132	0.089132	0.089132	0.089132	0.089132	0.089132	0.089132	0.089132	0.089132	0.089132	0.089132	0.089132	0.089132	0.089132	0.089132	0.089132
10000	3.55	0.001	0.015	1	1	0.91153	1	0.33333	2.5	20	1	0.33333	2.5	20	1	0.33333	2.5	20	1	0.33333	2.5	20	0	0.65424	0.21808	1.6356	13.085	0.65424	0.21808	1.6356	13.085	0.65424	0.21808	1.6356	13.085	0.65424	0.21808	1.6356	13.085	0	0	0	0	0	0	0	0	0	0	0	0	0	0	0	0	0	0
10000	6.6089	0.001	0.036264	1	1	1.1747	0.7136	0.22776	2.6088	14.497	0.7136	0.22776	2.6088	14.497	0.7136	0.22776	2.6088	14.497	0.7136	0.22776	2.6088	14.497	0	0.65979	0.21058	2.412	13.404	0.65979	0.21058	2.412	13.404	0.65979	0.21058	2.412	13.404	0.65979	0.21058	2.412	13.404	0	0.24181	0.24181	0.24181	0.24181	0.24181	0.24181	0.24181	0.24181	0.24181	0.24181	0.24181	0.24181	0.24181	0.24181	0.24181	0.24181	0.24181
10000	3.2167	0.001	0.016645	1	1	1.1412	1	0.5	2.5	19.941	1	0.5	2.5	19.941	1	0.5	2.5	19.941	1	0.5	2.5	19.941	0	1.0556	0.52778	2.6389	21.049	1.0556	0.52778	2.6389	21.049	1.0556	0.52778	2.6389	21.049	1.0556	0.52778	2.6389	21.049	0	0	0	0	0	0	0	0	0	0	0	0	0	0	0	0	0	0
10000	4.9315	0.0095916	0.020182	1	1	-0.60592	1.1072	0.97851	2.5501	30.229	1.1072	0.97851	2.5501	30.229	1.1072	0.97851	2.5501	30.229	1.1072	0.97851	2.5501	30.229	0	1.0795	0.95398	2.4862	29.471	1.0795	0.95398	2.4862	29.471	1.0795	0.95398	2.4862	29.471	1.0795	0.95398	2.4862	29.471	0	0.18854	0.18854	0.18854	0.18854	0.18854	0.18854	0.18854	0.18854	0.18854	0.18854	0.18854	0.18854	0.18854	0.18854	0.18854	0.18854	0.18854
10000	7.0842	0.001	0.01	1	1	0.097412	0.66013	1.0105	2.6885	14.962	0.66013	1.0105	2.6885	14.962	0.66013	1.0105	2.6885	14.962	0.66013	1.0105	2.6885	14.962	0	0.58003	0.8879	2.3623	13.147	0.58003	0.8879	2.3623	13.147	0.58003	0.8879	2.3623	13.147	0.58003	0.8879	2.3623	13.147	0	0.19474	0.19474	0.19474	0.19474	0.19474	0.19474	0.19474	0.19474	0.19474	0.19474	0.19474	0.19474	0.19474	0.19474	0.19474	0.19474	0.19474
10000	2.7454	0.001	0.01474	1	1	-0.17364	0.8	0.33333	2.5	70	0.8	0.33333	2.5	70	0.8	0.33333	2.5	70	0.8	0.33333	2.5	70	0	0.4	0.16667	1.25	35	0.4	0.16667	1.25	35	0.4	0.16667	1.25	35	0.4	0.16667	1.25	35	0	0.4	0.4	0.4	0.4	0.4	0.4	0.4	0.4	0.4	0.4	0.4	0.4	0.4	0.4	0.4	0.4	0.4
10000	7	0.01	0.01	1	1	0.20171	0.68882	0.73227	2.5	15	0.68882	0.73227	2.5	15	0.68882	0.73227	2.5	15	0.68882	0.73227	2.5	15	0	0.83276	0.8853	3.0224	18.135	0.83276	0.8853	3.0224	18.135	0.83276	0.8853	3.0224	18.135	0.83276	0.8853	3.0224	18.135	0	0.2	0.2	0.2	0.2	0.2	0.2	0.2	0.2	0.2	0.2	0.2	0.2	0.2	0.2	0.2	0.2	0.2
10000	3.3628	0.0036667	0.021454	1	1	-0.88773	0.5769	0.56386	4.4901	14.529	0.5769	0.56386	4.4901	14.529	0.5769	0.56386	4.4901	14.529	0.5769	0.56386	4.4901	14.529	0	0.41827	0.40881	3.2555	10.534	0.41827	0.40881	3.2555	10.534	0.41827	0.40881	3.2555	10.534	0.41827	0.40881	3.2555	10.534	0	0.18914	0.18914	0.18914	0.18914	0.18914	0.18914	0.18914	0.18914	0.18914	0.18914	0.18914	0.18914	0.18914	0.18914	0.18914	0.18914	0.18914
10000	5	0.001	0.02	1	1	0.4	-0.37219	1	3.5	33.333	-0.37219	1	3.5	33.333	-0.37219	1	3.5	33.333	-0.37219	1	3.5	33.333	0	-0.1861	0.5	1.75	16.667	-0.1861	0.5	1.75	16.667	-0.1861	0.5	1.75	16.667	-0.1861	0.5	1.75	16.667	0	0.3	0.3	0.3	0.3	0.3	0.3	0.3	0.3	0.3	0.3	0.3	0.3	0.3	0.3	0.3	0.3	0.3
10000	5	0.01	0.02	1	1	0.16903	0.4353	0.66667	3.5811	20	0.4353	0.66667	3.5811	20	0.4353	0.66667	3.5811	20	0.4353	0.66667	3.5811	20	0	0.21914	0.33562	1.8028	10.069	0.21914	0.33562	1.8028	10.069	0.21914	0.33562	1.8028	10.069	0.21914	0.33562	1.8028	10.069	0	0.16667	0.16667	0.16667	0.16667	0.16667	0.16667	0.16667	0.16667	0.16667	0.16667	0.16667	0.16667	0.16667	0.16667	0.16667	0.16667	0.16667
10000	5.1181	0.0074426	0.022892	1	1	0.14354	0.65133	0.67901	3.3332	17.222	0.65133	0.67901	3.3332	17.222	0.65133	0.67901	3.3332	17.222	0.65133	0.67901	3.3332	17.222	0	0.35565	0.37076	1.82	9.404	0.35565	0.37076	1.82	9.404	0.35565	0.37076	1.82	9.404	0.35565	0.37076	1.82	9.404	0	0.18983	0.18983	0.18983	0.18983	0.18983	0.18983	0.18983	0.18983	0.18983	0.18983	0.18983	0.18983	0.18983	0.18983	0.18983	0.18983	0.18983
10000	7.0589	0.0033746	0.02	1	1	0.4	0.8	1.5002	5	10	0.8	1.5002	5	10	0.8	1.5002	5	10	0.8	1.5002	5	10	0	0.4	0.75012	2.5	5	0.4	0.75012	2.5	5	0.4	0.75012	2.5	5	0.4	0.75012	2.5	5	0	0.18072	0.18072	0.18072	0.18072	0.18072	0.18072	0.18072	0.18072	0.18072	0.18072	0.18072	0.18072	0.18072	0.18072	0.18072	0.18072	0.18072
10000	9.5308	0.0059401	0.01	1	1	0.28192	0.65752	0.96343	3.3803	35.556	0.65752	0.96343	3.3803	35.556	0.65752	0.96343	3.3803	35.556	0.65752	0.96343	3.3803	35.556	0	0.51276	0.75132	2.6361	27.728	0.51276	0.75132	2.6361	27.728	0.51276	0.75132	2.6361	27.728	0.51276	0.75132	2.6361	27.728	0	0.093835	0.093835	0.093835	0.093835	0.093835	0.093835	0.093835	0.093835	0.093835	0.093835	0.093835	0.093835	0.093835	0.093835	0.093835	0.093835	0.093835
10000	3.2361	0.0078772	0.015143	1	1	-0.26684	0.87368	0.81134	3.0019	16.528	0.87368	0.81134	3.0019	16.528	0.87368	0.81134	3.0019	16.528	0.87368	0.81134	3.0019	16.528	0	0.88777	0.82443	3.0503	16.794	0.88777	0.82443	3.0503	16.794	0.88777	0.82443	3.0503	16.794	0.88777	0.82443	3.0503	16.794	0	0.2946	0.2946	0.2946	0.2946	0.2946	0.2946	0.2946	0.2946	0.2946	0.2946	0.2946	0.2946	0.2946	0.2946	0.2946	0.2946	0.2946
10000	1.9507	0.01	0.019444	1	1	-0.063166	0.99999	0.98128	2.8333	11.667	0.99999	0.98128	2.8333	11.667	0.99999	0.98128	2.8333	11.667	0.99999	0.98128	2.8333	11.667	0	1.0555	1.0358	2.9907	12.315	1.0555	1.0358	2.9907	12.315	1.0555	1.0358	2.9907	12.315	1.0555	1.0358	2.9907	12.315	0	0.2	0.2	0.2	0.2	0.2	0.2	0.2	0.2	0.2	0.2	0.2	0.2	0.2	0.2	0.2	0.2	0.2
10000	10	0.0022572	0.01	1	1	-0.019459	1.3605	0.925	5.875	19	1.3605	0.925	5.875	19	1.3605	0.925	5.875	19	1.3605	0.925	5.875	19	0	0.76528	0.52031	3.3047	10.688	0.76528	0.52031	3.3047	10.688	0.76528	0.52031	3.3047	10.688	0.76528	0.52031	3.3047	10.688	0	0.32078	0.32078	0.32078	0.32078	0.32078	0.32078	0.32078	0.32078	0.32078	0.32078	0.32078	0.32078	0.32078	0.32078	0.32078	0.32078	0.32078
10000	2.025	0.0055764	0.01	1	1	0.26359	0.94436	0.625	2.5744	19	0.94436	0.625	2.5744	19	0.94436	0.625	2.5744	19	0.94436	0.625	2.5744	19	0	1.1607	0.76818	3.1641	23.353	1.1607	0.76818	3.1641	23.353	1.1607	0.76818	3.1641	23.353	1.1607	0.76818	3.1641	23.353	0	0.24782	0.24782	0.24782	0.24782	0.24782	0.24782	0.24782	0.24782	0.24782	0.24782	0.24782	0.24782	0.24782	0.24782	0.24782	0.24782	0.24782
10000	1.533	0.020125	0.018977	1	1	0.26005	1.0416	0.70053	2.7323	16.184	1.0416	0.70053	2.7323	16.184	1.0416	0.70053	2.7323	16.184	1.0416	0.70053	2.7323	16.184	0	0.97253	0.65406	2.551	15.11	0.97253	0.65406	2.551	15.11	0.97253	0.65406	2.551	15.11	0.97253	0.65406	2.551	15.11	0	0.21034	0.21034	0.21034	0.21034	0.21034	0.21034	0.21034	0.21034	0.21034	0.21034	0.21034	0.21034	0.21034	0.21034	0.21034	0.21034	0.21034
10000	3	0.01	0.015115	1	1	0.535	0.8	0.61387	2.5	15	0.8	0.61387	2.5	15	0.8	0.61387	2.5	15	0.8	0.61387	2.5	15	0	0.8	0.61387	2.5	15	0.8	0.61387	2.5	15	0.8	0.61387	2.5	15	0.8	0.61387	2.5	15	0	0.14446	0.14446	0.14446	0.14446	0.14446	0.14446	0.14446	0.14446	0.14446	0.14446	0.14446	0.14446	0.14446	0.14446	0.14446	0.14446	0.14446
10000	4.4445	0.0010833	0.01532	1	1	0.39449	1	0.43494	3.3333	30	1	0.43494	3.3333	30	1	0.43494	3.3333	30	1	0.43494	3.3333	30	0	1	0.43494	3.3333	30	1	0.43494	3.3333	30	1	0.43494	3.3333	30	1	0.43494	3.3333	30	0	0.23938	0.23938	0.23938	0.23938	0.23938	0.23938	0.23938	0.23938	0.23938	0.23938	0.23938	0.23938	0.23938	0.23938	0.23938	0.23938	0.23938
10000	5	0.005	0.02	1	1	0.8	1	0.4	3.3333	15	1	0.4	3.3333	15	1	0.4	3.3333	15	1	0.4	3.3333	15	0	1	0.4	3.3333	15	1	0.4	3.3333	15	1	0.4	3.3333	15	1	0.4	3.3333	15	0	0.2	0.2	0.2	0.2	0.2	0.2	0.2	0.2	0.2	0.2	0.2	0.2	0.2	0.2	0.2	0.2	0.2
10000	4.2338	0.0083463	0.01	1	1	0.80569	1	0.4	3.5	20	1	0.4	3.5	20	1	0.4	3.5	20	1	0.4	3.5	20	0	0.96516	0.38606	3.3781	19.303	0.96516	0.38606	3.3781	19.303	0.96516	0.38606	3.3781	19.303	0.96516	0.38606	3.3781	19.303	0	0.2	0.2	0.2	0.2	0.2	0.2	0.2	0.2	0.2	0.2	0.2	0.2	0.2	0.2	0.2	0.2	0.2
10000	3	0.0052778	0.04	1	1	0.70511	1	0.57045	2.5	15	1	0.57045	2.5	15	1	0.57045	2.5	15	1	0.57045	2.5	15	0	1	0.57045	2.5	15	1	0.57045	2.5	15	1	0.57045	2.5	15	1	0.57045	2.5	15	0	0.11511	0.11511	0.11511	0.11511	0.11511	0.11511	0.11511	0.11511	0.11511	0.11511	0.11511	0.11511	0.11511	0.11511	0.11511	0.11511	0.11511
10000	2.8391	0.010002	0.02333	1	1	0.50246	0.99988	0.40008	3.3331	15.001	0.99988	0.40008	3.3331	15.001	0.99988	0.40008	3.3331	15.001	0.99988	0.40008	3.3331	15.001	0	0.99999	0.40012	3.3335	15.003	0.99999	0.40012	3.3335	15.003	0.99999	0.40012	3.3335	15.003	0.99999	0.40012	3.3335	15.003	0	0.30119	0.30119	0.30119	0.30119	0.30119	0.30119	0.30119	0.30119	0.30119	0.30119	0.30119	0.30119	0.30119	0.30119	0.30119	0.30119	0.30119
10000	3.7708	0.010007	0.019991	1	1	0.33644	0.99956	0.59972	2.4993	14.997	0.99956	0.59972	2.4993	14.997	0.99956	0.59972	2.4993	14.997	0.99956	0.59972	2.4993	14.997	0	0.99918	0.59949	2.4983	14.991	0.99918	0.59949	2.4983	14.991	0.99918	0.59949	2.4983	14.991	0.99918	0.59949	2.4983	14.991	0	0.20017	0.20017	0.20017	0.20017	0.20017	0.20017	0.20017	0.20017	0.20017	0.20017	0.20017	0.20017	0.20017	0.20017	0.20017	0.20017	0.20017
10000	5.0001	0.0030001	0.02	1	1	0.28457	0.99999	0.40002	2.4999	15	0.99999	0.40002	2.4999	15	0.99999	0.40002	2.4999	15	0.99999	0.40002	2.4999	15	0	1.2317	0.49272	3.0793	18.476	1.2317	0.49272	3.0793	18.476	1.2317	0.49272	3.0793	18.476	1.2317	0.49272	3.0793	18.476	0	0.10001	0.10001	0.10001	0.10001	0.10001	0.10001	0.10001	0.10001	0.10001	0.10001	0.10001	0.10001	0.10001	0.10001	0.10001	0.10001	0.10001
10000	4.5365	0.0097562	0.034172	1	1	0.55227	1.3083	0.41233	3.8917	16.06	1.3083	0.41233	3.8917	16.06	1.3083	0.41233	3.8917	16.06	1.3083	0.41233	3.8917	16.06	0	1.1525	0.36324	3.4283	14.148	1.1525	0.36324	3.4283	14.148	1.1525	0.36324	3.4283	14.148	1.1525	0.36324	3.4283	14.148	0	0.13558	0.13558	0.13558	0.13558	0.13558	0.13558	0.13558	0.13558	0.13558	0.13558	0.13558	0.13558	0.13558	0.13558	0.13558	0.13558	0.13558
10000	2.8669	0.001	0.020615	1	1	0.36833	0.85703	0.30017	2.4993	14.997	0.85703	0.30017	2.4993	14.997	0.85703	0.30017	2.4993	14.997	0.85703	0.30017	2.4993	14.997	0	0.75626	0.26488	2.2054	13.233	0.75626	0.26488	2.2054	13.233	0.75626	0.26488	2.2054	13.233	0.75626	0.26488	2.2054	13.233	0	0.18772	0.18772	0.18772	0.18772	0.18772	0.18772	0.18772	0.18772	0.18772	0.18772	0.18772	0.18772	0.18772	0.18772	0.18772	0.18772	0.18772
10000	9.9999	0.0014444	0.01	1	1	0.4	1	0.4073	2.5	15	1	0.4073	2.5	15	1	0.4073	2.5	15	1	0.4073	2.5	15	0	1	0.4073	2.5	15	1	0.4073	2.5	15	1	0.4073	2.5	15	1	0.4073	2.5	15	0	0.2	0.2	0.2	0.2	0.2	0.2	0.2	0.2	0.2	0.2	0.2	0.2	0.2	0.2	0.2	0.2	0.2
10000	9.9999	0.001	0.017953	1	1	0.91029	1	0.3	2.5	15	1	0.3	2.5	15	1	0.3	2.5	15	1	0.3	2.5	15	0	1.0494	0.31481	2.6234	15.74	1.0494	0.31481	2.6234	15.74	1.0494	0.31481	2.6234	15.74	1.0494	0.31481	2.6234	15.74	0	0.2	0.2	0.2	0.2	0.2	0.2	0.2	0.2	0.2	0.2	0.2	0.2	0.2	0.2	0.2	0.2	0.2
10000	9.5	0.001	0.02	1	1	0.28889	1	0.3	3.3333	15	1	0.3	3.3333	15	1	0.3	3.3333	15	1	0.3	3.3333	15	0	1	0.3	3.3333	15	1	0.3	3.3333	15	1	0.3	3.3333	15	1	0.3	3.3333	15	0	0.3	0.3	0.3	0.3	0.3	0.3	0.3	0.3	0.3	0.3	0.3	0.3	0.3	0.3	0.3	0.3	0.3
10000	8.6826	0.001	0.01988	1	1	0.79459	1.0245	0.60391	3.1542	18.391	1.0245	0.60391	3.1542	18.391	1.0245	0.60391	3.1542	18.391	1.0245	0.60391	3.1542	18.391	0	0.96359	0.56801	2.9667	17.298	0.96359	0.56801	2.9667	17.298	0.96359	0.56801	2.9667	17.298	0.96359	0.56801	2.9667	17.298	0	0.20124	0.20124	0.20124	0.20124	0.20124	0.20124	0.20124	0.20124	0.20124	0.20124	0.20124	0.20124	0.20124	0.20124	0.20124	0.20124	0.20124
10000	4.2783	0.012182	0.015512	1	1	0.7215	1.4232	2.0004	6.2512	23.348	1.4232	2.0004	6.2512	23.348	1.4232	2.0004	6.2512	23.348	1.4232	2.0004	6.2512	23.348	0	0.35581	0.5001	1.5628	5.8369	0.35581	0.5001	1.5628	5.8369	0.35581	0.5001	1.5628	5.8369	0.35581	0.5001	1.5628	5.8369	0	0.10054	0.10054	0.10054	0.10054	0.10054	0.10054	0.10054	0.10054	0.10054	0.10054	0.10054	0.10054	0.10054	0.10054	0.10054	0.10054	0.10054
10000	4.2167	0.0046503	0.01	1	1	0.82963	1	0.28108	7	20	1	0.28108	7	20	1	0.28108	7	20	1	0.28108	7	20	0	0.5	0.14054	3.5	10	0.5	0.14054	3.5	10	0.5	0.14054	3.5	10	0.5	0.14054	3.5	10	0	0.20417	0.20417	0.20417	0.20417	0.20417	0.20417	0.20417	0.20417	0.20417	0.20417	0.20417	0.20417	0.20417	0.20417	0.20417	0.20417	0.20417
10000	5.5722	0.001	0.020345	1	1	0.4755	0.9588	0.27734	3.4925	137.38	0.9588	0.27734	3.4925	137.38	0.9588	0.27734	3.4925	137.38	0.9588	0.27734	3.4925	137.38	0	0.90076	0.26056	3.2811	129.07	0.90076	0.26056	3.2811	129.07	0.90076	0.26056	3.2811	129.07	0.90076	0.26056	3.2811	129.07	0	0.17668	0.17668	0.17668	0.17668	0.17668	0.17668	0.17668	0.17668	0.17668	0.17668	0.17668	0.17668	0.17668	0.17668	0.17668	0.17668	0.17668
10000	10	0.001	0.02	1	1	0.68407	1	0.2633	3.7997	15	1	0.2633	3.7997	15	1	0.2633	3.7997	15	1	0.2633	3.7997	15	0	0.625	0.16456	2.3748	9.375	0.625	0.16456	2.3748	9.375	0.625	0.16456	2.3748	9.375	0.625	0.16456	2.3748	9.375	0	0.1	0.1	0.1	0.1	0.1	0.1	0.1	0.1	0.1	0.1	0.1	0.1	0.1	0.1	0.1	0.1	0.1
10000	4.4291	0.001	0.022995	1	1	0.38611	1.0833	0.53915	3.3125	15.667	1.0833	0.53915	3.3125	15.667	1.0833	0.53915	3.3125	15.667	1.0833	0.53915	3.3125	15.667	0	1.0954	0.54515	3.3494	15.841	1.0954	0.54515	3.3494	15.841	1.0954	0.54515	3.3494	15.841	1.0954	0.54515	3.3494	15.841	0	0.077778	0.077778	0.077778	0.077778	0.077778	0.077778	0.077778	0.077778	0.077778	0.077778	0.077778	0.077778	0.077778	0.077778	0.077778	0.077778	0.077778
10000	3	0.0026906	0.027436	1	1	0.48621	0.8	0.3	3.3333	15	0.8	0.3	3.3333	15	0.8	0.3	3.3333	15	0.8	0.3	3.3333	15	0	0.75573	0.2834	3.1489	14.17	0.75573	0.2834	3.1489	14.17	0.75573	0.2834	3.1489	14.17	0.75573	0.2834	3.1489	14.17	0	0.10559	0.10559	0.10559	0.10559	0.10559	0.10559	0.10559	0.10559	0.10559	0.10559	0.10559	0.10559	0.10559	0.10559	0.10559	0.10559	0.10559
10000	3.8579	0.001	0.019444	1	1	0.32277	1	0.3	3.5	81.794	1	0.3	3.5	81.794	1	0.3	3.5	81.794	1	0.3	3.5	81.794	0	1.0062	0.30185	3.5216	82.299	1.0062	0.30185	3.5216	82.299	1.0062	0.30185	3.5216	82.299	1.0062	0.30185	3.5216	82.299	0	0.1	0.1	0.1	0.1	0.1	0.1	0.1	0.1	0.1	0.1	0.1	0.1	0.1	0.1	0.1	0.1	0.1
10000	4.6157	0.001	0.056645	1	1	0.39923	0.79691	0.030019	2.8554	17.639	0.79691	0.030019	2.8554	17.639	0.79691	0.030019	2.8554	17.639	0.79691	0.030019	2.8554	17.639	0	1.2549	0.04727	4.4963	27.775	1.2549	0.04727	4.4963	27.775	1.2549	0.04727	4.4963	27.775	1.2549	0.04727	4.4963	27.775	0	0.090171	0.090171	0.090171	0.090171	0.090171	0.090171	0.090171	0.090171	0.090171	0.090171	0.090171	0.090171	0.090171	0.090171	0.090171	0.090171	0.090171
10000	2.9426	0.0047643	0.01	1	1	-0.0034536	1.14	0.31915	3.5663	14.764	1.14	0.31915	3.5663	14.764	1.14	0.31915	3.5663	14.764	1.14	0.31915	3.5663	14.764	0	1.1106	0.31092	3.4744	14.384	1.1106	0.31092	3.4744	14.384	1.1106	0.31092	3.4744	14.384	1.1106	0.31092	3.4744	14.384	0	0.12388	0.12388	0.12388	0.12388	0.12388	0.12388	0.12388	0.12388	0.12388	0.12388	0.12388	0.12388	0.12388	0.12388	0.12388	0.12388	0.12388
10000	7	0.001	0.02	1	1	0.33663	0.74144	0.4	3.5	15	0.74144	0.4	3.5	15	0.74144	0.4	3.5	15	0.74144	0.4	3.5	15	0	0.74144	0.4	3.5	15	0.74144	0.4	3.5	15	0.74144	0.4	3.5	15	0.74144	0.4	3.5	15	0	0.2	0.2	0.2	0.2	0.2	0.2	0.2	0.2	0.2	0.2	0.2	0.2	0.2	0.2	0.2	0.2	0.2
10000	4.2581	0.0069061	0.022429	1	1	0.012741	0.99634	0.33089	3.7287	14.971	0.99634	0.33089	3.7287	14.971	0.99634	0.33089	3.7287	14.971	0.99634	0.33089	3.7287	14.971	0	1.5814	0.52521	5.9183	23.762	1.5814	0.52521	5.9183	23.762	1.5814	0.52521	5.9183	23.762	1.5814	0.52521	5.9183	23.762	0	0.13616	0.13616	0.13616	0.13616	0.13616	0.13616	0.13616	0.13616	0.13616	0.13616	0.13616	0.13616	0.13616	0.13616	0.13616	0.13616	0.13616
10000	3.2576	0.0039938	0.023697	1	1	0.72963	0.88889	0.2968	4.1389	15.889	0.88889	0.2968	4.1389	15.889	0.88889	0.2968	4.1389	15.889	0.88889	0.2968	4.1389	15.889	0	0.80247	0.26794	3.7365	14.344	0.80247	0.26794	3.7365	14.344	0.80247	0.26794	3.7365	14.344	0.80247	0.26794	3.7365	14.344	0	0.13492	0.13492	0.13492	0.13492	0.13492	0.13492	0.13492	0.13492	0.13492	0.13492	0.13492	0.13492	0.13492	0.13492	0.13492	0.13492	0.13492
10000	4.7073	0.001	0.01	1	1	0.53333	0.92837	0.33061	3.7037	15	0.92837	0.33061	3.7037	15	0.92837	0.33061	3.7037	15	0.92837	0.33061	3.7037	15	0	0.9128	0.32506	3.6416	14.748	0.9128	0.32506	3.6416	14.748	0.9128	0.32506	3.6416	14.748	0.9128	0.32506	3.6416	14.748	0	0.10318	0.10318	0.10318	0.10318	0.10318	0.10318	0.10318	0.10318	0.10318	0.10318	0.10318	0.10318	0.10318	0.10318	0.10318	0.10318	0.10318
10000	10	0.001	0.01661	1	1	0.7534	1.0119	0.30776	5.8014	9.9343	1.0119	0.30776	5.8014	9.9343	1.0119	0.30776	5.8014	9.9343	1.0119	0.30776	5.8014	9.9343	0	1.1273	0.34284	6.4626	11.067	1.1273	0.34284	6.4626	11.067	1.1273	0.34284	6.4626	11.067	1.1273	0.34284	6.4626	11.067	0	0.20458	0.20458	0.20458	0.20458	0.20458	0.20458	0.20458	0.20458	0.20458	0.20458	0.20458	0.20458	0.20458	0.20458	0.20458	0.20458	0.20458
10000	3.0479	0.001	0.01	1	1	0.53333	1	0.5	3.5	20	1	0.5	3.5	20	1	0.5	3.5	20	1	0.5	3.5	20	0	0.92118	0.46059	3.2241	18.424	0.92118	0.46059	3.2241	18.424	0.92118	0.46059	3.2241	18.424	0.92118	0.46059	3.2241	18.424	0	0.1	0.1	0.1	0.1	0.1	0.1	0.1	0.1	0.1	0.1	0.1	0.1	0.1	0.1	0.1	0.1	0.1
10000	6	0.0019597	0.02	1	1	0.62053	1	0.3	3.5	15	1	0.3	3.5	15	1	0.3	3.5	15	1	0.3	3.5	15	0	1.1865	0.35596	4.1528	17.798	1.1865	0.35596	4.1528	17.798	1.1865	0.35596	4.1528	17.798	1.1865	0.35596	4.1528	17.798	0	0.15039	0.15039	0.15039	0.15039	0.15039	0.15039	0.15039	0.15039	0.15039	0.15039	0.15039	0.15039	0.15039	0.15039	0.15039	0.15039	0.15039
10000	7.9241	0.0013252	0.018138	1	1	0.55008	1.0868	1.2273	3.8291	21.554	1.0868	1.2273	3.8291	21.554	1.0868	1.2273	3.8291	21.554	1.0868	1.2273	3.8291	21.554	0	0.98413	1.1114	3.4674	19.518	0.98413	1.1114	3.4674	19.518	0.98413	1.1114	3.4674	19.518	0.98413	1.1114	3.4674	19.518	0	0.103	0.103	0.103	0.103	0.103	0.103	0.103	0.103	0.103	0.103	0.103	0.103	0.103	0.103	0.103	0.103	0.103
10000	3	0.001	0.017681	1	1	0.8	1	0.5	3.3333	15	1	0.5	3.3333	15	1	0.5	3.3333	15	1	0.5	3.3333	15	0	0.25	0.125	0.83333	3.75	0.25	0.125	0.83333	3.75	0.25	0.125	0.83333	3.75	0.25	0.125	0.83333	3.75	0	0.028885	0.028885	0.028885	0.028885	0.028885	0.028885	0.028885	0.028885	0.028885	0.028885	0.028885	0.028885	0.028885	0.028885	0.028885	0.028885	0.028885
10000	3	0.0017279	0.023333	1	1	0.8	0.83488	0.5	3.5	20	0.83488	0.5	3.5	20	0.83488	0.5	3.5	20	0.83488	0.5	3.5	20	0	0.83488	0.5	3.5	20	0.83488	0.5	3.5	20	0.83488	0.5	3.5	20	0.83488	0.5	3.5	20	0	0.2	0.2	0.2	0.2	0.2	0.2	0.2	0.2	0.2	0.2	0.2	0.2	0.2	0.2	0.2	0.2	0.2
10000	4.637	0.0016262	0.01	1	1	0.75294	0.97525	0.3638	7.037	15	0.97525	0.3638	7.037	15	0.97525	0.3638	7.037	15	0.97525	0.3638	7.037	15	0	0.32306	0.12051	2.3311	4.9689	0.32306	0.12051	2.3311	4.9689	0.32306	0.12051	2.3311	4.9689	0.32306	0.12051	2.3311	4.9689	0	0	0	0	0	0	0	0	0	0	0	0	0	0	0	0	0	0
10000	10	0.001	0.02	1	1	0.8	0.68348	0.2079	5	30	0.68348	0.2079	5	30	0.68348	0.2079	5	30	0.68348	0.2079	5	30	0	0.68348	0.2079	5	30	0.68348	0.2079	5	30	0.68348	0.2079	5	30	0.68348	0.2079	5	30	0	0.073391	0.073391	0.073391	0.073391	0.073391	0.073391	0.073391	0.073391	0.073391	0.073391	0.073391	0.073391	0.073391	0.073391	0.073391	0.073391	0.073391
10000	4.9974	0.001	0.019983	1	1	0.99912	0.89413	0.40037	4.6281	19.991	0.89413	0.40037	4.6281	19.991	0.89413	0.40037	4.6281	19.991	0.89413	0.40037	4.6281	19.991	0	0.44667	0.20001	2.312	9.9867	0.44667	0.20001	2.312	9.9867	0.44667	0.20001	2.312	9.9867	0.44667	0.20001	2.312	9.9867	0	0.16646	0.16646	0.16646	0.16646	0.16646	0.16646	0.16646	0.16646	0.16646	0.16646	0.16646	0.16646	0.16646	0.16646	0.16646	0.16646	0.16646
10000	3.7775	0.0073704	0.02	1	1	0.82826	1	0.26422	3.8698	17.222	1	0.26422	3.8698	17.222	1	0.26422	3.8698	17.222	1	0.26422	3.8698	17.222	0	0.5	0.13211	1.9349	8.6111	0.5	0.13211	1.9349	8.6111	0.5	0.13211	1.9349	8.6111	0.5	0.13211	1.9349	8.6111	0	0.069696	0.069696	0.069696	0.069696	0.069696	0.069696	0.069696	0.069696	0.069696	0.069696	0.069696	0.069696	0.069696	0.069696	0.069696	0.069696	0.069696
10000	2.0612	0.0079116	0.02	1	1	0.8	0.98345	0.3	3.9834	26.667	0.98345	0.3	3.9834	26.667	0.98345	0.3	3.9834	26.667	0.98345	0.3	3.9834	26.667	0	0.88057	0.26861	3.5667	23.877	0.88057	0.26861	3.5667	23.877	0.88057	0.26861	3.5667	23.877	0.88057	0.26861	3.5667	23.877	0	0.080247	0.080247	0.080247	0.080247	0.080247	0.080247	0.080247	0.080247	0.080247	0.080247	0.080247	0.080247	0.080247	0.080247	0.080247	0.080247	0.080247
10000	8.6131	0.0028642	0.048946	1	1	1.036	0.94255	0.22102	3.9724	15.894	0.94255	0.22102	3.9724	15.894	0.94255	0.22102	3.9724	15.894	0.94255	0.22102	3.9724	15.894	0	0.45796	0.10739	1.9301	7.7225	0.45796	0.10739	1.9301	7.7225	0.45796	0.10739	1.9301	7.7225	0.45796	0.10739	1.9301	7.7225	0	0	0	0	0	0	0	0	0	0	0	0	0	0	0	0	0	0
10000	1.55	0.001	0.022106	1	1	0.8	1	0.3	3.395	15	1	0.3	3.395	15	1	0.3	3.395	15	1	0.3	3.395	15	0	1	0.3	3.395	15	1	0.3	3.395	15	1	0.3	3.395	15	1	0.3	3.395	15	0	0.11911	0.11911	0.11911	0.11911	0.11911	0.11911	0.11911	0.11911	0.11911	0.11911	0.11911	0.11911	0.11911	0.11911	0.11911	0.11911	0.11911
10000	4.1526	0.001	0.02868	1	1	0.99999	1.0705	0.20627	7	18.333	1.0705	0.20627	7	18.333	1.0705	0.20627	7	18.333	1.0705	0.20627	7	18.333	0	0.53523	0.10313	3.5	9.1667	0.53523	0.10313	3.5	9.1667	0.53523	0.10313	3.5	9.1667	0.53523	0.10313	3.5	9.1667	0	0.2	0.2	0.2	0.2	0.2	0.2	0.2	0.2	0.2	0.2	0.2	0.2	0.2	0.2	0.2	0.2	0.2
10000	3.2087	0.0016431	0.023229	1	1	1.0056	0.87835	0.37492	5.3844	16.972	0.87835	0.37492	5.3844	16.972	0.87835	0.37492	5.3844	16.972	0.87835	0.37492	5.3844	16.972	0	0.38378	0.16381	2.3526	7.4155	0.38378	0.16381	2.3526	7.4155	0.38378	0.16381	2.3526	7.4155	0.38378	0.16381	2.3526	7.4155	0	0.12002	0.12002	0.12002	0.12002	0.12002	0.12002	0.12002	0.12002	0.12002	0.12002	0.12002	0.12002	0.12002	0.12002	0.12002	0.12002	0.12002
10000	7.6005	0.001	0.019999	1	1	1.2405	1.0609	0.23153	4.4364	652.79	1.0609	0.23153	4.4364	652.79	1.0609	0.23153	4.4364	652.79	1.0609	0.23153	4.4364	652.79	0	0.53041	0.11576	2.2181	326.38	0.53041	0.11576	2.2181	326.38	0.53041	0.11576	2.2181	326.38	0.53041	0.11576	2.2181	326.38	0	0.22015	0.22015	0.22015	0.22015	0.22015	0.22015	0.22015	0.22015	0.22015	0.22015	0.22015	0.22015	0.22015	0.22015	0.22015	0.22015	0.22015
10000	1.5313	0.0091819	0.02057	1	1	0.99564	0.99998	0.29717	5.3873	17.375	0.99998	0.29717	5.3873	17.375	0.99998	0.29717	5.3873	17.375	0.99998	0.29717	5.3873	17.375	0	0.50141	0.14901	2.7013	8.7121	0.50141	0.14901	2.7013	8.7121	0.50141	0.14901	2.7013	8.7121	0.50141	0.14901	2.7013	8.7121	0	0.19825	0.19825	0.19825	0.19825	0.19825	0.19825	0.19825	0.19825	0.19825	0.19825	0.19825	0.19825	0.19825	0.19825	0.19825	0.19825	0.19825
10000	8	0.001	0.020109	1	1	1.1816	0.95877	0.17559	5.3069	134.17	0.95877	0.17559	5.3069	134.17	0.95877	0.17559	5.3069	134.17	0.95877	0.17559	5.3069	134.17	0	0.47646	0.087259	2.6373	66.675	0.47646	0.087259	2.6373	66.675	0.47646	0.087259	2.6373	66.675	0.47646	0.087259	2.6373	66.675	0	0.262	0.262	0.262	0.262	0.262	0.262	0.262	0.262	0.262	0.262	0.262	0.262	0.262	0.262	0.262	0.262	0.262
10000	3.1696	0.001	0.026771	1	1	1.0982	0.66197	0.25819	3.51	8.9084	0.66197	0.25819	3.51	8.9084	0.66197	0.25819	3.51	8.9084	0.66197	0.25819	3.51	8.9084	0	0.47805	0.18646	2.5348	6.4334	0.47805	0.18646	2.5348	6.4334	0.47805	0.18646	2.5348	6.4334	0.47805	0.18646	2.5348	6.4334	0	0.075318	0.075318	0.075318	0.075318	0.075318	0.075318	0.075318	0.075318	0.075318	0.075318	0.075318	0.075318	0.075318	0.075318	0.075318	0.075318	0.075318
10000	4.9635	0.001	0.01	1	1	0.78886	1.0124	0.29195	4.6945	14.901	1.0124	0.29195	4.6945	14.901	1.0124	0.29195	4.6945	14.901	1.0124	0.29195	4.6945	14.901	0	0.81336	0.23456	3.7716	11.972	0.81336	0.23456	3.7716	11.972	0.81336	0.23456	3.7716	11.972	0.81336	0.23456	3.7716	11.972	0	0.21087	0.21087	0.21087	0.21087	0.21087	0.21087	0.21087	0.21087	0.21087	0.21087	0.21087	0.21087	0.21087	0.21087	0.21087	0.21087	0.21087
10000	10	0.0042965	0.018241	1	1	0.87914	1.0879	0.24284	7.3745	49.964	1.0879	0.24284	7.3745	49.964	1.0879	0.24284	7.3745	49.964	1.0879	0.24284	7.3745	49.964	0	0.53536	0.1195	3.6289	24.586	0.53536	0.1195	3.6289	24.586	0.53536	0.1195	3.6289	24.586	0.53536	0.1195	3.6289	24.586	0	0.17062	0.17062	0.17062	0.17062	0.17062	0.17062	0.17062	0.17062	0.17062	0.17062	0.17062	0.17062	0.17062	0.17062	0.17062	0.17062	0.17062
10000	3.7021	0.001	0.01	1	1	0.99999	0.92596	0.3	3.4894	13.192	0.92596	0.3	3.4894	13.192	0.92596	0.3	3.4894	13.192	0.92596	0.3	3.4894	13.192	0	0.46298	0.15	1.7447	6.5958	0.46298	0.15	1.7447	6.5958	0.46298	0.15	1.7447	6.5958	0.46298	0.15	1.7447	6.5958	0	0.1695	0.1695	0.1695	0.1695	0.1695	0.1695	0.1695	0.1695	0.1695	0.1695	0.1695	0.1695	0.1695	0.1695	0.1695	0.1695	0.1695
10000	2.5135	0.0042594	0.015011	1	1	1.0245	0.75053	0.56215	3.7699	16.996	0.75053	0.56215	3.7699	16.996	0.75053	0.56215	3.7699	16.996	0.75053	0.56215	3.7699	16.996	0	0.73548	0.55088	3.6943	16.655	0.73548	0.55088	3.6943	16.655	0.73548	0.55088	3.6943	16.655	0.73548	0.55088	3.6943	16.655	0	0.084873	0.084873	0.084873	0.084873	0.084873	0.084873	0.084873	0.084873	0.084873	0.084873	0.084873	0.084873	0.084873	0.084873	0.084873	0.084873	0.084873
10000	7.2205	0.001	0.02	1	1	0.8	1	0.4	2.8122	30	1	0.4	2.8122	30	1	0.4	2.8122	30	1	0.4	2.8122	30	0	0.97965	0.39186	2.755	29.39	0.97965	0.39186	2.755	29.39	0.97965	0.39186	2.755	29.39	0.97965	0.39186	2.755	29.39	0	0.039071	0.039071	0.039071	0.039071	0.039071	0.039071	0.039071	0.039071	0.039071	0.039071	0.039071	0.039071	0.039071	0.039071	0.039071	0.039071	0.039071
10000	7.2093	0.005	0.01	1	1	0.8	1	0.5	3.597	15	1	0.5	3.597	15	1	0.5	3.597	15	1	0.5	3.597	15	0	0.5	0.25	1.7985	7.5	0.5	0.25	1.7985	7.5	0.5	0.25	1.7985	7.5	0.5	0.25	1.7985	7.5	0	0.1	0.1	0.1	0.1	0.1	0.1	0.1	0.1	0.1	0.1	0.1	0.1	0.1	0.1	0.1	0.1	0.1
10000	4.2806	0.001	0.015256	1	1	0.97436	0.97436	1.2496	3.6424	20.269	0.97436	1.2496	3.6424	20.269	0.97436	1.2496	3.6424	20.269	0.97436	1.2496	3.6424	20.269	0	0.45857	0.58812	1.7142	9.5394	0.45857	0.58812	1.7142	9.5394	0.45857	0.58812	1.7142	9.5394	0.45857	0.58812	1.7142	9.5394	0	0.1122	0.1122	0.1122	0.1122	0.1122	0.1122	0.1122	0.1122	0.1122	0.1122	0.1122	0.1122	0.1122	0.1122	0.1122	0.1122	0.1122
10000	6.8982	0.001	0.02	1	1	0.8	1.4222	0.33333	4.4776	15	1.4222	0.33333	4.4776	15	1.4222	0.33333	4.4776	15	1.4222	0.33333	4.4776	15	0	0.65183	0.15278	2.0522	6.875	0.65183	0.15278	2.0522	6.875	0.65183	0.15278	2.0522	6.875	0.65183	0.15278	2.0522	6.875	0	0.20491	0.20491	0.20491	0.20491	0.20491	0.20491	0.20491	0.20491	0.20491	0.20491	0.20491	0.20491	0.20491	0.20491	0.20491	0.20491	0.20491
10000	2.839	0.001	0.019998	1	1	1.0698	1.1395	0.2036	2.5001	14.999	1.1395	0.2036	2.5001	14.999	1.1395	0.2036	2.5001	14.999	1.1395	0.2036	2.5001	14.999	0	0.52533	0.093867	1.1526	6.9152	0.52533	0.093867	1.1526	6.9152	0.52533	0.093867	1.1526	6.9152	0.52533	0.093867	1.1526	6.9152	0	0.062693	0.062693	0.062693	0.062693	0.062693	0.062693	0.062693	0.062693	0.062693	0.062693	0.062693	0.062693	0.062693	0.062693	0.062693	0.062693	0.062693
10000	10	0.001	0.01	1	1	0.8	0.8	0.3	2.5	15	0.8	0.3	2.5	15	0.8	0.3	2.5	15	0.8	0.3	2.5	15	0	0.8	0.3	2.5	15	0.8	0.3	2.5	15	0.8	0.3	2.5	15	0.8	0.3	2.5	15	0	0.2	0.2	0.2	0.2	0.2	0.2	0.2	0.2	0.2	0.2	0.2	0.2	0.2	0.2	0.2	0.2	0.2
10000	8.4823	0.001	0.035	1	1	0.8	1.188	0.5	5.0226	30	1.188	0.5	5.0226	30	1.188	0.5	5.0226	30	1.188	0.5	5.0226	30	0	0.59398	0.25	2.5113	15	0.59398	0.25	2.5113	15	0.59398	0.25	2.5113	15	0.59398	0.25	2.5113	15	0	0.2	0.2	0.2	0.2	0.2	0.2	0.2	0.2	0.2	0.2	0.2	0.2	0.2	0.2	0.2	0.2	0.2
10000	3.3002	0.001	0.020466	1	1	1	1	0.3	3.5	96.761	1	0.3	3.5	96.761	1	0.3	3.5	96.761	1	0.3	3.5	96.761	0	0.5	0.15	1.75	48.381	0.5	0.15	1.75	48.381	0.5	0.15	1.75	48.381	0.5	0.15	1.75	48.381	0	0.16667	0.16667	0.16667	0.16667	0.16667	0.16667	0.16667	0.16667	0.16667	0.16667	0.16667	0.16667	0.16667	0.16667	0.16667	0.16667	0.16667
10000	9.9999	0.001	0.04	1	1	0.8	1	0.3	2.5	15	1	0.3	2.5	15	1	0.3	2.5	15	1	0.3	2.5	15	0	0.875	0.2625	2.1875	13.125	0.875	0.2625	2.1875	13.125	0.875	0.2625	2.1875	13.125	0.875	0.2625	2.1875	13.125	0	0.28333	0.28333	0.28333	0.28333	0.28333	0.28333	0.28333	0.28333	0.28333	0.28333	0.28333	0.28333	0.28333	0.28333	0.28333	0.28333	0.28333
10000	6.8082	0.001	0.01	1	1	0.86771	1.1111	0.4	2.5	7.1557	1.1111	0.4	2.5	7.1557	1.1111	0.4	2.5	7.1557	1.1111	0.4	2.5	7.1557	0	0.55557	0.2	1.25	3.5779	0.55557	0.2	1.25	3.5779	0.55557	0.2	1.25	3.5779	0.55557	0.2	1.25	3.5779	0	0.1	0.1	0.1	0.1	0.1	0.1	0.1	0.1	0.1	0.1	0.1	0.1	0.1	0.1	0.1	0.1	0.1
10000	3	0.02	0.020412	1	1	0.57728	1	0.6	2.5	15	1	0.6	2.5	15	1	0.6	2.5	15	1	0.6	2.5	15	0	1	0.6	2.5	15	1	0.6	2.5	15	1	0.6	2.5	15	1	0.6	2.5	15	0	0.27072	0.27072	0.27072	0.27072	0.27072	0.27072	0.27072	0.27072	0.27072	0.27072	0.27072	0.27072	0.27072	0.27072	0.27072	0.27072	0.27072
10000	3.6106	0.01	0.03	1	1	0.88889	0.4248	0.5	2.5	7.5132	0.4248	0.5	2.5	7.5132	0.4248	0.5	2.5	7.5132	0.4248	0.5	2.5	7.5132	0	0.56725	0.66766	3.3383	10.032	0.56725	0.66766	3.3383	10.032	0.56725	0.66766	3.3383	10.032	0.56725	0.66766	3.3383	10.032	0	0.4	0.4	0.4	0.4	0.4	0.4	0.4	0.4	0.4	0.4	0.4	0.4	0.4	0.4	0.4	0.4	0.4
10000	3.8691	0.0077509	0.019376	1	1	0.63058	0.66644	0.54563	3.7389	16.854	0.66644	0.54563	3.7389	16.854	0.66644	0.54563	3.7389	16.854	0.66644	0.54563	3.7389	16.854	0	0.69098	0.56572	3.8765	17.474	0.69098	0.56572	3.8765	17.474	0.69098	0.56572	3.8765	17.474	0.69098	0.56572	3.8765	17.474	0	0.34877	0.34877	0.34877	0.34877	0.34877	0.34877	0.34877	0.34877	0.34877	0.34877	0.34877	0.34877	0.34877	0.34877	0.34877	0.34877	0.34877
10000	4.1833	0.0085856	0.02	1	1	0.55329	0.7422	0.3	2.5	15	0.7422	0.3	2.5	15	0.7422	0.3	2.5	15	0.7422	0.3	2.5	15	0	0.90285	0.36493	3.0411	18.247	0.90285	0.36493	3.0411	18.247	0.90285	0.36493	3.0411	18.247	0.90285	0.36493	3.0411	18.247	0	0.47143	0.47143	0.47143	0.47143	0.47143	0.47143	0.47143	0.47143	0.47143	0.47143	0.47143	0.47143	0.47143	0.47143	0.47143	0.47143	0.47143
10000	2.7583	0.0059096	0.0159	1	1	0.56986	1.1172	0.84391	4.2543	5.6949	1.1172	0.84391	4.2543	5.6949	1.1172	0.84391	4.2543	5.6949	1.1172	0.84391	4.2543	5.6949	0	0.88284	0.66687	3.3619	4.5002	0.88284	0.66687	3.3619	4.5002	0.88284	0.66687	3.3619	4.5002	0.88284	0.66687	3.3619	4.5002	0	0.40125	0.40125	0.40125	0.40125	0.40125	0.40125	0.40125	0.40125	0.40125	0.40125	0.40125	0.40125	0.40125	0.40125	0.40125	0.40125	0.40125
10000	3.5091	0.008	0.019584	1	1	0.7647	1	0.3	4.6667	13.333	1	0.3	4.6667	13.333	1	0.3	4.6667	13.333	1	0.3	4.6667	13.333	0	0.51334	0.154	2.3956	6.8445	0.51334	0.154	2.3956	6.8445	0.51334	0.154	2.3956	6.8445	0.51334	0.154	2.3956	6.8445	0	0.19638	0.19638	0.19638	0.19638	0.19638	0.19638	0.19638	0.19638	0.19638	0.19638	0.19638	0.19638	0.19638	0.19638	0.19638	0.19638	0.19638
10000	3.0847	0.0028395	0.017827	1	1	0.73034	0.63113	0.27619	3.9202	15.667	0.63113	0.27619	3.9202	15.667	0.63113	0.27619	3.9202	15.667	0.63113	0.27619	3.9202	15.667	0	0.39461	0.17268	2.4511	9.7954	0.39461	0.17268	2.4511	9.7954	0.39461	0.17268	2.4511	9.7954	0.39461	0.17268	2.4511	9.7954	0	0.25269	0.25269	0.25269	0.25269	0.25269	0.25269	0.25269	0.25269	0.25269	0.25269	0.25269	0.25269	0.25269	0.25269	0.25269	0.25269	0.25269
10000	5.3782	0.001	0.01	1	1	0.79899	0.81108	0.29931	3.2933	20.012	0.81108	0.29931	3.2933	20.012	0.81108	0.29931	3.2933	20.012	0.81108	0.29931	3.2933	20.012	0	0.94533	0.34885	3.8384	23.324	0.94533	0.34885	3.8384	23.324	0.94533	0.34885	3.8384	23.324	0.94533	0.34885	3.8384	23.324	0	0.42626	0.42626	0.42626	0.42626	0.42626	0.42626	0.42626	0.42626	0.42626	0.42626	0.42626	0.42626	0.42626	0.42626	0.42626	0.42626	0.42626
10000	4.6885	0.001	0.01	1	1	0.8	1	0.4	3.5	20	1	0.4	3.5	20	1	0.4	3.5	20	1	0.4	3.5	20	0	0.74822	0.29929	2.6188	14.964	0.74822	0.29929	2.6188	14.964	0.74822	0.29929	2.6188	14.964	0.74822	0.29929	2.6188	14.964	0	0.3	0.3	0.3	0.3	0.3	0.3	0.3	0.3	0.3	0.3	0.3	0.3	0.3	0.3	0.3	0.3	0.3
10000	3.55	0.001	0.017645	1	1	0.76187	1	0.3	3.3333	15	1	0.3	3.3333	15	1	0.3	3.3333	15	1	0.3	3.3333	15	0	0.74729	0.22418	2.4909	11.209	0.74729	0.22418	2.4909	11.209	0.74729	0.22418	2.4909	11.209	0.74729	0.22418	2.4909	11.209	0	0.2	0.2	0.2	0.2	0.2	0.2	0.2	0.2	0.2	0.2	0.2	0.2	0.2	0.2	0.2	0.2	0.2
10000	5	0.001	0.02	1	1	0.8	1	0.3	3.5	15	1	0.3	3.5	15	1	0.3	3.5	15	1	0.3	3.5	15	0	0.80945	0.24284	2.8331	12.142	0.80945	0.24284	2.8331	12.142	0.80945	0.24284	2.8331	12.142	0.80945	0.24284	2.8331	12.142	0	0.2	0.2	0.2	0.2	0.2	0.2	0.2	0.2	0.2	0.2	0.2	0.2	0.2	0.2	0.2	0.2	0.2
10000	3	0.001	0.01	1	1	1	0.99999	0.5	2.5	15	0.99999	0.5	2.5	15	0.99999	0.5	2.5	15	0.99999	0.5	2.5	15	0	0.99999	0.5	2.5	15	0.99999	0.5	2.5	15	0.99999	0.5	2.5	15	0.99999	0.5	2.5	15	0	0.1	0.1	0.1	0.1	0.1	0.1	0.1	0.1	0.1	0.1	0.1	0.1	0.1	0.1	0.1	0.1	0.1
10000	3.2297	0.0054782	0.01	1	1	0.94023	1.0129	0.33885	3.4379	6.1256	1.0129	0.33885	3.4379	6.1256	1.0129	0.33885	3.4379	6.1256	1.0129	0.33885	3.4379	6.1256	0	0.48131	0.16102	1.6337	2.9109	0.48131	0.16102	1.6337	2.9109	0.48131	0.16102	1.6337	2.9109	0.48131	0.16102	1.6337	2.9109	0	0.09538	0.09538	0.09538	0.09538	0.09538	0.09538	0.09538	0.09538	0.09538	0.09538	0.09538	0.09538	0.09538	0.09538	0.09538	0.09538	0.09538
10000	4.0789	0.0017757	0.02	1	1	0.765	0.9078	0.3	3.3333	15	0.9078	0.3	3.3333	15	0.9078	0.3	3.3333	15	0.9078	0.3	3.3333	15	0	0.90779	0.3	3.3333	15	0.90779	0.3	3.3333	15	0.90779	0.3	3.3333	15	0.90779	0.3	3.3333	15	0	0.16667	0.16667	0.16667	0.16667	0.16667	0.16667	0.16667	0.16667	0.16667	0.16667	0.16667	0.16667	0.16667	0.16667	0.16667	0.16667	0.16667
10000	3	0.001	0.02	1	1	0.8	1.1333	0.3	2.5	15	1.1333	0.3	2.5	15	1.1333	0.3	2.5	15	1.1333	0.3	2.5	15	0	1.1333	0.3	2.5	15	1.1333	0.3	2.5	15	1.1333	0.3	2.5	15	1.1333	0.3	2.5	15	0	0.2	0.2	0.2	0.2	0.2	0.2	0.2	0.2	0.2	0.2	0.2	0.2	0.2	0.2	0.2	0.2	0.2
10000	4.8357	0.0027705	0.020481	1	1	1.1499	0.66513	0.38521	2.8666	148.57	0.66513	0.38521	2.8666	148.57	0.66513	0.38521	2.8666	148.57	0.66513	0.38521	2.8666	148.57	0	0.68425	0.39628	2.949	152.84	0.68425	0.39628	2.949	152.84	0.68425	0.39628	2.949	152.84	0.68425	0.39628	2.949	152.84	0	0.26465	0.26465	0.26465	0.26465	0.26465	0.26465	0.26465	0.26465	0.26465	0.26465	0.26465	0.26465	0.26465	0.26465	0.26465	0.26465	0.26465
10000	1.2407	0.0042224	0.013554	1	1	1.086	1.3223	0.90841	4.0549	17.579	1.3223	0.90841	4.0549	17.579	1.3223	0.90841	4.0549	17.579	1.3223	0.90841	4.0549	17.579	0	0.44806	0.30781	1.374	5.9563	0.44806	0.30781	1.374	5.9563	0.44806	0.30781	1.374	5.9563	0.44806	0.30781	1.374	5.9563	0	0.16446	0.16446	0.16446	0.16446	0.16446	0.16446	0.16446	0.16446	0.16446	0.16446	0.16446	0.16446	0.16446	0.16446	0.16446	0.16446	0.16446
10000	5.5609	0.001	0.02	1	1	1.1857	1.1111	0.6	2.5	15	1.1111	0.6	2.5	15	1.1111	0.6	2.5	15	1.1111	0.6	2.5	15	0	1.1111	0.6	2.5	15	1.1111	0.6	2.5	15	1.1111	0.6	2.5	15	1.1111	0.6	2.5	15	0	0.3	0.3	0.3	0.3	0.3	0.3	0.3	0.3	0.3	0.3	0.3	0.3	0.3	0.3	0.3	0.3	0.3
10000	1.9355	0.001	0.01	1	1	0.99966	0.80285	0.60206	3.3389	15.025	0.80285	0.60206	3.3389	15.025	0.80285	0.60206	3.3389	15.025	0.80285	0.60206	3.3389	15.025	0	0.61382	0.46031	2.5528	11.488	0.61382	0.46031	2.5528	11.488	0.61382	0.46031	2.5528	11.488	0.61382	0.46031	2.5528	11.488	0	0.21011	0.21011	0.21011	0.21011	0.21011	0.21011	0.21011	0.21011	0.21011	0.21011	0.21011	0.21011	0.21011	0.21011	0.21011	0.21011	0.21011
10000	1.6073	0.02	0.021201	1	1	1.1815	1.0667	1.1733	4.006	20.696	1.0667	1.1733	4.006	20.696	1.0667	1.1733	4.006	20.696	1.0667	1.1733	4.006	20.696	0	0.56763	0.62438	2.1318	11.013	0.56763	0.62438	2.1318	11.013	0.56763	0.62438	2.1318	11.013	0.56763	0.62438	2.1318	11.013	0	0.16667	0.16667	0.16667	0.16667	0.16667	0.16667	0.16667	0.16667	0.16667	0.16667	0.16667	0.16667	0.16667	0.16667	0.16667	0.16667	0.16667
10000	5.1177	0.001	0.01	1	1	1.5	1.1973	0.625	3.375	12.75	1.1973	0.625	3.375	12.75	1.1973	0.625	3.375	12.75	1.1973	0.625	3.375	12.75	0	0.72634	0.37914	2.0474	7.7345	0.72634	0.37914	2.0474	7.7345	0.72634	0.37914	2.0474	7.7345	0.72634	0.37914	2.0474	7.7345	0	0.29038	0.29038	0.29038	0.29038	0.29038	0.29038	0.29038	0.29038	0.29038	0.29038	0.29038	0.29038	0.29038	0.29038	0.29038	0.29038	0.29038
10000	3.2157	0.006026	0.01	1	1	1.1447	1.0766	0.39282	3.3497	14.912	1.0766	0.39282	3.3497	14.912	1.0766	0.39282	3.3497	14.912	1.0766	0.39282	3.3497	14.912	0	1.0676	0.38953	3.3217	14.787	1.0676	0.38953	3.3217	14.787	1.0676	0.38953	3.3217	14.787	1.0676	0.38953	3.3217	14.787	0	0.20442	0.20442	0.20442	0.20442	0.20442	0.20442	0.20442	0.20442	0.20442	0.20442	0.20442	0.20442	0.20442	0.20442	0.20442	0.20442	0.20442
10000	3.0456	0.001	0.01	1	1	0.8	0.85101	0.5	3.3351	15	0.85101	0.5	3.3351	15	0.85101	0.5	3.3351	15	0.85101	0.5	3.3351	15	0	0.7787	0.45752	3.0518	13.726	0.7787	0.45752	3.0518	13.726	0.7787	0.45752	3.0518	13.726	0.7787	0.45752	3.0518	13.726	0	0.19144	0.19144	0.19144	0.19144	0.19144	0.19144	0.19144	0.19144	0.19144	0.19144	0.19144	0.19144	0.19144	0.19144	0.19144	0.19144	0.19144
10000	4.5882	0.0018524	0.018471	1	1	0.8	1	0.3	2.5	15	1	0.3	2.5	15	1	0.3	2.5	15	1	0.3	2.5	15	0	1	0.3	2.5	15	1	0.3	2.5	15	1	0.3	2.5	15	1	0.3	2.5	15	0	0.2	0.2	0.2	0.2	0.2	0.2	0.2	0.2	0.2	0.2	0.2	0.2	0.2	0.2	0.2	0.2	0.2
10000	3	0.001	0.11079	1	1	0.8	0.75505	0.3	2.5	15	0.75505	0.3	2.5	15	0.75505	0.3	2.5	15	0.75505	0.3	2.5	15	0	0.75505	0.3	2.5	15	0.75505	0.3	2.5	15	0.75505	0.3	2.5	15	0.75505	0.3	2.5	15	0	0	0	0	0	0	0	0	0	0	0	0	0	0	0	0	0	0
10000	5.6988	0.001	0.017518	1	1	0.67813	1.1111	1.35	4.6667	20	1.1111	1.35	4.6667	20	1.1111	1.35	4.6667	20	1.1111	1.35	4.6667	20	0	1.1111	1.35	4.6667	20	1.1111	1.35	4.6667	20	1.1111	1.35	4.6667	20	1.1111	1.35	4.6667	20	0	0.37059	0.37059	0.37059	0.37059	0.37059	0.37059	0.37059	0.37059	0.37059	0.37059	0.37059	0.37059	0.37059	0.37059	0.37059	0.37059	0.37059
10000	5.0974	0.0021347	0.021525	1	1	0.8	0.74992	0.3	3.3333	15	0.74992	0.3	3.3333	15	0.74992	0.3	3.3333	15	0.74992	0.3	3.3333	15	0	0.74992	0.3	3.3333	15	0.74992	0.3	3.3333	15	0.74992	0.3	3.3333	15	0.74992	0.3	3.3333	15	0	0.19619	0.19619	0.19619	0.19619	0.19619	0.19619	0.19619	0.19619	0.19619	0.19619	0.19619	0.19619	0.19619	0.19619	0.19619	0.19619	0.19619
10000	6.6794	0.0040766	0.01	1	1	0.28901	0.68748	0.96487	3.1671	14.998	0.68748	0.96487	3.1671	14.998	0.68748	0.96487	3.1671	14.998	0.68748	0.96487	3.1671	14.998	0	0.68737	0.96472	3.1665	14.996	0.68737	0.96472	3.1665	14.996	0.68737	0.96472	3.1665	14.996	0.68737	0.96472	3.1665	14.996	0	0.20008	0.20008	0.20008	0.20008	0.20008	0.20008	0.20008	0.20008	0.20008	0.20008	0.20008	0.20008	0.20008	0.20008	0.20008	0.20008	0.20008
10000	3.8286	0.001	0.01125	1	1	0.575	0.75	0.1375	4.0625	22.625	0.75	0.1375	4.0625	22.625	0.75	0.1375	4.0625	22.625	0.75	0.1375	4.0625	22.625	0	0.48069	0.088127	2.6037	14.501	0.48069	0.088127	2.6037	14.501	0.48069	0.088127	2.6037	14.501	0.48069	0.088127	2.6037	14.501	0	0.25	0.25	0.25	0.25	0.25	0.25	0.25	0.25	0.25	0.25	0.25	0.25	0.25	0.25	0.25	0.25	0.25
10000	4.9975	0.001	0.028799	1	1	0.40129	1.0014	0.84083	5.0032	14.985	1.0014	0.84083	5.0032	14.985	1.0014	0.84083	5.0032	14.985	1.0014	0.84083	5.0032	14.985	0	0.52428	0.4402	2.6194	7.8453	0.52428	0.4402	2.6194	7.8453	0.52428	0.4402	2.6194	7.8453	0.52428	0.4402	2.6194	7.8453	0	0.27481	0.27481	0.27481	0.27481	0.27481	0.27481	0.27481	0.27481	0.27481	0.27481	0.27481	0.27481	0.27481	0.27481	0.27481	0.27481	0.27481
10000	3.466	0.001	0.018316	1	1	0.8	0.70293	1.2667	2.8074	13.116	0.70293	1.2667	2.8074	13.116	0.70293	1.2667	2.8074	13.116	0.70293	1.2667	2.8074	13.116	0	0.70293	1.2667	2.8074	13.116	0.70293	1.2667	2.8074	13.116	0.70293	1.2667	2.8074	13.116	0.70293	1.2667	2.8074	13.116	0	0.097638	0.097638	0.097638	0.097638	0.097638	0.097638	0.097638	0.097638	0.097638	0.097638	0.097638	0.097638	0.097638	0.097638	0.097638	0.097638	0.097638
10000	3.0068	0.0036667	0.01	1	1	0.8	0.8	0.98801	3.4224	15	0.8	0.98801	3.4224	15	0.8	0.98801	3.4224	15	0.8	0.98801	3.4224	15	0	0.66894	0.82615	2.8617	12.542	0.66894	0.82615	2.8617	12.542	0.66894	0.82615	2.8617	12.542	0.66894	0.82615	2.8617	12.542	0	0.20638	0.20638	0.20638	0.20638	0.20638	0.20638	0.20638	0.20638	0.20638	0.20638	0.20638	0.20638	0.20638	0.20638	0.20638	0.20638	0.20638
10000	3	0.001	0.018333	1	1	0.8	0.70127	0.5	2.5	15	0.70127	0.5	2.5	15	0.70127	0.5	2.5	15	0.70127	0.5	2.5	15	0	0.35063	0.25	1.25	7.5	0.35063	0.25	1.25	7.5	0.35063	0.25	1.25	7.5	0.35063	0.25	1.25	7.5	0	0.30586	0.30586	0.30586	0.30586	0.30586	0.30586	0.30586	0.30586	0.30586	0.30586	0.30586	0.30586	0.30586	0.30586	0.30586	0.30586	0.30586
10000	3.8559	0.001	0.021329	1	1	0.61856	0.83813	0.43265	2.5	15	0.83813	0.43265	2.5	15	0.83813	0.43265	2.5	15	0.83813	0.43265	2.5	15	0	0.80321	0.41462	2.3958	14.375	0.80321	0.41462	2.3958	14.375	0.80321	0.41462	2.3958	14.375	0.80321	0.41462	2.3958	14.375	0	0.2	0.2	0.2	0.2	0.2	0.2	0.2	0.2	0.2	0.2	0.2	0.2	0.2	0.2	0.2	0.2	0.2
10000	2.6089	0.0036666	0.023045	1	1	0.79992	0.86608	0.6659	2.9175	15.005	0.86608	0.6659	2.9175	15.005	0.86608	0.6659	2.9175	15.005	0.86608	0.6659	2.9175	15.005	0	0.8536	0.65631	2.8755	14.789	0.8536	0.65631	2.8755	14.789	0.8536	0.65631	2.8755	14.789	0.8536	0.65631	2.8755	14.789	0	0.30035	0.30035	0.30035	0.30035	0.30035	0.30035	0.30035	0.30035	0.30035	0.30035	0.30035	0.30035	0.30035	0.30035	0.30035	0.30035	0.30035
10000	5.2692	0.0010278	0.02	1	1	0.8	0.76487	0.3	2.5	15	0.76487	0.3	2.5	15	0.76487	0.3	2.5	15	0.76487	0.3	2.5	15	0	0.75103	0.29457	2.4548	14.729	0.75103	0.29457	2.4548	14.729	0.75103	0.29457	2.4548	14.729	0.75103	0.29457	2.4548	14.729	0	0.12133	0.12133	0.12133	0.12133	0.12133	0.12133	0.12133	0.12133	0.12133	0.12133	0.12133	0.12133	0.12133	0.12133	0.12133	0.12133	0.12133
10000	9.9999	0.005	0.015	1	1	0.8	0.70783	0.3	3.3333	15	0.70783	0.3	3.3333	15	0.70783	0.3	3.3333	15	0.70783	0.3	3.3333	15	0	0.70783	0.3	3.3333	15	0.70783	0.3	3.3333	15	0.70783	0.3	3.3333	15	0.70783	0.3	3.3333	15	0	0.2	0.2	0.2	0.2	0.2	0.2	0.2	0.2	0.2	0.2	0.2	0.2	0.2	0.2	0.2	0.2	0.2
10000	5.0824	0.001	0.02	1	1	1	1.0792	0.5	3.6127	15	1.0792	0.5	3.6127	15	1.0792	0.5	3.6127	15	1.0792	0.5	3.6127	15	0	0.75904	0.35168	2.541	10.55	0.75904	0.35168	2.541	10.55	0.75904	0.35168	2.541	10.55	0.75904	0.35168	2.541	10.55	0	0.11667	0.11667	0.11667	0.11667	0.11667	0.11667	0.11667	0.11667	0.11667	0.11667	0.11667	0.11667	0.11667	0.11667	0.11667	0.11667	0.11667
10000	9.6706	0.001	0.019796	1	1	0.79311	0.70084	0.4578	3.4947	14.592	0.70084	0.4578	3.4947	14.592	0.70084	0.4578	3.4947	14.592	0.70084	0.4578	3.4947	14.592	0	0.69671	0.4551	3.4741	14.506	0.69671	0.4551	3.4741	14.506	0.69671	0.4551	3.4741	14.506	0.69671	0.4551	3.4741	14.506	0	0.2448	0.2448	0.2448	0.2448	0.2448	0.2448	0.2448	0.2448	0.2448	0.2448	0.2448	0.2448	0.2448	0.2448	0.2448	0.2448	0.2448
10000	3.4124	0.0034747	0.014639	1	1	0.83527	0.3089	0.32547	2.4314	14.711	0.3089	0.32547	2.4314	14.711	0.3089	0.32547	2.4314	14.711	0.3089	0.32547	2.4314	14.711	0	0.31867	0.33575	2.5083	15.176	0.31867	0.33575	2.5083	15.176	0.31867	0.33575	2.5083	15.176	0.31867	0.33575	2.5083	15.176	0	0.18433	0.18433	0.18433	0.18433	0.18433	0.18433	0.18433	0.18433	0.18433	0.18433	0.18433	0.18433	0.18433	0.18433	0.18433	0.18433	0.18433
10000	5.1575	0.001	0.01	1	1	0.8	0.56421	0.3	2.5	15	0.56421	0.3	2.5	15	0.56421	0.3	2.5	15	0.56421	0.3	2.5	15	0	0.56421	0.3	2.5	15	0.56421	0.3	2.5	15	0.56421	0.3	2.5	15	0.56421	0.3	2.5	15	0	0.39259	0.39259	0.39259	0.39259	0.39259	0.39259	0.39259	0.39259	0.39259	0.39259	0.39259	0.39259	0.39259	0.39259	0.39259	0.39259	0.39259
10000	3.6296	0.0020274	0.020741	1	1	0.81071	0.49684	0.51913	2.5926	700.49	0.49684	0.51913	2.5926	700.49	0.49684	0.51913	2.5926	700.49	0.49684	0.51913	2.5926	700.49	0	0.49684	0.51913	2.5926	700.48	0.49684	0.51913	2.5926	700.48	0.49684	0.51913	2.5926	700.48	0.49684	0.51913	2.5926	700.48	0	0.22213	0.22213	0.22213	0.22213	0.22213	0.22213	0.22213	0.22213	0.22213	0.22213	0.22213	0.22213	0.22213	0.22213	0.22213	0.22213	0.22213
10000	2.6312	0.001	0.01	1	1	0.97222	0.69469	0.58194	3.1088	15.222	0.69469	0.58194	3.1088	15.222	0.69469	0.58194	3.1088	15.222	0.69469	0.58194	3.1088	15.222	0	0.30885	0.25873	1.3822	6.7677	0.30885	0.25873	1.3822	6.7677	0.30885	0.25873	1.3822	6.7677	0.30885	0.25873	1.3822	6.7677	0	0.15741	0.15741	0.15741	0.15741	0.15741	0.15741	0.15741	0.15741	0.15741	0.15741	0.15741	0.15741	0.15741	0.15741	0.15741	0.15741	0.15741
10000	5.9191	0.0013817	0.016667	1	1	0.8	0.54615	0.64663	3.5	15	0.54615	0.64663	3.5	15	0.54615	0.64663	3.5	15	0.54615	0.64663	3.5	15	0	0.53456	0.63292	3.4257	14.682	0.53456	0.63292	3.4257	14.682	0.53456	0.63292	3.4257	14.682	0.53456	0.63292	3.4257	14.682	0	0.40155	0.40155	0.40155	0.40155	0.40155	0.40155	0.40155	0.40155	0.40155	0.40155	0.40155	0.40155	0.40155	0.40155	0.40155	0.40155	0.40155
10000	3.0117	0.0016512	0.019942	1	1	0.79462	0.67391	0.30389	2.5105	29.952	0.67391	0.30389	2.5105	29.952	0.67391	0.30389	2.5105	29.952	0.67391	0.30389	2.5105	29.952	0	0.67744	0.30548	2.5236	30.109	0.67744	0.30548	2.5236	30.109	0.67744	0.30548	2.5236	30.109	0.67744	0.30548	2.5236	30.109	0	0.31288	0.31288	0.31288	0.31288	0.31288	0.31288	0.31288	0.31288	0.31288	0.31288	0.31288	0.31288	0.31288	0.31288	0.31288	0.31288	0.31288
10000	3.8952	0.001	0.020332	1	1	0.69365	0.97292	0.74612	3.561	19.716	0.97292	0.74612	3.561	19.716	0.97292	0.74612	3.561	19.716	0.97292	0.74612	3.561	19.716	0	0.78803	0.60433	2.8842	15.969	0.78803	0.60433	2.8842	15.969	0.78803	0.60433	2.8842	15.969	0.78803	0.60433	2.8842	15.969	0	0.15764	0.15764	0.15764	0.15764	0.15764	0.15764	0.15764	0.15764	0.15764	0.15764	0.15764	0.15764	0.15764	0.15764	0.15764	0.15764	0.15764
10000	3.7284	0.0014309	0.019384	1	1	0.75358	0.65536	0.41671	3.5973	15.479	0.65536	0.41671	3.5973	15.479	0.65536	0.41671	3.5973	15.479	0.65536	0.41671	3.5973	15.479	0	0.66022	0.41981	3.624	15.594	0.66022	0.41981	3.624	15.594	0.66022	0.41981	3.624	15.594	0.66022	0.41981	3.624	15.594	0	0.17607	0.17607	0.17607	0.17607	0.17607	0.17607	0.17607	0.17607	0.17607	0.17607	0.17607	0.17607	0.17607	0.17607	0.17607	0.17607	0.17607
10000	7	0.01	0.02	1	1	0.8	0.46525	0.3	2.9889	7.0231	0.46525	0.3	2.9889	7.0231	0.46525	0.3	2.9889	7.0231	0.46525	0.3	2.9889	7.0231	0	0.46525	0.3	2.9889	7.0231	0.46525	0.3	2.9889	7.0231	0.46525	0.3	2.9889	7.0231	0.46525	0.3	2.9889	7.0231	0	0.3	0.3	0.3	0.3	0.3	0.3	0.3	0.3	0.3	0.3	0.3	0.3	0.3	0.3	0.3	0.3	0.3
10000	7.0814	0.0050403	0.033231	1	1	0.78821	0.58922	0.60852	7.0295	20.138	0.58922	0.60852	7.0295	20.138	0.58922	0.60852	7.0295	20.138	0.58922	0.60852	7.0295	20.138	0	0.59473	0.61421	7.0952	20.326	0.59473	0.61421	7.0952	20.326	0.59473	0.61421	7.0952	20.326	0.59473	0.61421	7.0952	20.326	0	0.27692	0.27692	0.27692	0.27692	0.27692	0.27692	0.27692	0.27692	0.27692	0.27692	0.27692	0.27692	0.27692	0.27692	0.27692	0.27692	0.27692
10000	3.9835	0.001	0.019815	1	1	0.66586	0.54772	0.29627	2.5162	15.074	0.54772	0.29627	2.5162	15.074	0.54772	0.29627	2.5162	15.074	0.54772	0.29627	2.5162	15.074	0	0.64344	0.34805	2.956	17.709	0.64344	0.34805	2.956	17.709	0.64344	0.34805	2.956	17.709	0.64344	0.34805	2.956	17.709	0	0.18917	0.18917	0.18917	0.18917	0.18917	0.18917	0.18917	0.18917	0.18917	0.18917	0.18917	0.18917	0.18917	0.18917	0.18917	0.18917	0.18917
10000	5.7459	0.0291	0.027715	1	1	0.45285	0.98915	0.049306	3.1751	11.915	0.98915	0.049306	3.1751	11.915	0.98915	0.049306	3.1751	11.915	0.98915	0.049306	3.1751	11.915	0	1.028	0.051244	3.2999	12.383	1.028	0.051244	3.2999	12.383	1.028	0.051244	3.2999	12.383	1.028	0.051244	3.2999	12.383	0	0.35425	0.35425	0.35425	0.35425	0.35425	0.35425	0.35425	0.35425	0.35425	0.35425	0.35425	0.35425	0.35425	0.35425	0.35425	0.35425	0.35425
10000	7	0.01	0.10617	1	1	0.4449	1	0.17885	2.5	15	1	0.17885	2.5	15	1	0.17885	2.5	15	1	0.17885	2.5	15	0	0.625	0.11178	1.5625	9.375	0.625	0.11178	1.5625	9.375	0.625	0.11178	1.5625	9.375	0.625	0.11178	1.5625	9.375	0	0.28551	0.28551	0.28551	0.28551	0.28551	0.28551	0.28551	0.28551	0.28551	0.28551	0.28551	0.28551	0.28551	0.28551	0.28551	0.28551	0.28551
10000	2.9458	0.0105	0.019444	1	1	0.41074	0.68716	0.2828	1.849	7.0165	0.68716	0.2828	1.849	7.0165	0.68716	0.2828	1.849	7.0165	0.68716	0.2828	1.849	7.0165	0	0.67046	0.27593	1.8041	6.846	0.67046	0.27593	1.8041	6.846	0.67046	0.27593	1.8041	6.846	0.67046	0.27593	1.8041	6.846	0	0.21111	0.21111	0.21111	0.21111	0.21111	0.21111	0.21111	0.21111	0.21111	0.21111	0.21111	0.21111	0.21111	0.21111	0.21111	0.21111	0.21111
10000	4.6588	0.0042664	0.018093	1	1	0.51031	0.24783	0.50028	3.8827	15.614	0.24783	0.50028	3.8827	15.614	0.24783	0.50028	3.8827	15.614	0.24783	0.50028	3.8827	15.614	0	0.18989	0.38333	2.975	11.964	0.18989	0.38333	2.975	11.964	0.18989	0.38333	2.975	11.964	0.18989	0.38333	2.975	11.964	0	0.62538	0.62538	0.62538	0.62538	0.62538	0.62538	0.62538	0.62538	0.62538	0.62538	0.62538	0.62538	0.62538	0.62538	0.62538	0.62538	0.62538
10000	3.8596	0.01	0.02	1	1	0.4	0.53251	0.5	2.5	10	0.53251	0.5	2.5	10	0.53251	0.5	2.5	10	0.53251	0.5	2.5	10	0	0.53251	0.49999	2.5	9.9999	0.53251	0.49999	2.5	9.9999	0.53251	0.49999	2.5	9.9999	0.53251	0.49999	2.5	9.9999	0	0.4	0.4	0.4	0.4	0.4	0.4	0.4	0.4	0.4	0.4	0.4	0.4	0.4	0.4	0.4	0.4	0.4
10000	1.8703	0.0094619	0.03	1	1	0.54434	1.0832	0.4	7	15	1.0832	0.4	7	15	1.0832	0.4	7	15	1.0832	0.4	7	15	0	0.54162	0.2	3.5	7.5	0.54162	0.2	3.5	7.5	0.54162	0.2	3.5	7.5	0.54162	0.2	3.5	7.5	0	0.3	0.3	0.3	0.3	0.3	0.3	0.3	0.3	0.3	0.3	0.3	0.3	0.3	0.3	0.3	0.3	0.3
10000	4.2185	0.0080739	0.017663	1	1	0.61118	0.89473	0.94833	3.0849	25.43	0.89473	0.94833	3.0849	25.43	0.89473	0.94833	3.0849	25.43	0.89473	0.94833	3.0849	25.43	0	0.22368	0.23708	0.77123	6.3575	0.22368	0.23708	0.77123	6.3575	0.22368	0.23708	0.77123	6.3575	0.22368	0.23708	0.77123	6.3575	0	0.22362	0.22362	0.22362	0.22362	0.22362	0.22362	0.22362	0.22362	0.22362	0.22362	0.22362	0.22362	0.22362	0.22362	0.22362	0.22362	0.22362
10000	2.9997	0.010003	0.020006	1	1	0.6403	0.86509	0.39978	3.6847	39.998	0.86509	0.39978	3.6847	39.998	0.86509	0.39978	3.6847	39.998	0.86509	0.39978	3.6847	39.998	0	0.35224	0.16278	1.5003	16.286	0.35224	0.16278	1.5003	16.286	0.35224	0.16278	1.5003	16.286	0.35224	0.16278	1.5003	16.286	0	0.19987	0.19987	0.19987	0.19987	0.19987	0.19987	0.19987	0.19987	0.19987	0.19987	0.19987	0.19987	0.19987	0.19987	0.19987	0.19987	0.19987
10000	3.2469	0.02	0.027176	1	1	0.6048	0.99999	1.35	4.6667	15	0.99999	1.35	4.6667	15	0.99999	1.35	4.6667	15	0.99999	1.35	4.6667	15	0	1.1427	1.5427	5.3327	17.141	1.1427	1.5427	5.3327	17.141	1.1427	1.5427	5.3327	17.141	1.1427	1.5427	5.3327	17.141	0	0.3	0.3	0.3	0.3	0.3	0.3	0.3	0.3	0.3	0.3	0.3	0.3	0.3	0.3	0.3	0.3	0.3
10000	3	0.01	0.01	1	1	0.67235	1.3333	0.4	2.5	15	1.3333	0.4	2.5	15	1.3333	0.4	2.5	15	1.3333	0.4	2.5	15	0	0.33333	0.1	0.625	3.75	0.33333	0.1	0.625	3.75	0.33333	0.1	0.625	3.75	0.33333	0.1	0.625	3.75	0	0.21678	0.21678	0.21678	0.21678	0.21678	0.21678	0.21678	0.21678	0.21678	0.21678	0.21678	0.21678	0.21678	0.21678	0.21678	0.21678	0.21678
10000	2.0229	0.010795	0.01	1	1	1.0758	0.25606	1.0931	3.3543	12.042	0.25606	1.0931	3.3543	12.042	0.25606	1.0931	3.3543	12.042	0.25606	1.0931	3.3543	12.042	0	0.12957	0.55312	1.6973	6.0931	0.12957	0.55312	1.6973	6.0931	0.12957	0.55312	1.6973	6.0931	0.12957	0.55312	1.6973	6.0931	0	0.32096	0.32096	0.32096	0.32096	0.32096	0.32096	0.32096	0.32096	0.32096	0.32096	0.32096	0.32096	0.32096	0.32096	0.32096	0.32096	0.32096
10000	0.74445	0.0056863	0.01	1	1	0.66708	0.63136	1.4787	3.5	11.667	0.63136	1.4787	3.5	11.667	0.63136	1.4787	3.5	11.667	0.63136	1.4787	3.5	11.667	0	0.31568	0.73933	1.75	5.8333	0.31568	0.73933	1.75	5.8333	0.31568	0.73933	1.75	5.8333	0.31568	0.73933	1.75	5.8333	0	0.32253	0.32253	0.32253	0.32253	0.32253	0.32253	0.32253	0.32253	0.32253	0.32253	0.32253	0.32253	0.32253	0.32253	0.32253	0.32253	0.32253
10000	5.9598	0.0049947	0.020571	1	1	1.0276	0.13468	0.87923	2.9727	15.023	0.13468	0.87923	2.9727	15.023	0.13468	0.87923	2.9727	15.023	0.13468	0.87923	2.9727	15.023	0	0.0517	0.33751	1.1411	5.7667	0.0517	0.33751	1.1411	5.7667	0.0517	0.33751	1.1411	5.7667	0.0517	0.33751	1.1411	5.7667	0	0.34239	0.34239	0.34239	0.34239	0.34239	0.34239	0.34239	0.34239	0.34239	0.34239	0.34239	0.34239	0.34239	0.34239	0.34239	0.34239	0.34239
10000	3	0.0086258	0.02	1	1	0.99999	-0.35435	0.55555	2.9116	5.22	-0.35435	0.55555	2.9116	5.22	-0.35435	0.55555	2.9116	5.22	-0.35435	0.55555	2.9116	5.22	0	-0.13288	0.20833	1.0918	1.9575	-0.13288	0.20833	1.0918	1.9575	-0.13288	0.20833	1.0918	1.9575	-0.13288	0.20833	1.0918	1.9575	0	0.18889	0.18889	0.18889	0.18889	0.18889	0.18889	0.18889	0.18889	0.18889	0.18889	0.18889	0.18889	0.18889	0.18889	0.18889	0.18889	0.18889
10000	3.1391	0.0041761	0.02634	1	1	0.78174	0.59493	1.4066	2.9706	17.122	0.59493	1.4066	2.9706	17.122	0.59493	1.4066	2.9706	17.122	0.59493	1.4066	2.9706	17.122	0	0.29617	0.70023	1.4788	8.5237	0.29617	0.70023	1.4788	8.5237	0.29617	0.70023	1.4788	8.5237	0.29617	0.70023	1.4788	8.5237	0	0.26721	0.26721	0.26721	0.26721	0.26721	0.26721	0.26721	0.26721	0.26721	0.26721	0.26721	0.26721	0.26721	0.26721	0.26721	0.26721	0.26721
10000	3.1901	0.0038298	0.016019	1	1	0.99999	-0.08	1.4149	3.5	20	-0.08	1.4149	3.5	20	-0.08	1.4149	3.5	20	-0.08	1.4149	3.5	20	0	-0.042006	0.74291	1.8378	10.502	-0.042006	0.74291	1.8378	10.502	-0.042006	0.74291	1.8378	10.502	-0.042006	0.74291	1.8378	10.502	0	0.15	0.15	0.15	0.15	0.15	0.15	0.15	0.15	0.15	0.15	0.15	0.15	0.15	0.15	0.15	0.15	0.15
10000	4.7277	0.001	0.01	1	1	0.88883	0.23646	1.2563	2.8607	14.996	0.23646	1.2563	2.8607	14.996	0.23646	1.2563	2.8607	14.996	0.23646	1.2563	2.8607	14.996	0	0.2526	1.3421	3.056	16.019	0.2526	1.3421	3.056	16.019	0.2526	1.3421	3.056	16.019	0.2526	1.3421	3.056	16.019	0	0.2999	0.2999	0.2999	0.2999	0.2999	0.2999	0.2999	0.2999	0.2999	0.2999	0.2999	0.2999	0.2999	0.2999	0.2999	0.2999	0.2999
10000	1.0526	0.0038519	0.02336	1	1	0.8759	0.72603	1.5491	3.6866	20.928	0.72603	1.5491	3.6866	20.928	0.72603	1.5491	3.6866	20.928	0.72603	1.5491	3.6866	20.928	0	0.42479	0.90638	2.157	12.245	0.42479	0.90638	2.157	12.245	0.42479	0.90638	2.157	12.245	0.42479	0.90638	2.157	12.245	0	0.18	0.18	0.18	0.18	0.18	0.18	0.18	0.18	0.18	0.18	0.18	0.18	0.18	0.18	0.18	0.18	0.18
10000	1.9977	0.006086	0.022718	1	1	1.0579	0.66689	2.0956	4.2504	16.183	0.66689	2.0956	4.2504	16.183	0.66689	2.0956	4.2504	16.183	0.66689	2.0956	4.2504	16.183	0	0.59203	1.8603	3.7733	14.366	0.59203	1.8603	3.7733	14.366	0.59203	1.8603	3.7733	14.366	0.59203	1.8603	3.7733	14.366	0	0.20369	0.20369	0.20369	0.20369	0.20369	0.20369	0.20369	0.20369	0.20369	0.20369	0.20369	0.20369	0.20369	0.20369	0.20369	0.20369	0.20369
10000	0.1	0.0080691	0.01	1	1	1	0.8	1.9	3.5	15	0.8	1.9	3.5	15	0.8	1.9	3.5	15	0.8	1.9	3.5	15	0	0.4	0.95	1.75	7.5	0.4	0.95	1.75	7.5	0.4	0.95	1.75	7.5	0.4	0.95	1.75	7.5	0	0.13206	0.13206	0.13206	0.13206	0.13206	0.13206	0.13206	0.13206	0.13206	0.13206	0.13206	0.13206	0.13206	0.13206	0.13206	0.13206	0.13206
10000	4.0946	0.0033109	0.040347	1	1	0.83289	0.74703	0.83877	3.5331	17.475	0.74703	0.83877	3.5331	17.475	0.74703	0.83877	3.5331	17.475	0.74703	0.83877	3.5331	17.475	0	0.25289	0.28394	1.196	5.9157	0.25289	0.28394	1.196	5.9157	0.25289	0.28394	1.196	5.9157	0.25289	0.28394	1.196	5.9157	0	0.21497	0.21497	0.21497	0.21497	0.21497	0.21497	0.21497	0.21497	0.21497	0.21497	0.21497	0.21497	0.21497	0.21497	0.21497	0.21497	0.21497
10000	4.4597	0.001	0.011381	1	1	0.72585	0.73851	1.9663	3.8578	10.875	0.73851	1.9663	3.8578	10.875	0.73851	1.9663	3.8578	10.875	0.73851	1.9663	3.8578	10.875	0	0.36301	0.96651	1.8963	5.3454	0.36301	0.96651	1.8963	5.3454	0.36301	0.96651	1.8963	5.3454	0.36301	0.96651	1.8963	5.3454	0	0.26362	0.26362	0.26362	0.26362	0.26362	0.26362	0.26362	0.26362	0.26362	0.26362	0.26362	0.26362	0.26362	0.26362	0.26362	0.26362	0.26362
10000	1.516	0.005	0.02	1	1	0.8	0.55893	1.106	3.7709	15	0.55893	1.106	3.7709	15	0.55893	1.106	3.7709	15	0.55893	1.106	3.7709	15	0	0.33242	0.65777	2.2427	8.9211	0.33242	0.65777	2.2427	8.9211	0.33242	0.65777	2.2427	8.9211	0.33242	0.65777	2.2427	8.9211	0	0.15	0.15	0.15	0.15	0.15	0.15	0.15	0.15	0.15	0.15	0.15	0.15	0.15	0.15	0.15	0.15	0.15
10000	0.1	0.011291	0.029014	1	1	0.7621	0.70762	1.8643	4.7763	29.597	0.70762	1.8643	4.7763	29.597	0.70762	1.8643	4.7763	29.597	0.70762	1.8643	4.7763	29.597	0	0.34674	0.91354	2.3405	14.503	0.34674	0.91354	2.3405	14.503	0.34674	0.91354	2.3405	14.503	0.34674	0.91354	2.3405	14.503	0	0.19885	0.19885	0.19885	0.19885	0.19885	0.19885	0.19885	0.19885	0.19885	0.19885	0.19885	0.19885	0.19885	0.19885	0.19885	0.19885	0.19885
10000	3	0.001	0.015	1	1	0.8	0.56271	0.6	2.3289	15	0.56271	0.6	2.3289	15	0.56271	0.6	2.3289	15	0.56271	0.6	2.3289	15	0	0.14068	0.15	0.58222	3.75	0.14068	0.15	0.58222	3.75	0.14068	0.15	0.58222	3.75	0.14068	0.15	0.58222	3.75	0	0.16363	0.16363	0.16363	0.16363	0.16363	0.16363	0.16363	0.16363	0.16363	0.16363	0.16363	0.16363	0.16363	0.16363	0.16363	0.16363	0.16363
10000	3.5969	0.0074578	0.02	1	1	0.8	0.69591	0.3	2.5	15	0.69591	0.3	2.5	15	0.69591	0.3	2.5	15	0.69591	0.3	2.5	15	0	0.69591	0.3	2.5	15	0.69591	0.3	2.5	15	0.69591	0.3	2.5	15	0.69591	0.3	2.5	15	0	0.2	0.2	0.2	0.2	0.2	0.2	0.2	0.2	0.2	0.2	0.2	0.2	0.2	0.2	0.2	0.2	0.2
10000	3	0.001	0.031245	1	1	0.9151	1	0.3	3.5	2.8364	1	0.3	3.5	2.8364	1	0.3	3.5	2.8364	1	0.3	3.5	2.8364	0	1.0201	0.30604	3.5704	2.8935	1.0201	0.30604	3.5704	2.8935	1.0201	0.30604	3.5704	2.8935	1.0201	0.30604	3.5704	2.8935	0	0.38348	0.38348	0.38348	0.38348	0.38348	0.38348	0.38348	0.38348	0.38348	0.38348	0.38348	0.38348	0.38348	0.38348	0.38348	0.38348	0.38348
10000	1.8669	0.01	0.016527	1	1	0.53333	0.8	0.66667	3.3333	26.667	0.8	0.66667	3.3333	26.667	0.8	0.66667	3.3333	26.667	0.8	0.66667	3.3333	26.667	0	0.76667	0.63889	3.1944	25.556	0.76667	0.63889	3.1944	25.556	0.76667	0.63889	3.1944	25.556	0.76667	0.63889	3.1944	25.556	0	0.38842	0.38842	0.38842	0.38842	0.38842	0.38842	0.38842	0.38842	0.38842	0.38842	0.38842	0.38842	0.38842	0.38842	0.38842	0.38842	0.38842
10000	3.6107	0.010108	0.041343	1	1	0.67786	0.82014	0.31842	4.3042	15.179	0.82014	0.31842	4.3042	15.179	0.82014	0.31842	4.3042	15.179	0.82014	0.31842	4.3042	15.179	0	0.85607	0.33237	4.4928	15.844	0.85607	0.33237	4.4928	15.844	0.85607	0.33237	4.4928	15.844	0.85607	0.33237	4.4928	15.844	0	0.47827	0.47827	0.47827	0.47827	0.47827	0.47827	0.47827	0.47827	0.47827	0.47827	0.47827	0.47827	0.47827	0.47827	0.47827	0.47827	0.47827
10000	9.0397	0.001	0.017245	1	1	0.72582	0.67222	0.6	3.8889	-33.427	0.67222	0.6	3.8889	-33.427	0.67222	0.6	3.8889	-33.427	0.67222	0.6	3.8889	-33.427	0	0.67222	0.6	3.8889	-33.427	0.67222	0.6	3.8889	-33.427	0.67222	0.6	3.8889	-33.427	0.67222	0.6	3.8889	-33.427	0	0.33542	0.33542	0.33542	0.33542	0.33542	0.33542	0.33542	0.33542	0.33542	0.33542	0.33542	0.33542	0.33542	0.33542	0.33542	0.33542	0.33542
10000	3	0.001	0.02	1	1	0.8	0.99999	0.3	5	56.589	0.99999	0.3	5	56.589	0.99999	0.3	5	56.589	0.99999	0.3	5	56.589	0	0.99999	0.3	5	56.589	0.99999	0.3	5	56.589	0.99999	0.3	5	56.589	0.99999	0.3	5	56.589	0	0.28179	0.28179	0.28179	0.28179	0.28179	0.28179	0.28179	0.28179	0.28179	0.28179	0.28179	0.28179	0.28179	0.28179	0.28179	0.28179	0.28179
10000	2.0063	0.001	0.019177	1	1	0.81276	1.0142	0.30921	3.6594	-56.487	1.0142	0.30921	3.6594	-56.487	1.0142	0.30921	3.6594	-56.487	1.0142	0.30921	3.6594	-56.487	0	1.0232	0.31195	3.6918	-56.988	1.0232	0.31195	3.6918	-56.988	1.0232	0.31195	3.6918	-56.988	1.0232	0.31195	3.6918	-56.988	0	0.45269	0.45269	0.45269	0.45269	0.45269	0.45269	0.45269	0.45269	0.45269	0.45269	0.45269	0.45269	0.45269	0.45269	0.45269	0.45269	0.45269
10000	1.92	0.005	0.018469	1	1	0.88888	1	0.88683	3.7814	0.55428	1	0.88683	3.7814	0.55428	1	0.88683	3.7814	0.55428	1	0.88683	3.7814	0.55428	0	1	0.88683	3.7814	0.55428	1	0.88683	3.7814	0.55428	1	0.88683	3.7814	0.55428	1	0.88683	3.7814	0.55428	0	0.31223	0.31223	0.31223	0.31223	0.31223	0.31223	0.31223	0.31223	0.31223	0.31223	0.31223	0.31223	0.31223	0.31223	0.31223	0.31223	0.31223
10000	6.1149	0.0052825	0.020901	1	1	1.3457	0.76216	0.29398	4.6389	0	0.76216	0.29398	4.6389	0	0.76216	0.29398	4.6389	0	0.76216	0.29398	4.6389	0	0	1.0082	0.38888	6.1363	0	1.0082	0.38888	6.1363	0	1.0082	0.38888	6.1363	0	1.0082	0.38888	6.1363	0	0	0.2858	0.2858	0.2858	0.2858	0.2858	0.2858	0.2858	0.2858	0.2858	0.2858	0.2858	0.2858	0.2858	0.2858	0.2858	0.2858	0.2858
10000	3.0233	0.010215	0.032891	1	1	0.99829	0.98807	0.29225	5.0209	-55.081	0.98807	0.29225	5.0209	-55.081	0.98807	0.29225	5.0209	-55.081	0.98807	0.29225	5.0209	-55.081	0	0.93659	0.27702	4.7593	-52.211	0.93659	0.27702	4.7593	-52.211	0.93659	0.27702	4.7593	-52.211	0.93659	0.27702	4.7593	-52.211	0	0.30006	0.30006	0.30006	0.30006	0.30006	0.30006	0.30006	0.30006	0.30006	0.30006	0.30006	0.30006	0.30006	0.30006	0.30006	0.30006	0.30006
10000	8.4004	0.0045919	0.01	1	1	0.99495	0.80062	0.0025262	3.4998	-10.87	0.80062	0.0025262	3.4998	-10.87	0.80062	0.0025262	3.4998	-10.87	0.80062	0.0025262	3.4998	-10.87	0	0.84672	0.0026716	3.7013	-11.496	0.84672	0.0026716	3.7013	-11.496	0.84672	0.0026716	3.7013	-11.496	0.84672	0.0026716	3.7013	-11.496	0	0.2547	0.2547	0.2547	0.2547	0.2547	0.2547	0.2547	0.2547	0.2547	0.2547	0.2547	0.2547	0.2547	0.2547	0.2547	0.2547	0.2547
10000	4.3905	0.001	0.018333	1	1	1.1417	1.0833	0.56657	6.2128	-66.293	1.0833	0.56657	6.2128	-66.293	1.0833	0.56657	6.2128	-66.293	1.0833	0.56657	6.2128	-66.293	0	1.0043	0.52526	5.7597	-61.459	1.0043	0.52526	5.7597	-61.459	1.0043	0.52526	5.7597	-61.459	1.0043	0.52526	5.7597	-61.459	0	0.25437	0.25437	0.25437	0.25437	0.25437	0.25437	0.25437	0.25437	0.25437	0.25437	0.25437	0.25437	0.25437	0.25437	0.25437	0.25437	0.25437
10000	3.1667	0.007	0.03	1	1	1.3333	1	0.3	10.534	11.773	1	0.3	10.534	11.773	1	0.3	10.534	11.773	1	0.3	10.534	11.773	0	0.93946	0.28184	9.8965	11.06	0.93946	0.28184	9.8965	11.06	0.93946	0.28184	9.8965	11.06	0.93946	0.28184	9.8965	11.06	0	0.3036	0.3036	0.3036	0.3036	0.3036	0.3036	0.3036	0.3036	0.3036	0.3036	0.3036	0.3036	0.3036	0.3036	0.3036	0.3036	0.3036
10000	7.4688	0.001	0.018333	1	1	1	0.8	0.3	3.5	-44.478	0.8	0.3	3.5	-44.478	0.8	0.3	3.5	-44.478	0.8	0.3	3.5	-44.478	0	0.68751	0.25782	3.0078	-38.224	0.68751	0.25782	3.0078	-38.224	0.68751	0.25782	3.0078	-38.224	0.68751	0.25782	3.0078	-38.224	0	0.37601	0.37601	0.37601	0.37601	0.37601	0.37601	0.37601	0.37601	0.37601	0.37601	0.37601	0.37601	0.37601	0.37601	0.37601	0.37601	0.37601
10000	2.0565	0.001	0.010283	1	1	0.63541	1.3631	-0.10855	5.9114	-67.681	1.3631	-0.10855	5.9114	-67.681	1.3631	-0.10855	5.9114	-67.681	1.3631	-0.10855	5.9114	-67.681	0	0.74188	-0.059083	3.2174	-36.836	0.74188	-0.059083	3.2174	-36.836	0.74188	-0.059083	3.2174	-36.836	0.74188	-0.059083	3.2174	-36.836	0	0.19025	0.19025	0.19025	0.19025	0.19025	0.19025	0.19025	0.19025	0.19025	0.19025	0.19025	0.19025	0.19025	0.19025	0.19025	0.19025	0.19025
10000	1.5549	0.0048954	0.027529	1	1	1.0807	1.2252	0.42703	29.454	12.505	1.2252	0.42703	29.454	12.505	1.2252	0.42703	29.454	12.505	1.2252	0.42703	29.454	12.505	0	0.91317	0.31829	21.954	9.3207	0.91317	0.31829	21.954	9.3207	0.91317	0.31829	21.954	9.3207	0.91317	0.31829	21.954	9.3207	0	0.47462	0.47462	0.47462	0.47462	0.47462	0.47462	0.47462	0.47462	0.47462	0.47462	0.47462	0.47462	0.47462	0.47462	0.47462	0.47462	0.47462
10000	10	0.001	0.028397	1	1	0.81648	1.1737	0.44763	7.0595	-15.44	1.1737	0.44763	7.0595	-15.44	1.1737	0.44763	7.0595	-15.44	1.1737	0.44763	7.0595	-15.44	0	0.88901	0.33905	5.3471	-11.695	0.88901	0.33905	5.3471	-11.695	0.88901	0.33905	5.3471	-11.695	0.88901	0.33905	5.3471	-11.695	0	0.35427	0.35427	0.35427	0.35427	0.35427	0.35427	0.35427	0.35427	0.35427	0.35427	0.35427	0.35427	0.35427	0.35427	0.35427	0.35427	0.35427
10000	2.9653	0.0071937	0.014516	1	1	0.78118	0.9305	0.34834	7.617	-70.687	0.9305	0.34834	7.617	-70.687	0.9305	0.34834	7.617	-70.687	0.9305	0.34834	7.617	-70.687	0	0.33767	0.12641	2.7642	-25.652	0.33767	0.12641	2.7642	-25.652	0.33767	0.12641	2.7642	-25.652	0.33767	0.12641	2.7642	-25.652	0	0.10585	0.10585	0.10585	0.10585	0.10585	0.10585	0.10585	0.10585	0.10585	0.10585	0.10585	0.10585	0.10585	0.10585	0.10585	0.10585	0.10585
10000	1.5514	0.0059347	0.039956	1	1	0.8975	1.0007	0.60047	7.0016	-85.414	1.0007	0.60047	7.0016	-85.414	1.0007	0.60047	7.0016	-85.414	1.0007	0.60047	7.0016	-85.414	0	0.48592	0.29157	3.3997	-41.474	0.48592	0.29157	3.3997	-41.474	0.48592	0.29157	3.3997	-41.474	0.48592	0.29157	3.3997	-41.474	0	0.31912	0.31912	0.31912	0.31912	0.31912	0.31912	0.31912	0.31912	0.31912	0.31912	0.31912	0.31912	0.31912	0.31912	0.31912	0.31912	0.31912
10000	2.9366	0.001	0.02093	1	1	0.79806	0.94667	0.29859	3.4663	-566.8	0.94667	0.29859	3.4663	-566.8	0.94667	0.29859	3.4663	-566.8	0.94667	0.29859	3.4663	-566.8	0	0.97676	0.30809	3.5765	-584.82	0.97676	0.30809	3.5765	-584.82	0.97676	0.30809	3.5765	-584.82	0.97676	0.30809	3.5765	-584.82	0	0.20084	0.20084	0.20084	0.20084	0.20084	0.20084	0.20084	0.20084	0.20084	0.20084	0.20084	0.20084	0.20084	0.20084	0.20084	0.20084	0.20084
10000	1.3821	0.0024117	0.064936	1	1	0.42124	1.4208	0.27056	6.2139	-13.526	1.4208	0.27056	6.2139	-13.526	1.4208	0.27056	6.2139	-13.526	1.4208	0.27056	6.2139	-13.526	0	0.89764	0.17093	3.9257	-8.5453	0.89764	0.17093	3.9257	-8.5453	0.89764	0.17093	3.9257	-8.5453	0.89764	0.17093	3.9257	-8.5453	0	0.28795	0.28795	0.28795	0.28795	0.28795	0.28795	0.28795	0.28795	0.28795	0.28795	0.28795	0.28795	0.28795	0.28795	0.28795	0.28795	0.28795
10000	1.8109	0.013165	0.028749	1	1	0.59705	0.54021	0.46528	7.0627	-59.618	0.54021	0.46528	7.0627	-59.618	0.54021	0.46528	7.0627	-59.618	0.54021	0.46528	7.0627	-59.618	0	0.13505	0.11632	1.7657	-14.904	0.13505	0.11632	1.7657	-14.904	0.13505	0.11632	1.7657	-14.904	0.13505	0.11632	1.7657	-14.904	0	0.025703	0.025703	0.025703	0.025703	0.025703	0.025703	0.025703	0.025703	0.025703	0.025703	0.025703	0.025703	0.025703	0.025703	0.025703	0.025703	0.025703
10000	2.5816	0.0105	0.039178	1	1	0.47675	1.0375	0.47222	3.8056	-71.678	1.0375	0.47222	3.8056	-71.678	1.0375	0.47222	3.8056	-71.678	1.0375	0.47222	3.8056	-71.678	0	1.0698	0.48691	3.9239	-73.907	1.0698	0.48691	3.9239	-73.907	1.0698	0.48691	3.9239	-73.907	1.0698	0.48691	3.9239	-73.907	0	0.22629	0.22629	0.22629	0.22629	0.22629	0.22629	0.22629	0.22629	0.22629	0.22629	0.22629	0.22629	0.22629	0.22629	0.22629	0.22629	0.22629
10000	3.3353	0.0032646	0.01	1	1	0.91525	1.128	0.38323	4.7759	-18.782	1.128	0.38323	4.7759	-18.782	1.128	0.38323	4.7759	-18.782	1.128	0.38323	4.7759	-18.782	0	1.2991	0.44133	5.5	-21.63	1.2991	0.44133	5.5	-21.63	1.2991	0.44133	5.5	-21.63	1.2991	0.44133	5.5	-21.63	0	0.41003	0.41003	0.41003	0.41003	0.41003	0.41003	0.41003	0.41003	0.41003	0.41003	0.41003	0.41003	0.41003	0.41003	0.41003	0.41003	0.41003
10000	0.1	0.010022	0.019975	1	1	0.60827	0.99877	0.33371	3.742	-99.938	0.99877	0.33371	3.742	-99.938	0.99877	0.33371	3.742	-99.938	0.99877	0.33371	3.742	-99.938	0	0.52221	0.17448	1.9566	-52.253	0.52221	0.17448	1.9566	-52.253	0.52221	0.17448	1.9566	-52.253	0.52221	0.17448	1.9566	-52.253	0	0.19951	0.19951	0.19951	0.19951	0.19951	0.19951	0.19951	0.19951	0.19951	0.19951	0.19951	0.19951	0.19951	0.19951	0.19951	0.19951	0.19951
10000	3.0415	0.001	0.013154	1	1	0.8	0.8273	0.3	2.5	7.1302	0.8273	0.3	2.5	7.1302	0.8273	0.3	2.5	7.1302	0.8273	0.3	2.5	7.1302	0	0.65039	0.23585	1.9654	5.6055	0.65039	0.23585	1.9654	5.6055	0.65039	0.23585	1.9654	5.6055	0.65039	0.23585	1.9654	5.6055	0	0.1	0.1	0.1	0.1	0.1	0.1	0.1	0.1	0.1	0.1	0.1	0.1	0.1	0.1	0.1	0.1	0.1
10000	10	0.001	0.02	1	1	1	1	0	2.9253	15	1	0	2.9253	15	1	0	2.9253	15	1	0	2.9253	15	0	1	0	2.9253	15	1	0	2.9253	15	1	0	2.9253	15	1	0	2.9253	15	0	0.29365	0.29365	0.29365	0.29365	0.29365	0.29365	0.29365	0.29365	0.29365	0.29365	0.29365	0.29365	0.29365	0.29365	0.29365	0.29365	0.29365
10000	5	0.001	0.022937	1	1	0.67268	1	0.4	2.6031	15	1	0.4	2.6031	15	1	0.4	2.6031	15	1	0.4	2.6031	15	0	0.95297	0.38119	2.4807	14.295	0.95297	0.38119	2.4807	14.295	0.95297	0.38119	2.4807	14.295	0.95297	0.38119	2.4807	14.295	0	0.13333	0.13333	0.13333	0.13333	0.13333	0.13333	0.13333	0.13333	0.13333	0.13333	0.13333	0.13333	0.13333	0.13333	0.13333	0.13333	0.13333
10000	7.4719	0.001	0.02436	1	1	0.75407	1	0.3	3.3333	15	1	0.3	3.3333	15	1	0.3	3.3333	15	1	0.3	3.3333	15	0	1.352	0.4056	4.5067	20.28	1.352	0.4056	4.5067	20.28	1.352	0.4056	4.5067	20.28	1.352	0.4056	4.5067	20.28	0	0.25	0.25	0.25	0.25	0.25	0.25	0.25	0.25	0.25	0.25	0.25	0.25	0.25	0.25	0.25	0.25	0.25
10000	6.9762	0.0097219	0.020309	1	1	0.7969	0.98455	0.31004	3.6614	15.124	0.98455	0.31004	3.6614	15.124	0.98455	0.31004	3.6614	15.124	0.98455	0.31004	3.6614	15.124	0	0.99786	0.31423	3.7109	15.328	0.99786	0.31423	3.7109	15.328	0.99786	0.31423	3.7109	15.328	0.99786	0.31423	3.7109	15.328	0	0.16784	0.16784	0.16784	0.16784	0.16784	0.16784	0.16784	0.16784	0.16784	0.16784	0.16784	0.16784	0.16784	0.16784	0.16784	0.16784	0.16784
10000	3.1345	0.001	0.016544	1	1	0.86573	1	0.3	2.5	15	1	0.3	2.5	15	1	0.3	2.5	15	1	0.3	2.5	15	0	1	0.3	2.5	15	1	0.3	2.5	15	1	0.3	2.5	15	1	0.3	2.5	15	0	0.2	0.2	0.2	0.2	0.2	0.2	0.2	0.2	0.2	0.2	0.2	0.2	0.2	0.2	0.2	0.2	0.2
10000	1.0735	0.001	0.01	1	1	1.0358	1.5043	0.721	3.6686	12.714	1.5043	0.721	3.6686	12.714	1.5043	0.721	3.6686	12.714	1.5043	0.721	3.6686	12.714	0	0.39977	0.19161	0.97496	3.3789	0.39977	0.19161	0.97496	3.3789	0.39977	0.19161	0.97496	3.3789	0.39977	0.19161	0.97496	3.3789	0	0	0	0	0	0	0	0	0	0	0	0	0	0	0	0	0	0
10000	2.8639	0.0060561	0.017966	1	1	1.1292	1.1046	0.31503	3.0684	14.955	1.1046	0.31503	3.0684	14.955	1.1046	0.31503	3.0684	14.955	1.1046	0.31503	3.0684	14.955	0	0.96329	0.27474	2.6759	13.042	0.96329	0.27474	2.6759	13.042	0.96329	0.27474	2.6759	13.042	0.96329	0.27474	2.6759	13.042	0	0.20022	0.20022	0.20022	0.20022	0.20022	0.20022	0.20022	0.20022	0.20022	0.20022	0.20022	0.20022	0.20022	0.20022	0.20022	0.20022	0.20022
10000	2.8389	0.001	0.02	1	1	0.88889	0.95204	0.3	2.5	22.536	0.95204	0.3	2.5	22.536	0.95204	0.3	2.5	22.536	0.95204	0.3	2.5	22.536	0	0.92314	0.29089	2.4241	21.852	0.92314	0.29089	2.4241	21.852	0.92314	0.29089	2.4241	21.852	0.92314	0.29089	2.4241	21.852	0	0.18618	0.18618	0.18618	0.18618	0.18618	0.18618	0.18618	0.18618	0.18618	0.18618	0.18618	0.18618	0.18618	0.18618	0.18618	0.18618	0.18618
10000	5.1573	0.001	0.01	1	1	1.0269	0.82422	0.1926	2.5471	14.785	0.82422	0.1926	2.5471	14.785	0.82422	0.1926	2.5471	14.785	0.82422	0.1926	2.5471	14.785	0	0.83043	0.19405	2.5663	14.896	0.83043	0.19405	2.5663	14.896	0.83043	0.19405	2.5663	14.896	0.83043	0.19405	2.5663	14.896	0	0.32481	0.32481	0.32481	0.32481	0.32481	0.32481	0.32481	0.32481	0.32481	0.32481	0.32481	0.32481	0.32481	0.32481	0.32481	0.32481	0.32481
10000	5	0.005	0.03	1	1	1.0667	1.5551	0.3	2.5	15	1.5551	0.3	2.5	15	1.5551	0.3	2.5	15	1.5551	0.3	2.5	15	0	1.28	0.24693	2.0577	12.346	1.28	0.24693	2.0577	12.346	1.28	0.24693	2.0577	12.346	1.28	0.24693	2.0577	12.346	0	0.1	0.1	0.1	0.1	0.1	0.1	0.1	0.1	0.1	0.1	0.1	0.1	0.1	0.1	0.1	0.1	0.1
10000	5.5923	0.005	0.021507	1	1	1.0688	1	0.3	2.5	5.8868	1	0.3	2.5	5.8868	1	0.3	2.5	5.8868	1	0.3	2.5	5.8868	0	1.2	0.36	3	7.0642	1.2	0.36	3	7.0642	1.2	0.36	3	7.0642	1.2	0.36	3	7.0642	0	0.13255	0.13255	0.13255	0.13255	0.13255	0.13255	0.13255	0.13255	0.13255	0.13255	0.13255	0.13255	0.13255	0.13255	0.13255	0.13255	0.13255
10000	5.1393	0.001	0.023336	1	1	0.88897	0.73483	0.40008	2.7779	9.0269	0.73483	0.40008	2.7779	9.0269	0.73483	0.40008	2.7779	9.0269	0.73483	0.40008	2.7779	9.0269	0	0.84746	0.4614	3.2037	10.41	0.84746	0.4614	3.2037	10.41	0.84746	0.4614	3.2037	10.41	0.84746	0.4614	3.2037	10.41	0	0.29164	0.29164	0.29164	0.29164	0.29164	0.29164	0.29164	0.29164	0.29164	0.29164	0.29164	0.29164	0.29164	0.29164	0.29164	0.29164	0.29164
10000	3	0.01	0.01	1	1	0.73295	1.1757	0.6	2.5	40	1.1757	0.6	2.5	40	1.1757	0.6	2.5	40	1.1757	0.6	2.5	40	0	1.1757	0.6	2.5	40	1.1757	0.6	2.5	40	1.1757	0.6	2.5	40	1.1757	0.6	2.5	40	0	0.11667	0.11667	0.11667	0.11667	0.11667	0.11667	0.11667	0.11667	0.11667	0.11667	0.11667	0.11667	0.11667	0.11667	0.11667	0.11667	0.11667
10000	7	0.0018109	0.023477	1	1	1	1.1383	0.3	3.2721	26.667	1.1383	0.3	3.2721	26.667	1.1383	0.3	3.2721	26.667	1.1383	0.3	3.2721	26.667	0	1.3702	0.3611	3.9385	32.098	1.3702	0.3611	3.9385	32.098	1.3702	0.3611	3.9385	32.098	1.3702	0.3611	3.9385	32.098	0	0.18889	0.18889	0.18889	0.18889	0.18889	0.18889	0.18889	0.18889	0.18889	0.18889	0.18889	0.18889	0.18889	0.18889	0.18889	0.18889	0.18889
10000	6	0.001	0.01	1	1	0.63543	1.3333	0.3	4.6667	8.317	1.3333	0.3	4.6667	8.317	1.3333	0.3	4.6667	8.317	1.3333	0.3	4.6667	8.317	0	1.3333	0.3	4.6667	8.317	1.3333	0.3	4.6667	8.317	1.3333	0.3	4.6667	8.317	1.3333	0.3	4.6667	8.317	0	0.13121	0.13121	0.13121	0.13121	0.13121	0.13121	0.13121	0.13121	0.13121	0.13121	0.13121	0.13121	0.13121	0.13121	0.13121	0.13121	0.13121
10000	3.5608	0.0045149	0.021213	1	1	0.74543	0.95573	0.33941	2.6061	14.515	0.95573	0.33941	2.6061	14.515	0.95573	0.33941	2.6061	14.515	0.95573	0.33941	2.6061	14.515	0	1.0064	0.35742	2.7444	15.285	1.0064	0.35742	2.7444	15.285	1.0064	0.35742	2.7444	15.285	1.0064	0.35742	2.7444	15.285	0	0.026462	0.026462	0.026462	0.026462	0.026462	0.026462	0.026462	0.026462	0.026462	0.026462	0.026462	0.026462	0.026462	0.026462	0.026462	0.026462	0.026462
10000	3	0.001	0.021674	1	1	0.8	1	0.3	2.5	8.3854	1	0.3	2.5	8.3854	1	0.3	2.5	8.3854	1	0.3	2.5	8.3854	0	1.0258	0.30774	2.5645	8.6017	1.0258	0.30774	2.5645	8.6017	1.0258	0.30774	2.5645	8.6017	1.0258	0.30774	2.5645	8.6017	0	0.12416	0.12416	0.12416	0.12416	0.12416	0.12416	0.12416	0.12416	0.12416	0.12416	0.12416	0.12416	0.12416	0.12416	0.12416	0.12416	0.12416
10000	4.5428	0.001	0.015565	1	1	0.8	1	0.25834	2.5604	12.628	1	0.25834	2.5604	12.628	1	0.25834	2.5604	12.628	1	0.25834	2.5604	12.628	0	0.94147	0.24322	2.4106	11.889	0.94147	0.24322	2.4106	11.889	0.94147	0.24322	2.4106	11.889	0.94147	0.24322	2.4106	11.889	0	0.05	0.05	0.05	0.05	0.05	0.05	0.05	0.05	0.05	0.05	0.05	0.05	0.05	0.05	0.05	0.05	0.05
10000	5.3729	0.005508	0.018813	1	1	0.85862	1.2131	0.33683	3.6221	54.306	1.2131	0.33683	3.6221	54.306	1.2131	0.33683	3.6221	54.306	1.2131	0.33683	3.6221	54.306	0	1.2828	0.35618	3.8302	57.426	1.2828	0.35618	3.8302	57.426	1.2828	0.35618	3.8302	57.426	1.2828	0.35618	3.8302	57.426	0	0.17406	0.17406	0.17406	0.17406	0.17406	0.17406	0.17406	0.17406	0.17406	0.17406	0.17406	0.17406	0.17406	0.17406	0.17406	0.17406	0.17406
10000	10	0.0029245	0.016445	1	1	0.88713	1.3792	0.22655	6.0324	38.81	1.3792	0.22655	6.0324	38.81	1.3792	0.22655	6.0324	38.81	1.3792	0.22655	6.0324	38.81	0	1.5441	0.25363	6.7535	43.449	1.5441	0.25363	6.7535	43.449	1.5441	0.25363	6.7535	43.449	1.5441	0.25363	6.7535	43.449	0	0.29346	0.29346	0.29346	0.29346	0.29346	0.29346	0.29346	0.29346	0.29346	0.29346	0.29346	0.29346	0.29346	0.29346	0.29346	0.29346	0.29346
10000	4.7278	0.005	0.01	1	1	0.72356	0.8	-2.0185e-06	3.5	15	0.8	-2.0185e-06	3.5	15	0.8	-2.0185e-06	3.5	15	0.8	-2.0185e-06	3.5	15	0	0.78888	-1.9904e-06	3.4514	14.792	0.78888	-1.9904e-06	3.4514	14.792	0.78888	-1.9904e-06	3.4514	14.792	0.78888	-1.9904e-06	3.4514	14.792	0	0.1	0.1	0.1	0.1	0.1	0.1	0.1	0.1	0.1	0.1	0.1	0.1	0.1	0.1	0.1	0.1	0.1
10000	10	0.0078752	0.024444	1	1	0.7625	0.90088	0.27292	4.9271	14.708	0.90088	0.27292	4.9271	14.708	0.90088	0.27292	4.9271	14.708	0.90088	0.27292	4.9271	14.708	0	1.0569	0.32018	5.7803	17.254	1.0569	0.32018	5.7803	17.254	1.0569	0.32018	5.7803	17.254	1.0569	0.32018	5.7803	17.254	0	0.18333	0.18333	0.18333	0.18333	0.18333	0.18333	0.18333	0.18333	0.18333	0.18333	0.18333	0.18333	0.18333	0.18333	0.18333	0.18333	0.18333
10000	3.181	0.005545	0.02	1	1	0.8	1	0.20958	2.5	15	1	0.20958	2.5	15	1	0.20958	2.5	15	1	0.20958	2.5	15	0	1	0.20958	2.5	15	1	0.20958	2.5	15	1	0.20958	2.5	15	1	0.20958	2.5	15	0	0.2	0.2	0.2	0.2	0.2	0.2	0.2	0.2	0.2	0.2	0.2	0.2	0.2	0.2	0.2	0.2	0.2
10000	5.0773	0.0050189	0.01	1	1	0.78623	0.97381	0.30289	4.9542	19.79	0.97381	0.30289	4.9542	19.79	0.97381	0.30289	4.9542	19.79	0.97381	0.30289	4.9542	19.79	0	0.95149	0.29595	4.8406	19.337	0.95149	0.29595	4.8406	19.337	0.95149	0.29595	4.8406	19.337	0.95149	0.29595	4.8406	19.337	0	0.094761	0.094761	0.094761	0.094761	0.094761	0.094761	0.094761	0.094761	0.094761	0.094761	0.094761	0.094761	0.094761	0.094761	0.094761	0.094761	0.094761
