10000	4.9999	0.0099994	0.021584	1	1	0.78105	0.78624	0.33334	2.1876	15.001	1.0134	0.42966	2.8198	19.335	0.70565	0.29917	1.9634	13.463	0.70565	0.29917	1.9634	13.463	0	0.84348	0.3576	2.3469	16.093	1.0872	0.46093	3.0251	20.743	0.75701	0.32094	2.1063	14.443	0.75701	0.32094	2.1063	14.443	0	0.15001	0.15001	0.15001	0.15001	0.15001	0.15001	0.15001	0.15001	0.15001	0.15001	0.15001	0.15001	0.15001	0.15001	0.15001	0.15001	0.15001
10000	9.0987	0.010885	0.02457	1	1	0.59437	0.83057	0.44851	2.8998	16.828	0.76526	0.41324	2.6718	15.504	0.66453	0.35885	2.3201	13.464	0.66453	0.35885	2.3201	13.464	0	0.74613	0.40291	2.605	15.117	0.68746	0.37123	2.4002	13.928	0.59697	0.32236	2.0842	12.095	0.59697	0.32236	2.0842	12.095	0	0.14898	0.14898	0.14898	0.14898	0.14898	0.14898	0.14898	0.14898	0.14898	0.14898	0.14898	0.14898	0.14898	0.14898	0.14898	0.14898	0.14898
10000	5.6583	0.001	0.01	1	1	0.35	0.5	0.625	1.625	19	0.28125	0.35156	0.91406	10.688	0.125	0.15625	0.40625	4.75	0.125	0.15625	0.40625	4.75	0	0.71875	0.89844	2.3359	27.312	0.4043	0.50537	1.314	15.363	0.17969	0.22461	0.58398	6.8281	0.17969	0.22461	0.58398	6.8281	0	0.18681	0.18681	0.18681	0.18681	0.18681	0.18681	0.18681	0.18681	0.18681	0.18681	0.18681	0.18681	0.18681	0.18681	0.18681	0.18681	0.18681
10000	8.539	0.01	0.022714	1	1	0.72609	1	0.3	5	15	1.0959	0.32877	5.4795	16.438	0.77701	0.2331	3.8851	11.655	0.77701	0.2331	3.8851	11.655	0	1.0402	0.31206	5.201	15.603	1.14	0.34199	5.6998	17.099	0.80825	0.24248	4.0413	12.124	0.80825	0.24248	4.0413	12.124	0	0.40258	0.40258	0.40258	0.40258	0.40258	0.40258	0.40258	0.40258	0.40258	0.40258	0.40258	0.40258	0.40258	0.40258	0.40258	0.40258	0.40258
10000	10	0.016328	0.023333	1	1	0.68315	1	0.39341	2.5	20	0.83302	0.32772	2.0826	16.66	1.1667	0.45898	2.9167	23.333	1.1667	0.45898	2.9167	23.333	0	0.25	0.098354	0.625	5	0.20826	0.081931	0.52064	4.1651	0.29167	0.11475	0.72917	5.8333	0.29167	0.11475	0.72917	5.8333	0	0.2	0.2	0.2	0.2	0.2	0.2	0.2	0.2	0.2	0.2	0.2	0.2	0.2	0.2	0.2	0.2	0.2
10000	0.1	0.001	0.02	1	1	0.53499	0.49221	0.3	2.5	15	0.52813	0.32189	2.6824	16.094	0.49221	0.3	2.5	15	0.49221	0.3	2.5	15	0	0.83412	0.50839	4.2366	25.419	0.89498	0.54548	4.5457	27.274	0.83412	0.50839	4.2366	25.419	0.83412	0.50839	4.2366	25.419	0	0.29327	0.29327	0.29327	0.29327	0.29327	0.29327	0.29327	0.29327	0.29327	0.29327	0.29327	0.29327	0.29327	0.29327	0.29327	0.29327	0.29327
10000	2.248	0.01222	0.02	1	1	0.8	1	0.37337	5.7283	15.556	0.97275	0.36319	5.5722	15.132	1	0.37337	5.7283	15.556	1	0.37337	5.7283	15.556	0	4	1.4935	22.913	62.222	3.891	1.4528	22.289	60.526	4	1.4935	22.913	62.222	4	1.4935	22.913	62.222	0	0.49903	0.49903	0.49903	0.49903	0.49903	0.49903	0.49903	0.49903	0.49903	0.49903	0.49903	0.49903	0.49903	0.49903	0.49903	0.49903	0.49903
10000	0.10612	0.10165	0.020551	1	1	0.67993	0.62749	0.0027811	3.2883	16.109	0.67681	0.0029997	3.5468	17.375	0.66328	0.0029397	3.4758	17.027	0.66328	0.0029397	3.4758	17.027	0	0.64453	0.0028566	3.3776	16.546	0.69519	0.0030811	3.6431	17.847	0.68128	0.0030195	3.5702	17.49	0.68128	0.0030195	3.5702	17.49	0	0.20679	0.20679	0.20679	0.20679	0.20679	0.20679	0.20679	0.20679	0.20679	0.20679	0.20679	0.20679	0.20679	0.20679	0.20679	0.20679	0.20679
10000	0.62216	0.0036667	0.033568	1	1	0.80008	0.8802	0.1817	2.5001	20.001	1.3091	0.27024	3.7184	29.747	0.86436	0.17843	2.4551	19.641	0.86436	0.17843	2.4551	19.641	0	1.7603	0.36338	5	39.999	2.6181	0.54045	7.4364	59.49	1.7286	0.35684	4.91	39.279	1.7286	0.35684	4.91	39.279	0	0.45788	0.45788	0.45788	0.45788	0.45788	0.45788	0.45788	0.45788	0.45788	0.45788	0.45788	0.45788	0.45788	0.45788	0.45788	0.45788	0.45788
10000	5.4268	0.26253	0.022014	1	1	0.88858	1.0191	0.072428	5.5614	15.53	1.0219	0.072623	5.5764	15.572	1.0199	0.072487	5.5659	15.543	1.0199	0.072487	5.5659	15.543	0	1.3592	0.096597	7.4172	20.712	1.3629	0.096858	7.4373	20.768	1.3603	0.096676	7.4233	20.729	1.3603	0.096676	7.4233	20.729	0	0.21834	0.21834	0.21834	0.21834	0.21834	0.21834	0.21834	0.21834	0.21834	0.21834	0.21834	0.21834	0.21834	0.21834	0.21834	0.21834	0.21834
10000	0.1	0.0035567	0.018333	1	1	0.2532	0.64397	0.080766	2.3542	11.952	0.63778	0.079991	2.3316	11.838	0.63541	0.079693	2.3229	11.793	0.63541	0.079693	2.3229	11.793	0	0.71214	0.089316	2.6034	13.218	0.7053	0.088459	2.5784	13.091	0.70267	0.088129	2.5688	13.042	0.70267	0.088129	2.5688	13.042	0	0.18395	0.18395	0.18395	0.18395	0.18395	0.18395	0.18395	0.18395	0.18395	0.18395	0.18395	0.18395	0.18395	0.18395	0.18395	0.18395	0.18395
10000	2.4974	0.012321	0.021894	1	1	0.60856	1.1689	0.21426	3.0139	16.824	1.9325	0.35422	4.9827	27.815	1.0973	0.20114	2.8293	15.794	1.0973	0.20114	2.8293	15.794	0	2.4355	0.44643	6.2798	35.056	4.0266	0.73807	10.382	57.956	2.2864	0.41909	5.8952	32.909	2.2864	0.41909	5.8952	32.909	0	0.4533	0.4533	0.4533	0.4533	0.4533	0.4533	0.4533	0.4533	0.4533	0.4533	0.4533	0.4533	0.4533	0.4533	0.4533	0.4533	0.4533
10000	0.1	0.0105	0.025	1	1	0.575	0.75	0.055824	2.9375	13	0.91407	0.068035	3.5801	15.844	0.91406	0.068035	3.5801	15.844	0.91406	0.068035	3.5801	15.844	0	0.91407	0.068035	3.5801	15.844	1.114	0.082919	4.3633	19.31	1.114	0.082918	4.3632	19.31	1.114	0.082918	4.3632	19.31	0	0.25	0.25	0.25	0.25	0.25	0.25	0.25	0.25	0.25	0.25	0.25	0.25	0.25	0.25	0.25	0.25	0.25
10000	0.1	0.022297	0.022222	1	1	0.37083	0.7972	0.175	3.5938	14.667	0.87131	0.19127	3.9278	16.03	0.81496	0.1789	3.6738	14.994	0.81496	0.1789	3.6738	14.994	0	0.76813	0.16862	3.4627	14.132	0.83954	0.1843	3.7846	15.446	0.78525	0.17238	3.5399	14.447	0.78525	0.17238	3.5399	14.447	0	0.26315	0.26315	0.26315	0.26315	0.26315	0.26315	0.26315	0.26315	0.26315	0.26315	0.26315	0.26315	0.26315	0.26315	0.26315	0.26315	0.26315
10000	1.4281	0.0099949	0.029814	1	1	0.50778	1.1108	0.20017	3.3327	25.57	1.4139	0.25479	4.242	32.547	1.1105	0.20012	3.3319	25.564	1.1105	0.20012	3.3319	25.564	0	1.1105	0.20012	3.3319	25.564	1.4135	0.25472	4.241	32.539	1.1103	0.20007	3.331	25.558	1.1103	0.20007	3.331	25.558	0	0.31685	0.31685	0.31685	0.31685	0.31685	0.31685	0.31685	0.31685	0.31685	0.31685	0.31685	0.31685	0.31685	0.31685	0.31685	0.31685	0.31685
10000	0.1	0.26667	0.032834	1	1	0.74915	1	0	2.8007	7.445	1.5388	0	4.3097	11.456	1	0	2.8007	7.445	1	0	2.8007	7.445	0	1	0	2.8007	7.445	1.5388	0	4.3097	11.456	1	0	2.8007	7.445	1	0	2.8007	7.445	0	0.40929	0.40929	0.40929	0.40929	0.40929	0.40929	0.40929	0.40929	0.40929	0.40929	0.40929	0.40929	0.40929	0.40929	0.40929	0.40929	0.40929
10000	4.9707	0.439	0.014263	1	1	0.72413	0.82686	0.2452	3.5296	14.341	0.88791	0.26331	3.7902	15.4	0.76143	0.2258	3.2503	13.206	0.76143	0.2258	3.2503	13.206	0	0.87996	0.26095	3.7563	15.262	0.94493	0.28022	4.0337	16.389	0.81034	0.2403	3.4591	14.055	0.81034	0.2403	3.4591	14.055	0	0.16645	0.16645	0.16645	0.16645	0.16645	0.16645	0.16645	0.16645	0.16645	0.16645	0.16645	0.16645	0.16645	0.16645	0.16645	0.16645	0.16645
10000	0.1	0.0058333	0.01	1	1	0.8	1.0667	0.3	5	15	2.1333	0.6	10	30	1.0667	0.3	5	15	1.0667	0.3	5	15	0	1.0667	0.3	5	15	2.1333	0.6	10	30	1.0667	0.3	5	15	1.0667	0.3	5	15	0	0.4	0.4	0.4	0.4	0.4	0.4	0.4	0.4	0.4	0.4	0.4	0.4	0.4	0.4	0.4	0.4	0.4
10000	0.65004	0.010092	0.019897	1	1	0.79538	0.51444	0.30331	2.491	14.959	0.55821	0.32911	2.7029	16.232	0.57633	0.3398	2.7907	16.758	0.57633	0.3398	2.7907	16.758	0	0.49532	0.29203	2.3984	14.403	0.53746	0.31688	2.6025	15.628	0.55491	0.32717	2.6869	16.135	0.55491	0.32717	2.6869	16.135	0	0.27962	0.27962	0.27962	0.27962	0.27962	0.27962	0.27962	0.27962	0.27962	0.27962	0.27962	0.27962	0.27962	0.27962	0.27962	0.27962	0.27962
10000	0.91546	0.053593	0.046409	1	1	0.69295	0.83977	0.22918	7.4392	42.564	0.9171	0.25029	8.1242	46.483	0.95751	0.26132	8.4822	48.531	0.95751	0.26132	8.4822	48.531	0	1.6068	0.4385	14.234	81.439	1.7547	0.47889	15.544	88.939	1.832	0.49999	16.229	92.857	1.832	0.49999	16.229	92.857	0	0.34725	0.34725	0.34725	0.34725	0.34725	0.34725	0.34725	0.34725	0.34725	0.34725	0.34725	0.34725	0.34725	0.34725	0.34725	0.34725	0.34725
10000	3.9481	0.0042778	0.01	1	1	0.27756	0.8	0.3	3.3333	15	0.8	0.3	3.3333	15	0.8	0.3	3.3333	15	0.8	0.3	3.3333	15	0	0.88073	0.33027	3.6697	16.514	0.88073	0.33027	3.6697	16.514	0.88073	0.33027	3.6697	16.514	0.88073	0.33027	3.6697	16.514	0	0.2062	0.2062	0.2062	0.2062	0.2062	0.2062	0.2062	0.2062	0.2062	0.2062	0.2062	0.2062	0.2062	0.2062	0.2062	0.2062	0.2062
10000	7.85	0.0089063	0.019026	1	1	0.13582	1	0.3	5	15	0.87519	0.26256	4.376	13.128	1.0478	0.31433	5.2389	15.717	1.0478	0.31433	5.2389	15.717	0	1	0.3	5	15	0.87519	0.26256	4.376	13.128	1.0478	0.31433	5.2389	15.717	1.0478	0.31433	5.2389	15.717	0	0.19643	0.19643	0.19643	0.19643	0.19643	0.19643	0.19643	0.19643	0.19643	0.19643	0.19643	0.19643	0.19643	0.19643	0.19643	0.19643	0.19643
10000	3	0.02	0.02	1	1	-0.0064006	1.114	0.3	3.3333	10	1.114	0.3	3.3334	10	1.1139	0.3	3.3333	9.9999	1.1139	0.3	3.3333	9.9999	0	1.0675	0.2875	3.1945	9.5834	1.0676	0.2875	3.1945	9.5834	1.0675	0.2875	3.1944	9.5833	1.0675	0.2875	3.1944	9.5833	0	0.22285	0.22285	0.22285	0.22285	0.22285	0.22285	0.22285	0.22285	0.22285	0.22285	0.22285	0.22285	0.22285	0.22285	0.22285	0.22285	0.22285
10000	4.3644	0.011218	0.018333	1	1	0.58378	1	0.3	3.5	15	1	0.3	3.5	15	1	0.3	3.5	15	1	0.3	3.5	15	0	0.625	0.1875	2.1875	9.3751	0.625	0.1875	2.1875	9.3751	0.625	0.1875	2.1875	9.3751	0.625	0.1875	2.1875	9.3751	0	0.2	0.2	0.2	0.2	0.2	0.2	0.2	0.2	0.2	0.2	0.2	0.2	0.2	0.2	0.2	0.2	0.2
10000	5.5208	0.010002	0.020002	1	1	0.29054	1.0668	0.30007	5.0002	15.001	1.0669	0.3001	5.0007	15.002	1.0669	0.3001	5.0007	15.002	1.0669	0.3001	5.0007	15.002	0	1.1567	0.32538	5.4218	16.266	1.1568	0.32541	5.4224	16.267	1.1568	0.32541	5.4224	16.267	1.1568	0.32541	5.4224	16.267	0	0.37643	0.37643	0.37643	0.37643	0.37643	0.37643	0.37643	0.37643	0.37643	0.37643	0.37643	0.37643	0.37643	0.37643	0.37643	0.37643	0.37643
10000	10	0.005	0.02	1	1	0.54931	1	0.4	3.9736	15	1.2617	0.50466	5.0133	18.925	0.95833	0.38333	3.808	14.375	0.95833	0.38333	3.808	14.375	0	1	0.4	3.9736	15	1.2617	0.50466	5.0133	18.925	0.95833	0.38333	3.808	14.375	0.95833	0.38333	3.808	14.375	0	0.2	0.2	0.2	0.2	0.2	0.2	0.2	0.2	0.2	0.2	0.2	0.2	0.2	0.2	0.2	0.2	0.2
10000	6.4444	0.0049952	0.01	1	1	0.39911	1.0836	0.30082	3.1693	13.324	1.263	0.35063	3.694	15.53	1.0373	0.28796	3.0337	12.754	1.0373	0.28796	3.0337	12.754	0	0.94099	0.26123	2.7522	11.571	1.0968	0.30448	3.2078	13.486	0.90074	0.25005	2.6344	11.076	0.90074	0.25005	2.6344	11.076	0	0.19949	0.19949	0.19949	0.19949	0.19949	0.19949	0.19949	0.19949	0.19949	0.19949	0.19949	0.19949	0.19949	0.19949	0.19949	0.19949	0.19949
10000	4.0455	0.012244	0.01	1	1	0.65046	1.3876	0.38153	4.2448	14.001	1.215	0.33407	3.7167	12.259	1.2364	0.33995	3.7821	12.475	1.2364	0.33995	3.7821	12.475	0	0.93385	0.25676	2.8567	9.4224	0.81767	0.22482	2.5013	8.2502	0.83206	0.22878	2.5453	8.3954	0.83206	0.22878	2.5453	8.3954	0	0.14983	0.14983	0.14983	0.14983	0.14983	0.14983	0.14983	0.14983	0.14983	0.14983	0.14983	0.14983	0.14983	0.14983	0.14983	0.14983	0.14983
10000	5.7377	0.0059738	0.01	1	1	0.57503	1.025	0.46248	4.5	11.375	1.2492	0.56364	5.4843	13.863	0.80079	0.36133	3.5158	8.887	0.80079	0.36133	3.5158	8.887	0	0.94211	0.42509	4.1363	10.455	1.1482	0.51807	5.041	12.742	0.73606	0.33212	3.2316	8.1686	0.73606	0.33212	3.2316	8.1686	0	0.285	0.285	0.285	0.285	0.285	0.285	0.285	0.285	0.285	0.285	0.285	0.285	0.285	0.285	0.285	0.285	0.285
10000	3.55	0.0082932	0.02	1	1	0.55949	1	0.3	3.5313	15	1.2553	0.3766	4.4329	18.83	1	0.3	3.5313	15	1	0.3	3.5313	15	0	0.69605	0.20881	2.4579	10.441	0.87377	0.26213	3.0855	13.107	0.69605	0.20881	2.458	10.441	0.69605	0.20881	2.458	10.441	0	0.2	0.2	0.2	0.2	0.2	0.2	0.2	0.2	0.2	0.2	0.2	0.2	0.2	0.2	0.2	0.2	0.2
10000	7.9768	0.0040147	0.01	1	1	0.79473	1.0059	0.29619	5.0103	7.3514	1.011	0.29771	5.036	7.3891	1.011	0.29771	5.036	7.3891	1.011	0.29771	5.036	7.3891	0	0.49998	0.14723	2.4904	3.6542	0.50254	0.14798	2.5032	3.6729	0.50254	0.14798	2.5032	3.6729	0.50254	0.14798	2.5032	3.6729	0	0.29648	0.29648	0.29648	0.29648	0.29648	0.29648	0.29648	0.29648	0.29648	0.29648	0.29648	0.29648	0.29648	0.29648	0.29648	0.29648	0.29648
10000	3.684	0.011667	0.01	1	1	0.48528	1.3333	0.4	3.5	15	1.3333	0.4	3.5	15	1.3333	0.4	3.5	15	1.3333	0.4	3.5	15	0	0.68385	0.20516	1.7951	7.6933	0.68385	0.20516	1.7951	7.6933	0.68385	0.20516	1.7951	7.6933	0.68385	0.20516	1.7951	7.6933	0	0.2	0.2	0.2	0.2	0.2	0.2	0.2	0.2	0.2	0.2	0.2	0.2	0.2	0.2	0.2	0.2	0.2
10000	10	0.0099999	0.02	1	1	0.60215	1	0.3	3.6034	8.1992	1	0.3	3.6034	8.1992	1.1667	0.35	4.204	9.5657	1.1667	0.35	4.204	9.5657	0	0.79421	0.23826	2.8619	6.5119	0.79421	0.23826	2.8619	6.5119	0.92658	0.27797	3.3389	7.5972	0.92658	0.27797	3.3389	7.5972	0	0.2132	0.2132	0.2132	0.2132	0.2132	0.2132	0.2132	0.2132	0.2132	0.2132	0.2132	0.2132	0.2132	0.2132	0.2132	0.2132	0.2132
10000	2.6568	0.001	0.019227	1	1	0.61609	0.96134	0.27632	3.401	40.406	0.99387	0.28567	3.5161	41.773	0.92882	0.26697	3.2859	39.039	0.92882	0.26697	3.2859	39.039	0	0.49925	0.1435	1.7662	20.984	0.51614	0.14836	1.826	21.694	0.48236	0.13865	1.7065	20.274	0.48236	0.13865	1.7065	20.274	0	0.21173	0.21173	0.21173	0.21173	0.21173	0.21173	0.21173	0.21173	0.21173	0.21173	0.21173	0.21173	0.21173	0.21173	0.21173	0.21173	0.21173
10000	2.0333	0.011667	0.01	1	1	0.8	1.1111	0.2	2.5	15	1.146	0.20628	2.5785	15.471	1.0792	0.19425	2.4281	14.569	1.0792	0.19425	2.4281	14.569	0	0.55556	0.099999	1.25	7.5	0.57299	0.10314	1.2892	7.7354	0.53958	0.097125	1.2141	7.2844	0.53958	0.097125	1.2141	7.2844	0	0.093919	0.093919	0.093919	0.093919	0.093919	0.093919	0.093919	0.093919	0.093919	0.093919	0.093919	0.093919	0.093919	0.093919	0.093919	0.093919	0.093919
10000	5.0546	0.011702	0.024873	1	1	0.76768	0.96409	0.32334	2.9551	15.287	0.83996	0.28171	2.5746	13.319	1.9585	0.65684	6.0032	31.055	1.9585	0.65684	6.0032	31.055	0	0.57659	0.19338	1.7674	9.1428	0.50235	0.16848	1.5398	7.9656	1.1713	0.39284	3.5903	18.573	1.1713	0.39284	3.5903	18.573	0	0.62334	0.62334	0.62334	0.62334	0.62334	0.62334	0.62334	0.62334	0.62334	0.62334	0.62334	0.62334	0.62334	0.62334	0.62334	0.62334	0.62334
10000	10	0.24	0.02	1	1	0.8	0.43118	0.14149	2.5	10	0.43118	0.14149	2.5	10	0.43118	0.14149	2.5	10	0.43118	0.14149	2.5	10	0	0.61803	0.2028	3.5833	14.333	0.61803	0.2028	3.5833	14.333	0.61803	0.2028	3.5833	14.333	0.61803	0.2028	3.5833	14.333	0	0.4	0.4	0.4	0.4	0.4	0.4	0.4	0.4	0.4	0.4	0.4	0.4	0.4	0.4	0.4	0.4	0.4
10000	8.9999	0.33597	0.02	1	1	0.8	0.59075	0.3	5	15	0.58896	0.29909	4.9848	14.954	0.59075	0.3	5	15	0.59075	0.3	5	15	0	0.59075	0.3	5	15	0.58896	0.29909	4.9848	14.954	0.59075	0.3	5	15	0.59075	0.3	5	15	0	0.29723	0.29723	0.29723	0.29723	0.29723	0.29723	0.29723	0.29723	0.29723	0.29723	0.29723	0.29723	0.29723	0.29723	0.29723	0.29723	0.29723
10000	7.9403	0.18707	0.016172	1	1	1.025	1.0851	0.16472	2.1875	-7.8351	0.84771	0.12869	1.709	-6.1212	1.3016	0.1976	2.6241	-9.399	1.3016	0.1976	2.6241	-9.399	0	1.3224	0.20076	2.666	-9.549	1.0331	0.15684	2.0828	-7.4602	1.5864	0.24083	3.1981	-11.455	1.5864	0.24083	3.1981	-11.455	0	0.34251	0.34251	0.34251	0.34251	0.34251	0.34251	0.34251	0.34251	0.34251	0.34251	0.34251	0.34251	0.34251	0.34251	0.34251	0.34251	0.34251
10000	2.4902	0.0079696	0.04	1	1	0.8	1	0.26522	3.3333	6.8673	1	0.26522	3.3333	6.8673	1.0768	0.2856	3.5895	7.3949	1.0768	0.2856	3.5895	7.3949	0	0.83984	0.22274	2.7995	5.7674	0.83984	0.22274	2.7995	5.7674	0.90437	0.23986	3.0146	6.2106	0.90437	0.23986	3.0146	6.2106	0	0.60661	0.60661	0.60661	0.60661	0.60661	0.60661	0.60661	0.60661	0.60661	0.60661	0.60661	0.60661	0.60661	0.60661	0.60661	0.60661	0.60661
10000	9.9999	0.02	0.03	1	1	0.8	1	0.6	2.5	15	0.99999	0.6	2.5	15	1	0.6	2.5	15	1	0.6	2.5	15	0	1.4923	0.8954	3.7308	22.385	1.4923	0.89539	3.7308	22.385	1.4923	0.8954	3.7308	22.385	1.4923	0.8954	3.7308	22.385	0	0.8	0.8	0.8	0.8	0.8	0.8	0.8	0.8	0.8	0.8	0.8	0.8	0.8	0.8	0.8	0.8	0.8
10000	7.0029	0.040057	0.020015	1	1	0.80066	0.99927	0.29952	2.5013	30.006	0.99877	0.29938	2.5001	29.991	0.99964	0.29963	2.5022	30.017	0.99964	0.29963	2.5022	30.017	0	1.3069	0.39175	3.2715	39.245	1.3063	0.39156	3.2698	39.226	1.3074	0.39189	3.2727	39.26	1.3074	0.39189	3.2727	39.26	0	0.40044	0.40044	0.40044	0.40044	0.40044	0.40044	0.40044	0.40044	0.40044	0.40044	0.40044	0.40044	0.40044	0.40044	0.40044	0.40044	0.40044
10000	4.6522	0.02614	0.023333	1	1	0.8	0.93333	0.3	2.5	15	0.93333	0.3	2.5	15	0.95062	0.30556	2.5463	15.278	0.95062	0.30556	2.5463	15.278	0	0.95412	0.30669	2.5557	15.334	0.95413	0.30669	2.5557	15.334	0.9718	0.31237	2.603	15.618	0.9718	0.31237	2.603	15.618	0	0.61635	0.61635	0.61635	0.61635	0.61635	0.61635	0.61635	0.61635	0.61635	0.61635	0.61635	0.61635	0.61635	0.61635	0.61635	0.61635	0.61635
10000	6.0948	0.088214	0.015807	1	1	1.0443	0.97513	0.51866	2.4565	14.801	0.24378	0.12966	0.61412	3.7002	0.9539	0.50737	2.403	14.479	0.9539	0.50737	2.403	14.479	0	0.97304	0.51755	2.4512	14.769	0.24326	0.12939	0.6128	3.6923	0.95186	0.50628	2.3979	14.448	0.95186	0.50628	2.3979	14.448	0	0.19707	0.19707	0.19707	0.19707	0.19707	0.19707	0.19707	0.19707	0.19707	0.19707	0.19707	0.19707	0.19707	0.19707	0.19707	0.19707	0.19707
10000	7.8747	0.025266	0.019801	1	1	0.40934	0.78799	0.39066	2.1878	15.107	0.78025	0.38682	2.1663	14.958	0.95549	0.4737	2.6529	18.318	0.95549	0.4737	2.6529	18.318	0	0.84368	0.41827	2.3424	16.174	0.83538	0.41416	2.3194	16.015	1.023	0.50718	2.8403	19.613	1.023	0.50718	2.8403	19.613	0	0.40801	0.40801	0.40801	0.40801	0.40801	0.40801	0.40801	0.40801	0.40801	0.40801	0.40801	0.40801	0.40801	0.40801	0.40801	0.40801	0.40801
10000	10	0.016625	0.02	1	1	0.8	0.51814	0.3	2.5	15	0.51814	0.3	2.5	15	0.51815	0.3	2.5	15	0.51815	0.3	2.5	15	0	0.51814	0.3	2.5	15	0.51814	0.3	2.5	15	0.51815	0.3	2.5	15	0.51815	0.3	2.5	15	0	0.6	0.6	0.6	0.6	0.6	0.6	0.6	0.6	0.6	0.6	0.6	0.6	0.6	0.6	0.6	0.6	0.6
10000	3.0428	0.010395	0.10848	1	1	0.81974	0.518	0.58574	3.5494	15.175	0.52795	0.59698	3.6175	15.467	0.5119	0.57884	3.5076	14.997	0.5119	0.57884	3.5076	14.997	0	0.26346	0.29791	1.8052	7.7183	0.26851	0.30363	1.8399	7.8664	0.26035	0.2944	1.7839	7.6274	0.26035	0.2944	1.7839	7.6274	0	0.43573	0.43573	0.43573	0.43573	0.43573	0.43573	0.43573	0.43573	0.43573	0.43573	0.43573	0.43573	0.43573	0.43573	0.43573	0.43573	0.43573
10000	4.1191	0.014561	0.04	1	1	0.53023	1	0.4	2.5	15	1	0.4	2.5	15	1	0.4	2.5	15	1	0.4	2.5	15	0	1	0.4	2.5	15	1	0.4	2.5	15	1	0.4	2.5	15	1	0.4	2.5	15	0	0.42243	0.42243	0.42243	0.42243	0.42243	0.42243	0.42243	0.42243	0.42243	0.42243	0.42243	0.42243	0.42243	0.42243	0.42243	0.42243	0.42243
10000	2.1922	0.018451	0.046779	1	1	0.42247	0.60711	0.56769	3.3203	18.586	0.50208	0.46948	2.7458	15.371	0.82717	0.77346	4.5237	25.323	0.82717	0.77346	4.5237	25.323	0	0.17781	0.16626	0.97241	5.4433	0.14704	0.1375	0.80418	4.5016	0.24225	0.22652	1.3249	7.4164	0.24225	0.22652	1.3249	7.4164	0	0.54856	0.54856	0.54856	0.54856	0.54856	0.54856	0.54856	0.54856	0.54856	0.54856	0.54856	0.54856	0.54856	0.54856	0.54856	0.54856	0.54856
10000	6.4649	0.02	0.02	1	1	0.69348	0.76478	0.3	2.5	-2.7771	1.1472	0.45	3.75	-4.1656	0.76478	0.3	2.5	-2.7771	0.76478	0.3	2.5	-2.7771	0	0.45382	0.17802	1.4835	-1.6479	0.68073	0.26703	2.2252	-2.4718	0.45382	0.17802	1.4835	-1.6479	0.45382	0.17802	1.4835	-1.6479	0	0.34473	0.34473	0.34473	0.34473	0.34473	0.34473	0.34473	0.34473	0.34473	0.34473	0.34473	0.34473	0.34473	0.34473	0.34473	0.34473	0.34473
10000	3	0.01	0.01	1	1	0.8	1.2849	0.15484	2.5	20	1.8009	0.21702	3.504	28.032	1.2849	0.15484	2.5	20	1.2849	0.15484	2.5	20	0	0.32122	0.038709	0.625	5	0.45023	0.054255	0.87601	7.008	0.32122	0.038709	0.625	5	0.32122	0.038709	0.625	5	0	0.16667	0.16667	0.16667	0.16667	0.16667	0.16667	0.16667	0.16667	0.16667	0.16667	0.16667	0.16667	0.16667	0.16667	0.16667	0.16667	0.16667
10000	6.6335	0.01	0.02	1	1	1	0.8	0.5	3.5	15	1.2	0.75	5.25	22.5	0.69502	0.43439	3.0407	13.032	0.69502	0.43439	3.0407	13.032	0	0.9216	0.576	4.032	17.28	1.3824	0.864	6.048	25.92	0.80066	0.50042	3.5029	15.013	0.80066	0.50042	3.5029	15.013	0	0.2	0.2	0.2	0.2	0.2	0.2	0.2	0.2	0.2	0.2	0.2	0.2	0.2	0.2	0.2	0.2	0.2
10000	5	0.01	0.02	1	1	0.8	1	0.3	2.5	15	1	0.3	2.5	15	1	0.3	2.5	15	1	0.3	2.5	15	0	1	0.3	2.5	15	1	0.3	2.5	15	1	0.3	2.5	15	1	0.3	2.5	15	0	0.1	0.1	0.1	0.1	0.1	0.1	0.1	0.1	0.1	0.1	0.1	0.1	0.1	0.1	0.1	0.1	0.1
10000	3	0.01	0.02	1	1	0.8	1	0.3	2.5	15	1	0.3	2.5	15	1	0.3	2.5	15	1	0.3	2.5	15	0	1	0.3	2.5	15	1	0.3	2.5	15	1	0.3	2.5	15	1	0.3	2.5	15	0	0.2	0.2	0.2	0.2	0.2	0.2	0.2	0.2	0.2	0.2	0.2	0.2	0.2	0.2	0.2	0.2	0.2
10000	6.3413	0.001	0.019983	1	1	0.76648	0.72939	0.1904	2.8078	24.297	0.74178	0.19364	2.8555	24.71	0.72994	0.19055	2.8099	24.315	0.72994	0.19055	2.8099	24.315	0	0.72994	0.19055	2.8099	24.315	0.74234	0.19378	2.8577	24.728	0.73048	0.19069	2.812	24.333	0.73048	0.19069	2.812	24.333	0	0.20034	0.20034	0.20034	0.20034	0.20034	0.20034	0.20034	0.20034	0.20034	0.20034	0.20034	0.20034	0.20034	0.20034	0.20034	0.20034	0.20034
10000	7.0007	0.001	0.021139	1	1	0.79985	0.99983	0.29989	3.5003	12.994	0.99998	0.29994	3.5008	12.995	0.99969	0.29985	3.4998	12.992	0.99969	0.29985	3.4998	12.992	0	0.99995	0.29993	3.5007	12.995	1.0001	0.29997	3.5013	12.997	0.99981	0.29989	3.5002	12.993	0.99981	0.29989	3.5002	12.993	0	0.26457	0.26457	0.26457	0.26457	0.26457	0.26457	0.26457	0.26457	0.26457	0.26457	0.26457	0.26457	0.26457	0.26457	0.26457	0.26457	0.26457
10000	2.2322	0.001	0.01	1	1	0.8	1.3969	0.4	3.5	15	1.6297	0.46667	4.0833	17.5	1.3969	0.4	3.5	15	1.3969	0.4	3.5	15	0	0.69844	0.2	1.75	7.5	0.81484	0.23333	2.0417	8.75	0.69844	0.2	1.75	7.5	0.69844	0.2	1.75	7.5	0	0.2	0.2	0.2	0.2	0.2	0.2	0.2	0.2	0.2	0.2	0.2	0.2	0.2	0.2	0.2	0.2	0.2
10000	6.9175	0.005	0.02	1	1	0.8	1	0.5	3.3333	15	1	0.5	3.3333	15	1	0.5	3.3333	15	1	0.5	3.3333	15	0	1	0.5	3.3333	15	1	0.5	3.3333	15	1	0.5	3.3333	15	1	0.5	3.3333	15	0	0.2	0.2	0.2	0.2	0.2	0.2	0.2	0.2	0.2	0.2	0.2	0.2	0.2	0.2	0.2	0.2	0.2
10000	5.0692	0.001	0.01	1	1	0.7789	0.97656	0.31524	2.541	7.2132	0.99659	0.3217	2.5932	7.3612	0.95652	0.30877	2.4889	7.0652	0.95652	0.30877	2.4889	7.0652	0	0.99659	0.3217	2.5932	7.3612	1.017	0.3283	2.6463	7.5122	0.97615	0.3151	2.54	7.2102	0.97615	0.3151	2.54	7.2102	0	0.20938	0.20938	0.20938	0.20938	0.20938	0.20938	0.20938	0.20938	0.20938	0.20938	0.20938	0.20938	0.20938	0.20938	0.20938	0.20938	0.20938
10000	5.1729	0.011947	0.01	1	1	1	1	0.3	2.6754	15	1	0.3	2.6754	15	1	0.3	2.6754	15	1	0.3	2.6754	15	0	1	0.3	2.6754	15	1	0.3	2.6754	15	1	0.3	2.6754	15	1	0.3	2.6754	15	0	0.2	0.2	0.2	0.2	0.2	0.2	0.2	0.2	0.2	0.2	0.2	0.2	0.2	0.2	0.2	0.2	0.2
10000	3	0.01	0.02	1	1	0.69868	1	0.3	2.5	15	1	0.3	2.5	15	1	0.3	2.5	15	1	0.3	2.5	15	0	1	0.3	2.5	15	1	0.3	2.5	15	1	0.3	2.5	15	1	0.3	2.5	15	0	0.2	0.2	0.2	0.2	0.2	0.2	0.2	0.2	0.2	0.2	0.2	0.2	0.2	0.2	0.2	0.2	0.2
10000	5.9963	0.001	0.01	1	1	0.8	1.0296	0.15415	2.5	15	0.93487	0.13996	2.2699	13.62	1.0796	0.16163	2.6214	15.728	1.0796	0.16163	2.6214	15.728	0	0.99521	0.14899	2.4164	14.499	0.90362	0.13528	2.194	13.164	1.0435	0.15623	2.5338	15.203	1.0435	0.15623	2.5338	15.203	0	0.22512	0.22512	0.22512	0.22512	0.22512	0.22512	0.22512	0.22512	0.22512	0.22512	0.22512	0.22512	0.22512	0.22512	0.22512	0.22512	0.22512
10000	5	0.001	0.01	1	1	0.8	1	0.3	3.5	15	1	0.3	3.5	15	1	0.3	3.5	15	1	0.3	3.5	15	0	1	0.3	3.5	15	1	0.3	3.5	15	1	0.3	3.5	15	1	0.3	3.5	15	0	0.20401	0.20401	0.20401	0.20401	0.20401	0.20401	0.20401	0.20401	0.20401	0.20401	0.20401	0.20401	0.20401	0.20401	0.20401	0.20401	0.20401
10000	7.1693	0.001	0.01	1	1	0.8	1	0.24695	3.2635	20	1	0.24695	3.2635	20	1	0.24695	3.2635	20	1	0.24695	3.2635	20	0	1	0.24695	3.2635	20	1	0.24695	3.2635	20	1	0.24695	3.2635	20	1	0.24695	3.2635	20	0	0.24215	0.24215	0.24215	0.24215	0.24215	0.24215	0.24215	0.24215	0.24215	0.24215	0.24215	0.24215	0.24215	0.24215	0.24215	0.24215	0.24215
10000	5.1518	0.005	0.02	1	1	0.68999	1	0.38347	2.5	20	1	0.38347	2.5	20	1	0.38347	2.5	20	1	0.38347	2.5	20	0	1	0.38347	2.5	20	1	0.38347	2.5	20	1	0.38347	2.5	20	1	0.38347	2.5	20	0	0.1	0.1	0.1	0.1	0.1	0.1	0.1	0.1	0.1	0.1	0.1	0.1	0.1	0.1	0.1	0.1	0.1
10000	9.9181	0.0019221	0.01	1	1	1.0792	1.3472	0.53528	2.5243	11.778	1.3517	0.53705	2.5327	11.817	1.0104	0.40146	1.8932	8.8332	1.0104	0.40146	1.8932	8.8332	0	1.3538	0.5379	2.5366	11.835	1.3583	0.53968	2.545	11.874	1.0153	0.40342	1.9025	8.8764	1.0153	0.40342	1.9025	8.8764	0	0.30277	0.30277	0.30277	0.30277	0.30277	0.30277	0.30277	0.30277	0.30277	0.30277	0.30277	0.30277	0.30277	0.30277	0.30277	0.30277	0.30277
10000	0.1	0.01	0.01	1	1	0.8	1	0.3	2.5	15	1	0.3	2.5	15	1	0.3	2.5	15	1	0.3	2.5	15	0	0.83283	0.24985	2.0821	12.492	0.83283	0.24985	2.0821	12.492	0.83283	0.24985	2.0821	12.492	0.83283	0.24985	2.0821	12.492	0	0.2	0.2	0.2	0.2	0.2	0.2	0.2	0.2	0.2	0.2	0.2	0.2	0.2	0.2	0.2	0.2	0.2
10000	0.1	0.011804	0.017498	1	1	1.1913	1	0.6	3.3333	30	1	0.6	3.3333	30	1	0.6	3.3333	30	1	0.6	3.3333	30	0	0.8713	0.52278	2.9043	26.139	0.8713	0.52278	2.9043	26.139	0.8713	0.52278	2.9043	26.139	0.8713	0.52278	2.9043	26.139	0	0.1	0.1	0.1	0.1	0.1	0.1	0.1	0.1	0.1	0.1	0.1	0.1	0.1	0.1	0.1	0.1	0.1
10000	0.1	0.001	0.025004	1	1	1.0252	1.2502	0.18146	2.9379	12.998	0.9765	0.14173	2.2947	10.152	1.1849	0.17198	2.7843	12.319	1.1849	0.17198	2.7843	12.319	0	0.9765	0.14173	2.2947	10.152	0.76271	0.1107	1.7923	7.9297	0.92545	0.13432	2.1747	9.6218	0.92545	0.13432	2.1747	9.6218	0	0.082806	0.082806	0.082806	0.082806	0.082806	0.082806	0.082806	0.082806	0.082806	0.082806	0.082806	0.082806	0.082806	0.082806	0.082806	0.082806	0.082806
10000	0.1	0.001	0.04054	1	1	1.0586	1.009	0.29647	3.4699	15.072	1.3914	0.40881	4.7848	20.783	0.94985	0.27909	3.2665	14.188	0.94985	0.27909	3.2665	14.188	0	0.83784	0.24617	2.8813	12.515	1.1553	0.33946	3.9731	17.258	0.78872	0.23174	2.7124	11.782	0.78872	0.23174	2.7124	11.782	0	0	0	0	0	0	0	0	0	0	0	0	0	0	0	0	0	0
10000	2.5169	0.001	0.02276	1	1	0.87112	0.94324	0.28084	2.5003	15.001	0.86659	0.25802	2.2971	13.782	0.58948	0.17551	1.5625	9.3749	0.58948	0.17551	1.5625	9.3749	0	0.94335	0.28087	2.5005	15.003	0.86669	0.25805	2.2973	13.784	0.58954	0.17553	1.5627	9.3759	0.58954	0.17553	1.5627	9.3759	0	0.21969	0.21969	0.21969	0.21969	0.21969	0.21969	0.21969	0.21969	0.21969	0.21969	0.21969	0.21969	0.21969	0.21969	0.21969	0.21969	0.21969
10000	2.5167	0.0014444	0.01	1	1	1	1	0.5	2.5	15	1	0.5	2.5	15	0.95833	0.47917	2.3958	14.375	0.95833	0.47917	2.3958	14.375	0	1	0.5	2.5	15	1	0.5	2.5	15	0.95833	0.47917	2.3958	14.375	0.95833	0.47917	2.3958	14.375	0	0.2	0.2	0.2	0.2	0.2	0.2	0.2	0.2	0.2	0.2	0.2	0.2	0.2	0.2	0.2	0.2	0.2
10000	3.0814	0.001	0.01	1	1	1.0077	1.0001	0.39995	2.4999	14.999	1.1524	0.46089	2.8807	17.285	1.0001	0.39997	2.5	15	1.0001	0.39997	2.5	15	0	1.0001	0.39998	2.5	15	1.1525	0.46092	2.8809	17.286	1.0002	0.4	2.5002	15.001	1.0002	0.4	2.5002	15.001	0	0.22835	0.22835	0.22835	0.22835	0.22835	0.22835	0.22835	0.22835	0.22835	0.22835	0.22835	0.22835	0.22835	0.22835	0.22835	0.22835	0.22835
10000	3.0533	0.001	0.013333	1	1	1.0163	1	0.3	3.3333	15	1	0.3	3.3333	15	1.1023	0.33069	3.6743	16.534	1.1023	0.33069	3.6743	16.534	0	0.5	0.15	1.6667	7.5	0.5	0.15	1.6667	7.5	0.55115	0.16535	1.8372	8.2672	0.55115	0.16535	1.8372	8.2672	0	0.2	0.2	0.2	0.2	0.2	0.2	0.2	0.2	0.2	0.2	0.2	0.2	0.2	0.2	0.2	0.2	0.2
10000	3.2876	0.001	0.024165	1	1	1	0.8	0.3	2.7755	15	1.021	0.38286	3.5421	19.143	0.835	0.31312	2.8969	15.656	0.835	0.31312	2.8969	15.656	0	0.73466	0.2755	2.5488	13.775	0.93757	0.35159	3.2528	17.579	0.7668	0.28755	2.6603	14.378	0.7668	0.28755	2.6603	14.378	0	0.4	0.4	0.4	0.4	0.4	0.4	0.4	0.4	0.4	0.4	0.4	0.4	0.4	0.4	0.4	0.4	0.4
10000	10	0.0064091	0.03	1	1	0.8	1	0.3	2.5	15	1	0.3	2.5	15	1	0.3	2.5	15	1	0.3	2.5	15	0	0.81587	0.24476	2.0397	12.238	0.81587	0.24476	2.0397	12.238	0.81587	0.24476	2.0397	12.238	0.81587	0.24476	2.0397	12.238	0	0.2	0.2	0.2	0.2	0.2	0.2	0.2	0.2	0.2	0.2	0.2	0.2	0.2	0.2	0.2	0.2	0.2
10000	0.125	0.01	0.01963	1	1	0.83457	1	0.32279	2.6111	15	1.5628	0.50447	4.0807	23.442	1.002	0.32343	2.6163	15.03	1.002	0.32343	2.6163	15.03	0	0.64186	0.20719	1.676	9.6279	1.0031	0.3238	2.6193	15.047	0.64313	0.2076	1.6793	9.647	0.64313	0.2076	1.6793	9.647	0	0.2	0.2	0.2	0.2	0.2	0.2	0.2	0.2	0.2	0.2	0.2	0.2	0.2	0.2	0.2	0.2	0.2
10000	2.8374	0.001	0.01	1	1	1.0292	1.0417	0.28442	2.4271	14.667	1.1495	0.31385	2.6782	16.184	1.2524	0.34197	2.9182	17.634	1.2524	0.34197	2.9182	17.634	0	0.8388	0.22903	1.9544	11.81	0.9256	0.25273	2.1566	13.032	1.0085	0.27537	2.3499	14.2	1.0085	0.27537	2.3499	14.2	0	0.10227	0.10227	0.10227	0.10227	0.10227	0.10227	0.10227	0.10227	0.10227	0.10227	0.10227	0.10227	0.10227	0.10227	0.10227	0.10227	0.10227
10000	3.078	0.001	0.01	1	1	1	0.95267	0.3	2.5	15	0.95267	0.3	2.5	15	0.95267	0.3	2.5	15	0.95267	0.3	2.5	15	0	0.82247	0.259	2.1583	12.95	0.82247	0.259	2.1583	12.95	0.82247	0.259	2.1583	12.95	0.82247	0.259	2.1583	12.95	0	0.22003	0.22003	0.22003	0.22003	0.22003	0.22003	0.22003	0.22003	0.22003	0.22003	0.22003	0.22003	0.22003	0.22003	0.22003	0.22003	0.22003
10000	4.6541	0.001	0.02	1	1	1	1	-0.66667	2.5	10	1	-0.66667	2.5	10	1	-0.66667	2.5	10	1	-0.66667	2.5	10	0	0.6671	-0.44473	1.6678	6.671	0.6671	-0.44473	1.6678	6.671	0.6671	-0.44473	1.6678	6.671	0.6671	-0.44473	1.6678	6.671	0	0.2	0.2	0.2	0.2	0.2	0.2	0.2	0.2	0.2	0.2	0.2	0.2	0.2	0.2	0.2	0.2	0.2
10000	9.9999	0.005	0.01	1	1	0.8	0.50579	0.18054	3.3333	15	0.55565	0.19833	3.662	16.479	0.50579	0.18054	3.3333	15	0.50579	0.18054	3.3333	15	0	0.93741	0.3346	6.1779	27.8	1.0298	0.36759	6.7869	30.541	0.93741	0.3346	6.1779	27.8	0.93741	0.3346	6.1779	27.8	0	0.2	0.2	0.2	0.2	0.2	0.2	0.2	0.2	0.2	0.2	0.2	0.2	0.2	0.2	0.2	0.2	0.2
10000	5.1423	0.01	0.02	1	1	0.4	1	0.3	3.3629	15	1	0.3	3.3629	15	1	0.3	3.3629	15	1	0.3	3.3629	15	0	1.4288	0.42865	4.8049	21.432	1.4288	0.42865	4.8049	21.432	1.4288	0.42865	4.8049	21.432	1.4288	0.42865	4.8049	21.432	0	0.2	0.2	0.2	0.2	0.2	0.2	0.2	0.2	0.2	0.2	0.2	0.2	0.2	0.2	0.2	0.2	0.2
10000	7.9518	0.001	0.01	1	1	0.67963	0.70433	0.40833	4.8333	16.333	0.57797	0.33508	3.9662	13.403	0.80704	0.46788	5.5382	18.715	0.80704	0.46788	5.5382	18.715	0	0.62585	0.36284	4.2948	14.513	0.51357	0.29774	3.5243	11.91	0.71712	0.41575	4.9211	16.63	0.71712	0.41575	4.9211	16.63	0	0.13333	0.13333	0.13333	0.13333	0.13333	0.13333	0.13333	0.13333	0.13333	0.13333	0.13333	0.13333	0.13333	0.13333	0.13333	0.13333	0.13333
10000	4.0053	0.001	0.02	1	1	0.65094	0.82517	0.3	3.5	15	0.82517	0.3	3.5	15	0.84466	0.30709	3.5826	15.354	0.84466	0.30709	3.5826	15.354	0	0.9627	0.35	4.0833	17.5	0.9627	0.35	4.0833	17.5	0.98543	0.35827	4.1798	17.913	0.98543	0.35827	4.1798	17.913	0	0.2	0.2	0.2	0.2	0.2	0.2	0.2	0.2	0.2	0.2	0.2	0.2	0.2	0.2	0.2	0.2	0.2
10000	6	0.005	0.022801	1	1	0.8	1	0.3	5.322	10	0.99999	0.3	5.3219	9.9999	1.0224	0.30672	5.4412	10.224	1.0224	0.30672	5.4412	10.224	0	1	0.3	5.322	10	1	0.3	5.322	10	1.0224	0.30672	5.4412	10.224	1.0224	0.30672	5.4412	10.224	0	0.16667	0.16667	0.16667	0.16667	0.16667	0.16667	0.16667	0.16667	0.16667	0.16667	0.16667	0.16667	0.16667	0.16667	0.16667	0.16667	0.16667
10000	9.9999	0.003	0.015	1	1	0.575	1.0742	0.1375	5.4375	16.083	0.83923	0.10742	4.248	12.565	1.3092	0.16758	6.627	19.601	1.3092	0.16758	6.627	19.601	0	0.83923	0.10742	4.248	12.565	0.65565	0.083923	3.3188	9.816	1.0228	0.13092	5.1773	15.313	1.0228	0.13092	5.1773	15.313	0	0.1	0.1	0.1	0.1	0.1	0.1	0.1	0.1	0.1	0.1	0.1	0.1	0.1	0.1	0.1	0.1	0.1
10000	5.9278	0.001	0.01	1	1	0.45793	0.5	0.625	2.375	12.835	0.28125	0.35156	1.3359	7.2195	0.71875	0.89844	3.4141	18.45	0.71875	0.89844	3.4141	18.45	0	0.63192	0.7899	3.0016	16.221	0.35545	0.44432	1.6884	9.1242	0.90838	1.1355	4.3148	23.317	0.90838	1.1355	4.3148	23.317	0	0.13596	0.13596	0.13596	0.13596	0.13596	0.13596	0.13596	0.13596	0.13596	0.13596	0.13596	0.13596	0.13596	0.13596	0.13596	0.13596	0.13596
10000	10	0.001	0.033041	1	1	0.6469	0.71208	0.38949	2.6314	15.044	0.57298	0.31341	2.1174	12.106	0.76421	0.41801	2.824	16.146	0.76421	0.41801	2.824	16.146	0	0.74589	0.40799	2.7563	15.759	0.60019	0.32829	2.2179	12.681	0.8005	0.43786	2.9581	16.913	0.8005	0.43786	2.9581	16.913	0	0.20816	0.20816	0.20816	0.20816	0.20816	0.20816	0.20816	0.20816	0.20816	0.20816	0.20816	0.20816	0.20816	0.20816	0.20816	0.20816	0.20816
10000	8.3863	0.001	0.026839	1	1	0.8	1	0.6	2.7132	15	0.95833	0.575	2.6001	14.375	1.1667	0.7	3.1654	17.5	1.1667	0.7	3.1654	17.5	0	1	0.6	2.7132	15	0.95833	0.575	2.6001	14.375	1.1667	0.7	3.1654	17.5	1.1667	0.7	3.1654	17.5	0	0.2	0.2	0.2	0.2	0.2	0.2	0.2	0.2	0.2	0.2	0.2	0.2	0.2	0.2	0.2	0.2	0.2
10000	10	0.0024862	0.02	1	1	0.8	0.8	0.3	2.5	15	0.8	0.3	2.5	15	0.8	0.3	2.5	15	0.8	0.3	2.5	15	0	0.8	0.3	2.5	15	0.8	0.3	2.5	15	0.8	0.3	2.5	15	0.8	0.3	2.5	15	0	0.16667	0.16667	0.16667	0.16667	0.16667	0.16667	0.16667	0.16667	0.16667	0.16667	0.16667	0.16667	0.16667	0.16667	0.16667	0.16667	0.16667
10000	4.5492	0.001	0.01	1	1	0.53977	1	0.3353	2.9854	15	1	0.3353	2.9854	15	1.0239	0.34332	3.0568	15.359	1.0239	0.34332	3.0568	15.359	0	1.2159	0.40768	3.6299	18.238	1.2159	0.40768	3.6299	18.238	1.2449	0.41743	3.7166	18.674	1.2449	0.41743	3.7166	18.674	0	0.30266	0.30266	0.30266	0.30266	0.30266	0.30266	0.30266	0.30266	0.30266	0.30266	0.30266	0.30266	0.30266	0.30266	0.30266	0.30266	0.30266
10000	4.1445	0.010074	0.020263	1	1	0.62509	0.6899	0.40855	2.477	14.895	0.69784	0.41325	2.5055	15.066	0.69783	0.41325	2.5055	15.066	0.69783	0.41325	2.5055	15.066	0	1.3923	0.82448	4.9988	30.059	1.4083	0.83398	5.0563	30.405	1.4083	0.83397	5.0563	30.404	1.4083	0.83397	5.0563	30.404	0	0.241	0.241	0.241	0.241	0.241	0.241	0.241	0.241	0.241	0.241	0.241	0.241	0.241	0.241	0.241	0.241	0.241
10000	3	0.005	0.02	1	1	0.56162	0.76897	0.58187	3.3333	15	0.74425	0.56317	3.2262	14.518	0.76897	0.58187	3.3333	15	0.76897	0.58187	3.3333	15	0	0.76897	0.58187	3.3333	15	0.74425	0.56317	3.2262	14.518	0.76897	0.58187	3.3333	15	0.76897	0.58187	3.3333	15	0	0.2	0.2	0.2	0.2	0.2	0.2	0.2	0.2	0.2	0.2	0.2	0.2	0.2	0.2	0.2	0.2	0.2
10000	2.55	0.005	0.02	1	1	0.8	1	0.5	2.5	30	1	0.5	2.5	30	1	0.5	2.5	30	1	0.5	2.5	30	0	1	0.5	2.5	30	1	0.5	2.5	30	1	0.5	2.5	30	1	0.5	2.5	30	0	0.2	0.2	0.2	0.2	0.2	0.2	0.2	0.2	0.2	0.2	0.2	0.2	0.2	0.2	0.2	0.2	0.2
10000	5	0.01	0.022024	1	1	0.8	1	0.6	3.8721	7.6769	0.86994	0.52196	3.3685	6.6784	1	0.6	3.8721	7.6769	1	0.6	3.8721	7.6769	0	1	0.6	3.8721	7.6769	0.86994	0.52196	3.3685	6.6784	1	0.6	3.8721	7.6769	1	0.6	3.8721	7.6769	0	0.25995	0.25995	0.25995	0.25995	0.25995	0.25995	0.25995	0.25995	0.25995	0.25995	0.25995	0.25995	0.25995	0.25995	0.25995	0.25995	0.25995
10000	7.2555	0.020017	0.039973	1	1	-0.069517	0.79688	0.33311	2.6732	15.004	0.92937	0.38849	3.1177	17.498	0.79656	0.33297	2.6721	14.998	0.79656	0.33297	2.6721	14.998	0	0.7972	0.33324	2.6743	15.01	0.92975	0.38865	3.1189	17.505	0.79688	0.33311	2.6732	15.004	0.79688	0.33311	2.6732	15.004	0	0.26077	0.26077	0.26077	0.26077	0.26077	0.26077	0.26077	0.26077	0.26077	0.26077	0.26077	0.26077	0.26077	0.26077	0.26077	0.26077	0.26077
10000	4.9626	0.020149	0.020253	1	1	0.37897	0.98733	0.30823	3.6917	19.899	0.97985	0.3059	3.6637	19.748	0.99828	0.31165	3.7326	20.119	0.99828	0.31165	3.7326	20.119	0	0.78362	0.24464	2.93	15.793	0.77768	0.24278	2.9078	15.673	0.79231	0.24735	2.9625	15.968	0.79231	0.24735	2.9625	15.968	0	0.12704	0.12704	0.12704	0.12704	0.12704	0.12704	0.12704	0.12704	0.12704	0.12704	0.12704	0.12704	0.12704	0.12704	0.12704	0.12704	0.12704
10000	7.9992	0.012638	0.019996	1	1	0.40013	0.79983	0.29988	2.5003	11.665	0.89491	0.33553	2.7976	13.052	0.79364	0.29756	2.481	11.575	0.79364	0.29756	2.481	11.575	0	0.93327	0.34991	2.9175	13.612	1.0442	0.3915	3.2643	15.23	0.92605	0.3472	2.8949	13.506	0.92605	0.3472	2.8949	13.506	0	0.39339	0.39339	0.39339	0.39339	0.39339	0.39339	0.39339	0.39339	0.39339	0.39339	0.39339	0.39339	0.39339	0.39339	0.39339	0.39339	0.39339
10000	8.1079	0.013537	0.01	1	1	0.61935	0.69477	0.4	3.3365	15	0.69477	0.4	3.3365	15	0.69477	0.4	3.3365	15	0.69477	0.4	3.3365	15	0	0.69477	0.4	3.3365	15	0.69477	0.4	3.3365	15	0.69477	0.4	3.3365	15	0.69477	0.4	3.3365	15	0	0.22764	0.22764	0.22764	0.22764	0.22764	0.22764	0.22764	0.22764	0.22764	0.22764	0.22764	0.22764	0.22764	0.22764	0.22764	0.22764	0.22764
10000	2.5167	0.023333	0.022783	1	1	0.76031	1.0539	0.3	2.5	15	1.0538	0.3	2.5	15	1.0538	0.3	2.5	15	1.0538	0.3	2.5	15	0	1.0539	0.3	2.5	15	1.0538	0.3	2.5	15	1.0538	0.3	2.5	15	1.0538	0.3	2.5	15	0	0.28889	0.28889	0.28889	0.28889	0.28889	0.28889	0.28889	0.28889	0.28889	0.28889	0.28889	0.28889	0.28889	0.28889	0.28889	0.28889	0.28889
10000	5	0.018752	0.026531	1	1	-2.6004	0.73226	0.5	3.3349	20	0.77294	0.52778	3.5202	21.111	0.73226	0.5	3.3349	20	0.73226	0.5	3.3349	20	0	0.73226	0.5	3.3349	20	0.77293	0.52777	3.5201	21.111	0.73226	0.5	3.3349	20	0.73226	0.5	3.3349	20	0	0.1	0.1	0.1	0.1	0.1	0.1	0.1	0.1	0.1	0.1	0.1	0.1	0.1	0.1	0.1	0.1	0.1
10000	7	0.01	0.02	1	1	0.8	1	0.3	3.5	15	1.3599	0.40798	4.7598	20.399	1.336	0.4008	4.6761	20.04	1.336	0.4008	4.6761	20.04	0	1	0.3	3.5	15	1.3599	0.40798	4.7598	20.399	1.336	0.4008	4.6761	20.04	1.336	0.4008	4.6761	20.04	0	0.2	0.2	0.2	0.2	0.2	0.2	0.2	0.2	0.2	0.2	0.2	0.2	0.2	0.2	0.2	0.2	0.2
10000	6.0183	0.016936	0.032765	1	1	0.32065	0.93087	0.25507	2.9438	14.447	0.98718	0.2705	3.1219	15.321	0.87457	0.23964	2.7658	13.573	0.87457	0.23964	2.7658	13.573	0	0.78884	0.21615	2.4947	12.243	0.83656	0.22922	2.6456	12.983	0.74113	0.20308	2.3438	11.502	0.74113	0.20308	2.3438	11.502	0	0.18971	0.18971	0.18971	0.18971	0.18971	0.18971	0.18971	0.18971	0.18971	0.18971	0.18971	0.18971	0.18971	0.18971	0.18971	0.18971	0.18971
10000	4.2218	0.01	0.021078	1	1	0.3483	0.61615	0.33334	2.5	15	0.64691	0.34998	2.6248	15.749	0.53913	0.29167	2.1875	13.125	0.53913	0.29167	2.1875	13.125	0	0.57246	0.3097	2.3227	13.936	0.60104	0.32517	2.4387	14.632	0.5009	0.27099	2.0324	12.194	0.5009	0.27099	2.0324	12.194	0	0.21074	0.21074	0.21074	0.21074	0.21074	0.21074	0.21074	0.21074	0.21074	0.21074	0.21074	0.21074	0.21074	0.21074	0.21074	0.21074	0.21074
10000	5.275	0.010507	0.02	1	1	0.3481	1.0742	0.39622	3.5	15	1.0742	0.39622	3.5	15	1.0742	0.39622	3.5	15	1.0742	0.39622	3.5	15	0	1.0742	0.39622	3.5	15	1.0742	0.39622	3.5	15	1.0742	0.39622	3.5	15	1.0742	0.39622	3.5	15	0	0.066667	0.066667	0.066667	0.066667	0.066667	0.066667	0.066667	0.066667	0.066667	0.066667	0.066667	0.066667	0.066667	0.066667	0.066667	0.066667	0.066667
10000	3	0.026667	0.017267	1	1	0.31615	1	0.4	3.3333	15	0.9381	0.37524	3.127	14.071	0.95833	0.38333	3.1945	14.375	0.95833	0.38333	3.1945	14.375	0	1	0.4	3.3333	15	0.9381	0.37524	3.127	14.071	0.95833	0.38333	3.1945	14.375	0.95833	0.38333	3.1945	14.375	0	0.30738	0.30738	0.30738	0.30738	0.30738	0.30738	0.30738	0.30738	0.30738	0.30738	0.30738	0.30738	0.30738	0.30738	0.30738	0.30738	0.30738
10000	6.2582	0.01648	0.013616	1	1	0.26186	0.68083	0.35859	3.2021	9.395	0.85507	0.45036	4.0216	11.8	0.60194	0.31704	2.8311	8.3065	0.60194	0.31704	2.8311	8.3065	0	0.73859	0.38901	3.4738	10.192	0.92763	0.48857	4.3628	12.801	0.65302	0.34394	3.0713	9.0113	0.65302	0.34394	3.0713	9.0113	0	0.14703	0.14703	0.14703	0.14703	0.14703	0.14703	0.14703	0.14703	0.14703	0.14703	0.14703	0.14703	0.14703	0.14703	0.14703	0.14703	0.14703
10000	6.7216	0.011043	0.062454	1	1	0.14491	1.124	0.25571	4.3313	13.259	2.0912	0.47573	8.058	24.667	1.1088	0.25225	4.2727	13.08	1.1088	0.25225	4.2727	13.08	0	0.84787	0.19289	3.2671	10.001	1.5774	0.35885	6.0783	18.607	0.83641	0.19028	3.223	9.8661	0.83641	0.19028	3.223	9.8661	0	0.29997	0.29997	0.29997	0.29997	0.29997	0.29997	0.29997	0.29997	0.29997	0.29997	0.29997	0.29997	0.29997	0.29997	0.29997	0.29997	0.29997
10000	2.7789	0.019997	0.017223	1	1	0.40005	0.99995	0.39995	2.4999	15.001	1.2025	0.48098	3.0063	18.04	1.0967	0.43865	2.7418	16.452	1.0967	0.43865	2.7418	16.452	0	1	0.39998	2.5	15.002	1.2026	0.48101	3.0065	18.041	1.0968	0.43868	2.742	16.453	1.0968	0.43868	2.742	16.453	0	0.19997	0.19997	0.19997	0.19997	0.19997	0.19997	0.19997	0.19997	0.19997	0.19997	0.19997	0.19997	0.19997	0.19997	0.19997	0.19997	0.19997
10000	6.6361	0.02	0.023333	1	1	0.18774	1.5	0.3	7	13.236	1.4375	0.2875	6.7083	12.685	1.5	0.3	7	13.236	1.5	0.3	7	13.236	0	1.5	0.3	7	13.236	1.4375	0.2875	6.7083	12.685	1.5	0.3	7	13.236	1.5	0.3	7	13.236	0	0.37442	0.37442	0.37442	0.37442	0.37442	0.37442	0.37442	0.37442	0.37442	0.37442	0.37442	0.37442	0.37442	0.37442	0.37442	0.37442	0.37442
10000	2.5643	0.001	0.023941	1	1	0.51137	0.74112	0.49636	2.5085	15.039	0.70276	0.47068	2.3787	14.261	0.74426	0.49847	2.5191	15.103	0.74426	0.49847	2.5191	15.103	0	0.78544	0.52605	2.6585	15.938	0.74479	0.49883	2.5209	15.113	0.78877	0.52828	2.6698	16.006	0.78877	0.52828	2.6698	16.006	0	0.10145	0.10145	0.10145	0.10145	0.10145	0.10145	0.10145	0.10145	0.10145	0.10145	0.10145	0.10145	0.10145	0.10145	0.10145	0.10145	0.10145
10000	3.6418	0.005	0.02	1	1	0.43295	0.69321	0.3	3.3333	7.7809	0.52231	0.22604	2.5116	5.8627	0.69321	0.3	3.3333	7.7809	0.69321	0.3	3.3333	7.7809	0	0.79703	0.34493	3.8325	8.9462	0.60054	0.25989	2.8877	6.7407	0.79703	0.34493	3.8325	8.9462	0.79703	0.34493	3.8325	8.9462	0	0.2	0.2	0.2	0.2	0.2	0.2	0.2	0.2	0.2	0.2	0.2	0.2	0.2	0.2	0.2	0.2	0.2
10000	4.0658	0.0063631	0.012758	1	1	0.47413	0.63792	0.53535	3.1336	17.897	0.84002	0.70496	4.1264	23.566	0.84003	0.70496	4.1264	23.567	0.84003	0.70496	4.1264	23.567	0	0.84002	0.70496	4.1264	23.566	1.1061	0.92829	5.4337	31.033	1.1062	0.9283	5.4337	31.033	1.1062	0.9283	5.4337	31.033	0	0.31672	0.31672	0.31672	0.31672	0.31672	0.31672	0.31672	0.31672	0.31672	0.31672	0.31672	0.31672	0.31672	0.31672	0.31672	0.31672	0.31672
10000	5.9904	0.003953	0.017578	1	1	0.1688	1.2025	0.3181	3.6169	16.047	1.0648	0.28167	3.2027	14.209	1.3402	0.35453	4.0311	17.885	1.3402	0.35453	4.0311	17.885	0	1.3402	0.35453	4.0311	17.885	1.1867	0.31393	3.5695	15.836	1.4936	0.39513	4.4927	19.933	1.4936	0.39513	4.4927	19.933	0	0.21029	0.21029	0.21029	0.21029	0.21029	0.21029	0.21029	0.21029	0.21029	0.21029	0.21029	0.21029	0.21029	0.21029	0.21029	0.21029	0.21029
10000	8.0112	0.011258	0.029867	1	1	0.41594	0.79701	0.29784	3.3391	26.632	0.7947	0.29698	3.3294	26.555	0.7947	0.29698	3.3294	26.554	0.7947	0.29698	3.3294	26.554	0	1.5904	0.59433	6.663	53.142	1.5858	0.59261	6.6437	52.988	1.5858	0.5926	6.6436	52.988	1.5858	0.5926	6.6436	52.988	0	0.26936	0.26936	0.26936	0.26936	0.26936	0.26936	0.26936	0.26936	0.26936	0.26936	0.26936	0.26936	0.26936	0.26936	0.26936	0.26936	0.26936
10000	6	0.005	0.017948	1	1	0.33233	0.8	0.3	3.5	20	0.8	0.3	3.5	20	1.0766	0.40374	4.7103	26.916	1.0766	0.40374	4.7103	26.916	0	0.8	0.3	3.5	20	0.8	0.3	3.5	20	1.0766	0.40374	4.7103	26.916	1.0766	0.40374	4.7103	26.916	0	0.4	0.4	0.4	0.4	0.4	0.4	0.4	0.4	0.4	0.4	0.4	0.4	0.4	0.4	0.4	0.4	0.4
10000	2.7288	0.010709	0.03	1	1	0.8	0.8	0.3	2.9399	15	0.8	0.3	2.9399	15	0.90901	0.34088	3.3405	17.044	0.90901	0.34088	3.3405	17.044	0	0.8	0.3	2.9399	15	0.8	0.3	2.9399	15	0.90901	0.34088	3.3405	17.044	0.90901	0.34088	3.3405	17.044	0	0.2485	0.2485	0.2485	0.2485	0.2485	0.2485	0.2485	0.2485	0.2485	0.2485	0.2485	0.2485	0.2485	0.2485	0.2485	0.2485	0.2485
10000	6.4535	0.0082509	0.02	1	1	0.8	1.3333	0.3	5	20	1.5556	0.35	5.8333	23.333	1.5059	0.33882	5.647	22.588	1.5059	0.33882	5.647	22.588	0	1.3333	0.3	5	20	1.5556	0.35	5.8333	23.333	1.5059	0.33882	5.647	22.588	1.5059	0.33882	5.647	22.588	0	0.2	0.2	0.2	0.2	0.2	0.2	0.2	0.2	0.2	0.2	0.2	0.2	0.2	0.2	0.2	0.2	0.2
10000	4.7793	0.001	0.059658	1	1	0.34113	0.92308	0.25	3.0336	15.615	0.98521	0.26683	3.2378	16.666	1.0223	0.27688	3.3598	17.294	1.0223	0.27688	3.3598	17.294	0	0.9852	0.26683	3.2378	16.666	1.0515	0.28479	3.4557	17.788	1.0911	0.29551	3.5859	18.458	1.0911	0.29551	3.5859	18.458	0	0.10131	0.10131	0.10131	0.10131	0.10131	0.10131	0.10131	0.10131	0.10131	0.10131	0.10131	0.10131	0.10131	0.10131	0.10131	0.10131	0.10131
10000	3	0.0063214	0.02	1	1	0.4	1	0.43333	2.5	15	0.97824	0.42391	2.4456	14.674	1.3333	0.57778	3.3333	20	1.3333	0.57778	3.3333	20	0	1	0.43333	2.5	15	0.97824	0.42391	2.4456	14.674	1.3333	0.57778	3.3333	20	1.3333	0.57778	3.3333	20	0	0.3	0.3	0.3	0.3	0.3	0.3	0.3	0.3	0.3	0.3	0.3	0.3	0.3	0.3	0.3	0.3	0.3
10000	3.3861	1	0.0333	1	1	0.71516	1	0.3	4.6667	13.333	1	0.3	4.6667	13.333	2	0.6	9.3333	26.667	2	0.6	9.3333	26.667	0	0.4637	0.13911	2.164	6.1827	0.4637	0.13911	2.164	6.1827	0.92741	0.27822	4.3279	12.365	0.92741	0.27822	4.3279	12.365	0	0.3	0.3	0.3	0.3	0.3	0.3	0.3	0.3	0.3	0.3	0.3	0.3	0.3	0.3	0.3	0.3	0.3
10000	3.55	0.0070786	0.039778	1	1	0.4	0.8	0.3	2.5	15	0.8	0.3	2.5	15	0.81102	0.30413	2.5345	15.207	0.81102	0.30413	2.5345	15.207	0	0.916	0.3435	2.8625	17.175	0.916	0.3435	2.8625	17.175	0.92863	0.34824	2.902	17.412	0.92863	0.34824	2.902	17.412	0	0.27599	0.27599	0.27599	0.27599	0.27599	0.27599	0.27599	0.27599	0.27599	0.27599	0.27599	0.27599	0.27599	0.27599	0.27599	0.27599	0.27599
10000	4.4273	0.001	0.01	1	1	0.49298	1.0366	0.42619	3.0632	8.9322	1.2126	0.49859	3.5836	10.45	0.93089	0.38275	2.751	8.0217	0.93089	0.38275	2.751	8.0217	0	0.98293	0.40414	2.9047	8.4701	1.1499	0.4728	3.3982	9.9089	0.88274	0.36295	2.6086	7.6067	0.88274	0.36295	2.6086	7.6067	0	0.34707	0.34707	0.34707	0.34707	0.34707	0.34707	0.34707	0.34707	0.34707	0.34707	0.34707	0.34707	0.34707	0.34707	0.34707	0.34707	0.34707
10000	7.6629	0.010412	0.02	1	1	0.47351	0.8345	0.27625	3.3333	13.325	0.92645	0.30669	3.7006	14.793	0.8345	0.27625	3.3333	13.325	0.8345	0.27625	3.3333	13.325	0	1.0053	0.33278	4.0153	16.051	1.116	0.36944	4.4577	17.82	1.0052	0.33278	4.0153	16.051	1.0052	0.33278	4.0153	16.051	0	0.28483	0.28483	0.28483	0.28483	0.28483	0.28483	0.28483	0.28483	0.28483	0.28483	0.28483	0.28483	0.28483	0.28483	0.28483	0.28483	0.28483
10000	5.7542	0.015167	0.02	1	1	0.44798	0.79884	0.4	4.5643	20	0.79883	0.4	4.5643	20	0.96857	0.48498	5.5341	24.249	0.96857	0.48498	5.5341	24.249	0	0.79884	0.4	4.5643	20	0.79883	0.4	4.5643	20	0.96857	0.48498	5.5341	24.249	0.96857	0.48498	5.5341	24.249	0	0.2	0.2	0.2	0.2	0.2	0.2	0.2	0.2	0.2	0.2	0.2	0.2	0.2	0.2	0.2	0.2	0.2
10000	3.715	0.0062208	0.019198	1	1	0.48761	0.95992	0.37395	3.2813	14.795	0.99358	0.38706	3.3963	15.314	0.99358	0.38706	3.3963	15.314	0.99358	0.38706	3.3963	15.314	0	0.23998	0.093487	0.82032	3.6988	0.2484	0.096765	0.84909	3.8285	0.2484	0.096765	0.84909	3.8285	0.2484	0.096765	0.84909	3.8285	0	0.21603	0.21603	0.21603	0.21603	0.21603	0.21603	0.21603	0.21603	0.21603	0.21603	0.21603	0.21603	0.21603	0.21603	0.21603	0.21603	0.21603
10000	2.5167	0.007	0.02	1	1	0.35922	0.75164	0.054519	3.3333	15	0.65768	0.047704	2.9166	13.125	0.77396	0.056138	3.4323	15.445	0.77396	0.056138	3.4323	15.445	0	0.75164	0.054519	3.3333	15	0.65768	0.047704	2.9166	13.125	0.77396	0.056138	3.4323	15.445	0.77396	0.056138	3.4323	15.445	0	0.20371	0.20371	0.20371	0.20371	0.20371	0.20371	0.20371	0.20371	0.20371	0.20371	0.20371	0.20371	0.20371	0.20371	0.20371	0.20371	0.20371
10000	7.8251	0.0084735	0.021661	1	1	-0.03892	1.0944	-0.22859	3.9603	19.964	1.1297	-0.23595	4.0878	20.607	1.236	-0.25817	4.4727	22.547	1.236	-0.25817	4.4727	22.547	0	0.86384	-0.18043	3.1259	15.758	0.89165	-0.18624	3.2265	16.265	0.97561	-0.20378	3.5304	17.797	0.97561	-0.20378	3.5304	17.797	0	0.20624	0.20624	0.20624	0.20624	0.20624	0.20624	0.20624	0.20624	0.20624	0.20624	0.20624	0.20624	0.20624	0.20624	0.20624	0.20624	0.20624
10000	4.3184	0.001	0.02	1	1	0.4	0.8	0.1	2.5	15	0.8	0.1	2.5	15	0.8	0.1	2.5	15	0.8	0.1	2.5	15	0	0.78543	0.098179	2.4545	14.727	0.78543	0.098179	2.4545	14.727	0.78543	0.098179	2.4545	14.727	0.78543	0.098179	2.4545	14.727	0	0.27383	0.27383	0.27383	0.27383	0.27383	0.27383	0.27383	0.27383	0.27383	0.27383	0.27383	0.27383	0.27383	0.27383	0.27383	0.27383	0.27383
10000	5.3877	0.0042955	0.018215	1	1	0.40831	1.0119	0.37353	3.3126	23.209	1.0045	0.37081	3.2884	23.04	1.0014	0.36964	3.2781	22.968	1.0014	0.36964	3.2781	22.968	0	0.89266	0.32952	2.9223	20.474	0.88616	0.32712	2.901	20.325	0.88338	0.32609	2.8919	20.262	0.88338	0.32609	2.8919	20.262	0	0.29796	0.29796	0.29796	0.29796	0.29796	0.29796	0.29796	0.29796	0.29796	0.29796	0.29796	0.29796	0.29796	0.29796	0.29796	0.29796	0.29796
10000	1.3558	0.0044954	0.02	1	1	0.8	1	0.3	2.5	15	1	0.3	2.5	15	1	0.3	2.5	15	1	0.3	2.5	15	0	1	0.3	2.5	15	1	0.3	2.5	15	1	0.3	2.5	15	1	0.3	2.5	15	0	0.2	0.2	0.2	0.2	0.2	0.2	0.2	0.2	0.2	0.2	0.2	0.2	0.2	0.2	0.2	0.2	0.2
10000	0.1	0.0015917	0.023077	1	1	0.30852	1.4583	0.34139	4.7812	14	1.6149	0.37805	5.2946	15.503	1.2988	0.30405	4.2583	12.469	1.2988	0.30405	4.2583	12.469	0	1.2988	0.30405	4.2583	12.469	1.4383	0.33669	4.7154	13.807	1.1568	0.2708	3.7925	11.105	1.1568	0.2708	3.7925	11.105	0	0.19639	0.19639	0.19639	0.19639	0.19639	0.19639	0.19639	0.19639	0.19639	0.19639	0.19639	0.19639	0.19639	0.19639	0.19639	0.19639	0.19639
10000	0.1	0.02	0.02	1	1	0.31754	1	0.3	2.5	15	1.2375	0.37126	3.0938	18.563	1	0.3	2.5	15	1	0.3	2.5	15	0	1	0.3	2.5	15	1.2375	0.37126	3.0938	18.563	1	0.3	2.5	15	1	0.3	2.5	15	0	0.24355	0.24355	0.24355	0.24355	0.24355	0.24355	0.24355	0.24355	0.24355	0.24355	0.24355	0.24355	0.24355	0.24355	0.24355	0.24355	0.24355
10000	0.1	0.001	0.02	1	1	0.4	1	0.5	3.3333	15	1.1294	0.56469	3.7646	16.941	1	0.5	3.3333	15	1	0.5	3.3333	15	0	1	0.5	3.3333	15	1.1294	0.56469	3.7646	16.941	1	0.5	3.3333	15	1	0.5	3.3333	15	0	0.2	0.2	0.2	0.2	0.2	0.2	0.2	0.2	0.2	0.2	0.2	0.2	0.2	0.2	0.2	0.2	0.2
10000	1.9035	0.005	0.01	1	1	0.46751	1.0404	0.3	2.5	15	1.0404	0.3	2.5	15	1.0404	0.3	2.5	15	1.0404	0.3	2.5	15	0	0.84586	0.24389	2.0324	12.195	0.84586	0.24389	2.0324	12.195	0.84586	0.24389	2.0324	12.195	0.84586	0.24389	2.0324	12.195	0	0.17161	0.17161	0.17161	0.17161	0.17161	0.17161	0.17161	0.17161	0.17161	0.17161	0.17161	0.17161	0.17161	0.17161	0.17161	0.17161	0.17161
10000	4.5406	0.0064583	0.028581	1	1	0.20459	0.96809	0.32074	2.4442	14.745	1.1591	0.38401	2.9263	17.653	2.042	0.67654	5.1555	31.101	2.042	0.67654	5.1555	31.101	0	1.1237	0.37228	2.8369	17.114	1.3453	0.44572	3.3965	20.49	2.3701	0.78525	5.9839	36.099	2.3701	0.78525	5.9839	36.099	0	0.54841	0.54841	0.54841	0.54841	0.54841	0.54841	0.54841	0.54841	0.54841	0.54841	0.54841	0.54841	0.54841	0.54841	0.54841	0.54841	0.54841
10000	8.5447	0.01	0.032897	1	1	0.4	0.69352	0.3	4.7819	7.6816	0.73217	0.31672	5.0483	8.1096	0.69352	0.3	4.7819	7.6816	0.69352	0.3	4.7819	7.6816	0	0.69352	0.3	4.7819	7.6816	0.73217	0.31672	5.0484	8.1097	0.69352	0.3	4.7819	7.6816	0.69352	0.3	4.7819	7.6816	0	0.25	0.25	0.25	0.25	0.25	0.25	0.25	0.25	0.25	0.25	0.25	0.25	0.25	0.25	0.25	0.25	0.25
10000	1.4186	0.011545	0.020785	1	1	0.24433	1	0.3	2.7222	17.778	1.0152	0.30457	2.7636	18.048	1.0248	0.30743	2.7896	18.218	1.0248	0.30743	2.7896	18.218	0	0.5	0.15	1.3611	8.8889	0.50761	0.15228	1.3818	9.0242	0.51239	0.15372	1.3948	9.1091	0.51239	0.15372	1.3948	9.1091	0	0.2	0.2	0.2	0.2	0.2	0.2	0.2	0.2	0.2	0.2	0.2	0.2	0.2	0.2	0.2	0.2	0.2
10000	5.2428	0.0068138	0.01	1	1	0.64034	0.84909	0.27983	2.6441	-6.5374	0.91025	0.29999	2.8345	-7.0083	1.1506	0.37918	3.5828	-8.8584	1.1506	0.37918	3.5828	-8.8584	0	0.21227	0.069957	0.66101	-1.6343	0.22756	0.074996	0.70863	-1.7521	0.28764	0.094795	0.8957	-2.2146	0.28764	0.094795	0.8957	-2.2146	0	0.2445	0.2445	0.2445	0.2445	0.2445	0.2445	0.2445	0.2445	0.2445	0.2445	0.2445	0.2445	0.2445	0.2445	0.2445	0.2445	0.2445
10000	5.1533	0.0038007	0.02098	1	1	0.4548	1.3333	0.3	2.5	15	2	0.45	3.75	22.5	1.5141	0.34068	2.839	17.034	1.5141	0.34068	2.839	17.034	0	1.3333	0.3	2.5	15	2	0.45	3.75	22.5	1.5141	0.34068	2.839	17.034	1.5141	0.34068	2.839	17.034	0	0.53347	0.53347	0.53347	0.53347	0.53347	0.53347	0.53347	0.53347	0.53347	0.53347	0.53347	0.53347	0.53347	0.53347	0.53347	0.53347	0.53347
10000	3.0865	0.0073636	0.017071	1	1	1.1465	1.1465	0.0027309	3.1705	13.828	1.2934	0.0030809	3.5768	15.6	0.99954	0.0023809	2.7641	12.056	0.99954	0.0023809	2.7641	12.056	0	0.28662	0.00068272	0.79261	3.4571	0.32335	0.00077021	0.89419	3.9001	0.24988	0.00059522	0.69103	3.014	0.24988	0.00059522	0.69103	3.014	0	0.37023	0.37023	0.37023	0.37023	0.37023	0.37023	0.37023	0.37023	0.37023	0.37023	0.37023	0.37023	0.37023	0.37023	0.37023	0.37023	0.37023
10000	4.7869	0.01176	0.01735	1	1	0.90225	1.0977	0.35242	2.6711	15.782	1.1916	0.38256	2.8995	17.132	1.0039	0.32228	2.4426	14.432	1.0039	0.32228	2.4426	14.432	0	0.95812	0.30759	2.3313	13.775	1.0401	0.3339	2.5307	14.953	0.87618	0.28129	2.1319	12.597	0.87618	0.28129	2.1319	12.597	0	0.31322	0.31322	0.31322	0.31322	0.31322	0.31322	0.31322	0.31322	0.31322	0.31322	0.31322	0.31322	0.31322	0.31322	0.31322	0.31322	0.31322
10000	5	1	0.02	1	1	0.8	0.99999	0.4	5	8.1026	0.625	0.25	3.125	5.0641	0.97641	0.39057	4.8821	7.9115	0.97641	0.39057	4.8821	7.9115	0	0.5	0.2	2.5	4.0513	0.3125	0.125	1.5625	2.5321	0.48821	0.19528	2.441	3.9558	0.48821	0.19528	2.441	3.9558	0	0.25966	0.25966	0.25966	0.25966	0.25966	0.25966	0.25966	0.25966	0.25966	0.25966	0.25966	0.25966	0.25966	0.25966	0.25966	0.25966	0.25966
10000	3	0.01	0.02	1	1	0.8	1	0.3	2.5	15	1	0.3	2.5	15	1	0.3	2.5	15	1	0.3	2.5	15	0	1	0.3	2.5	15	1	0.3	2.5	15	1	0.3	2.5	15	1	0.3	2.5	15	0	0.2	0.2	0.2	0.2	0.2	0.2	0.2	0.2	0.2	0.2	0.2	0.2	0.2	0.2	0.2	0.2	0.2
10000	4.671	0.0061144	0.021925	1	1	1.0185	0.99979	0.14839	2.3909	16.665	0.99997	0.14841	2.3913	16.668	0.74996	0.11131	1.7934	12.501	0.74996	0.11131	1.7934	12.501	0	0.49993	0.074198	1.1955	8.333	0.50002	0.074212	1.1957	8.3345	0.375	0.055657	0.89677	6.2507	0.375	0.055657	0.89677	6.2507	0	0.21373	0.21373	0.21373	0.21373	0.21373	0.21373	0.21373	0.21373	0.21373	0.21373	0.21373	0.21373	0.21373	0.21373	0.21373	0.21373	0.21373
10000	2.55	0.0081667	0.016667	1	1	0.8	0.93528	0.3	2.7526	15	0.92229	0.29583	2.7143	14.792	1.3494	0.43282	3.9713	21.641	1.3494	0.43282	3.9713	21.641	0	0.93528	0.3	2.7526	15	0.92229	0.29583	2.7143	14.792	1.3494	0.43282	3.9713	21.641	1.3494	0.43282	3.9713	21.641	0	0.3278	0.3278	0.3278	0.3278	0.3278	0.3278	0.3278	0.3278	0.3278	0.3278	0.3278	0.3278	0.3278	0.3278	0.3278	0.3278	0.3278
10000	2.9261	0.012578	0.020558	1	1	0.8	1	0.3	5	15	1	0.3	5	15	1	0.3	5	15	1	0.3	5	15	0	0.5	0.15	2.5	7.5	0.5	0.15	2.5	7.5	0.5	0.15	2.5	7.5	0.5	0.15	2.5	7.5	0	0.4	0.4	0.4	0.4	0.4	0.4	0.4	0.4	0.4	0.4	0.4	0.4	0.4	0.4	0.4	0.4	0.4
10000	3	0.005	0.025738	1	1	0.8	1	0.3	2.5	15	2	0.6	5	30	1.0946	0.32838	2.7365	16.419	1.0946	0.32838	2.7365	16.419	0	0.95357	0.28607	2.3839	14.304	1.9071	0.57214	4.7679	28.607	1.0438	0.31313	2.6094	15.657	1.0438	0.31313	2.6094	15.657	0	0.28881	0.28881	0.28881	0.28881	0.28881	0.28881	0.28881	0.28881	0.28881	0.28881	0.28881	0.28881	0.28881	0.28881	0.28881	0.28881	0.28881
10000	2.8503	0.01	0.01	1	1	0.8	1	0.3	3.3333	20	0.95842	0.28753	3.1947	19.168	1.0163	0.3049	3.3878	20.327	1.0163	0.3049	3.3878	20.327	0	1	0.3	3.3333	20	0.95842	0.28753	3.1947	19.168	1.0163	0.3049	3.3878	20.327	1.0163	0.3049	3.3878	20.327	0	0.40696	0.40696	0.40696	0.40696	0.40696	0.40696	0.40696	0.40696	0.40696	0.40696	0.40696	0.40696	0.40696	0.40696	0.40696	0.40696	0.40696
10000	4.4512	0.007	0.12595	1	1	0.70005	0.59229	0.39804	3.276	7.1951	0.5918	0.39771	3.2732	7.1892	0.37077	0.24917	2.0507	4.5041	0.37077	0.24917	2.0507	4.5041	0	0.59346	0.39883	3.2824	7.2094	0.59297	0.3985	3.2797	7.2034	0.3715	0.24966	2.0548	4.513	0.3715	0.24966	2.0548	4.513	0	0.20005	0.20005	0.20005	0.20005	0.20005	0.20005	0.20005	0.20005	0.20005	0.20005	0.20005	0.20005	0.20005	0.20005	0.20005	0.20005	0.20005
10000	4.9998	0.0037812	0.029998	1	1	0.32668	0.99994	0.29996	4.9999	10	0.99998	0.29998	5.0001	10.001	1.3336	0.40006	6.6683	13.337	1.3336	0.40006	6.6683	13.337	0	0.99989	0.29995	4.9996	9.9998	0.99993	0.29996	4.9998	10	1.3335	0.40004	6.6679	13.337	1.3335	0.40004	6.6679	13.337	0	0.41112	0.41112	0.41112	0.41112	0.41112	0.41112	0.41112	0.41112	0.41112	0.41112	0.41112	0.41112	0.41112	0.41112	0.41112	0.41112	0.41112
10000	6.9076	0.011966	0.030514	1	1	0.50349	0.83464	0.3	3.3333	-135	0.83464	0.3	3.3333	-135	0.83465	0.3	3.3334	-135	0.83465	0.3	3.3334	-135	0	0.83464	0.3	3.3333	-135	0.83464	0.3	3.3333	-135	0.83465	0.3	3.3334	-135	0.83465	0.3	3.3334	-135	0	0.26667	0.26667	0.26667	0.26667	0.26667	0.26667	0.26667	0.26667	0.26667	0.26667	0.26667	0.26667	0.26667	0.26667	0.26667	0.26667	0.26667
10000	5	0.02	0.012496	1	1	0.53368	1	0.5	7	15	1.5	0.75	10.5	22.5	1	0.5	7	15	1	0.5	7	15	0	1	0.5	7	15	1.5	0.75	10.5	22.5	1	0.5	7	15	1	0.5	7	15	0	0.55	0.55	0.55	0.55	0.55	0.55	0.55	0.55	0.55	0.55	0.55	0.55	0.55	0.55	0.55	0.55	0.55
10000	2.547	0.011438	0.02002	1	1	0.53371	0.63288	0.29955	2.5907	18.343	0.87632	0.41477	3.5872	25.399	0.6018	0.28484	2.4635	17.442	0.6018	0.28484	2.4635	17.442	0	0.68005	0.32188	2.7838	19.71	0.94163	0.44568	3.8546	27.292	0.64665	0.30607	2.6471	18.742	0.64665	0.30607	2.6471	18.742	0	0.30053	0.30053	0.30053	0.30053	0.30053	0.30053	0.30053	0.30053	0.30053	0.30053	0.30053	0.30053	0.30053	0.30053	0.30053	0.30053	0.30053
10000	5	0.01	0.02	1	1	0.8	1	0.3	3.5	15	1	0.3	3.5	15	1	0.3	3.5	15	1	0.3	3.5	15	0	1	0.3	3.5	15	1	0.3	3.5	15	1	0.3	3.5	15	1	0.3	3.5	15	0	0.3	0.3	0.3	0.3	0.3	0.3	0.3	0.3	0.3	0.3	0.3	0.3	0.3	0.3	0.3	0.3	0.3
10000	1.3252	0.027693	0.01	1	1	1.066	1.3326	0.29981	2.4986	6.2845	1.7991	0.40478	3.3735	8.4849	1.4726	0.33132	2.7613	6.9451	1.4726	0.33132	2.7613	6.9451	0	1.244	0.27989	2.3326	5.8668	1.6796	0.37788	3.1493	7.921	1.3747	0.3093	2.5778	6.4835	1.3747	0.3093	2.5778	6.4835	0	0.80031	0.80031	0.80031	0.80031	0.80031	0.80031	0.80031	0.80031	0.80031	0.80031	0.80031	0.80031	0.80031	0.80031	0.80031	0.80031	0.80031
10000	0.1	0.02	0.016687	1	1	0.8	0.58817	0.4	2.5	15	0.6862	0.46667	2.9167	17.5	0.58817	0.4	2.5	15	0.58817	0.4	2.5	15	0	0.14704	0.1	0.625	3.75	0.17155	0.11667	0.72917	4.375	0.14704	0.1	0.625	3.75	0.14704	0.1	0.625	3.75	0	0.3	0.3	0.3	0.3	0.3	0.3	0.3	0.3	0.3	0.3	0.3	0.3	0.3	0.3	0.3	0.3	0.3
10000	3.1226	0.0077869	0.018814	1	1	0.62582	0.81337	0.5258	2.1613	4.2342	0.9511	0.61483	2.5273	4.9512	0.95111	0.61484	2.5273	4.9512	0.95111	0.61484	2.5273	4.9512	0	0.67563	0.43676	1.7953	3.5172	0.79004	0.51072	2.0993	4.1127	0.79004	0.51072	2.0993	4.1128	0.79004	0.51072	2.0993	4.1128	0	0.27741	0.27741	0.27741	0.27741	0.27741	0.27741	0.27741	0.27741	0.27741	0.27741	0.27741	0.27741	0.27741	0.27741	0.27741	0.27741	0.27741
10000	1.9376	0.0067894	0.023492	1	1	0.64284	1.1746	0.40101	2.7326	13.937	1.3201	0.45066	3.071	15.662	1.038	0.35437	2.4148	12.316	1.038	0.35437	2.4148	12.316	0	1.3541	0.46228	3.1502	16.066	1.5218	0.51952	3.5402	18.056	1.1966	0.40851	2.7838	14.198	1.1966	0.40851	2.7838	14.198	0	0.85064	0.85064	0.85064	0.85064	0.85064	0.85064	0.85064	0.85064	0.85064	0.85064	0.85064	0.85064	0.85064	0.85064	0.85064	0.85064	0.85064
10000	3	0.005	0.037707	1	1	1.0667	2	0.3	1.4737	15	4	0.6	2.9474	30	2	0.3	1.4737	15	2	0.3	1.4737	15	0	2	0.3	1.4737	15	4	0.6	2.9473	30	2	0.3	1.4737	15	2	0.3	1.4737	15	0	0.6	0.6	0.6	0.6	0.6	0.6	0.6	0.6	0.6	0.6	0.6	0.6	0.6	0.6	0.6	0.6	0.6
10000	5	0.02	0.01	1	1	0.8	1	0.3	2.5	15	1	0.3	2.5	15	1	0.3	2.5	15	1	0.3	2.5	15	0	1.2541	0.37624	3.1353	18.812	1.2541	0.37624	3.1353	18.812	1.2541	0.37624	3.1353	18.812	1.2541	0.37624	3.1353	18.812	0	0.4	0.4	0.4	0.4	0.4	0.4	0.4	0.4	0.4	0.4	0.4	0.4	0.4	0.4	0.4	0.4	0.4
10000	3	0.011667	0.02	1	1	0.8	1	0.6	2.5	15	1.2401	0.74408	3.1003	18.602	0.95833	0.575	2.3958	14.375	0.95833	0.575	2.3958	14.375	0	1	0.6	2.5	15	1.2401	0.74408	3.1003	18.602	0.95833	0.575	2.3958	14.375	0.95833	0.575	2.3958	14.375	0	0.55	0.55	0.55	0.55	0.55	0.55	0.55	0.55	0.55	0.55	0.55	0.55	0.55	0.55	0.55	0.55	0.55
10000	3.6484	0.12	0.02	1	1	0.8	1	0.4	2.5	15	1	0.4	2.5	15	1.1667	0.46667	2.9167	17.5	1.1667	0.46667	2.9167	17.5	0	1.158	0.4632	2.895	17.37	1.158	0.4632	2.895	17.37	1.351	0.54041	3.3775	20.265	1.351	0.54041	3.3775	20.265	0	0.26667	0.26667	0.26667	0.26667	0.26667	0.26667	0.26667	0.26667	0.26667	0.26667	0.26667	0.26667	0.26667	0.26667	0.26667	0.26667	0.26667
10000	3	0.01	0.10261	1	1	0.8	1	0.3	2.5	15	1	0.3	2.5	15	1	0.3	2.5	15	1	0.3	2.5	15	0	1	0.3	2.5	15	1	0.3	2.5	15	1	0.3	2.5	15	1	0.3	2.5	15	0	0.2	0.2	0.2	0.2	0.2	0.2	0.2	0.2	0.2	0.2	0.2	0.2	0.2	0.2	0.2	0.2	0.2
10000	4.4151	0.0049136	0.025026	1	1	0.8	1	0.3	2.5	15	1	0.3	2.5	15	1	0.3	2.5	15	1	0.3	2.5	15	0	0.95833	0.2875	2.3958	14.375	0.95833	0.2875	2.3958	14.375	0.95833	0.2875	2.3958	14.375	0.95833	0.2875	2.3958	14.375	0	0.36667	0.36667	0.36667	0.36667	0.36667	0.36667	0.36667	0.36667	0.36667	0.36667	0.36667	0.36667	0.36667	0.36667	0.36667	0.36667	0.36667
10000	2.8436	0.01	0.01	1	1	0.8	0.85414	0.3	2.5	15	0.85414	0.3	2.5	15	0.85414	0.3	2.5	15	0.85414	0.3	2.5	15	0	0.85414	0.3	2.5	15	0.85414	0.3	2.5	15	0.85414	0.3	2.5	15	0.85414	0.3	2.5	15	0	0.6	0.6	0.6	0.6	0.6	0.6	0.6	0.6	0.6	0.6	0.6	0.6	0.6	0.6	0.6	0.6	0.6
10000	3	0.0055	0.026667	1	1	0.8	0.8	0.3	2.5	15	0.93333	0.35	2.9167	17.5	0.8	0.3	2.5	15	0.8	0.3	2.5	15	0	0.8	0.3	2.5	15	0.93333	0.35	2.9167	17.5	0.8	0.3	2.5	15	0.8	0.3	2.5	15	0	0.7	0.7	0.7	0.7	0.7	0.7	0.7	0.7	0.7	0.7	0.7	0.7	0.7	0.7	0.7	0.7	0.7
10000	4.2078	0.010169	0.01	1	1	1.0582	1.1311	0.3061	3.3169	5.4755	1.1403	0.30861	3.3441	5.5205	1.1226	0.30382	3.2922	5.4347	1.1226	0.30382	3.2922	5.4347	0	1.1403	0.30861	3.3441	5.5205	1.1497	0.31115	3.3716	5.5658	1.1318	0.30631	3.3192	5.4794	1.1318	0.30631	3.3192	5.4794	0	0.6061	0.6061	0.6061	0.6061	0.6061	0.6061	0.6061	0.6061	0.6061	0.6061	0.6061	0.6061	0.6061	0.6061	0.6061	0.6061	0.6061
10000	3	0.0058333	0.01	1	1	0.87238	1.0667	0.3	2.5	20	1.0667	0.3	2.5	20	1.0667	0.3	2.5	20	1.0667	0.3	2.5	20	0	1.0667	0.3	2.5	20	1.0667	0.3	2.5	20	1.0667	0.3	2.5	20	1.0667	0.3	2.5	20	0	0.60116	0.60116	0.60116	0.60116	0.60116	0.60116	0.60116	0.60116	0.60116	0.60116	0.60116	0.60116	0.60116	0.60116	0.60116	0.60116	0.60116
10000	5	0.02	0.02	1	1	1.6	0.79318	0.3	2.5	15	0.79318	0.3	2.5	15	0.79318	0.3	2.5	15	0.79318	0.3	2.5	15	0	1.0291	0.38924	3.2436	19.462	1.0291	0.38924	3.2436	19.462	1.0291	0.38924	3.2436	19.462	1.0291	0.38924	3.2436	19.462	0	0.28932	0.28932	0.28932	0.28932	0.28932	0.28932	0.28932	0.28932	0.28932	0.28932	0.28932	0.28932	0.28932	0.28932	0.28932	0.28932	0.28932
10000	7	0.0069866	0.02	1	1	0.8	1	0.3	2.5	10	1	0.3	2.5	10	1	0.3	2.5	10	1	0.3	2.5	10	0	0.99999	0.3	2.5	9.9999	0.99999	0.3	2.5	9.9999	0.99999	0.3	2.5	9.9999	0.99999	0.3	2.5	9.9999	0	0.2	0.2	0.2	0.2	0.2	0.2	0.2	0.2	0.2	0.2	0.2	0.2	0.2	0.2	0.2	0.2	0.2
10000	3	0.01	0.01644	1	1	0.8	1	0.3	2.5	20	1	0.3	2.5	20	1	0.3	2.5	20	1	0.3	2.5	20	0	1	0.3	2.5	20	1	0.3	2.5	20	1	0.3	2.5	20	1	0.3	2.5	20	0	0.2	0.2	0.2	0.2	0.2	0.2	0.2	0.2	0.2	0.2	0.2	0.2	0.2	0.2	0.2	0.2	0.2
10000	2.9729	0.010937	0.01	1	1	0.8125	1.0139	0.29097	3.4688	14.889	1.0016	0.28744	3.4266	14.708	1.0262	0.29451	3.5109	15.07	1.0262	0.29451	3.5109	15.07	0	0.25347	0.072743	0.86719	3.7222	0.25039	0.071859	0.85665	3.677	0.25655	0.073627	0.87773	3.7675	0.25655	0.073627	0.87773	3.7675	0	0.20556	0.20556	0.20556	0.20556	0.20556	0.20556	0.20556	0.20556	0.20556	0.20556	0.20556	0.20556	0.20556	0.20556	0.20556	0.20556	0.20556
10000	3.55	0.02	0.02	1	1	0.66665	1	0.3	3.3333	15	1.0556	0.31667	3.5185	15.833	1	0.3	3.3333	15	1	0.3	3.3333	15	0	1	0.3	3.3333	15	1.0556	0.31667	3.5185	15.833	1	0.3	3.3333	15	1	0.3	3.3333	15	0	0.2	0.2	0.2	0.2	0.2	0.2	0.2	0.2	0.2	0.2	0.2	0.2	0.2	0.2	0.2	0.2	0.2
10000	5.81	0.01	0.03	1	1	0.73114	1	0.13255	2.7778	10.833	1	0.13255	2.7778	10.833	1.1569	0.15334	3.2136	12.533	1.1569	0.15334	3.2136	12.533	0	1	0.13255	2.7778	10.833	1	0.13255	2.7778	10.833	1.1569	0.15334	3.2136	12.533	1.1569	0.15334	3.2136	12.533	0	0.22174	0.22174	0.22174	0.22174	0.22174	0.22174	0.22174	0.22174	0.22174	0.22174	0.22174	0.22174	0.22174	0.22174	0.22174	0.22174	0.22174
10000	5.3254	0.001	0.03	1	1	0.8	0.6297	0.2214	2.5	15	0.6297	0.2214	2.5	15	0.6297	0.2214	2.5	15	0.6297	0.2214	2.5	15	0	0.6297	0.2214	2.5	15	0.6297	0.2214	2.5	15	0.6297	0.2214	2.5	15	0.6297	0.2214	2.5	15	0	0.2	0.2	0.2	0.2	0.2	0.2	0.2	0.2	0.2	0.2	0.2	0.2	0.2	0.2	0.2	0.2	0.2
10000	6.5477	0.0064794	0.026514	1	1	1.0401	0.74889	0.42435	4.2877	15.382	0.92496	0.52412	5.2958	18.999	0.88762	0.50296	5.082	18.232	0.88762	0.50296	5.082	18.232	0	0.81194	0.46008	4.6487	16.678	1.0028	0.56825	5.7417	20.599	0.96236	0.54531	5.5099	19.767	0.96236	0.54531	5.5099	19.767	0	0.20005	0.20005	0.20005	0.20005	0.20005	0.20005	0.20005	0.20005	0.20005	0.20005	0.20005	0.20005	0.20005	0.20005	0.20005	0.20005	0.20005
10000	10	0.0054517	0.016725	1	1	0.80393	0.70645	0.29716	2.8151	14.965	0.8269	0.34782	3.295	17.516	0.79222	0.33323	3.1568	16.782	0.79222	0.33323	3.1568	16.782	0	0.66592	0.28011	2.6535	14.106	0.77945	0.32786	3.106	16.511	0.74676	0.31411	2.9757	15.819	0.74676	0.31411	2.9757	15.819	0	0.16521	0.16521	0.16521	0.16521	0.16521	0.16521	0.16521	0.16521	0.16521	0.16521	0.16521	0.16521	0.16521	0.16521	0.16521	0.16521	0.16521
10000	5	0.001	0.01	1	1	0.8	0.79834	0.3	2.5	15	0.79834	0.3	2.5	15	0.83521	0.31386	2.6155	15.693	0.83521	0.31386	2.6155	15.693	0	0.97219	0.36533	3.0444	18.267	0.97219	0.36533	3.0444	18.267	1.0171	0.3822	3.185	19.11	1.0171	0.3822	3.185	19.11	0	0.21418	0.21418	0.21418	0.21418	0.21418	0.21418	0.21418	0.21418	0.21418	0.21418	0.21418	0.21418	0.21418	0.21418	0.21418	0.21418	0.21418
10000	10	0.005	0.02	1	1	0.64722	1	0.3	2.5	9.7481	0.91208	0.27362	2.2802	8.891	2	0.6	5	19.496	2	0.6	5	19.496	0	0.5	0.15	1.25	4.874	0.45604	0.13681	1.1401	4.4455	1	0.3	2.5	9.7481	1	0.3	2.5	9.7481	0	0.3	0.3	0.3	0.3	0.3	0.3	0.3	0.3	0.3	0.3	0.3	0.3	0.3	0.3	0.3	0.3	0.3
10000	1.55	0.026973	0.02355	1	1	0.63942	0.8	0.6	3.5	20	0.93333	0.7	4.0833	23.333	0.8	0.6	3.5	20	0.8	0.6	3.5	20	0	0.8	0.6	3.5	20	0.93333	0.7	4.0833	23.333	0.8	0.6	3.5	20	0.8	0.6	3.5	20	0	0.39677	0.39677	0.39677	0.39677	0.39677	0.39677	0.39677	0.39677	0.39677	0.39677	0.39677	0.39677	0.39677	0.39677	0.39677	0.39677	0.39677
10000	3.3742	0.005	0.028988	1	1	0.53692	1	0.5	3.5	15	1	0.5	3.5	15	1	0.5	3.5	15	1	0.5	3.5	15	0	1	0.5	3.5	15	1	0.5	3.5	15	1	0.5	3.5	15	1	0.5	3.5	15	0	0.21644	0.21644	0.21644	0.21644	0.21644	0.21644	0.21644	0.21644	0.21644	0.21644	0.21644	0.21644	0.21644	0.21644	0.21644	0.21644	0.21644
10000	2.9912	0.020171	0.01	1	1	0.79594	0.9937	0.39707	3.3773	9.7079	0.99762	0.39864	3.3906	9.7462	1.0734	0.42891	3.648	10.486	1.0734	0.42891	3.648	10.486	0	0.81767	0.32673	2.779	7.9882	0.8209	0.32802	2.79	8.0197	0.88323	0.35293	3.0018	8.6287	0.88323	0.35293	3.0018	8.6287	0	0.19748	0.19748	0.19748	0.19748	0.19748	0.19748	0.19748	0.19748	0.19748	0.19748	0.19748	0.19748	0.19748	0.19748	0.19748	0.19748	0.19748
10000	2.4456	0.045081	0.023317	1	1	0.6016	0.81498	0.4	2.5	15	0.79413	0.38977	2.436	14.616	0.81497	0.4	2.5	15	0.81497	0.4	2.5	15	0	0.82441	0.40463	2.5289	15.174	0.80332	0.39428	2.4642	14.785	0.8244	0.40463	2.5289	15.174	0.8244	0.40463	2.5289	15.174	0	0.19749	0.19749	0.19749	0.19749	0.19749	0.19749	0.19749	0.19749	0.19749	0.19749	0.19749	0.19749	0.19749	0.19749	0.19749	0.19749	0.19749
10000	2.2508	0.001	0.01	1	1	0.58954	0.7349	0.29677	2.3629	14.373	0.57414	0.23185	1.846	11.229	0.72617	0.29324	2.3348	14.202	0.72617	0.29324	2.3348	14.202	0	0.67928	0.27431	2.184	13.285	0.53069	0.21431	1.7063	10.379	0.67121	0.27105	2.1581	13.128	0.67121	0.27105	2.1581	13.128	0	0.23291	0.23291	0.23291	0.23291	0.23291	0.23291	0.23291	0.23291	0.23291	0.23291	0.23291	0.23291	0.23291	0.23291	0.23291	0.23291	0.23291
10000	5	0.001	0.02	1	1	1.1183	0.96893	0.3	3.3333	15	0.96893	0.3	3.3333	15	0.96893	0.3	3.3333	15	0.96893	0.3	3.3333	15	0	1.5819	0.4898	5.4422	24.49	1.5819	0.4898	5.4422	24.49	1.5819	0.4898	5.4422	24.49	1.5819	0.4898	5.4422	24.49	0	0.25	0.25	0.25	0.25	0.25	0.25	0.25	0.25	0.25	0.25	0.25	0.25	0.25	0.25	0.25	0.25	0.25
10000	4.1513	0.001	0.02	1	1	0.8	0.94355	0.3	2.5	15	1.2159	0.38661	3.2217	19.33	0.94063	0.29907	2.4923	14.954	0.94063	0.29907	2.4923	14.954	0	1.3713	0.43599	3.6333	21.8	1.7671	0.56186	4.6821	28.093	1.367	0.43464	3.622	21.732	1.367	0.43464	3.622	21.732	0	0.10614	0.10614	0.10614	0.10614	0.10614	0.10614	0.10614	0.10614	0.10614	0.10614	0.10614	0.10614	0.10614	0.10614	0.10614	0.10614	0.10614
10000	7	0.001	0.02	1	1	1.0667	0.85083	0.6	5	20	0.85083	0.6	5	20	0.85083	0.6	5	20	0.85083	0.6	5	20	0	0.85083	0.6	5	20	0.85083	0.6	5	20	0.85083	0.6	5	20	0.85083	0.6	5	20	0	0.2	0.2	0.2	0.2	0.2	0.2	0.2	0.2	0.2	0.2	0.2	0.2	0.2	0.2	0.2	0.2	0.2
10000	5.4459	0.004	0.0425	1	1	1.2761	0.68684	0.5	4	11.962	0.86709	0.63122	5.0498	15.101	0.5366	0.39062	3.125	9.3452	0.5366	0.39062	3.125	9.3452	0	0.8371	0.60938	4.875	14.579	1.0568	0.7693	6.1544	18.405	0.65398	0.47608	3.8086	11.39	0.65398	0.47608	3.8086	11.39	0	0.20472	0.20472	0.20472	0.20472	0.20472	0.20472	0.20472	0.20472	0.20472	0.20472	0.20472	0.20472	0.20472	0.20472	0.20472	0.20472	0.20472
10000	3.1625	0.007	0.01	1	1	0.8093	0.75675	0.31106	2.6319	15.667	1.4032	0.57676	4.8801	29.049	0.80149	0.32944	2.7875	16.593	0.80149	0.32944	2.7875	16.593	0	0.84585	0.34768	2.9418	17.511	1.5684	0.64467	5.4547	32.47	0.89586	0.36824	3.1158	18.547	0.89586	0.36824	3.1158	18.547	0	0.11967	0.11967	0.11967	0.11967	0.11967	0.11967	0.11967	0.11967	0.11967	0.11967	0.11967	0.11967	0.11967	0.11967	0.11967	0.11967	0.11967
10000	5.2016	0.0041803	0.016677	1	1	1.0819	0.90108	0.2995	2.8681	15.006	1.8016	0.59881	5.7342	30.002	1.52	0.50522	4.838	25.313	1.52	0.50522	4.838	25.313	0	0.90168	0.2997	2.87	15.016	1.8028	0.59921	5.7381	30.022	1.521	0.50556	4.8413	25.33	1.521	0.50556	4.8413	25.33	0	0.19632	0.19632	0.19632	0.19632	0.19632	0.19632	0.19632	0.19632	0.19632	0.19632	0.19632	0.19632	0.19632	0.19632	0.19632	0.19632	0.19632
10000	6.425	0.005	0.02	1	1	1.0667	0.87528	0.2336	3.749	7.7515	1.7506	0.4672	7.498	15.503	0.98825	0.26374	4.2328	8.7519	0.98825	0.26374	4.2328	8.7519	0	0.87528	0.2336	3.749	7.7515	1.7506	0.4672	7.498	15.503	0.98825	0.26374	4.2328	8.7519	0.98825	0.26374	4.2328	8.7519	0	0.2	0.2	0.2	0.2	0.2	0.2	0.2	0.2	0.2	0.2	0.2	0.2	0.2	0.2	0.2	0.2	0.2
10000	5.17	0.0019909	0.01	1	1	1.0224	0.45826	0.38962	2.8142	6.6566	0.94506	0.80352	5.8036	13.728	0.78708	0.6692	4.8334	11.433	0.78708	0.6692	4.8334	11.433	0	0.5251	0.44645	3.2246	7.6275	1.0829	0.92071	6.6501	15.73	0.90188	0.7668	5.5384	13.101	0.90188	0.7668	5.5384	13.101	0	0.23612	0.23612	0.23612	0.23612	0.23612	0.23612	0.23612	0.23612	0.23612	0.23612	0.23612	0.23612	0.23612	0.23612	0.23612	0.23612	0.23612
10000	2.9188	0.0047759	0.019885	1	1	0.83751	0.95833	0.21879	2.4271	8.8845	0.92339	0.21082	2.3386	8.5606	1.0709	0.24449	2.7122	9.928	1.0709	0.24449	2.7122	9.928	0	0.91819	0.20963	2.3254	8.5123	0.88472	0.20199	2.2407	8.202	1.026	0.23425	2.5986	9.5122	1.026	0.23425	2.5986	9.5122	0	0.20501	0.20501	0.20501	0.20501	0.20501	0.20501	0.20501	0.20501	0.20501	0.20501	0.20501	0.20501	0.20501	0.20501	0.20501	0.20501	0.20501
10000	3	0.001	0.016932	1	1	0.8	1	0.3	2.5	15	1	0.3	2.5	15	1	0.3	2.5	15	1	0.3	2.5	15	0	0.72732	0.2182	1.8183	10.91	0.72732	0.2182	1.8183	10.91	0.72732	0.2182	1.8183	10.91	0.72732	0.2182	1.8183	10.91	0	0.18508	0.18508	0.18508	0.18508	0.18508	0.18508	0.18508	0.18508	0.18508	0.18508	0.18508	0.18508	0.18508	0.18508	0.18508	0.18508	0.18508
10000	2.5448	0.0037725	0.011079	1	1	0.81328	1.0151	0.30936	9.2657	18.87	1.1355	0.34607	10.365	21.11	1.0021	0.30539	9.1469	18.629	1.0021	0.30539	9.1469	18.629	0	0.41783	0.12734	3.814	7.7676	0.46742	0.14245	4.2667	8.6894	0.41248	0.12571	3.7651	7.668	0.41248	0.12571	3.7651	7.668	0	0.10862	0.10862	0.10862	0.10862	0.10862	0.10862	0.10862	0.10862	0.10862	0.10862	0.10862	0.10862	0.10862	0.10862	0.10862	0.10862	0.10862
10000	10	0.0042198	0.01	1	1	1.25	1.5	-0.058971	4.125	2.5688	2.3799	-0.093562	6.5446	4.0756	2.1563	-0.084771	5.9297	3.6926	2.1563	-0.084771	5.9297	3.6926	0	1.7564	-0.06905	4.83	3.0078	2.7866	-0.10955	7.6632	4.7721	2.5248	-0.099259	6.9432	4.3237	2.5248	-0.099259	6.9432	4.3237	0	0.58145	0.58145	0.58145	0.58145	0.58145	0.58145	0.58145	0.58145	0.58145	0.58145	0.58145	0.58145	0.58145	0.58145	0.58145	0.58145	0.58145
10000	6.7744	0.0043833	0.022057	1	1	0.89255	0.89717	0.21332	3.2641	18.92	1.7612	0.41877	6.4077	37.142	0.97789	0.23252	3.5578	20.623	0.97789	0.23252	3.5578	20.623	0	0.97578	0.23201	3.5501	20.578	1.9155	0.45546	6.9691	40.397	1.0636	0.25289	3.8695	22.43	1.0636	0.25289	3.8695	22.43	0	0.32209	0.32209	0.32209	0.32209	0.32209	0.32209	0.32209	0.32209	0.32209	0.32209	0.32209	0.32209	0.32209	0.32209	0.32209	0.32209	0.32209
10000	4.248	0.001	0.02	1	1	0.8	1	0.3	2.5	15	2	0.6	5	30	1	0.3	2.5	15	1	0.3	2.5	15	0	1	0.3	2.5	15	2	0.6	5	30	1	0.3	2.5	15	1	0.3	2.5	15	0	0.2	0.2	0.2	0.2	0.2	0.2	0.2	0.2	0.2	0.2	0.2	0.2	0.2	0.2	0.2	0.2	0.2
10000	1.55	0.005	0.01	1	1	0.8	1	0.66667	3.5	26.667	0.95833	0.63889	3.3542	25.556	1	0.66667	3.5	26.667	1	0.66667	3.5	26.667	0	0.25	0.16667	0.875	6.6667	0.23958	0.15972	0.83854	6.3889	0.25	0.16667	0.875	6.6667	0.25	0.16667	0.875	6.6667	0	0.12487	0.12487	0.12487	0.12487	0.12487	0.12487	0.12487	0.12487	0.12487	0.12487	0.12487	0.12487	0.12487	0.12487	0.12487	0.12487	0.12487
