-3.579397
-2.301495
-4.782041
-3.265284
-1.898259
-0.572690
-3.681010
-0.025000
-3.628193
-3.365426
-2.849180
-1.852865
-3.908680
-0.923833
-2.775829
-4.119755
-3.811772
-2.871747
-4.489120
-5.554554
-0.000000
-2.345534
-1.997285
-2.795550
-0.712623
-1.662938
-0.353704
-1.580934
-1.648474
-3.090926
-3.225645
-0.000000
-1.776790
-1.412804
-1.854586
-2.099378
-1.593913
-1.021353
-0.000000
-4.549256
-3.223886
-2.868639
-3.590820
-2.116490
-3.815684
-1.982702
-5.449717
-1.634626
-3.075643
-1.943809
-4.248199
-0.165000
-6.282158
-1.986517
-2.435464
-3.006411
-2.182967
-0.760909
-4.462194
-0.022222
-4.660369
-3.509658
-2.200522
-3.728387
-0.236905
-3.908672
-3.402088
-2.658891
-2.211034
-3.979952
-2.281785
-2.818384
-0.116667
-0.242857
-0.577435
-1.911443
-1.676035
-3.015615
-3.341573
-1.928087
-2.667972
-2.770946
-2.943316
-3.249643
-2.814611
-2.567825
-3.321501
-2.583501
-0.075000
-0.000000
-3.848611
-2.291323
-3.234754
-0.148333
-0.585333
-2.349681
-0.541667
-3.610970
-2.559643
-0.890493
-4.754900
-0.000000
-3.821526
-0.095000
-2.400819
-3.684650
-1.950958
-1.585382
-2.158616
-2.633497
-2.587882
-4.040092
-0.540524
-1.858035
-3.126037
-2.114103
-3.140257
-1.894540
-1.520093
-2.849103
-1.444083
-1.638848
-0.601515
-3.520382
-3.485923
-3.772162
-0.563762
-4.681226
-2.784201
-3.168165
-3.973595
-2.894943
-3.772353
-1.369147
-1.823952
-0.000000
-4.599368
-3.379133
-0.275000
-2.622939
-3.334784
-2.533913
-2.221773
-2.037177
-2.731653
-3.543933
-2.826395
-1.794163
-2.601039
-3.610167
-3.557602
-3.536027
-2.299705
-4.029493
-1.989808
-4.701394
-3.304149
-4.464691
-2.584519
-4.716021
-4.333878
-1.064422
-2.947399
-0.332778
-4.158477
-2.046703
-3.734067
-0.000000
-1.161605
-2.547299
-3.271656
-1.263086
-4.263120
-4.228187
-4.367383
-2.473163
-2.451092
-5.011066
-3.985657
-3.341374
-2.281260
-1.977951
-2.577065
-2.599967
-1.521972
-1.878996
-2.359739
-2.659495
-3.152030
-2.924817
-3.658175
-2.133561
-1.512530
-1.638816
-0.050000
-0.361905
-0.000000
-2.015987
-1.265349
-4.355168
-1.693845
-3.452663
-1.366815
-3.833914
-0.536250
-4.570628
-3.120165
-2.498187
-4.816212
-2.146924
-2.448815
-0.000000
-3.123884
-1.298165
-3.810779
-0.028571
-3.465885
-1.675353
-4.055962
-2.029187
-4.872164
-0.276667
-3.305973
-1.766401
-4.041377
-0.817464
-2.284625
-0.083333
-2.985961
-3.179390
-3.209926
-1.052431
-3.293947
-0.050000
-1.830993
-4.186013
-3.861905
-0.000000
-4.117152
-3.493650
-4.564535
-2.325791
-2.405044
-2.498108
-3.865077
-3.631336
-3.692788
-2.982062
-2.541774
-4.726677
-3.201337
-2.490035
-1.678609
-2.172492
-0.238095
-4.012538
-2.929990
-3.488708
-2.136795
-3.842900
-3.273211
-3.007093
-2.497796
-0.685501
-3.641828
-2.096410
-1.879961
-4.457408
-2.625932
-2.735428
-1.609467
-3.681594
-3.525518
-1.918230
-5.169748
-2.910116
-1.952609
-2.693633
-0.018182
-3.549996
-3.364325
-5.006526
-2.249590
-2.068240
-1.777310
-2.564979
-0.613485
-3.507580
-2.229095
-4.736070
-0.300000
-2.612964
-2.004127
-2.566539
-2.199811
-4.154990
-4.638819
-2.154819
-2.856807
-2.433987
-3.707124
-4.884253
-3.861109
-4.698742
-3.602337
-1.713644
-3.262375
-2.518251
-3.313155
-3.736176
-2.421768
-1.847964
-3.390117
-3.473189
-4.546947
-3.434349
-2.826872
-1.308890
-4.076158
-0.658792
-3.207817
-3.096977
-1.527063
-3.787582
-2.739479
-3.140945
-1.868573
-2.824031
-2.693740
-1.177916
-0.042857
-3.006253
-1.304764
-3.697997
-0.000000
-3.162805
-2.546885
-4.253208
-2.220278
-3.539930
-4.077641
-3.496828
-2.090967
-3.068659
-2.601400
-2.928507
-3.335639
-3.342908
-3.526486
-1.735699
-4.015803
-0.000000
-3.596060
-1.226522
-4.799969
-1.407305
-4.325782
-3.855584
-2.893572
-5.203840
-0.040000
-4.839186
-3.328027
-0.163333
-2.725349
-2.834070
-2.798461
-3.438759
-0.100000
-3.143867
-2.337544
-5.480073
-0.071429
-3.260666
-2.905979
-2.690872
-3.216686
-4.672221
-4.357984
-3.298916
-3.462434
-4.014450
-3.237742
-3.112905
-4.006032
-0.373095
-1.985142
-3.065964
-3.165714
-2.812542
-3.958382
-1.794443
-3.437248
-2.381627
-3.492123
-4.563909
-3.503948
-3.675198
-4.462260
-3.549200
-2.895771
-1.164369
-2.529593
-0.946681
-2.268301
-3.174456
-1.277897
-3.210308
-2.187777
-3.930276
-0.974405
-2.963847
-5.386865
-0.942500
-0.125000
-3.205458
-1.669245
-1.120588
-4.294851
-3.175589
-3.327170
-3.551164
-3.404733
-3.364537
-2.539734
-4.372169
-2.512040
-3.874199
-1.528165
-1.914651
-3.047168
-1.830839
-2.324320
-0.909667
-3.502495
-2.867010
-3.440639
-4.826117
-2.131017
-1.427459
-3.255045
-3.978981
-1.634664
-2.482677
-1.617190
-3.652209
-0.715606
-3.570342
-2.847028
-3.022872
-1.951515
-3.655837
-3.699187
-2.950528
-4.539146
-0.287500
-3.336836
-2.751824
-2.454357
-0.111111
-3.390487
-2.940480
-1.883870
-6.091047
-3.446637
-3.039398
-3.811418
-0.400000
-3.276360
-1.579153
-3.636572
-0.000000
-1.640507
-2.175172
-2.082141
-1.793381
-2.884582
-1.845458
-2.944687
-2.936647
-1.355165
-1.758314
-4.270971
-0.273333
-0.724722
-3.407398
-2.880475
-2.450854
-2.244788
-0.287037
-3.894117
-3.141163
-3.939450
-0.300000
-3.990090
-4.826359
-3.133116
-2.722511
-3.219219
-3.296536
-0.040000
-1.491182
-2.541961
-1.316083
-2.563241
-1.306808
-5.690825
-6.673321
-0.952319
-3.568663
-4.184163
-5.445314
-1.883495
-1.790335
-3.829301
-0.878904
-3.094926
-1.663981
-3.111043
-0.000000
-4.006436
-3.638261
-4.069483
-0.350000
-2.641405
-3.556207
-3.642114
-3.258708
-1.476852
-2.094267
-2.380823
-2.147772
-1.460921
-3.921646
-0.311111
-4.840766
-2.422944
-4.149087
-1.958482
-4.493057
-4.348339
-3.250125
-2.520964
-3.102016
-2.228782
-3.910147
-3.056409
-3.319423
-1.798757
-2.261969
-2.547692
-4.921854
-4.284293
-4.074206
-3.490414
-4.088201
-2.430749
-2.133014
-0.339815
-2.962391
-2.400062
-4.187609
-1.762110
-3.421734
-0.404545
-0.758333
-2.015212
-3.195690
-2.498577
-2.327483
-3.941221
-0.000000
-3.634754
-2.299692
-4.539606
-0.000000
-4.361818
-3.357265
-2.884966
-3.442690
-3.001840
-3.618309
-3.218565
-3.977872
-1.788599
-5.197049
-0.090000
-1.596850
-2.107469
-3.492633
-0.838452
-3.211185
-2.588983
-2.270204
-3.721455
-0.028571
-3.647903
-4.405223
-2.576886
-2.186298
-2.235241
-3.250667
-3.100630
-4.332216
-2.166150
-0.233333
-3.038994
-2.000146
-2.026352
-0.128571
-2.709286
-0.266667
-0.225000
-0.227273
-0.100000
-2.281753
-3.225138
-2.704304
-2.077843
-1.832899
-2.294962
-0.940506
-1.078665
-0.000000
-3.294504
-1.591243
-1.626348
-3.327353
-1.395283
-0.249074
-3.733208
-3.388244
-0.274500
-0.231250
-4.005566
-0.879630
-3.534804
-2.773527
-1.408238
-3.083846
-2.451796
-2.039075
-2.907354
-2.206979
-3.208327
-4.004135
-3.933628
-3.639849
-1.992068
-4.117743
-1.876460
-3.739046
-2.690559
-2.174348
-2.893841
-4.972458
-1.500851
-4.101009
-3.481610
-3.418960
-2.469212
-1.868715
-0.524500
-5.179709
-0.959139
-3.895560
-2.629486
-1.645260
-0.561364
-2.949943
-2.893880
-2.735393
-2.602105
-5.309377
-3.071826
-2.205452
-0.060000
-4.026934
-2.586140
-3.643246
-3.673989
-5.000535
-3.518625
-2.248837
-1.775568
-0.529091
-2.531072
-0.561970
-3.907393
-3.418581
-1.960744
-2.804349
-0.876500
-2.381760
-3.248649
-5.874138
-2.614619
-3.615977
-3.050882
-1.326173
-0.095000
-2.251408
-0.207576
-2.161563
-0.601875
-3.637689
-2.846948
-3.311733
-3.503295
-0.555926
-3.025149
-3.606725
-4.948197
-3.062391
-0.433333
-3.776216
-2.513204
-2.815567
-2.362981
-1.416188
-1.666789
-1.757247
-0.050000
-0.175926
-1.976493
-0.227778
-5.304271
-3.663348
-2.264325
-2.496981
-1.960992
-1.414522
-3.084458
-0.016667
-3.142725
-2.220893
-2.038477
-0.377833
-0.362963
-0.218750
-0.317593
-1.685717
-3.346522
-1.814918
-1.380327
-1.902124
-0.482121
-0.150000
-0.018182
-0.185000
-4.952754
-0.331061
-2.816537
-2.274127
-2.387216
-0.232407
-0.100000
-0.113636
-2.668136
-0.195455
-0.100000
-1.616043
-2.257832
-2.108927
-2.469619
-1.982362
-2.022250
-1.610144
-1.192803
-0.000000
-3.494281
-4.234542
-2.524505
-3.598184
-3.064767
-4.684859
-2.616933
-1.616757
-2.486141
-0.170000
-0.045455
-6.392084
-4.088031
-2.204037
-3.329949
-2.670816
-3.033287
-4.724108
-3.101557
-4.029021
-3.218707
-2.338487
-0.020000
-3.993665
-2.715303
-3.037579
-0.025000
-2.602492
-2.719117
-1.721911
-3.126848
-5.795040
-3.787776
-1.613207
-2.390654
-1.863009
-0.236364
-1.425536
-0.045000
-2.510452
-5.493685
-4.551100
-3.015719
-1.911388
-3.164451
-2.512650
-7.722886
-1.673860
-3.393818
-3.114174
-2.029302
-2.775754
-3.317958
-3.849076
-4.084061
-3.898479
-3.180334
-2.420808
-0.066667
-3.495241
-0.724581
-3.541591
-2.235512
-0.071429
-2.767729
-3.573295
-0.141667
-0.000000
-0.710032
-0.000000
-3.827204
-2.110211
-2.882958
-2.691047
-1.959967
-6.588497
-0.145455
-3.801843
-2.382977
-2.974033
-0.085000
-2.782074
-3.622806
-0.127778
-2.271341
-1.475333
-3.849585
-3.257127
-3.074345
-2.394533
-1.520108
-0.075000
-1.244841
-0.010000
-2.402951
-4.062831
-2.122126
-1.193181
-0.050000
-3.854497
-2.751686
-2.013941
-1.210151
-1.382378
-0.025000
-4.101852
-2.596589
-2.901200
-0.111111
-4.018424
-4.621931
-0.469167
-3.326641
-4.162126
-2.708915
-3.804022
-2.792833
-0.050000
-2.793943
-5.017438
-3.076478
-2.978703
-0.225926
-1.164508
-1.982230
-2.194089
-2.258091
-2.269154
-0.081818
-1.931138
-0.050000
-3.582782
-2.546611
-4.085790
-0.203333
-4.083460
-2.841948
-0.406667
-3.017657
-3.609612
-2.164098
-4.393330
-2.427752
-2.674496
-2.926247
-0.131250
-4.291978
-0.050000
-0.054545
-3.879520
-0.050000
-3.021934
-1.762272
-2.115860
-0.237879
-1.996956
-0.988583
-4.047647
-2.938380
-2.613279
-0.406818
-1.364910
-3.111831
-2.236502
-3.022551
-0.100000
-0.090000
-0.016667
-2.706841
-0.016667
-2.152364
-0.000000
-1.932263
-1.419255
-0.828355
-3.848708
-2.175624
-0.025000
-2.201142
-0.792900
-1.201497
-4.334639
-4.003640
-2.508739
-3.193315
-3.640605
-0.153333
-4.214065
-1.958031
-2.953452
-1.569322
-2.292794
-0.000000
-4.187541
-2.650929
-1.780281
-1.166078
-3.769116
-1.069373
-0.000000
-3.705771
-2.124060
-0.183333
-2.302127
-0.044444
-2.104281
-3.556489
-0.685000
-0.677083
-3.230427
-3.531892
-4.211655
-1.753065
-1.560254
-3.725129
-0.534935
-0.496167
-4.440078
-0.268182
-0.915000
-3.562826
-4.362570
-3.668810
-3.913008
-3.715930
-2.448183
-3.129745
-3.112651
-0.195370
-4.679583
-2.969958
-3.825944
-2.205114
-2.669408
-2.890514
-1.472485
-4.299030
-2.675285
-4.138459
-0.000000
-3.755453
-1.908309
-0.481852
-2.103845
-2.431447
-1.208856
-5.151809
-3.430520
-4.062864
-3.494798
-2.871781
-1.782428
-1.394286
-0.100000
-3.608351
-1.579376
-1.760501
-0.161111
-0.133333
-0.128571
-2.515500
-2.329856
-0.000000
-3.803757
-4.312460
-2.425042
-3.939002
-2.009060
-2.923272
-4.602275
-2.230324
-2.092891
-2.498690
-0.437381
-1.988036
-1.666508
-1.582200
-0.050000
-1.693424
-1.578530
-1.815518
-5.137509
-3.673101
-3.761157
-4.069037
-2.169316
-3.648933
-4.284327
-3.808015
-2.323558
-3.395320
-0.944337
-3.369712
-0.928588
-2.728814
-3.322297
-2.552452
-4.149691
-3.487434
-3.652477
-3.696202
-3.915794
-2.367451
-4.769647
-4.489035
-3.649920
-3.248672
-3.923727
-2.252948
-3.228529
-0.809807
-3.823094
-3.459007
-3.920229
-2.983460
-3.641532
-0.277576
-3.611933
-1.591799
-2.777468
-2.465086
-2.669789
-0.724167
-0.555000
-4.147063
-3.521615
-2.565139
-3.423675
-2.813122
-3.093582
-0.000000
-3.358083
-4.372008
-3.612765
-3.898080
-3.874383
-0.335606
-2.964483
-4.088692
-3.750078
-3.326511
-3.576271
-2.076799
-3.062317
-4.476666
-0.380625
-3.419643
-2.195200
-0.518939
-2.859570
-2.286995
-2.494996
-2.558708
-0.304762
-2.072480
-0.033333
-1.825397
-5.326305
-4.398474
-4.182755
-4.377504
-3.661837
-3.235454
-0.291667
-0.801021
-0.479167
-0.485996
-4.079005
-3.537080
-4.021416
-3.518325
-3.017083
-4.394995
-0.857447
-3.457723
-2.942289
-5.078521
-0.000000
-3.288122
-4.076011
-3.569091
-4.172602
-3.066220
-2.829402
-0.070000
-3.410473
-5.012821
-4.896200
-0.000000
-3.502024
-1.182702
-3.532069
-0.647662
-3.433472
-3.984355
-2.706417
-3.397478
-3.539682
-1.825001
-4.191035
-0.111111
-3.855414
-3.200654
-3.500315
-2.443201
-1.645477
-0.030000
-2.915229
-2.385089
-3.272165
-2.330794
-3.544691
-0.578333
-1.662145
-4.075385
-3.111840
-3.679148
-3.857157
-3.436814
-3.401311
-2.111548
-3.868450
-3.893558
-2.118341
-1.852903
-0.702500
-3.303816
-3.899851
-0.467000
-2.881328
-3.432580
-0.270000
-2.165824
-2.792144
-2.355597
-2.558368
-4.511706
-2.995352
-3.422244
-3.072441
-3.229519
-3.416750
-3.693041
-4.335257
-0.378704
-2.511545
-3.836177
-3.095227
-3.517003
-3.238331
-3.743990
-3.735967
-3.377769
-3.681698
-2.868865
-2.525088
-3.369057
-3.099937
-6.656943
-0.797125
-3.774674
-1.995460
-2.339365
-3.238960
-2.928320
-3.633335
-2.866002
-3.206616
-3.346067
-4.124259
-3.915947
-0.275000
-3.324561
-3.543449
-3.612329
-3.675299
-2.136982
-0.000000
-3.194317
-4.146497
-1.121465
-4.681798
-4.027524
-0.575833
-3.021733
-4.673458
-3.391824
-0.111111
-3.696496
-4.129290
-2.479460
-3.368463
-1.140307
-3.352640
-1.654933
-4.360216
-1.890730
-3.327087
-3.410126
-0.720374
-4.004172
-3.785201
-3.693481
-4.124055
-3.409613
-3.900584
-3.333203
-2.240434
-2.544978
-0.000000
-3.101051
-1.891923
-3.975369
-0.000000
-3.356968
-2.008556
-3.522384
-4.383075
-1.994102
-4.845978
-2.690790
-4.759659
-1.186452
-3.941527
-3.835930
-3.008044
-4.026249
-2.203333
-2.532964
-4.596635
-3.959836
-2.363323
-3.343500
-3.644559
-3.218004
-1.564299
-2.914349
-3.596636
-2.134229
-0.256667
-1.781816
-1.804355
-3.211811
-3.815477
-4.090116
-4.744033
-2.284865
-3.773459
-1.900808
-2.916272
-2.838729
-2.857905
-3.186295
-4.599224
-3.075646
-3.779389
-3.374279
-2.755274
-1.174408
-0.298810
-4.017700
-4.299821
-3.878908
-5.448618
-2.802539
-3.521773
-2.628121
-1.502229
-3.302607
-3.465901
-3.871922
-3.413952
-2.771190
-4.126218
-3.180353
-6.892693
-1.472697
-3.522855
-1.480585
-3.715523
-3.765795
-3.092301
-3.654009
-5.162764
-0.590303
-3.716749
-3.028648
-3.274402
-2.611114
-5.191862
-0.036364
-3.550931
-2.967545
-4.736966
-0.108333
-3.805865
-3.492028
-4.383996
-1.777640
-4.305892
-5.031825
-4.941605
-4.619230
-0.137500
-3.354688
-4.492286
-1.839867
-0.000000
-2.904158
-2.909887
-3.653569
-0.476190
-2.073382
-3.148317
-3.977645
-3.036803
-4.442425
-3.008095
-4.208588
-3.014503
-1.896774
-3.383335
-2.502815
-3.227622
-2.635761
-3.007449
-1.464173
-2.154814
-4.071848
-3.826471
-3.082701
-1.974723
-4.199463
-2.694287
-3.131549
-2.953074
-4.223420
-4.119489
-3.422307
-2.171903
-2.988629
-3.692982
-3.693801
-3.501882
-1.990525
-3.955670
-4.051470
-3.416485
-4.496440
-3.561022
-1.409225
-1.824136
-4.322914
-0.087500
-4.272300
-2.498693
-4.389850
-2.623288
-7.147675
-0.533333
-2.906414
-0.777143
-1.808426
-0.040000
-2.127783
-1.458087
-1.659652
-1.334902
-2.463523
-1.152734
-1.541013
-1.924522
-3.313702
-0.000000
-1.459022
-1.857568
-4.284255
-1.820683
-1.764549
-2.251248
-3.190630
-3.502097
-1.268298
-6.230908
-1.381000
-2.389336
-0.928111
-1.878476
-1.941508
-2.704176
-0.020000
-0.033333
-0.025000
-3.468550
-4.835296
-6.104896
-1.609154
-2.186421
-3.236348
-0.819957
-0.056250
-3.369025
-0.496212
-0.080000
-0.059091
-1.766702
-0.083333
-3.267839
-0.030000
-1.775015
-1.904341
-1.877108
-1.331165
-0.991223
-2.914916
-2.183332
-2.556401
-3.248160
-6.181017
-3.775726
-3.476636
-2.027119
-1.232738
-1.137651
-0.063636
-0.250000
-0.022727
-3.567084
-0.564929
-0.063636
-1.113662
-0.010000
-2.361561
-0.115000
-3.577066
-1.191365
-1.954758
-2.823593
-0.141667
-3.602968
-0.964638
-3.163377
-1.078460
-2.082866
-2.670300
-2.555135
-3.151945
-3.596122
-1.932834
-1.708220
-0.058333
-3.098802
-3.241650
-3.516514
-2.908157
-0.917110
-1.151959
-3.858894
-2.433057
-2.391440
-0.396296
-1.801654
-0.350000
-6.441770
-2.903450
-3.646774
-1.446592
-4.579707
-0.961310
-0.996214
-1.992713
-4.658184
-0.192424
-3.839138
-5.383256
-3.718029
-0.794774
-1.677144
-3.880397
-2.383959
-2.594429
-2.266879
-0.145000
-1.949482
-1.181489
-1.296336
-1.938110
-6.803156
-3.651756
-2.516435
-2.770415
-2.238977
-0.100000
-3.442395
-0.000000
-3.390274
-1.703511
-1.839406
-1.207294
-2.040350
-1.148621
-1.477578
-1.505534
-0.050000
-3.897225
-2.431014
-1.455433
-0.153333
-1.632000
-0.486481
-2.021756
-0.307407
-0.384091
-1.849008
-3.079808
-3.024179
-0.374444
-2.421407
-1.386243
-1.392591
-1.489984
-0.743723
-3.373905
-3.845730
-4.429671
-3.455044
-0.062500
-1.684978
-0.000000
-3.521000
-4.691720
-1.618723
-5.574883
-0.657083
-0.324242
-5.328369
-0.012500
-3.583340
-4.317364
-1.441578
-0.063636
-0.839574
-0.550303
-2.917769
-3.543540
-2.893148
-1.727232
-1.686698
-4.602994
-0.161111
-0.131818
-0.138333
-0.122727
-2.925917
-5.306804
-5.111462
-2.846368
-2.664591
-2.520799
-0.448333
-0.936552
-1.976680
-3.556072
-1.730748
-1.148978
-0.365152
-2.626984
-4.516762
-0.016667
-3.546804
-2.977639
-1.490440
-3.298698
-0.010000
-0.145000
-0.027273
-5.033976
-0.018182
-3.945390
-3.560484
-2.148579
-0.090909
-3.660498
-0.890110
-3.787258
-3.724887
-1.372885
-1.627275
-0.488958
-1.487179
-3.633846
-1.875287
-1.448646
-0.016667
-1.323399
-2.669553
-1.717267
-0.208333
-1.960864
-0.057143
-2.550578
-0.040000
-0.050000
-0.350000
-2.845477
-1.374358
-2.944942
-4.535547
-3.630367
-2.108473
-2.377736
-0.166667
-1.560916
-0.248333
-1.384992
-0.011111
-3.692195
-1.739305
-1.879225
-0.783445
-3.493699
-1.943800
-2.134601
-4.426563
-2.301090
-4.598250
-3.172797
-1.821599
-2.275672
-4.316754
-0.892385
-1.034639
-0.936281
-0.022222
-2.391559
-1.750789
-5.356527
-3.386451
-1.631717
-1.750674
-1.655245
-3.205060
-3.085014
-4.072140
-0.010000
-3.478922
-2.138880
-4.051931
-2.992374
-0.016667
-0.068182
-1.453668
-3.088951
-2.277650
-3.386547
-1.210510
-1.673903
-2.834793
-0.100000
-3.093734
-2.651526
-1.331666
-0.993597
-0.785909
-0.166667
-2.643721
-0.033333
-0.125000
-3.353408
-2.985724
-2.432294
-0.126667
-2.572806
-4.087547
-1.651658
-1.318649
-1.895511
-6.130958
-3.491881
-2.215452
-1.981827
-4.831799
-0.059091
-0.725472
-4.306989
-5.578626
-3.291210
-1.762881
-2.003807
-2.480165
-2.607387
-0.012500
-0.000000
-3.740646
-3.435189
-0.218182
-3.247335
-4.139616
-0.211111
-3.438947
-4.367219
-4.324089
-2.478609
-0.000000
-3.083066
-2.165794
-3.904296
-3.671993
-0.130000
-1.575410
-0.012500
-1.696549
-1.954004
-2.785402
-1.714344
-0.000000
-1.560352
-2.029692
-0.793485
-2.993746
-0.134848
-0.289394
-4.320218
-1.609998
-4.527213
-3.355583
-2.155083
-1.616838
-2.593984
-0.000000
-1.507970
-0.817068
-1.340757
-2.235008
-0.055556
-2.879627
-1.727965
-1.931337
-0.062500
-0.033333
-3.150028
-0.894654
-1.738363
-2.855773
-1.125542
-3.298021
-1.303186
-0.170000
-2.913574
-0.108333
-3.733430
-1.709664
-3.008783
-0.431818
-4.621909
-3.900491
-0.000000
-0.033333
-2.448275
-1.150575
-2.251079
-0.000000
-2.042234
-2.198325
-2.353828
-2.089647
-1.288183
-0.020000
-2.657304
-2.264062
-1.807091
-2.457755
-0.256481
-0.558182
-0.230303
-4.814472
-3.263714
-1.529620
-4.496832
-1.158193
-3.646510
-0.230000
-0.100000
-3.649467
-1.898267
-4.116533
-2.217106
-3.307633
-2.299652
-3.337673
-4.520881
-2.607905
-0.893381
-2.727317
-0.994773
-0.234259
-1.619954
-1.491441
-0.016667
-3.874163
-3.034732
-3.166897
-2.001149
-0.131818
-0.923254
-2.876398
-5.740054
-4.237945
-1.623531
-1.737067
-5.871857
-3.763558
-2.345110
-2.655048
-0.042857
-4.134187
-2.293125
-3.879238
-0.366667
-1.805666
-1.355250
-2.600173
-1.634924
-3.876062
-3.064295
-1.272662
-0.747698
-0.417424
-1.804711
-2.786487
-2.679291
-2.785924
-4.752429
-3.009904
-5.636382
-1.637884
-2.267084
-0.888398
-2.735656
-2.467482
-1.612487
-1.421158
-2.011118
-3.642594
-0.060000
-2.972389
-1.041961
-4.001224
-0.210000
-1.350065
-2.758129
-3.815669
-1.423526
-3.488364
-0.218750
-6.446903
-0.028571
-1.618963
-2.355117
-1.003810
-1.424941
-1.581431
-1.601140
-0.626970
-1.992358
-3.162502
-1.968024
-3.427387
-3.204510
-2.242580
-3.469065
-0.836569
-3.016944
-0.550000
-3.226016
-3.064107
-3.687684
-2.783120
-1.772721
-1.466906
-1.799796
-2.448327
-2.758501
-0.984852
-0.122222
-2.533983
-0.947087
-1.490926
-2.567926
-0.235000
-1.545357
-0.512917
-3.289952
-1.575882
-1.857075
-3.288870
-0.525112
-1.335467
-2.410931
-1.132857
-4.206519
-3.355348
-0.679859
-3.211078
-0.450000
-3.383237
-2.294159
-3.095120
-3.188323
-1.259297
-1.709743
-3.498864
-0.844632
-3.459181
-0.672000
-1.534598
-1.201146
-3.010389
-3.607063
-3.370385
-0.919683
-0.989411
-1.485684
-3.160772
-1.468159
-1.638934
-3.511779
-0.407576
-1.383745
-4.755856
-0.466667
-0.145455
-3.551819
-0.040000
-0.833034
-2.429020
-3.729721
-0.294697
-3.001535
-0.615909
-3.438893
-1.551651
-2.574087
-1.535840
-2.089837
-2.749789
-0.115000
-0.963524
-3.758623
-1.601038
-2.184195
-3.210316
-0.755536
-0.491167
-1.464640
-1.352399
-0.143750
-3.119328
-0.779708
-1.912610
-0.951536
-2.880253
-5.258073
-1.541770
-1.934229
-1.465778
-1.284903
-1.101095
-1.232034
-2.290162
-1.574542
-4.137919
-1.475496
-3.142131
-2.392516
-0.838459
-0.171429
-0.880940
-0.949857
-2.341530
-0.498420
-3.403686
-0.694679
-3.132905
-0.100000
-1.557944
-2.078569
-1.071723
-2.816696
-1.402696
-1.333044
-1.456024
-1.119375
-1.664575
-2.522392
-1.256180
-1.699651
-0.100000
-3.574754
-3.102022
-1.672889
-1.346466
-2.459471
-4.039238
-0.050000
-3.030146
-2.382134
-0.862446
-3.694318
-3.671157
-1.517707
-1.347239
-4.881485
-1.569887
-1.219304
-1.687736
-1.370114
-1.047971
-5.953535
-1.369668
-1.066836
-1.211494
-2.686183
-0.225476
-1.425983
-1.053294
-0.810185
-1.595897
-2.276345
-3.759016
-6.583077
-0.386364
-1.961682
-0.150000
-2.268322
-0.107143
-1.564334
-1.372733
-2.148936
-0.000000
-1.508837
-2.606647
-0.040909
-1.713784
-2.120814
-0.230303
-1.581984
-0.974579
-4.482758
-1.149065
-0.889096
-0.100000
-4.481878
-0.627284
-2.432038
-0.111111
-3.184840
-1.216918
-1.340368
-1.667306
-2.109663
-3.176848
-2.015274
-2.827608
-2.137375
-1.951049
-0.465303
-5.156177
-4.643687
-1.496054
-3.127302
-2.884969
-2.266344
-4.355803
-2.113189
-1.187396
-1.979256
-3.048415
-0.100000
-2.587101
-2.453395
-1.152302
-1.999999
-0.495667
-0.000000
-2.240419
-1.265023
-1.501790
-0.785333
-1.225568
-0.144444
-3.350359
-1.592790
-1.290270
-2.033156
-0.070000
-1.427956
-2.249778
-4.055843
-2.067879
-3.236385
-3.447687
-1.543056
-3.703921
-0.807500
-3.500821
-0.469500
-2.259073
-3.817223
-1.604250
-0.150000
-1.922123
-2.326981
-1.416547
-0.228571
-4.066232
-3.353749
-2.584022
-5.044699
-2.748257
-0.957774
-0.439259
-3.618552
-0.856753
-4.700676
-2.970539
-4.480805
-0.022222
-1.357039
-2.614196
-1.150386
-0.218750
-1.859071
-3.176569
-4.096524
-1.152859
-2.290340
-3.477896
-2.665325
-3.112952
-3.706233
-0.929600
-3.066954
-2.954642
-1.860114
-2.908711
-0.729074
-2.804946
-3.224185
-2.043472
-3.834881
-1.803743
-1.448886
-1.985885
-3.805236
-3.814502
-4.663104
-3.282377
-1.243629
-3.118228
-1.920750
-1.384266
-1.505219
-7.036816
-1.852867
-0.040909
-2.843473
-1.032452
-2.195160
-1.088182
-4.283429
-1.769312
-2.899854
-3.451771
-1.771707
-1.588528
-2.924265
-6.268613
-4.638197
-2.798312
-2.774997
-0.527778
-3.336976
-5.451078
-3.101651
-4.051088
-3.966173
-3.071790
-1.710929
-0.638000
-0.592037
-0.187500
-4.006281
-5.635794
-3.046825
-4.287887
-5.006439
-1.526169
-4.122419
-3.338848
-3.466884
-1.510639
-2.571676
-2.437368
-2.811265
-2.552372
-1.603736
-1.556277
-1.777028
-2.122336
-4.456487
-4.440600
-4.451920
-3.095388
-2.969188
-2.674716
-0.000000
-3.289821
-3.982042
-3.530244
-2.477349
-3.498501
-3.613292
-2.296609
-0.020000
-5.220683
-2.559687
-5.216244
-0.155556
-3.863633
-2.098337
-2.455887
-3.028209
-3.470232
-1.864788
-2.678275
-4.135049
-2.914132
-1.992620
-1.738043
-1.256171
-2.111406
-3.364452
-2.769570
-0.212500
-0.216667
-1.969150
-2.619786
-1.691128
-2.220448
-1.730103
-0.000000
-0.000000
-3.813525
-2.062652
-2.808607
-0.000000
-5.019881
-1.615967
-1.891447
-0.055556
-1.498537
-3.599987
-2.463362
-1.857104
-3.075128
-2.018778
-1.500844
-3.673529
-2.373220
-1.241222
-3.226520
-1.556431
-0.030000
-3.061112
-3.391468
-0.827407
-0.728636
-3.470846
-2.061034
-2.184940
-0.057143
-1.220099
-2.056082
-2.014817
-3.486489
-3.106677
-1.681439
-1.311940
-2.466380
-3.046893
-0.391667
-3.538324
-2.271184
-0.375758
-3.240878
-2.085711
-4.424042
-1.896063
-0.136364
-0.150000
-3.528267
-3.230604
-2.493668
-4.038673
-2.547337
-0.100000
-1.445387
-2.911571
-2.524351
-0.088889
-2.258881
-0.298333
-0.823958
-0.683896
-3.667576
-2.287858
-1.427058
-1.328859
-1.081411
-0.050000
-4.234919
-2.586452
-1.017813
-0.030000
-2.420618
-2.853701
-2.876671
-3.451430
-4.484615
-3.907146
-0.768095
-0.033333
-2.172601
-3.093884
-1.986512
-0.821548
-2.714248
-2.360616
-2.897816
-2.428217
-1.844164
-2.085812
-1.628402
-1.418299
-0.766970
-3.322856
-2.173452
-1.919460
-2.757241
-0.033333
-2.284955
-5.546085
-3.861591
-1.759567
-2.103080
-0.150000
-2.937725
-1.232456
-1.893356
-2.861433
-2.004604
-1.617044
-2.238732
-1.490528
-2.377472
-3.390949
-1.541562
-2.601617
-1.447676
-4.429723
-2.592542
-1.652465
-0.081250
-4.243181
-2.827132
-2.518488
-1.249535
-3.815438
-3.125874
-1.360594
-3.102184
-2.873497
-1.777045
-2.264855
-0.774405
-0.063636
-0.037500
-3.077871
-0.011111
-0.000000
-0.000000
-3.967100
-3.116106
-4.044538
-0.828655
-4.049395
-1.933086
-4.156544
-1.547117
-1.484929
-2.129870
-3.945527
-2.220614
-2.524674
-1.268468
-1.219663
-4.586645
-2.317646
-4.066917
-2.132312
-4.885339
-2.698886
-1.457254
-2.359156
-2.490896
-4.323196
-6.999452
-0.727684
-3.105202
-2.146813
-0.751354
-3.199843
-1.904913
-1.830932
-2.522873
-1.499388
-1.488260
-1.894144
-2.101083
-2.258912
-2.472899
-1.656095
-1.918503
-1.607037
-1.173072
-0.000000
-3.939310
-3.824852
-1.956085
-2.908776
-1.914575
-0.218182
-0.090909
-0.657424
-0.054545
-0.027273
-1.329715
-1.685673
-1.979626
-0.374167
-1.459561
-2.119692
-0.899493
-1.767498
-2.508168
-1.288196
-0.030000
-0.690758
-3.660212
-4.072575
-2.239021
-4.337214
-1.624706
-0.313889
-0.975263
-2.713423
-3.613448
-2.187434
-2.904458
-0.050000
-3.087872
-0.571179
-1.829752
-0.015000
-3.724562
-3.145673
-2.081440
-4.096617
-0.286667
-3.748456
-2.727285
-4.064171
-2.177436
-1.808498
-2.793875
-6.959033
-1.008589
-6.390989
-3.904965
-2.338227
-1.710912
-0.633900
-1.999363
-2.312879
-1.620276
-2.639836
-2.911478
-2.695349
-4.114291
-4.056109
-3.180364
-3.132124
-1.888837
-3.062788
-1.752513
-3.914458
-3.225927
-1.925148
-1.379853
-0.036364
-0.025000
-1.285891
-2.249240
-1.538263
-1.134496
-1.818104
-1.451191
-2.004210
-2.528942
-2.677673
-0.000000
-2.110557
-1.609609
-0.000000
-3.604436
-2.570459
-2.350966
-0.824345
-3.384477
-2.421618
-3.047096
-3.913668
-3.515006
-2.537887
-0.378333
-2.985049
-1.801721
-1.761854
-2.114088
-2.567792
-0.228333
-0.300000
-3.067254
-0.000000
-2.603109
-2.144819
-0.000000
-1.711067
-0.717208
-3.809010
-3.185191
-1.443442
-2.211284
-2.555325
-2.820907
-0.050000
-3.530942
-2.042417
-2.107509
-3.480948
-1.832114
-4.060687
-2.455393
-0.000000
-2.533996
-2.098764
-1.571032
-0.086364
-1.349654
-2.239957
-0.164815
-4.126478
-3.759415
-1.650135
-2.694306
-4.732789
-3.328885
-2.872293
-4.961170
-1.847314
-3.384645
-3.441288
-4.873542
-3.529661
-3.721038
-1.517682
-0.242857
-2.468780
-2.681252
-3.640283
-2.904903
-3.743422
-3.255151
-3.027744
-2.499374
-2.113581
-2.333839
-2.275436
-1.360916
-1.184278
-0.535152
-3.556992
-2.022431
-2.891231
-3.453492
-2.454247
-5.575720
-2.798407
-3.247431
-2.112682
-2.605613
-2.995970
-0.022222
-3.096232
-3.003812
-3.818952
-3.046898
-1.680358
-0.181250
-1.667169
-3.819212
-0.154545
-0.893917
-0.132576
-0.329167
-3.824066
-4.432310
-1.953020
-4.145213
-4.172901
-2.557794
-3.131396
-3.640689
-2.611196
-4.048592
-3.582575
-2.957564
-4.656030
-2.245961
-0.251042
-0.000000
-0.938762
-6.237869
-0.250000
-2.286860
-0.276667
-0.050000
-1.638303
-1.901732
-2.104697
-1.609033
-1.177399
-0.000000
-3.902745
-3.543455
-2.413832
-3.676993
-3.455773
-1.891639
-3.876564
-2.954001
-2.110538
-0.054545
-4.059880
-3.420778
-2.921182
-0.895051
-0.336667
-3.360557
-3.938883
-3.000328
-4.007855
-0.042857
-3.983340
-2.818557
-2.666096
-0.904524
-3.275982
-1.899834
-2.241179
-3.486404
-3.445826
-2.837598
-3.061498
-3.106922
-3.869723
-2.968515
-0.724762
-3.440456
-3.483897
-2.117551
-2.806356
-2.520414
-2.422914
-3.740500
-2.541982
-2.676331
-0.933333
-1.667637
-3.911794
-3.403340
-2.181659
-2.633154
-1.597943
-2.680299
-3.048508
-3.514251
-1.985897
-3.343081
-0.130000
-1.982368
-0.072222
-3.019922
-4.960825
-4.369207
-4.364831
-4.005625
-2.431824
-3.354474
-0.600556
-2.010368
-0.068750
-4.409278
-3.616048
-2.761429
-0.000000
-4.511457
-3.584963
-2.848688
-0.011111
-4.024650
-3.010744
-3.878996
-0.014286
-3.403812
-2.664075
-4.438214
-4.361125
-3.443637
-1.910835
-5.048570
-1.836566
-1.659471
-5.018925
-3.622049
-4.629851
-5.354121
-3.720225
-3.532251
-2.603461
-0.250000
-3.787896
-3.364765
-4.251640
-0.568056
-3.153658
-3.649929
-3.540370
-2.622774
-2.649436
-2.436368
-2.024330
-2.461445
-0.284848
-1.235703
-0.292000
-2.236238
-0.227778
-2.903070
-2.730308
-2.759039
-0.025000
-4.353255
-2.803618
-1.759222
-2.730028
-2.112351
-0.872266
-1.469237
-0.050000
-3.507300
-2.692029
-1.913336
-1.939922
-0.187500
-2.115832
-2.179622
-1.649620
-1.555508
-0.711061
-4.195435
-2.480839
-3.369157
-2.975070
-0.162121
-0.407000
-3.838449
-3.987619
-2.739660
-3.906063
-3.645669
-2.306818
-0.527083
-3.208587
-0.020000
-3.813464
-1.915144
-3.379350
-0.822056
-2.573528
-0.012500
-3.861730
-2.822843
-1.985045
-3.227994
-3.347626
-0.014286
-3.726954
-3.471449
-3.714429
-2.093430
-2.268333
-2.280830
-3.258999
-0.091667
-4.902499
-0.250000
-2.969322
-3.230773
-0.000000
-3.774716
-4.785974
-3.030165
-1.606439
-2.419064
-0.181818
-3.409255
-0.806340
-3.765887
-3.528703
-4.611839
-3.204011
-2.917856
-3.815933
-3.902111
-3.071390
-2.890120
-3.679219
-0.036364
-3.576029
-3.345576
-4.698620
-0.000000
-3.858487
-2.986978
-3.276701
-2.131551
-4.177475
-1.830567
-0.275000
-4.524482
-3.942696
-3.395688
-3.686698
-4.036905
-3.706923
-2.151901
-0.148333
-3.806373
-2.847038
-4.724048
-2.247179
-0.234167
-3.395941
-2.678250
-1.496498
-0.148148
-5.432578
-3.824172
-3.692062
-3.134101
-2.596329
-3.567770
-2.293921
-4.114337
-3.061280
-2.567760
-2.003296
-0.652292
-4.073862
-4.139238
-3.570777
-2.866409
-3.126015
-4.527298
-0.016667
-4.224544
-1.754457
-0.501852
-2.332078
-2.454840
-1.061501
-3.361467
-4.728377
-0.066667
-3.762445
-3.936014
-3.330188
-3.085725
-2.403429
-2.510515
-2.088251
-3.850351
-0.706212
-3.141012
-2.256013
-5.326304
-0.412500
-2.932360
-2.692275
-5.263990
-3.470039
-4.102202
-2.189636
-5.026579
-0.000000
-2.909737
-2.314274
-3.108029
-4.026175
-2.372763
-0.796575
-1.934203
-1.189156
-0.231250
-3.913416
-4.168586
-3.114738
-3.804792
-0.300000
-3.253094
-3.058908
-2.845729
-0.328333
-4.617463
-3.714672
-2.558028
-2.862238
-2.210095
-4.461604
-2.371211
-1.409015
-2.235016
-0.343519
-3.982149
-2.290968
-3.966901
-2.796225
-4.494378
-1.645945
-0.170370
-1.133463
-0.300000
-4.116214
-3.928093
-2.886335
-2.461371
-2.663331
-4.702220
-0.236111
-4.404806
-2.001098
-3.376656
-2.894143
-3.040488
-4.453232
-1.925860
-4.331129
-0.466667
-3.912451
-2.502853
-2.914634
-2.727496
-1.388552
-2.406778
-0.591667
-0.384848
-3.079572
-3.781660
-3.657310
-4.121468
-0.100000
-3.419266
-3.179234
-3.295846
-1.892345
-0.360000
-0.057143
-0.342857
-3.153627
-3.150788
-1.459650
-0.220238
-5.098084
-3.612480
-3.772117
-1.565716
-0.250000
-3.033085
-2.356826
-3.593249
-0.464697
-2.318053
-3.828433
-3.098376
-2.032229
-2.697472
-4.392786
-0.425758
-4.155795
-3.680539
-3.575127
-2.175678
-0.000000
-3.611850
-2.689056
-3.631040
-0.851774
-0.000000
-3.067434
-2.804931
-0.000000
-4.781437
-3.499582
-3.338701
-4.071986
-4.607309
-2.584394
-4.292409
-3.438597
-2.759957
-2.603804
-3.361050
-4.488190
-6.364553
-3.203616
-4.005854
-3.132374
-0.214286
-0.387500
-2.600431
-0.145000
-2.215285
-1.319280
-1.138512
-0.654091
-3.519315
-2.962795
-2.276222
-3.310725
-2.274402
-0.083333
-4.012275
-3.295106
-3.150342
-3.848636
-0.062500
-3.369578
-3.699837
-1.599920
-0.225000
-1.322060
-2.019059
-3.083673
-3.736997
-2.729424
-0.033333
-3.548112
-2.144856
-1.765966
-0.168939
-2.182958
-0.085000
-2.315010
-2.175105
-4.080989
-3.469689
-3.703030
-1.290487
-4.692635
-2.887197
-0.564000
-5.326123
-3.456464
-3.343760
-2.002889
-3.808537
-1.549986
-2.525056
-4.650743
-0.025000
-3.670675
-3.000702
-3.398875
-2.955164
-3.500875
-2.105597
-2.779457
-5.301495
-2.403783
-0.160833
-3.084199
-6.378331
-6.238300
-3.427899
-2.600658
-1.561916
-0.000000
-3.646203
-1.381810
-2.095933
-6.919223
-0.000000
-3.812071
-3.173569
-5.307198
-3.502580
-2.772135
-3.538024
-1.011623
-3.256322
-2.402884
-3.913042
-3.196594
-3.440499
-3.064970
-4.444922
-2.263784
-2.430381
-0.045455
-1.890692
-0.000000
-3.427839
-2.163932
-1.704848
-1.922123
-2.129367
-3.955140
-0.289583
-3.591646
-3.343192
-2.870378
-2.047032
-3.722708
-2.527754
-0.350000
-2.064659
-0.000000
-3.219044
-2.351083
-1.782651
-3.225578
-3.447070
-2.491630
-2.927827
-3.763499
-4.112740
-2.085165
-5.604867
-3.104736
-2.824772
-4.929613
-2.970216
-3.622485
-2.175003
-2.738800
-2.372529
-0.678333
-0.190741
-1.391691
-2.520879
-2.501937
-0.500000
-3.639251
-0.916598
-0.995855
-1.511646
-0.218333
-2.263648
-0.000000
-3.459537
-1.648081
-3.263929
-3.728445
-0.057143
-3.440781
-2.813118
-2.351443
-3.921223
-2.929740
-4.426747
-3.337896
-2.600346
-5.354748
-2.536560
-2.621547
-3.154933
-2.391403
-0.016667
-3.275448
-2.951668
-3.111322
-2.194321
-0.462879
-1.785640
-3.638682
-1.801389
-2.824250
-4.474749
-2.984700
-6.248236
-0.028571
-3.714642
-2.254810
-0.644087
-3.078651
-1.576648
-1.538991
-0.603000
-0.994440
-0.063636
-2.230144
-0.000000
-3.564686
-1.712091
-5.118482
-1.067514
-0.422727
-1.943152
-2.752714
-0.300000
-2.568016
-3.853239
-0.781000
-0.075000
-3.170852
-0.966618
-3.661418
-1.630458
-0.140000
-3.459751
-0.111667
-0.000000
-3.409625
-2.860631
-4.247300
-0.000000
-3.760393
-2.571295
-0.122222
-2.676352
-0.065000
-1.790418
-3.322910
-2.770084
-0.120000
-2.916176
-0.131250
-3.813710
-3.480392
-3.140515
-1.750824
-0.173333
-5.314927
-4.529070
-2.692425
-0.133333
-3.261676
-2.547884
-3.234800
-2.032759
-0.100000
-0.057143
-4.968292
-3.806074
-1.968173
-0.316667
-2.321587
-0.227273
-0.241667
-2.382959
-4.870258
-3.924060
-3.346429
-3.055241
-0.200000
-1.859550
-0.090455
-2.260914
-2.345946
-4.675074
-3.362117
-2.507406
-1.569681
-2.721879
-4.223707
-0.209091
-0.100000
-0.193750
-0.072222
-1.880451
-4.187445
-0.594444
-3.386970
-3.848311
-2.687670
-2.500467
-4.006674
-2.931912
-3.547562
-0.881473
-2.174698
-0.486458
-2.713911
-6.885009
-0.000000
-3.556818
-3.482389
-4.363864
-0.729074
-0.000000
-1.969861
-3.192522
-1.862540
-2.403591
-1.033735
-4.408566
-2.526291
-2.920528
-0.000000
-3.369596
-3.377088
-2.981985
-1.934844
-0.183333
-0.243333
-2.375236
-2.604871
-1.846699
-0.092857
-0.539809
-2.710946
-0.222222
-2.101446
-1.540380
-2.109540
-1.426406
-0.591981
-3.796554
-2.223497
-0.114286
-2.843181
-4.230735
-2.649010
-3.433157
-3.861043
-3.182898
-1.128962
-0.493647
-2.503617
-2.879590
-0.995758
-0.111111
-3.814264
-0.056250
-4.109392
-3.554573
-2.232338
-2.173180
-0.183333
-1.448174
-0.075000
-0.160417
-0.383333
-3.632571
-3.898620
-3.383606
-1.248514
-5.398686
-0.993867
-3.487000
-2.968467
-2.989429
-0.932248
-1.756262
-3.664844
-3.759475
-1.865276
-4.584774
-0.144444
-3.653245
-2.600319
-0.355556
-2.474619
-1.648113
-5.114133
-0.070000
-0.054545
-0.100000
-3.493740
-0.583939
-3.547286
-4.162504
-2.604587
-2.125393
-1.691911
-0.415833
-2.664650
-1.909897
-0.050000
-0.477833
-1.926344
-1.878025
-3.667716
-1.315543
-0.140909
-3.150366
-1.207117
-4.558674
-3.597991
-2.733169
-1.585916
-4.409633
-4.153099
-2.996580
-2.235396
-0.193333
-4.433948
-4.313443
-3.007591
-0.050000
-2.078787
-5.026827
-3.615925
-1.751625
-2.817275
-3.157023
-1.689365
-0.050000
-2.972160
-0.175000
-2.973302
-5.304507
-3.850985
-4.342746
-2.785701
-4.526629
-3.578480
-3.303579
-2.720172
-2.945130
-3.919159
-3.108112
-2.326656
-0.567857
-1.747023
-2.773088
-3.298228
-0.000000
-3.298570
-2.592859
-4.182587
-2.955040
-1.535789
-3.617332
-0.596970
-3.950902
-3.399570
-2.774823
-3.972841
-5.004916
-6.536028
-3.574016
-2.433397
-2.379706
-4.959247
-0.033333
-3.242755
-2.551019
-3.274844
-0.721667
-1.219014
-4.259740
-4.110606
-2.562601
-3.724917
-1.060776
-2.806692
-0.085714
-0.155556
-0.587879
-2.292022
-3.164394
-3.372745
-2.070900
-1.472417
-1.633316
-2.975670
-3.745699
-2.823506
-3.517445
-3.306240
-4.618190
-5.380568
-0.022222
-3.576541
-4.459011
-0.071429
-2.972074
-2.482418
-2.585212
-4.482849
-0.045455
-3.719853
-3.364485
-3.482564
-2.680950
-0.100000
-4.122251
-1.634131
-2.964125
-1.470497
-1.158293
-1.054610
-4.255145
-2.956643
-3.458515
-2.598577
-3.746405
-4.512873
-6.151575
-4.257484
-2.678862
-3.548363
-3.183485
-1.095945
-2.319608
-0.000000
-3.864175
-3.265294
-3.310956
-2.725545
-0.235185
-2.837435
-4.153570
-2.255249
-2.724005
-2.655673
-3.871141
-2.927519
-2.155888
-3.938927
-7.057269
-0.061111
-3.980460
-1.996465
-3.466164
-4.254136
-0.525000
-1.970105
-3.542120
-1.798227
-3.279958
-4.317547
-1.157720
-1.405707
-5.041376
-3.755482
-2.900981
-1.666942
-2.712820
-3.753083
-1.669585
-0.572727
-3.246744
-4.371860
-4.046227
-2.355219
-3.872834
-3.447561
-2.800671
-3.550357
-3.555949
-2.858464
-1.282898
-3.111332
-2.898027
-0.107143
-3.061998
-3.026140
-2.859626
-4.262154
-0.057143
-3.756891
-4.335813
-4.032674
-0.054545
-2.922753
-1.855790
-0.000000
-3.728099
-2.527154
-3.848287
-1.622420
-2.612530
-1.643437
-5.746359
-4.208515
-4.368953
-3.153560
-3.491118
-5.160718
-0.000000
-3.716859
-1.315408
-2.387235
-0.145455
-0.731667
-0.744179
-6.381800
-3.324662
-2.920392
-1.857524
-5.091049
-0.100000
-5.907267
-4.004574
-3.176862
-4.041103
-1.810553
-4.201471
-0.942941
-3.922891
-2.069330
-3.644881
-1.014240
-1.587124
-3.008155
-0.716481
-3.805747
-3.836012
-2.351048
-3.802543
-1.861444
-3.635825
-3.906011
-1.009913
-0.195000
-3.742799
-2.652716
-2.029142
-1.851068
-2.924578
-6.823747
-0.773874
-3.189968
-2.016588
-1.482399
-0.033333
-2.758534
-4.127713
-2.373524
-3.113689
-1.965548
-3.522039
-7.235447
-3.228292
-5.235182
-0.066667
-2.723847
-1.875222
-4.014144
-0.045455
-1.348630
-0.216667
-3.244722
-3.440841
-2.301747
-2.051254
-2.552753
-1.461938
-0.709545
-0.050000
-4.000988
-2.766817
-2.532695
-2.689041
-3.580680
-2.531753
-2.671141
-2.567143
-1.502949
-0.033333
-1.903099
-2.179034
-1.608303
-2.597270
-3.178595
-3.436795
-3.711164
-3.644012
-1.724987
-1.077165
-3.579462
-2.478205
-3.932114
-0.272292
-3.334651
-3.157671
-4.663447
-2.326422
-3.176116
-2.423199
-2.914513
-4.219131
-1.609633
-1.911794
-0.980290
-3.438693
-5.442804
-0.040000
-2.897228
-1.583562
-3.365698
-1.426253
-3.752012
-0.723718
-3.839815
-2.367302
-4.065487
-3.813019
-1.772586
-5.815820
-0.883439
-3.088535
-1.839025
-0.746364
-2.219577
-2.224226
-3.086787
-1.624219
-1.741524
-2.348108
-1.652502
-2.021520
-2.493327
-2.127317
-2.143170
-1.827545
-1.405254
-0.890074
-0.000000
-3.635105
-1.470426
-3.045638
-1.569794
-4.438044
-2.909137
-3.071372
-0.081818
-0.488571
-0.243125
-0.066667
-1.261341
-5.707783
-3.568256
-2.290827
-2.810554
-1.910741
-3.481384
-2.490649
-1.365258
-3.139307
-6.895898
-1.163710
-3.742804
-3.046062
-2.921221
-2.018983
-3.432230
-3.947234
-2.246017
-0.650703
-2.978003
-2.520921
-1.307036
-0.025000
-0.166667
-3.414507
-1.262168
-3.109259
-0.921667
-3.684337
-2.353666
-3.194774
-1.212630
-0.386667
-4.280240
-1.861041
-3.162446
-0.086364
-3.416093
-2.811691
-4.155217
-0.809481
-3.530877
-1.044291
-3.723644
-1.043986
-3.687805
-2.124349
-1.689375
-3.449008
-1.193108
-2.910023
-0.150000
-3.437249
-2.453618
-2.487279
-3.161516
-3.540737
-3.050088
-1.782764
-6.815418
-0.786212
-4.522526
-2.183568
-6.536504
-2.452399
-2.008885
-3.154012
-3.260322
-1.319847
-3.508277
-1.926438
-4.321389
-2.663575
-0.133333
-2.472082
-2.450298
-3.250087
-2.952664
-1.398011
-0.558333
-3.483755
-0.045455
-4.128747
-2.793791
-3.742103
-2.121556
-0.973571
-3.567533
-2.384458
-4.027429
-1.227584
-0.075000
-3.882529
-3.047339
-3.598991
-1.652911
-2.176339
-2.016826
-1.998935
-5.911497
-2.581892
-2.197118
-6.400921
-3.212945
-1.518628
-4.166584
-0.837623
-3.222478
-1.106266
-0.110000
-1.814876
-1.187180
-5.403502
-3.685207
-3.715574
-3.223181
-4.281382
-2.212946
-2.313103
-2.586866
-4.789363
-0.066667
-3.441994
-2.884731
-1.662039
-4.010933
-1.917611
-2.371565
-3.449331
-2.875330
-2.810452
-2.828649
-0.626402
-0.483333
-3.569235
-3.443300
-0.499123
-3.394782
-0.086364
-3.620330
-2.228616
-2.249858
-0.098148
-3.315225
-1.824094
-4.845390
-2.370405
-0.768595
-1.514305
-2.557026
-0.736667
-0.342500
-2.434434
-2.931776
-5.186070
-3.457875
-2.125550
-4.118948
-3.185529
-2.707198
-2.648763
-4.191281
-5.127939
-4.054439
-2.158951
-3.402554
-1.472408
-1.832010
-5.790617
-3.521233
-1.750816
-2.334694
-2.785122
-6.618406
-0.750152
-3.671644
-2.148973
-2.717356
-2.180759
-3.473007
-1.691740
-3.604000
-0.125000
-3.059061
-2.405999
-3.089778
-1.644953
-0.683939
-3.894610
-3.261709
-2.104843
-5.860499
-4.185167
-0.050000
-3.230605
-3.703709
-0.018182
-2.263683
-0.016667
-3.900055
-1.339822
-2.441781
-2.807518
-2.532269
-4.677151
-1.821391
-1.351346
-1.629090
-3.109769
-2.932988
-5.743350
-0.100000
-2.697056
-1.393519
-3.467260
-2.784066
-5.715492
-2.520805
-3.397816
-2.525712
-1.911189
-5.113841
-0.893357
-3.706240
-2.715287
-3.770027
-2.900963
-1.420252
-0.045455
-3.208729
-1.918623
-4.996685
-2.539121
-0.000000
-1.373950
-5.036598
-3.517227
-2.282898
-4.234914
-0.068750
-2.923203
-2.913920
-1.202955
-1.529385
-4.115420
-0.719911
-3.472893
-2.869359
-1.666297
-4.590677
-1.794443
-1.772522
-3.620673
-2.701023
-3.736438
-2.370989
-0.083333
-3.669436
-2.442543
-3.486269
-1.121091
-3.234202
-2.686509
-4.562802
-3.757830
-3.323190
-4.790578
-3.847894
-1.262970
-1.818730
-2.574980
-0.408333
-2.673233
-3.821242
-4.421210
-2.198793
-1.905147
-4.008740
-2.228511
-4.687835
-2.472048
-0.136364
-4.513509
-2.719504
-4.017605
-1.617632
-3.420916
-1.025022
-2.657131
-4.298024
-4.100382
-0.225000
-0.100000
-3.377012
-0.994441
-2.616239
-2.229795
-1.450520
-1.660852
-3.655054
-2.357150
-0.075000
-2.620252
-1.411103
-1.821725
-0.022222
-1.831661
-4.613798
-1.841649
-2.897538
-4.126781
-0.766667
-1.167197
-3.233746
-1.297374
-3.944528
-2.445947
-2.922045
-2.837959
-2.764594
-2.664982
-1.372248
-2.719627
-2.828955
-1.499891
-2.820925
-3.695824
-6.537425
-2.767942
-2.862935
-2.846204
-1.115090
-2.998188
-0.087500
-3.927321
-2.944190
-4.766967
-1.543504
-5.050083
-3.697955
-2.359119
-2.930274
-3.676771
-3.155276
-3.232120
-0.133333
-3.488449
-4.199736
-1.495264
-3.381862
-2.932165
-2.360992
-2.504828
-0.090000
-1.862002
-2.142379
-3.421223
-1.410807
-1.804795
-3.923747
-4.289253
-0.276667
-0.225000
-0.619545
-2.343848
-0.255556
-0.135714
-2.705183
-0.100000
-0.283333
-2.683906
-4.344081
-0.000000
-2.570806
-2.377250
-0.000000
-1.757375
-1.835489
-3.214782
-0.061111
-1.714797
-2.569381
-3.800605
-1.774514
-4.650243
-2.520265
-5.416395
-0.016667
-2.951848
-1.085750
-1.940777
-1.649970
-1.863442
-3.503252
-1.131154
-3.426868
-2.203643
-5.046142
-1.661504
-1.487797
-1.509760
-1.565005
-3.300953
-2.998289
-0.050000
-3.256510
-2.576402
-2.908023
-1.885699
-1.995497
-2.043994
-4.251881
-2.449835
-3.575794
-2.409827
-3.031285
-3.275243
-1.862181
-2.233312
-2.339075
-2.917361
-2.565369
-1.414528
-1.963614
-3.485878
-0.940599
-1.620974
-3.249272
-4.397550
-1.665062
-2.082231
-0.439815
-4.240228
-3.202301
-2.985567
-0.913683
-0.160417
-0.145370
-1.925350
-0.031250
-3.232987
-2.590824
-3.474696
-2.595944
-3.651305
-3.354497
-3.945423
-4.929566
-3.045989
-2.874652
-1.685035
-2.706985
-2.782580
-2.590006
-4.276952
-3.605691
-3.323538
-4.231104
-1.444343
-3.461070
-2.036741
-2.945664
-1.847958
-0.998763
-2.207907
-2.791682
-2.244651
-2.033087
-2.411725
-2.046580
-1.589763
-1.363223
-0.680303
-3.255912
-3.923860
-3.833063
-2.977969
-2.504084
-0.133333
-1.631231
-0.910022
-4.389345
-0.888175
-2.380787
-2.141003
-0.159722
-3.574577
-2.724053
-3.519900
-0.575020
-3.308368
-0.175000
-2.654418
-0.042857
-3.806088
-2.518371
-4.225311
-0.997453
-2.866932
-1.602333
-4.301880
-0.135000
-3.882111
-0.016667
-1.617967
-1.694158
-1.336172
-0.893791
-3.083682
-1.637544
-3.078217
-3.209064
-3.269419
-3.271425
-4.768749
-1.172029
-2.537019
-1.780620
-1.235243
-5.805282
-0.571190
-3.808951
-3.999152
-3.983008
-3.504136
-2.063535
-2.968739
-3.704722
-0.622827
-2.787495
-2.424578
-2.378313
-0.275000
-3.678522
-2.114764
-1.166168
-3.865268
-1.390177
-0.494444
-3.211026
-3.487865
-1.996366
-1.396675
-3.908527
-3.471081
-2.942695
-3.496872
-1.418348
-2.627251
-4.206313
-2.930156
-3.915993
-2.766525
-4.005586
-3.851536
-2.513350
-2.786636
-0.820220
-1.614729
-3.222947
-3.296761
-2.601210
-2.281757
-2.896431
-3.076055
-5.594613
-3.153648
-2.739448
-5.139351
-0.137500
-3.099740
-3.965229
-4.429593
-1.840970
-4.173509
-2.843399
-0.938056
-2.299702
-3.427908
-2.113898
-3.001483
-0.356667
-1.561508
-2.307713
-1.362427
-4.209204
-2.624047
-2.204715
-3.219939
-0.116667
-1.733573
-1.866312
-2.525309
-1.194280
-0.283333
-2.845661
-1.272317
-3.760000
-4.376375
-1.626296
-3.391575
-2.038949
-0.815167
-3.468745
-2.701537
-1.707516
-3.479607
-0.487833
-2.363908
-2.758872
-0.100000
-0.000000
-1.687071
-1.210823
-2.417822
-3.268042
-0.068182
-1.958700
-5.581074
-0.180000
-1.850411
-3.316870
-1.778005
-3.921706
-3.898874
-2.821605
-5.372498
-0.358333
-3.127869
-4.286351
-4.621110
-3.693998
-2.031352
-3.070485
-3.437851
-0.041667
-2.184027
-2.837492
-3.925686
-1.965744
-3.571712
-3.071092
-3.164613
-2.845101
-3.063660
-2.277802
-3.365361
-0.343333
-3.422084
-4.042884
-2.572363
-2.266146
-2.574889
-4.935890
-1.977585
-3.543319
-3.709206
-1.204704
-4.405881
-3.056113
-4.062024
-2.408885
-3.497245
-0.802284
-3.385254
-1.572077
-1.732919
-0.628333
-0.636057
-3.132685
-2.845995
-3.470333
-3.284936
-2.974567
-3.990117
-2.227313
-0.068182
-1.191667
-4.856033
-1.138770
-4.706051
-3.114019
-0.721786
-1.457769
-1.811291
-1.957848
-0.000000
-1.790083
-1.721502
-3.109023
-0.100000
-1.227681
-2.960859
-2.743326
-1.976092
-2.524209
-2.367630
-3.138106
-1.315601
-2.806266
-4.167186
-1.095093
-3.048003
-0.584286
-3.031104
-3.396788
-3.355062
-2.804357
-0.918745
-1.593807
-0.826981
-3.638496
-4.478538
-3.011554
-2.910196
-2.364877
-4.155636
-2.677181
-2.088176
-1.793939
-2.883234
-3.330646
-3.002534
-1.051258
-2.864931
-2.231346
-1.529781
-1.517447
-2.648414
-5.281580
-2.525170
-2.838730
-0.740847
-1.941166
-1.920192
-3.951963
-2.508319
-1.879373
-1.746045
-4.254404
-2.844697
-4.236610
-1.246950
-4.998437
-2.482506
-1.947308
-1.580251
-0.508333
-4.133646
-2.207044
-2.031533
-3.126890
-0.216667
-3.153156
-2.844859
-3.130339
-3.981330
-3.834856
-4.461083
-2.947124
-2.555302
-3.010333
-4.256510
-1.901606
-1.852999
-1.884545
-2.976204
-2.893660
-1.475839
-2.118867
-1.060018
-0.286481
-2.183144
-2.211473
-2.325307
-2.561938
-2.295343
-2.359425
-4.133401
-4.180175
-2.842513
-2.150268
-1.636028
-3.112071
-2.218766
-1.980255
-3.387952
-2.697188
-1.394897
-4.783507
-1.860915
-3.996031
-1.820334
-2.695477
-3.825286
-2.613944
-3.389211
-3.555331
-1.948049
-5.098798
-1.746990
-1.793655
-1.774699
-3.824177
-2.613276
-2.741708
-3.416555
-2.267365
-2.473290
-0.494722
-3.331481
-3.955405
-3.242601
-2.961028
-4.320217
-0.250000
-1.311392
-3.712888
-2.576397
-2.869828
-3.439424
-2.935973
-4.205181
-2.686263
-2.876822
-1.145812
-3.700577
-1.198799
-2.157094
-2.153744
-3.849649
-5.155193
-3.800388
-3.300106
-3.839186
-0.326667
-2.008945
-2.244317
-2.218531
-1.237154
-2.721572
-1.446647
-2.573712
-2.902763
-2.372276
-2.464576
-2.412787
-2.028442
-1.654575
-0.393333
-3.089298
-1.878435
-2.065402
-1.249886
-2.415708
-1.267736
-0.510833
-3.812037
-1.762738
-2.989646
-2.986751
-2.533771
-1.427891
-2.004453
-2.097321
-3.477753
-1.609010
-3.855838
-2.339483
-5.288284
-1.050861
-4.094272
-1.680845
-2.027756
-1.384876
-5.214002
-0.918119
-1.804837
-2.091054
-2.976146
-2.746920
-0.370833
-1.616550
-0.969731
-3.751483
-3.038611
-1.872392
-3.884024
-2.258524
-2.972620
-2.616994
-2.071555
-3.259622
-3.053397
-3.097999
-5.120518
-4.220537
-2.046469
-2.268939
-1.991204
-4.249344
-3.343713
-3.582754
-3.263591
-2.299681
-4.283554
-2.282495
-3.641264
-2.009203
-1.925251
-0.000000
-1.787896
-1.457267
-0.731753
-3.074188
-3.258269
-3.007209
-1.973347
-4.907133
-3.030838
-2.880018
-3.554646
-5.269104
-1.977012
-2.965107
-3.106975
-1.701080
-2.841089
-2.677664
-2.393903
-3.676087
-3.213220
-3.778656
-2.187859
-2.823576
-2.551101
-0.335000
-3.934908
-3.232696
-3.598381
-2.740515
-2.446432
-0.857593
-1.601940
-4.508484
-0.798909
-2.418172
-4.893482
-2.801487
-3.998061
-3.043194
-3.491587
-3.426398
-3.105255
-0.998355
-3.878136
-1.070515
-3.664286
-3.767347
-3.178846
-4.610182
-1.355598
-3.391087
-2.948483
-1.443749
-3.153389
-4.098069
-2.865796
-1.340112
-1.889092
-1.458524
-2.534568
-3.003386
-3.221262
-2.879345
-4.370066
-4.568038
-4.060241
-3.905850
-3.622660
-3.032143
-2.781474
-4.226026
-1.945931
-2.624700
-0.461111
-3.347317
-3.791961
-0.949924
-3.764149
-3.549542
-3.732666
-3.644937
-3.925085
-3.118723
-1.915020
-3.704712
-5.053727
-6.363651
-1.761597
-2.913964
-3.290635
-2.281257
-4.208081
-3.699141
-0.716601
-0.894091
-3.601332
-5.268132
-2.573297
-2.708129
-0.737121
-3.155446
-1.270500
-4.112664
-0.836202
-3.142003
-4.430292
-4.720763
-4.076541
-2.452549
-3.544205
-0.504167
-3.659921
-2.131600
-3.503033
-1.084327
-4.348235
-2.543565
-1.570812
-3.157322
-1.093072
-2.344557
-3.236878
-4.336212
-3.758220
-3.356604
-1.780262
-0.335714
-2.978202
-2.032444
-0.600000
-2.942749
-4.123944
-2.219435
-1.730017
-0.307500
-1.697321
-2.397678
-3.769628
-1.638748
-2.337696
-3.776047
-1.325214
-1.404807
-3.530188
-2.120422
-2.160040
-1.702526
-0.994369
-1.734222
-1.052914
-3.514192
-1.374217
-1.530867
-1.271389
-2.762210
-2.533836
-2.092643
-3.574823
-1.431281
-4.806105
-3.299076
-1.127679
-3.524137
-2.530342
-3.982577
-1.492920
-4.319647
-1.436476
-4.583618
-2.052116
-2.638824
-2.053728
-3.056670
-1.802666
-2.396285
-2.852529
-2.448659
-2.747897
-2.600220
-3.473172
-1.787457
-1.596476
-0.775250
-1.593431
-4.393800
-4.047107
-2.192823
-2.061209
-1.807426
-2.381214
-2.181597
-3.113248
-5.644734
-3.227346
-2.988149
-4.561036
-1.110012
-3.131583
-1.838639
-2.786585
-1.647890
-2.571354
-4.525944
-2.675869
-3.987009
-1.890976
-2.997791
-3.017190
-0.185714
-1.789213
-1.990759
-2.584625
-3.185624
-0.014286
-2.032530
-2.222035
-2.593455
-3.297000
-0.413636
-1.378633
-3.384418
-0.060000
-2.104072
-2.574127
-2.103225
-0.160000
-2.765375
-5.746024
-3.956996
-2.609517
-3.920136
-3.702584
-2.039795
-3.468961
-6.449553
-1.838618
-1.635843
-0.183333
-1.829617
-4.658286
-1.893878
-3.038193
-5.295900
-2.170625
-0.054545
-0.127273
-2.081433
-0.045455
-0.090000
-2.017256
-3.479546
-3.923821
-3.413504
-0.000000
-1.628748
-2.209244
-0.050000
-1.703570
-2.931851
-2.683557
-3.354202
-7.476037
-0.033333
-1.788394
-1.398413
-3.444263
-0.000000
-2.237084
-2.691534
-4.267425
-5.892864
-2.143430
-2.601801
-2.975812
-2.352169
-0.137037
-0.509000
-3.254226
-0.690628
-4.815010
-1.792663
-3.175160
-1.843520
-2.361364
-2.731574
-1.868440
-0.393056
-1.694319
-1.299849
-0.300000
-0.000000
-1.796174
-1.526262
-2.545144
-3.598517
-1.586741
-1.875702
-0.150000
-3.449078
-0.028571
-1.760194
-3.897620
-2.073597
-3.358788
-3.699958
-4.189422
-2.943156
-2.952927
-2.653701
-5.228019
-3.823099
-2.242874
-0.090000
-3.392812
-0.100000
-0.020000
-2.233293
-0.068182
-0.150000
-2.820399
-2.907933
-2.611399
-2.108559
-2.122586
-1.925024
-1.352402
-0.894105
-0.000000
-2.469053
-1.835037
-2.909757
-2.235517
-3.066711
-3.190783
-2.014836
-2.948858
-3.292224
-1.759261
-1.116949
-4.826690
-3.836034
-2.762351
-2.256988
-1.412192
-1.422286
-2.959317
-0.173333
-4.674406
-4.237450
-1.345930
-2.967412
-4.652844
-1.844725
-3.856155
-2.373919
-2.002376
-2.308093
-6.957409
-4.539390
-0.193333
-1.759522
-4.098733
-1.707220
-0.833258
-3.469291
-2.976610
-4.774195
-4.653772
-0.013636
-3.735001
-4.005110
-2.441308
-3.744685
-4.125185
-2.007991
-2.116555
-3.044130
-2.556946
-3.743016
-4.288110
-3.517761
-3.206917
-4.721766
-4.489162
-3.536458
-1.404368
-0.235000
-4.126587
-4.599774
-3.486594
-0.000000
-4.222259
-3.478974
-3.801095
-2.804086
-0.809790
-0.104545
-1.513617
-0.122727
-1.926216
-0.033333
-2.322112
-1.564564
-1.129674
-0.846064
-2.061778
-3.227126
-4.303946
-4.231019
-4.557831
-0.599833
-3.827149
-1.800911
-2.392774
-0.649091
-3.854567
-2.679787
-3.227866
-3.807561
-5.128975
-3.488168
-4.267231
-3.444207
-1.346071
-0.036364
-0.172222
-0.215833
-0.054545
-2.435981
-2.679830
-3.143482
-2.211026
-4.399048
-2.812972
-1.996681
-0.422727
-3.917831
-3.176584
-1.989308
-0.020000
-3.897803
-4.223387
-4.147048
-1.878973
-2.364651
-3.633471
-4.069265
-0.040000
-0.127778
-0.120000
-0.289697
-1.948905
-4.088645
-1.501135
-1.467101
-0.546970
-3.291623
-2.114788
-1.929039
-2.470702
-3.502755
-3.273045
-6.485484
-4.395497
-2.437026
-3.873902
-1.923907
-0.207576
-0.254545
-0.672333
-2.737571
-3.178582
-2.581263
-4.313610
-0.126042
-2.898148
-1.546094
-1.841057
-1.716751
-2.281027
-2.471461
-2.752939
-2.577185
-3.063608
-2.954653
-0.177778
-1.531049
-0.050000
-3.220066
-2.887789
-0.027778
-2.583628
-0.037500
-1.794170
-2.155494
-3.457795
-6.245122
-2.870893
-3.429296
-1.358107
-0.000000
-3.858572
-3.275863
-0.198333
-3.020459
-2.879753
-5.053790
-3.981775
-4.108446
-3.880498
-0.633365
-4.454296
-1.897531
-0.231667
-2.065045
-3.274999
-2.385356
-3.480564
-3.562744
-3.228240
-2.075718
-0.997551
-3.671247
-3.439373
-2.790298
-4.976782
-0.243939
-1.191093
-0.411063
-2.647367
-2.485730
-3.265557
-3.556649
-2.328150
-3.575465
-3.240742
-3.054142
-0.485185
-2.480539
-1.800925
-1.872154
-1.864138
-2.467553
-0.040000
-3.389954
-2.370301
-2.405609
-3.130220
-4.462658
-0.336364
-4.402128
-3.939540
-4.372612
-3.663227
-1.841167
-2.540634
-4.684578
-7.130526
-7.702093
-0.533333
-3.224839
-1.666242
-0.960175
-2.745667
-3.199595
-1.822218
-3.535762
-1.731662
-4.254574
-3.324708
-2.822495
-0.741667
-0.689845
-2.411615
-4.758038
-4.355216
-2.833025
-2.600507
-3.675301
-0.571934
-0.357576
-0.031818
-1.885696
-0.924500
-0.120000
-3.785683
-0.033333
-3.242658
-1.062238
-2.785216
-2.705786
-3.486756
-4.493601
-0.689762
-1.317035
-0.870362
-0.297917
-4.767798
-3.362995
-1.088250
-1.967919
-0.723833
-2.062319
-3.874881
-0.291667
-1.711318
-1.541809
-5.023352
-2.910003
-1.365860
-1.639024
-3.907748
-0.081818
-1.716050
-2.820420
-2.054775
-2.143661
-3.037586
-4.895233
-0.428333
-2.972314
-3.305047
-2.099721
-4.580145
-3.272893
-1.025952
-0.887143
-2.976912
-4.125253
-2.766207
-1.322204
-1.523839
-2.822762
-1.262348
-3.636092
-3.994127
-0.550303
-1.778659
-1.957178
-1.851934
-0.050000
-2.245193
-2.639001
-2.275074
-2.277053
-2.068794
-1.337504
-0.713788
-3.234336
-3.004440
-1.874481
-1.421649
-2.890150
-2.966822
-1.754698
-4.812079
-0.037500
-1.903885
-2.631716
-2.036176
-3.280417
-2.956406
-3.381313
-1.682759
-3.494881
-2.279178
-5.072524
-3.034916
-3.882162
-1.641968
-0.612576
-3.432372
-2.375597
-2.973342
-1.110357
-1.373430
-1.375452
-1.974401
-0.693244
-1.456215
-2.794137
-1.290435
-3.769420
-0.100000
-2.969228
-3.181103
-3.746622
-2.162324
-1.990989
-3.001407
-2.813786
-3.138973
-2.604260
-0.449000
-0.150000
-1.947422
-0.419444
-3.249291
-1.643699
-2.369317
-3.126664
-4.141175
-2.548901
-3.452950
-2.008089
-0.200000
-2.951711
-1.584147
-3.664278
-2.061732
-1.723272
-0.233333
-0.377778
-3.063261
-2.510099
-0.924109
-1.417302
-3.138298
-0.140909
-2.238184
-0.757095
-2.056400
-2.246903
-0.210000
-4.067757
-2.092237
-2.870586
-0.356481
-1.713061
-2.336006
-2.056709
-5.394552
-1.823933
-3.729892
-3.603404
-0.398810
-1.243239
-2.540332
-0.288333
-0.320370
-1.816051
-5.584432
-1.366793
-2.288609
-0.496000
-1.642692
-0.463889
-3.294764
-2.405893
-2.289773
-0.407576
-0.050000
-0.050000
-0.011111
-1.224837
-0.000000
-3.446164
-1.780304
-2.218685
-1.896207
-0.697814
-2.863726
-1.079308
-3.322773
-3.851122
-2.731647
-1.744658
-5.771379
-1.659919
-1.205575
-0.155000
-2.151796
-1.611236
-1.948383
-1.080198
-3.175412
-2.484927
-2.895172
-2.309566
-2.659304
-2.409138
-1.615611
-1.928020
-1.606790
-0.969242
-0.000000
-1.748768
-1.656448
-1.097047
-3.041046
-0.875155
-0.925585
-0.000000
-3.892196
-1.894278
-3.173268
-0.952915
-3.982343
-2.951392
-3.863853
-2.202741
-3.699718
-1.124307
-1.981884
-2.005126
-0.000000
-1.493670
-4.990053
-1.560355
-2.470339
-7.121800
-0.068750
-1.529867
-1.812601
-0.723762
-3.095865
-0.347727
-2.898979
-3.262951
-5.788194
-1.414237
-1.375370
-3.308962
-2.961185
-1.472320
-3.754876
-2.873517
-3.165014
-0.945552
-2.823219
-1.967569
-1.816331
-0.548333
-0.469000
-1.313251
-2.406544
-1.251556
-2.561741
-1.376642
-2.336634
-3.092943
-1.872563
-4.292677
-2.900107
-3.285726
-4.040585
-0.965306
-1.919220
-0.803542
-1.620152
-3.092756
-0.885909
-1.788555
-1.893492
-2.719887
-0.016667
-0.071429
-0.100000
-2.137931
-2.200005
-0.040000
-0.794329
-1.201639
-2.670707
-2.214866
-0.948643
-3.920844
-3.233637
-2.059565
-2.443542
-2.548807
-3.533860
-3.323825
-0.852500
-4.733343
-3.542951
-0.689456
-1.404272
-2.336724
-4.868225
-0.866205
-3.227431
-2.895907
-3.272134
-0.311190
-3.127400
-1.338331
-3.131375
-0.000000
-2.445141
-0.880173
-1.592513
-0.641944
-2.202872
-5.343350
-4.044370
-1.894204
-1.402298
-2.849087
-1.970376
-3.706579
-0.368939
-2.886740
-3.691711
-1.886820
-2.392814
-3.525469
-2.860897
-1.146064
-2.706462
-0.083333
-3.069392
-0.730000
-2.974014
-1.588413
-1.887093
-2.927503
-0.715335
-3.088232
-1.044290
-2.290813
-1.161937
-2.963115
-0.081818
-0.988661
-1.935937
-2.842996
-2.128314
-3.240064
-1.232425
-2.789119
-0.624203
-2.361978
-1.770477
-1.688320
-7.154562
-0.451296
-3.403376
-1.188783
-1.607461
-2.181732
-0.033333
-1.625036
-1.226974
-2.082087
-1.578646
-1.665136
-2.121468
-2.568187
-1.621062
-0.508439
-2.773467
-4.203718
-1.501434
-1.530619
-2.267980
-2.890022
-0.216667
-0.319524
-0.000000
-1.902189
-2.994052
-2.112288
-2.764440
-1.118021
-4.626586
-0.000000
-1.632001
-0.961602
-2.510303
-1.501919
-0.145455
-2.941505
-3.803168
-0.996623
-1.566325
-1.547157
-7.587146
-2.226835
-0.000000
-1.603475
-1.578186
-2.332226
-2.794096
-0.324242
-1.924670
-0.080000
-1.465999
-2.247660
-1.127456
-1.749657
-2.201006
-2.905174
-1.873257
-1.636584
-0.807114
-1.129975
-0.000000
-3.090331
-4.451869
-3.022829
-3.110211
-3.506327
-3.110529
-1.878017
-1.252912
-3.061671
-0.999632
-1.146265
-3.538731
-5.472192
-1.784465
-1.158705
-1.476421
-2.587089
-2.260699
-2.733411
-0.928532
-2.320830
-0.333333
-2.518471
-2.491441
-1.727289
-1.771960
-2.232326
-1.899537
-1.441425
-1.237223
-0.000000
-3.257574
-2.817583
-1.446800
-2.754629
-0.033333
