-3.958097
-3.199356
-1.419654
-0.045455
-3.864048
-3.339773
-1.929396
-2.061476
-1.652299
-0.483214
-0.433333
-0.741761
-3.612774
-3.134308
-3.006932
-4.433897
-1.951092
-0.487738
-0.260417
-1.963076
-0.240476
-3.863644
-1.149762
-0.080769
-1.873097
-2.115256
-0.219231
-0.237179
-3.934306
-0.593333
-0.268846
-3.767230
-2.137259
-3.151543
-0.692808
-0.121429
-0.277317
-0.371970
-4.191243
-2.702708
-0.567143
-3.142270
-0.271795
-2.196955
-2.498435
-2.546044
-3.645327
-0.705315
-0.294444
-2.792798
-0.202576
-1.458165
-1.536397
-0.623727
-2.008344
-1.297897
-1.330013
-2.569662
-1.997522
-3.754664
-0.241667
-1.456323
-3.634036
-1.681985
-0.329167
-0.726996
-3.526703
-0.879826
-1.692659
-0.829787
-1.964972
-0.181410
-0.351923
-0.025000
-0.058333
-2.084646
-1.223401
-2.084444
-2.990628
-1.344671
-1.236211
-2.173260
-2.012023
-0.195000
-1.676088
-4.118404
-2.379955
-0.000000
-0.268333
-0.829600
-1.864951
-1.343437
-0.764374
-2.762732
-0.297436
-1.049186
-2.098567
-0.345238
-0.058333
-0.133333
-0.234615
-1.328930
-0.030000
-2.494627
-4.181023
-3.950816
-0.308974
-2.424409
-0.584872
-0.804713
-2.985847
-0.774279
-3.029634
-0.035714
-1.576271
-0.189394
-1.309780
-0.612915
-0.603333
-0.270513
-1.392738
-2.220274
-0.616996
-2.653397
-0.042308
-0.000000
-0.779524
-0.000000
-4.010455
-2.157337
-1.962154
-3.451377
-0.480769
-3.432025
-0.883776
-1.138460
-1.881503
-1.587499
-2.665011
-2.363998
-2.488284
-3.437543
-3.775637
-0.639643
-3.465166
-2.116075
-1.053726
-4.930372
-1.803113
-2.198419
-0.533333
-3.943813
-1.767314
-2.513706
-1.108251
-2.094830
-1.103687
-4.560152
-3.294070
-3.950110
-1.735639
-3.110670
-2.640277
-2.060161
-2.431402
-3.688686
-1.665179
-1.125844
-1.986370
-2.537057
-0.186481
-1.498925
-0.742747
-3.729282
-2.383930
-4.062993
-1.073413
-2.552972
-2.482858
-4.766013
-2.517008
-2.734857
-0.517894
-3.842663
-4.630655
-1.478853
-1.685733
-3.378107
-0.988678
-1.630871
-0.674872
-3.217635
-1.077042
-0.276190
-3.666634
-2.942512
-1.088279
-1.021636
-1.854000
-2.143881
-2.382253
-3.617554
-0.151389
-4.464104
-2.531194
-2.798921
-4.138437
-1.044792
-0.183333
-0.444872
-1.893776
-0.470833
-4.147257
-0.100000
-2.086450
-2.290826
-3.940484
-1.792020
-1.838432
-2.219311
-1.962448
-0.354848
-3.693613
-2.586156
-4.160265
-3.377973
-1.723105
-4.020453
-1.115076
-0.358974
-1.242062
-0.205556
-3.701276
-1.959636
-3.012747
-3.307263
-1.345113
-1.045703
-3.524748
-2.701328
-0.903031
-5.363208
-2.848384
-0.000000
-3.634087
-3.077226
-1.917343
-0.343333
-3.384632
-3.980902
-4.103686
-4.052487
-1.867565
-0.423077
-0.265972
-6.377736
-4.167853
-0.564744
-2.630219
-0.000000
-2.949297
-3.984617
-1.332635
-4.591410
-3.470291
-1.245294
-0.509028
-2.016755
-4.549198
-2.095291
-3.900186
-3.192531
-1.461754
-4.446355
-1.390484
-1.445688
-2.519047
-0.721087
-3.011069
-2.155302
-0.100000
-3.388407
-3.563629
-2.037582
-5.790228
-2.890822
-0.000000
-2.474491
-2.884266
-1.392462
-2.662656
-0.283333
-0.100000
-2.055568
-0.775595
-2.466686
-0.090278
-0.878312
-0.622738
-0.197222
-1.215834
-3.055820
-2.575832
-1.555754
-0.387249
-1.702697
-1.474087
-0.157692
-1.719976
-1.406437
-1.167248
-1.351333
-0.128571
-3.290186
-0.757656
-2.027226
-3.409055
-4.396076
-2.800067
-1.773302
-1.482314
-1.394776
-0.305952
-1.861723
-0.420128
-0.375000
-1.528348
-3.108909
-1.244840
-0.642189
-1.837971
-0.426190
-4.807636
-0.576419
-3.203510
-1.496920
-3.827249
-4.883908
-3.741004
-3.072658
-0.848162
-2.016484
-0.419048
-1.869448
-1.386838
-2.733744
-2.390322
-0.831848
-0.800256
-0.395455
-3.911574
-1.672062
-0.107692
-2.926959
-0.111538
-0.588997
-1.947960
-2.388379
-2.734395
-1.968276
-0.182619
-3.384464
-2.838506
-1.857533
-0.070000
-3.013581
-0.568929
-2.566795
-0.201515
-2.375221
-0.615010
-0.380000
-0.381667
-3.842431
-1.948793
-1.009059
-4.750658
-5.114484
-2.270651
-3.701183
-1.886922
-0.860791
-4.039657
-0.469048
-0.258974
-3.429759
-0.973615
-0.543462
-0.081818
-4.010576
-2.936216
-2.253883
-2.618045
-1.102594
-0.837711
-3.737524
-2.353565
-1.712774
-2.067771
-0.100000
-2.980024
-3.054075
-3.836191
-2.095276
-2.896120
-2.914628
-3.939755
-2.032227
-0.647934
-0.310833
-1.958615
-2.564938
-0.875723
-0.100000
-3.971134
-2.037324
-2.483238
-2.969766
-2.115690
-1.886550
-0.707531
-1.153033
-3.105156
-0.307051
-2.227759
-0.330303
-0.492915
-0.214103
-0.326389
-1.083798
-0.508333
-4.227231
-1.940110
-2.324843
-1.211709
-0.943315
-1.543273
-1.574564
-3.520720
-0.194872
-0.469881
-1.352218
-3.869124
-2.506001
-1.105090
-3.071055
-0.395769
-0.673941
-1.847314
-4.424439
-0.678452
-2.239986
-0.391970
-1.841953
-1.193092
-0.711868
-0.120000
-2.221403
-1.712670
-0.363333
-0.628471
-1.865995
-0.765369
-4.822823
-0.834464
-4.190110
-2.694147
-1.710724
-3.269973
-0.782917
-0.259722
-1.718141
-0.863984
-1.873886
-3.670277
-2.931585
-5.049833
-2.783273
-1.176405
-3.745450
-4.883944
-0.274306
-0.453846
-1.304593
-3.178893
-0.972598
-1.441171
-1.996244
-1.052411
-1.850056
-0.100000
-0.189286
-0.231481
-0.187179
-2.116443
-2.289738
-1.600111
-1.503143
-2.902159
-0.080303
-0.745782
-0.000000
-3.543918
-3.058318
-2.452554
-0.570476
-4.656862
-0.824231
-3.451769
-1.812017
-0.878062
-0.729595
-3.177859
-2.964596
-3.906818
-1.810131
-2.766117
-0.482308
-3.145986
-0.757262
-2.626102
-2.602983
-0.856377
-1.416599
-0.090000
-1.093628
-0.159091
-3.930317
-3.061671
-2.697708
-5.466912
-1.408149
-3.587458
-3.213083
-3.171208
-2.786876
-0.266667
-3.123450
-2.185907
-3.141399
-3.196929
-3.814491
-0.027273
-3.874786
-1.961886
-3.335491
-0.171795
-1.158526
-1.971610
-0.290000
-3.760542
-3.220403
-0.929982
-2.318265
-0.367857
-0.234848
-4.898132
-3.608592
-4.643074
-0.833500
-2.817289
-3.615491
-0.430952
-1.109240
-3.809076
-1.262319
-0.302381
-1.286519
-3.316581
-2.898100
-3.431252
-1.965405
-5.035425
-1.082726
-4.227909
-1.077503
-3.479337
-0.300000
-0.462500
-0.161538
-1.665062
-0.248485
-3.948511
-2.381285
-3.494639
-3.183587
-0.421071
-0.134615
-1.938103
-0.187179
-2.759541
-0.359259
-0.145455
-0.136364
-3.294631
-2.806132
-1.386886
-1.772519
-1.329734
-0.744176
-3.508963
-1.155138
-0.123077
-1.251088
-4.226501
-0.314359
-1.719522
-2.158902
-0.162500
-4.218886
-1.086415
-1.082721
-4.001952
-3.540325
-1.468196
-4.080037
-1.164262
-3.521893
-2.748081
-2.251703
-0.091667
-0.140909
-0.000000
-0.275926
-1.208118
-2.762741
-2.914047
-3.126757
-1.973462
-3.924230
-1.363071
-0.756248
-0.000000
-0.701377
-0.150000
-1.737010
-2.338696
-1.464604
-2.042179
-0.612317
-2.566639
-0.293590
-0.050000
-3.560602
-1.778861
-0.142308
-0.243590
-1.544453
-3.908913
-1.842102
-3.599565
-1.094611
-0.036364
-1.377611
-0.100000
-1.203946
-1.634988
-2.175183
-1.163124
-1.164141
-0.000000
-1.118174
-1.052790
-2.297669
-2.123972
-2.522951
-0.633077
-2.856267
-0.369889
-1.549543
-1.514301
-0.512692
-2.426502
-0.150000
-2.492020
-2.075143
-1.479905
-1.327902
-0.636868
-3.287147
-1.799625
-0.933705
-0.623471
-1.451572
-1.490242
-3.863579
-2.169563
-3.024451
-0.383333
-1.348436
-1.487578
-2.051860
-2.195003
-0.208333
-2.305652
-0.719441
-0.742692
-0.531740
-1.440097
-0.145455
-1.411715
-1.427064
-0.946412
-0.169231
-1.648639
-2.781501
-2.091737
-0.053846
-0.284848
-0.114103
-0.420758
-0.621429
-1.513791
-0.999492
-2.141861
-1.801531
-1.415423
-0.738648
-1.388495
-0.332051
-2.023821
-0.905721
-1.077165
-0.000000
-0.129167
-0.564167
-0.300000
-0.263542
-1.291103
-1.494096
-1.257936
-0.703718
-2.233407
-0.909718
-0.723053
-0.000000
-3.040797
-0.820513
-0.780733
-0.778333
-1.749790
-2.202705
-1.607511
-1.058333
-0.045833
-2.018595
-2.306785
-0.337179
-1.451241
-2.299013
-1.657187
-3.096498
-1.620411
-1.897359
-4.042058
-0.680068
-2.954496
-2.750309
-0.952271
-5.804072
-4.918454
-1.519910
-2.435738
-2.399460
-0.487051
-0.133333
-0.992703
-1.861245
-1.002207
-2.174060
-0.823150
-1.635860
-1.071367
-0.000000
-3.245317
-4.672473
-3.795033
-2.226729
-3.568479
-2.048057
-1.840606
-2.640634
-0.092308
-0.209091
-2.080811
-0.177778
-4.050473
-1.854009
-1.442537
-0.426786
-1.404460
-1.715822
-2.632552
-1.609214
-2.138612
-1.714014
-0.958413
-3.391757
-2.936660
-0.381061
-0.383333
-2.434917
-4.100470
-3.246825
-3.537147
-2.468599
-0.759977
-2.576577
-3.095432
-4.468468
-5.440648
-0.198148
-1.680670
-2.874215
-4.774803
-1.154559
-2.603655
-3.037181
-0.745684
-1.988094
-4.159671
-0.382051
-0.200000
-1.457838
-1.579601
-2.573747
-0.806484
-2.740285
-2.505563
-1.477965
-2.127806
-4.475668
-2.032523
-1.085739
-3.630713
-1.007719
-2.074338
-2.785150
-1.611191
-0.000000
-0.100000
-1.567911
-1.504089
-2.005744
-1.579010
-1.983567
-6.292223
-1.269029
-2.367022
-1.461850
-2.422209
-1.251399
-1.635100
-0.641905
-0.066667
-2.470431
-1.773695
-1.344451
-0.638462
-3.309369
-1.701199
-1.350366
-1.228110
-1.401381
-1.130838
-1.859170
-2.294418
-1.479902
-0.594167
-1.663299
-1.908177
-3.839909
-1.947870
-0.621154
-1.492392
-0.075000
-1.858609
-1.159319
-1.871596
-2.928204
-1.159555
-0.615595
-3.992458
-0.673456
-3.480804
-1.441176
-2.493322
-2.811666
-4.337321
-4.012354
-3.613526
-3.377891
-3.044438
-4.985662
-4.903985
-3.512262
-1.581490
-0.528282
-0.000000
-3.186705
-2.611506
-1.086270
-2.082231
-0.178333
-2.379062
-3.477053
-1.811149
-0.423333
-2.342760
-0.523077
-0.657604
-2.478718
-0.518205
-2.977921
-1.224816
-3.600059
-4.417973
-3.354515
-3.228334
-4.054436
-2.683827
-0.214815
-2.445870
-2.981555
-3.120777
-1.778929
-0.451685
-0.363889
-0.422222
-0.200000
-3.074885
-1.722281
-3.374297
-3.101687
-1.673055
-2.903071
-0.330556
-0.418056
-1.564538
-3.655686
-0.219792
-1.294572
-0.126923
-2.582630
-2.336833
-1.493166
-0.852205
-0.033333
-4.166498
-1.349049
-3.321533
-0.000000
-0.376923
-4.913288
-1.019933
-3.329811
-5.187623
-3.271591
-0.394231
-5.030388
-4.281851
-1.347755
-3.998759
-3.809924
-3.239692
-3.969076
-2.977923
-4.192182
-1.773343
-3.462549
-2.638154
-3.723368
-2.228344
-0.541679
-0.177273
-2.323086
-1.462711
-2.971386
-5.869464
-4.358778
-2.781573
-1.705758
-3.296734
-3.787730
-0.314103
-3.625418
-0.307407
-0.615833
-3.990600
-1.654705
-0.282639
-4.980114
-2.683897
-2.482032
-2.370879
-2.183235
-1.782511
-0.318750
-3.997185
-3.189378
-3.654701
-1.490581
-3.707100
-2.556410
-1.664371
-0.215278
-3.855601
-2.869473
-3.632776
-3.179928
-3.095871
-1.772182
-4.422565
-0.678718
-0.145000
-3.359005
-3.871437
-2.898228
-4.194904
-1.278806
-3.123815
-2.502885
-1.549637
-4.065437
-3.382696
-3.867886
-3.111074
-4.870806
-0.242778
-2.932864
-3.447983
-1.613064
-2.663688
-3.428532
-1.925267
-3.044554
-1.383826
-0.316667
-3.911711
-2.965850
-3.372103
-1.852554
-2.135538
-6.234807
-0.100000
-0.510455
-0.416996
-0.130769
-3.275250
-2.628337
-3.304316
-3.004952
-0.895177
-4.754635
-4.312517
-4.106436
-1.642447
-3.695712
-4.555336
-1.927039
-3.678558
-0.040000
-3.251822
-2.308213
-1.941509
-0.345238
-1.487111
-1.288676
-3.269294
-3.333731
-2.043916
-0.725457
-0.271667
-1.551982
-1.078693
-2.243622
-3.784534
-0.675009
-0.211111
-1.914878
-2.972715
-0.395769
-0.536612
-4.686535
-0.325833
-0.713860
-5.443124
-3.712534
-1.874328
-0.868963
-2.766903
-1.110956
-3.169454
-1.755825
-2.587012
-1.944308
-4.109632
-3.235680
-2.246140
-3.328064
-1.981368
-1.838190
-0.982536
-1.755536
-0.930606
-0.245833
-4.110577
-3.355414
-1.166233
-0.358333
-2.862460
-0.271429
-1.806384
-0.478205
-0.120000
-1.016273
-3.187963
-1.930585
-1.168049
-0.886422
-0.643333
-3.864273
-1.434108
-1.986143
-0.761932
-0.883318
-0.760256
-0.165385
-1.047617
-1.753606
-0.909349
-1.068708
-0.684945
-4.443943
-1.914561
-0.956902
-0.250000
-4.156583
-1.862852
-4.038007
-1.157441
-0.993858
-1.661290
-2.125033
-1.912896
-0.771528
-1.466930
-0.050000
-1.894046
-2.657540
-0.880635
-4.828510
-1.278009
-1.775207
-1.541526
-0.923525
-1.110705
-0.921978
-0.469306
-0.556410
-0.319231
-3.852986
-0.833373
-3.005520
-1.894754
-2.470249
-0.890968
-0.698446
-3.668851
-1.075591
-0.900215
-3.081218
-3.044673
-0.664384
-0.659103
-4.093543
-1.670404
-1.129488
-3.727057
-1.356972
-0.602647
-0.000000
-3.488290
-3.388166
-2.593828
-3.178933
-2.851952
-1.010509
-0.130000
-4.001358
-2.069046
-1.108756
-0.334524
-2.237173
-1.860919
-4.393417
-1.223490
-2.453588
-1.062497
-2.429812
-0.000000
-3.660194
-2.339553
-3.032769
-3.222277
-1.033343
-2.189440
-1.214366
-0.507603
-3.744620
-1.924416
-1.711485
-3.289765
-0.563022
-0.252564
-3.153440
-1.999415
-4.257477
-2.881013
-0.712464
-3.479821
-1.058926
-0.800695
-0.590000
-3.131064
-1.784205
-0.822942
-0.273333
-3.469317
-1.514683
-1.172874
-0.516154
-3.126838
-1.016336
-0.549708
-1.553465
-0.456667
-0.544872
-0.000000
-2.227661
-1.250211
-1.470450
-0.170000
-3.350839
-1.807398
-1.135357
-3.217304
-1.754152
-1.950310
-3.056104
-0.697211
-3.265418
-0.580256
-1.337633
-2.745392
-1.713463
-3.244838
-2.325532
-1.877225
-3.408330
-0.083333
-0.986216
-2.485924
-2.244809
-0.664103
-2.138647
-0.409306
-0.699971
-2.780197
-1.892077
-3.835834
-1.326894
-3.403950
-2.498848
-3.513511
-0.740314
-1.501968
-0.651923
-1.780995
-0.360417
-3.002859
-2.537796
-2.756530
-2.820252
-0.414861
-5.240476
-0.540909
-0.427083
-0.498846
-0.437121
-2.143064
-0.375000
-0.712253
-3.087263
-1.150101
-2.119338
-0.410897
-0.752381
-1.945520
-0.215385
-0.117949
-0.360417
-1.275940
-2.796687
-1.860073
-1.062440
-1.383965
-2.041110
-1.724035
-1.213300
-0.000000
