-2.982961
-1.097774
-1.658992
-0.900988
-1.748318
-0.172222
-1.640828
-0.361806
-2.442219
-0.745920
-2.448493
-0.660476
-0.601296
-4.039588
-0.602879
-0.762325
-0.216667
-1.051311
-2.442775
-0.937450
-1.718454
-1.239184
-1.159646
-0.000000
-3.209373
-3.907495
-3.021853
-1.074785
-0.278571
-1.552537
-4.244221
-1.405935
-3.459508
-0.417424
-0.823155
-2.038587
-1.726717
-0.222222
-1.511104
-1.351884
-0.338194
-2.018803
-0.144444
-2.267982
-1.884370
-2.603640
-1.241757
-2.785837
-4.430283
-2.068968
-3.207648
-2.775711
-5.426491
-1.807531
-0.251389
-3.081413
-1.356874
-1.491765
-0.863407
-1.348636
-1.359984
-0.617317
-0.973654
-1.295173
-1.119102
-0.309732
-0.913326
-1.701161
-4.203790
-1.711415
-4.526669
-1.283597
-1.218295
-1.013932
-1.022174
-1.890501
-1.267130
-2.921813
-5.797280
-0.642634
-0.885666
-3.327062
-3.010543
-1.727399
-0.630394
-0.187500
-2.427924
-0.759970
-0.506410
-1.142873
-2.589913
-1.432610
-0.698407
-0.973066
-0.755992
-0.561795
-0.580982
-3.003173
-2.968853
-1.870228
-2.084266
-3.413606
-2.014051
-1.440127
-0.340476
-2.965603
-0.618889
-1.447415
-3.327720
-0.646889
-0.387606
-3.073095
-2.632101
-1.946564
-2.240754
-0.839177
-0.859683
-0.247917
-2.361876
-2.242964
-0.530128
-2.023676
-0.270833
-1.278694
-3.411987
-0.813297
-0.612778
-2.112223
-2.944888
-0.716852
-0.647932
-0.634000
-0.121429
-0.725248
-1.808915
-0.200000
-1.887048
-0.849113
-2.064064
-0.838323
-0.894418
-0.435513
-0.346154
-1.460430
-0.778230
-0.631099
-3.593455
-0.592253
-0.460417
-1.819366
-1.608140
-1.451418
-3.206198
-2.541453
-1.021472
-3.227851
-0.425000
-1.492242
-0.780485
-1.460428
-1.732854
-0.945430
-3.106516
-0.693407
-0.418750
-0.360833
-0.925008
-3.137578
-0.200000
-2.779096
-1.864373
-4.588782
-3.113099
-1.304853
-1.240138
-1.921331
-3.280769
-0.483974
-2.200402
-1.580337
-1.648257
-0.173333
-1.038471
-0.769964
-1.045025
-3.231287
-2.253642
-0.025000
-0.050000
-1.366386
-0.693993
-1.344775
-0.490000
-2.041287
-1.881926
-1.613038
-2.002526
-0.835794
-3.382629
-3.267287
-2.706077
-0.761419
-1.197937
-0.100000
-1.538401
-1.557326
-3.891576
-1.801036
-1.119954
-4.705052
-2.093770
-0.200000
-1.472098
-1.114887
-0.838100
-1.661399
-1.838893
-2.118772
-0.308333
-0.138462
-0.188462
-0.086364
-0.060000
-0.872024
-2.333322
-2.204082
-1.032046
-1.439863
-1.039026
-0.000000
-1.047933
-0.801756
-0.903278
-1.768798
-2.922937
-0.366944
-0.379444
-1.970346
-0.808593
-2.993217
-0.228205
-0.118182
-0.088889
-2.383858
-1.796596
-0.272222
-0.091667
-0.177273
-0.094444
-0.000000
-2.808913
-2.132302
-1.306061
-0.042857
-0.952530
-0.615139
-2.011847
-1.706127
-0.816832
-0.711633
-1.081806
-2.419164
-0.066667
-1.227481
-2.753714
-0.167308
-0.503333
-0.493056
-1.941085
-1.089603
-1.570307
-2.948023
-0.638829
-3.716287
-5.436770
-1.681768
-0.947024
-0.939896
-0.050000
-1.280405
-0.199306
-0.298718
-0.100000
-0.095833
-0.516282
-4.324411
-0.083333
-2.139813
-2.872292
-2.385725
-1.624822
-1.538530
-0.940932
-0.000000
-1.171789
-0.715897
-1.804968
-3.167497
-3.022618
-1.397302
-0.157692
-2.179632
-0.196667
-0.129167
-2.953940
-0.066667
-2.460727
-1.891265
-2.041632
-1.882636
-1.481503
-0.754048
-0.861053
-2.861050
-2.854716
-4.223884
-0.992519
-0.760238
-1.463189
-0.194792
-1.749229
-2.126318
-0.240278
-1.608894
-0.313636
-2.732367
-0.152778
-1.533705
-1.545720
-0.884974
-2.140381
-1.073465
-0.045455
-1.060767
-1.314439
-0.811362
-2.062100
-0.283333
-1.029825
-2.230635
-0.166667
-0.144872
-5.700445
-3.784037
-3.709338
-1.345062
-1.530044
-0.200000
-3.560679
-1.313552
-0.213333
-2.881395
-2.303269
-0.419784
-0.463750
-0.581236
-4.004526
-2.952549
-3.495506
-2.722345
-0.115000
-3.226713
-1.888437
-2.408581
-0.475913
-0.076923
-2.376575
-1.821738
-3.917045
-0.414697
-0.323333
-0.511364
-0.410694
-0.867255
-3.364651
-4.068966
-4.254541
-4.460362
-1.065657
-1.529313
-3.921409
-2.676117
-0.866948
-1.118751
-3.372976
-3.327443
-3.859480
-4.562625
-3.678281
-3.320136
-0.312121
-0.634861
-5.118267
-0.559583
-3.635902
-4.084048
-1.697805
-3.642826
-4.060751
-2.688007
-3.787907
-2.335703
-1.673075
-2.648226
-2.329825
-0.920429
-0.213333
-3.480711
-2.246861
-1.107903
-4.487590
-0.507156
-3.701420
-4.100249
-3.727250
-4.030861
-0.788770
-3.724149
-3.648594
-1.604258
-0.290909
-1.301047
-0.025000
-3.391361
-4.411836
-2.618287
-3.152916
-1.737882
-0.261111
-3.666163
-3.775713
-1.448732
-3.877490
-0.712667
-5.524234
-0.961749
-0.476515
-0.230000
-2.809999
-4.194823
-3.621686
-1.956246
-1.235365
-0.178571
-3.219380
-0.683889
-2.444476
-0.020000
-0.068750
-1.364934
-3.603134
-3.832645
-3.730650
-0.668333
-0.431818
-0.916402
-0.290833
-4.383435
-4.028686
-3.797553
-3.485345
-2.774590
-0.150000
-3.417107
-4.326613
-0.060000
-3.099200
-3.712153
-0.721795
-0.424167
-1.796199
-2.117382
-0.170758
-2.016308
-0.577857
-0.946164
-2.570134
-1.552013
-1.351331
-0.877136
-0.000000
-3.745629
-3.735136
-3.318748
-3.246222
-2.322922
-0.438333
-0.344792
-0.320833
-0.384630
-1.888292
-0.145833
-3.794993
-4.056771
-1.545703
-0.250000
-0.240000
-2.252431
-0.077273
-1.845718
-1.764048
-0.347593
-1.349593
-3.338828
-3.520975
-3.600461
-1.977093
-3.036378
-2.986332
-0.596410
-4.255559
-2.014692
-0.216667
-2.957746
-2.871846
-1.980917
-0.000000
-3.559732
-1.856676
-1.102503
-2.093679
-3.328895
-3.070502
-4.926970
-1.358598
-4.220071
-4.359524
-3.313940
-1.661911
-4.289445
-2.629977
-2.779879
-5.444367
-2.901357
-2.373024
-1.855200
-2.549291
-2.306091
-2.456300
-0.868268
-5.380886
-4.068800
-3.611669
-1.723913
-2.407849
-1.800750
-4.080803
-3.381430
-4.631368
-3.657307
-2.747210
-1.500480
-3.774781
-2.043700
-2.484826
-2.973755
-5.055669
-1.863866
-2.311732
-2.132888
-1.260868
-0.888637
-0.800009
-1.817744
-3.664688
-0.743829
-2.773768
-4.401994
-2.133975
-2.444321
-3.783164
-2.065750
-2.817238
-3.374019
-1.574931
-4.441007
-1.782295
-1.455757
-2.360865
-5.382337
-2.403137
-3.073650
-3.281238
-3.430451
-2.098025
-1.641938
-3.610640
-1.493031
-2.983273
-3.056108
-1.651023
-2.717083
-4.414494
-1.453313
-2.698062
-2.019650
-2.856962
-1.422774
-1.465112
-2.010826
-2.967682
-0.809466
-2.811519
-2.307149
-3.981353
-5.447428
-1.726242
-2.606545
-0.604000
-3.310223
-1.966585
-2.783715
-3.102323
-3.962400
-2.138045
-4.269482
-3.140751
-2.731149
-3.933752
-4.155062
-4.934751
-1.732552
-2.441845
-2.561611
-1.592863
-5.127213
-3.063065
-4.686273
-1.841471
-1.078333
-2.699224
-2.432742
-4.473024
-3.347606
-4.189865
-3.805776
-1.663339
-3.223623
-5.297707
-4.086438
-1.843654
-2.889990
-1.646136
-1.804882
-1.879442
-4.487833
-2.392456
-1.591001
-1.231640
-1.739474
-4.112904
-1.657615
-1.980567
-1.852100
-4.802380
-3.749843
-4.835876
-3.300732
-2.449211
-1.434848
-3.063915
-1.755336
-1.641175
-1.696328
-3.678277
-2.305575
-0.460278
-1.976576
-3.062280
-3.073816
-1.862885
-2.021552
-0.509286
-3.363809
-2.995653
-0.831131
-2.752784
-3.121473
-0.508333
-0.000000
-1.874448
-3.947667
-2.307842
-3.124602
-4.165340
-2.178325
-1.539526
-1.441436
-1.557094
-1.679901
-1.466626
-3.738787
-3.978196
-3.085274
-2.362464
-1.518264
-0.740291
-1.158590
-2.888820
-1.193208
-2.412325
-1.867250
-2.281910
-2.898206
-1.349611
-1.819738
-1.904941
-3.336944
-3.006227
-1.912536
-1.925868
-2.051376
-1.290039
-2.312073
-1.778813
-2.725132
-1.297094
-3.157336
-3.762881
-2.227906
-2.161085
-1.564170
-2.599402
-1.895610
-2.739888
-1.732763
-0.150000
-2.114930
-3.488939
-5.293514
-3.168091
-4.181156
-2.723261
-2.259643
-1.377913
-1.509278
-1.623533
-4.458721
-1.632713
-3.455142
-2.223384
-3.082181
-2.332474
-1.823430
-3.438454
-4.038635
-2.557264
-2.578793
-2.794828
-4.540994
-5.402590
-1.781932
-0.363333
-0.536667
-2.600785
-2.330780
-3.936579
-2.709233
-4.310237
-1.148218
-4.474577
-0.343750
-1.044940
-3.749734
-2.806844
-4.630303
-0.404762
-2.522356
-0.486167
-0.212121
-2.541827
-3.775599
-2.980275
-1.982786
-0.544697
-3.005447
-5.447003
-4.645773
-2.273965
-2.060782
-1.101148
-4.100025
-3.492862
-2.760844
-1.160943
-2.298912
-4.848972
-3.006322
-4.270636
-5.298473
-3.708911
-0.879045
-3.089888
-2.828171
-2.078760
-0.300000
-1.778778
-1.454311
-0.744487
-3.324381
-1.280911
-2.742368
-2.064969
-3.553860
-0.611111
-2.474889
-4.446734
-4.707467
-0.788307
-0.982256
-2.461336
-4.529946
-0.050000
-1.921578
-1.584581
-1.018349
-0.000000
-3.224026
-3.450578
-2.964665
-3.452765
-1.903500
-4.453886
-4.397939
-2.930962
-0.999101
-1.978786
-3.579679
-5.192908
-1.620770
-0.000000
-4.232757
-3.937101
-1.958205
-3.001810
-2.294029
-0.060000
-1.464842
-2.550829
-1.341290
-3.852595
-3.560773
-3.769114
-2.858724
-1.055638
-4.480514
-2.621409
-1.832638
-2.610154
-4.924153
-3.140882
-2.401706
-2.557344
-1.547507
-3.237736
-2.608498
-2.241175
-1.542727
-2.063031
-2.325983
-2.172955
-1.606071
-1.142651
-1.527968
-1.626453
-3.151537
-0.243056
-2.478289
-2.119057
-0.485769
-4.211819
-0.255556
-2.920928
-5.895880
-0.795577
-3.087274
-1.270694
-1.650925
-1.329990
-2.034371
-0.242424
-2.984117
-3.462913
-1.348927
-4.045383
-2.232165
-0.010000
-3.358877
-2.590802
-2.377893
-0.229167
-3.227930
-1.101807
-1.092269
-2.781688
-4.207826
-3.908257
-2.502885
-0.993399
-0.354167
-4.202483
-2.044476
-3.002554
-2.132876
-4.599219
-3.981141
-0.731339
-0.604560
-2.260698
-2.903949
-3.346654
-1.946752
-0.581111
-1.622625
-1.225584
-0.133333
-1.444955
-0.961578
-0.130000
-1.513715
-0.361667
-0.346667
-0.100000
-1.873645
-1.435904
-2.277265
-2.354753
-2.261103
-0.924765
-4.825982
-2.705718
-1.807974
-2.211599
-1.520115
-3.103669
-2.404277
-1.585312
-2.413115
-2.800140
-3.289321
-1.704480
-2.442397
-2.951585
-0.577051
-0.281410
-3.525164
-2.987938
-3.132088
-2.699174
-0.759130
-0.367949
-2.709886
-0.037500
-1.355305
-2.519799
-3.690668
-0.977493
-3.100875
-3.051825
-4.228469
-0.522692
-1.168432
-2.346603
-2.738678
-1.428623
-0.122222
-3.360599
-1.211934
-0.664231
-0.683974
-0.355000
-1.452486
-2.825432
-4.094768
-1.416587
-0.395000
-0.181818
-3.524775
-0.965693
-4.318935
-0.225000
-0.287879
-0.120000
-1.643562
-0.169697
-3.996274
-0.075000
-0.000000
-0.855394
-1.578307
-2.840016
-1.504725
-0.116667
-0.930565
-1.626801
-0.863462
-3.653319
-0.269444
-3.301456
-1.367077
-5.338998
-0.359848
-1.871066
-0.316282
-0.195455
-3.227262
-2.182665
-0.075926
-1.549210
-4.135938
-0.131818
-4.591648
-3.140352
-0.308333
-2.133051
-2.074645
-3.030743
-0.077778
-0.150000
-1.197191
-3.321780
-0.634167
-1.232852
-0.148148
-0.874710
-1.610428
-0.641612
-0.157143
-2.885231
-0.272222
-0.255128
-0.874474
-0.582253
-1.592390
-3.493223
-1.634024
-2.404449
-0.412821
-0.929093
-1.606700
-0.915809
-2.918618
-4.314305
-0.300972
-2.807407
-1.580203
-0.682302
-2.051114
-1.271987
-2.931674
-0.125000
-2.028038
-1.566493
-0.108333
-2.113334
-0.391528
-0.295833
-1.338927
-3.388410
-0.028571
-2.344466
-4.064806
-2.288198
-0.040000
-0.071429
-0.116667
-0.125000
-2.397773
-1.887663
-1.430154
-1.172658
-0.000000
-1.260396
-2.734264
-2.840321
-2.917655
-0.305556
-5.955600
-1.462798
-0.903104
-0.170370
-2.908853
-0.556250
-3.698102
-2.764362
-1.244202
-1.440082
-3.801644
-0.275694
-3.715133
-0.165000
-0.072727
-0.200000
-2.084239
-2.620544
-0.126923
-0.120000
-0.063636
-0.086364
-1.321948
-0.040000
-3.110417
-1.238158
-0.200000
-0.100000
-1.440149
-5.078205
-1.563779
-1.846881
-1.059759
-2.965409
-4.727519
-0.649698
-0.457692
-0.000000
-2.784705
-1.173834
-2.458305
-2.919467
-0.757415
-0.782361
-1.664555
-0.993022
-2.491506
-2.968827
-0.706667
-0.090000
-0.185000
-4.092082
-0.282708
-4.511168
-1.473950
-1.230205
-2.699594
-2.199185
-1.658264
-4.230107
-2.208495
-0.161667
-3.364676
-0.877814
-0.451667
-1.602448
-2.860175
-0.570458
-2.606527
-3.226207
-0.512436
-2.540482
-3.964987
-0.791282
-1.919421
-1.752873
-4.539156
-3.013426
-7.045709
-2.904433
-4.083839
-2.331353
-1.804895
-0.854487
-0.068182
-0.075000
-0.000000
-1.911764
-0.231667
-0.847002
-1.099750
-1.920292
-3.029043
-3.713407
-2.343978
-0.090000
-0.383333
-0.057143
-3.352075
-2.272860
-2.284477
-2.556255
-0.000000
-3.119830
-2.070564
-3.704593
-0.068182
-1.204233
-0.038462
-3.845560
-3.020789
-1.062720
-3.321422
-0.754167
-3.351919
-0.884426
-0.607407
-0.496154
-2.980231
-1.208601
-4.468266
-1.847923
-0.782024
-0.407121
-4.098124
-2.862560
-2.324416
-2.600323
-4.733049
-0.765595
-0.695238
-3.266458
-1.739953
-1.982633
-0.044444
-0.000000
-2.183448
-2.920955
-0.679432
-0.815092
-1.847721
-1.397703
-2.373430
-1.587177
-2.765463
-2.524806
-0.280000
-1.186984
-1.352177
-1.019746
-3.826604
-3.065637
-2.060317
-3.678763
-4.125772
-0.280769
-0.172222
-0.218750
-3.241019
-1.117116
-1.743419
-0.978128
-1.563450
-2.169319
-1.725298
-1.689330
-1.468445
-0.515009
-4.061239
-4.215061
-4.514943
-2.126440
-3.342785
-3.854605
-3.314564
-0.688274
-3.495861
-2.485611
-2.312151
-0.439167
-4.568609
-0.256667
-0.356410
-1.524056
-2.052079
-1.011617
-1.634695
-2.237803
-0.853605
-0.000000
-3.151062
-1.825158
-1.454297
-2.831197
-0.251389
-2.690131
-4.822820
-1.321887
-2.201249
-0.630455
-2.633116
-0.133333
-2.196933
-1.353224
-1.973489
-0.492273
-2.790648
-0.564259
-0.363636
-0.638095
-0.000000
-1.669326
-0.875754
-1.239388
-0.712988
-1.824659
-1.932077
-1.391044
-1.090254
-0.000000
-4.288804
-3.655756
-2.579687
-0.128571
-1.274237
-1.135833
-3.014654
-0.160000
-2.600858
-2.784342
-4.887440
-2.872214
-0.698631
-0.422222
-1.066822
-0.475087
-0.571667
-0.116667
-2.977501
-1.463822
-4.546525
-1.177493
-0.460694
-2.284460
-2.338277
-0.439394
-3.965049
-1.145564
-2.567851
-1.344384
-0.551667
-2.049732
-3.301542
-0.000000
-1.700112
-1.415197
-0.760704
-3.806270
-1.008704
-1.984967
-3.742611
-1.773445
-2.710643
-4.718250
-0.597564
-0.560714
-1.898507
-0.294872
-1.479770
-1.077918
-7.172317
-1.446002
-0.000000
-6.843255
-5.876982
-0.506061
-3.588787
-2.928015
-3.505060
-3.664716
-0.277778
-0.177778
-0.829643
-0.111111
-3.648525
-1.968388
-5.090406
-1.977658
-4.032456
-3.619584
-2.233593
-3.116783
-0.844107
-3.827538
-4.112316
-1.950210
-0.118333
-3.598321
-0.108333
-0.138194
-0.061111
-3.107168
-0.057692
-3.749068
-3.155386
-2.521121
-3.290818
-0.757198
-1.555321
-4.247416
-4.684872
-0.748279
-3.593401
-3.322322
-3.287242
-2.424807
-2.068404
-0.908786
-1.928472
-0.090000
-1.304487
-0.011111
-2.705688
-0.964057
-2.105759
-0.183333
-3.527348
-2.443408
-1.672514
-1.966620
-1.833033
-2.764250
-1.318850
-0.083333
-3.161927
-2.942790
-1.118552
-0.012500
-0.081818
-0.053846
-0.125000
-2.698602
-0.968529
-0.104545
-4.122566
-3.624426
-0.584451
-2.925632
-0.630278
-3.030916
-1.116733
-2.810715
-2.483389
-2.021921
-1.441885
-1.332255
-0.309028
-3.412390
-3.390410
-4.561870
-1.330606
-1.450477
-2.316423
-0.954866
-2.845875
-0.050000
-2.619335
-2.087994
-4.418642
-0.063542
-1.341188
-3.214220
-0.033333
-1.693117
-1.391086
-0.792518
-4.331248
-3.427451
-3.439878
-5.323114
-2.593500
-4.093812
-2.862598
-2.895000
-1.156548
-2.190108
-3.043231
-1.730042
-2.118579
-1.887297
-1.400988
-0.361111
-1.268836
-2.791364
-2.686927
-1.955803
-1.789569
-0.379630
-4.446675
-4.902916
-0.896844
-3.859366
-2.431530
-0.831648
-2.485653
-1.157609
-0.143333
-2.677436
-0.090000
-5.511026
-2.157388
-4.460444
-0.160000
-0.403519
-2.268688
-0.028571
-3.588302
-3.278207
-1.038330
-1.295534
-0.040000
-2.341972
-0.820201
-3.778200
-0.158333
-1.566522
-1.390527
-2.558651
-0.177778
-0.155303
-0.225000
-1.055412
-3.847932
-0.399242
-0.200000
-0.970996
-4.054009
-4.100959
-3.315449
-1.093817
-0.226667
-1.435396
-0.118182
-0.810718
-0.100000
-1.653182
-2.423836
-1.907381
-1.648606
-0.704722
-1.437567
-0.000000
-3.700186
-1.080152
-2.777227
-0.137500
-1.480885
-3.111651
-0.689028
-1.116036
-3.528897
-3.380894
-1.835950
-2.685237
-2.043122
-3.107975
-0.100000
-1.620130
-1.184557
-0.000000
-3.923667
-4.294725
-2.151829
-3.984748
-0.625833
-4.026694
-3.804702
-2.446004
-2.751964
-1.246139
-3.440790
-0.250000
-0.612917
-1.341220
-1.198768
-3.803426
-1.731075
-1.127002
-0.000000
-3.646998
-2.982072
-1.077150
-2.119261
-0.278030
-0.095455
-0.237500
-1.603732
-2.834659
-2.068053
-0.044444
-2.029437
-2.203930
-0.303333
-0.000000
-1.044530
-0.878224
-0.000000
-3.735491
-2.800530
-1.104795
-3.235036
-3.109234
-3.398419
-5.875532
-1.337895
-2.301592
-2.987193
-0.540641
-0.772637
-0.000000
-3.243031
-3.357808
-3.887259
-0.837869
-0.265000
-3.199186
-2.599257
-2.989553
-0.831108
-3.437039
-2.057071
-3.566946
-3.071227
-1.860514
-0.836917
-2.234647
-2.634533
-0.543182
-1.965133
-1.800581
-1.430433
-0.205556
-4.443649
-1.099606
-0.157143
-3.047692
-0.951062
-1.606051
-3.464069
-0.710073
-0.379545
-0.261806
-0.127273
-0.044444
-3.070606
-0.030769
-6.279132
-1.922950
-3.383085
-0.095833
-0.886459
-4.685351
-2.516879
-2.155828
-3.028623
-0.997788
-2.453376
-1.846609
-2.675469
-2.159526
-1.612036
-3.481579
-5.520062
-1.358582
-4.722233
-1.991424
-1.633267
-3.833336
-1.245171
-2.373414
-1.535910
-0.000000
-1.999516
-1.786711
-1.042276
-0.227833
-2.870988
-0.216667
-3.319380
-1.045516
-0.737308
-6.425885
-0.543666
-1.416932
-2.181398
-2.045053
-0.070000
-3.103570
-1.177504
-2.364007
-0.050000
-0.267727
-2.488353
-0.329630
-1.896477
-2.191037
-2.410713
-1.582199
-0.000000
-1.805114
-0.671905
-1.140750
-0.022222
-2.132797
-1.449117
-0.969220
-0.630417
-2.164500
-2.661379
-2.037698
-1.346599
-3.477561
-2.500774
-5.605864
-1.610863
-4.893454
-5.547811
-3.381152
-4.966255
-2.727045
-1.041921
-3.861636
-2.402804
-0.848373
-2.773446
-2.947107
-1.245312
-1.029693
-0.012500
-3.470804
-4.433088
-1.122263
-4.760124
-3.386187
-2.995903
-4.919327
-2.498856
-1.939900
-3.833628
-2.335219
-2.165571
-0.012500
-3.875826
-1.501721
-4.655011
-1.134782
-0.480256
-0.560769
-1.550199
-3.269450
-0.579432
-0.852949
-0.030769
-1.769633
-1.503050
-0.275000
-2.244831
-1.784157
-1.298635
-2.288765
-1.284625
-1.725248
-2.915934
-0.441250
-3.757384
-3.670211
-2.634860
-3.251108
-4.274635
-2.255908
-0.170833
-0.100000
-2.958193
-0.170370
-0.050000
-1.569568
-0.100000
-4.036175
-2.961112
-2.074238
-0.000000
-3.723873
-3.976011
-3.308039
-1.621575
-1.015155
-0.798562
-0.490909
-3.308290
-0.522510
-1.085167
-0.114286
-1.327933
-0.900798
-1.869085
-2.641007
-3.403972
-4.563496
-1.198290
-4.315078
-2.811133
-3.243113
-0.682949
-0.699802
-0.807249
-3.176506
-1.724191
-1.284438
-0.000000
-3.778351
-0.945285
-0.732070
-1.503655
-3.407823
-0.732126
-1.495275
-0.775201
-3.875141
-0.834269
-1.242684
-3.293725
-0.441538
-2.407882
-0.506088
-1.594567
-2.080077
-4.022592
-2.007472
-0.759583
-0.397222
-0.212500
-3.866510
-0.989740
-0.371154
-0.339583
-4.042633
-0.884901
-1.686296
-0.158333
-1.812024
-1.039206
-1.136426
-2.081377
-0.413333
-1.197251
-1.346847
-6.338815
-2.115850
-1.672572
-0.896411
-0.825523
-2.403779
-0.967603
-2.471683
-6.039838
-4.878005
-3.107709
-2.283534
-1.037312
-3.654707
-3.006740
-0.590641
-0.859740
-0.227083
-3.172661
-3.549422
-2.078340
-3.339853
-2.214128
-3.176383
-3.142715
-0.586458
-1.372373
-0.772370
-1.674630
-4.870129
-4.094537
-0.843542
-1.232501
-0.020000
-3.223739
-7.537999
-0.628750
-0.794188
-0.193750
-1.681418
-0.622564
-0.888380
-2.708880
-1.627467
-3.182088
-3.785147
-3.167235
-2.774653
-2.009739
-0.469231
-1.502704
-1.426334
-1.413039
-0.341667
-1.639658
-0.881024
-2.323490
-2.796161
-3.550926
-0.111111
-3.311029
-1.307076
-1.544670
-0.078571
-3.023341
-3.157344
-1.324634
-0.000000
-1.686846
-0.825103
-0.719444
-1.982182
-2.744667
-1.661293
-1.117795
-1.327743
-1.440730
-1.504049
-3.131339
-3.302440
-2.248186
-3.466811
-0.931190
-0.822926
-6.332776
-5.337946
-2.624227
-2.987409
-0.373407
-0.624057
-0.674103
-1.655634
-3.275573
-4.322894
-1.204632
-4.473808
-0.613095
-3.060680
-0.571970
-0.787531
-3.901853
-0.558142
-0.353012
-0.562511
-3.089288
-0.550317
-1.153280
-2.844105
-5.732045
-3.617531
-6.412569
-1.879533
-0.000000
-4.476339
-1.914456
-1.328981
-2.551381
-1.705488
-0.136364
-3.067148
-1.621077
-1.505837
-0.634697
-3.275556
-1.105909
-1.734657
-0.186364
-3.911616
-2.446831
-1.039011
-3.103399
-5.864470
-2.697994
-0.094444
-2.975322
-3.442987
-2.707105
-2.312417
-1.244683
-2.909293
-0.392308
-0.796393
-3.087413
-1.386532
-2.099623
-0.370833
-1.271429
-0.230556
-3.232956
-0.753542
-0.557222
-3.969261
-1.459455
-1.128191
-1.106789
-3.590994
-3.234642
-2.258282
-0.215476
-3.125028
-0.757024
-1.221340
-2.269349
-0.522222
-0.251852
-3.417957
-2.700015
-1.365646
-2.917745
-2.048365
-1.227667
-0.742857
-2.965477
-3.693501
-2.061042
-3.231490
-0.578030
-3.681102
-2.384272
-2.349864
-2.242123
-2.813659
-2.014645
-0.025000
-3.411360
-2.276277
-0.421528
-0.170833
-4.614584
-2.843094
-1.717130
-3.137831
-3.211300
-0.984950
-0.346667
-0.611071
-0.334848
-0.120000
-0.564524
-0.885876
-0.133333
-3.095233
-1.086340
-1.760192
-1.354937
-0.709057
-3.462876
-0.848450
-2.017338
-1.059732
-1.449743
-3.415144
-0.345139
-0.485774
-3.572149
-2.301205
-2.786644
-1.870255
-0.000000
-3.400692
-0.866484
-0.575128
-0.822814
-0.785645
-2.416405
-3.029581
-2.738138
-3.725379
-2.717147
-1.127976
-0.929870
-0.574689
-3.818954
-0.904626
-3.078585
-0.902463
-2.843992
-0.111111
-3.437249
-2.316849
-1.392528
-1.941712
-3.145480
-2.121753
-0.198333
-3.130192
-4.295357
-1.115757
-3.439021
-2.587520
-1.492807
-2.621411
-1.512625
-1.691809
-0.133333
-3.492824
-0.831706
-1.549102
-2.365677
-2.734099
-3.601402
-1.303776
-0.320417
-0.637021
-3.172884
-2.696480
-2.128927
-3.272798
-1.792773
-2.610196
-0.493333
-1.872059
-3.528144
-0.426468
-1.889609
-0.100000
-3.626149
-2.337068
-0.947234
-0.624872
-2.459407
-1.511108
-0.138462
-1.129241
-3.695271
-1.793223
-2.133016
-1.840587
-0.329167
-3.353604
-0.106250
-0.296154
-0.959740
-2.477108
-2.826999
-1.386340
-2.347279
-0.251667
-2.927677
-0.905357
-0.150000
-2.046021
-1.545154
-1.269890
-3.490185
-4.660786
-1.552715
-3.831155
-2.513382
-3.277324
-1.398447
-1.391383
-2.277002
-0.080000
-3.387225
-1.552829
-2.576461
-1.769199
-2.706053
-2.016395
-1.495711
-3.489247
-2.089133
-2.242152
-1.520119
-5.333799
-0.460149
-0.368333
-3.744657
-4.179542
-1.242218
-3.884691
-1.280062
-3.151157
-4.192117
-1.002341
-0.487083
-2.590872
-4.116714
-1.884677
-0.305556
-4.005872
-0.769365
-3.977988
-1.855961
-1.513114
-0.186364
-3.828215
-1.331598
-4.465756
-5.738768
-2.188711
-3.683105
-0.312121
-0.248148
-4.146885
-1.575961
-4.549462
-0.752302
-3.893564
-3.067693
-0.795089
-0.250000
-1.552357
-2.489540
-0.029167
-1.155056
-0.075000
-1.044668
-2.648403
-6.241539
-2.966376
-2.234999
-3.722728
-0.295139
-1.762130
-0.715694
-0.488194
-2.857536
-1.751750
-3.334673
-4.085755
-1.334815
-2.350507
-2.342178
-0.022222
-3.025181
-1.206332
-3.032872
-1.070407
-0.080000
-4.487233
-2.762198
-1.991755
-0.968535
-0.038462
-1.811204
-4.002414
-0.334722
-2.104770
-0.315278
-0.206852
-0.100000
-0.897976
-0.918519
-2.345936
-1.580677
-1.281395
-0.763214
-1.635200
-4.525210
-0.431818
-1.597641
-3.002712
-3.412121
-0.037500
-1.574341
-2.780418
-0.881972
-4.170428
-0.226667
-0.336364
-0.221528
-0.609615
-3.191661
-1.520958
-3.001026
-2.223695
-3.630312
-2.640369
-0.036364
-2.791738
-2.302483
-1.729603
-0.037500
-3.102735
-1.825464
-2.381581
-1.950036
-2.007403
-1.355221
-0.590897
-1.678124
-0.815668
-2.949025
-0.505139
-1.552685
-0.058333
-5.564300
-2.856014
-3.442837
-0.127778
-0.000000
-2.009797
-0.155556
-2.001976
-2.265766
-1.846766
-0.050000
-2.516234
-0.090000
-0.486885
-4.145440
-3.347739
-2.665762
-0.971683
-1.946681
-2.045634
-1.722330
-1.139548
-0.000000
-3.391145
-3.370740
-3.510875
-3.794567
-1.024820
-1.541664
-0.813571
-1.003022
-1.462534
-3.648247
-2.716122
-1.595090
-3.597587
-0.421154
-0.788733
-1.834013
-0.320303
-1.236010
-0.415556
-0.227778
-2.116844
-4.828622
-1.397054
-1.750974
-3.639392
-1.732467
-0.062500
-1.426256
-3.569249
-3.732612
-1.414668
-1.409767
-2.987507
-0.914742
-1.156233
-1.012418
-4.107513
-0.075000
-1.398993
-0.009091
-3.581402
-3.923861
-1.655549
-1.471713
-3.765720
-0.204630
-0.493413
-2.870514
-1.466069
-0.070000
-3.391946
-2.590819
-2.707525
-1.890436
-7.426048
-6.200574
-1.520301
-1.456743
-1.770089
-1.977747
-1.152520
-2.333053
-0.392949
-1.339175
-0.775972
-0.012500
-2.623999
-3.527867
-1.025890
-0.349306
-1.483730
-3.728311
-4.374454
-3.188478
-0.279487
-0.010000
-0.113636
-2.171867
-0.995694
-0.025000
-1.025806
-4.163497
-0.080000
-0.000000
-1.769524
-1.758608
-1.194778
-0.588846
-4.090501
-3.269562
-1.559638
-0.137500
-4.037154
-4.136233
-3.108570
-4.101552
-3.796439
-6.066022
-1.286576
-1.241427
-0.071429
-3.829303
-0.597222
-2.538706
-1.214531
-0.135000
-0.462879
-0.570909
-0.284091
-2.919862
-0.755496
-3.110339
-1.003819
-4.253579
-3.070308
-1.777962
-1.398232
-0.250000
-4.213830
-2.887036
-2.683907
-3.752933
-1.140165
-3.745369
-1.305697
-2.564712
-0.475758
-0.306250
-3.781660
-1.726175
-0.614595
-1.456907
-1.285944
-1.484211
-4.579501
-2.834664
-2.214202
-5.485605
-0.677125
-0.460714
-3.983704
-2.550238
-1.289676
-0.909845
-4.526858
-2.733622
-2.826008
-1.410513
-0.935797
-1.941716
-5.458446
-0.425694
-3.990711
-3.274556
-5.499991
-2.876337
-1.248140
-1.486283
-3.592089
-1.384456
-0.954798
-1.533866
-3.622819
-1.537612
-1.181700
-3.832045
-0.321667
-0.578788
-1.704584
-3.979500
-1.374488
-3.031969
-0.205833
-0.200000
-3.897249
-3.221290
-1.464915
-3.669266
-0.533974
-1.947101
-3.736325
-2.906624
-0.374359
-1.350297
-0.697958
-3.385360
-2.722074
-4.267758
-1.135758
-3.317920
-1.931823
-1.371743
-0.482639
-0.157143
-3.180451
-2.740465
-0.962040
-0.175000
-3.216373
-0.854359
-0.746052
-4.135047
-1.702920
-1.344992
-4.421432
-1.499390
-3.203274
-1.078538
-2.386755
-1.615956
-5.889911
-0.389167
-1.495847
-0.263636
-0.081250
-1.535780
-0.531329
-2.733859
-0.161111
-2.721543
-0.000000
-2.019533
-0.756484
-0.000000
-3.245525
-2.008197
-2.988768
-2.960470
-0.225926
-0.539744
-4.148761
-3.421962
-3.226498
-3.253365
-0.554487
-4.002001
-1.017592
-0.409306
-5.193580
-1.724424
-0.961148
-3.853692
-2.073928
-0.691602
-1.427229
-0.000000
-4.121737
-3.045758
-1.531490
-1.109964
-3.547920
-0.724167
-2.656266
-0.774176
-1.550523
-0.111111
-0.382576
-0.132576
-6.105224
-3.663527
-2.672732
-3.292395
-3.264422
-1.870325
-3.574367
-0.055000
-0.223611
-0.693750
-2.118915
-3.193282
-4.794392
-2.092444
-2.788578
-0.733300
-0.803205
-1.401339
-4.189739
-1.932971
-0.323611
-0.245000
-4.303497
-3.021581
-2.118157
-3.076465
-0.299306
-0.735498
-3.117799
-2.445512
-3.122681
-4.326156
-1.437648
-2.864247
-0.981090
-3.741428
-4.034684
-2.408571
-2.527358
-0.289359
-2.152697
-2.330265
-1.356531
-1.687813
-1.069900
-2.810183
-2.347680
-0.787359
-0.380833
-3.673221
-3.499250
-2.494170
-0.111111
-1.570380
-2.869977
-2.016548
-0.087500
-3.201616
-1.166786
-2.600533
-2.910520
-2.867571
-1.362081
-2.348562
-2.096123
-0.858247
-0.615586
-2.395946
-3.495062
-1.637680
-1.837178
-0.596806
-5.765406
-0.464394
-0.761685
-2.280553
-3.185672
-2.878521
-1.321116
-1.461244
-1.909185
-1.306982
-1.533246
-0.250000
-2.507600
-1.217224
-2.936495
-0.315000
-2.360101
-0.238889
-0.044444
-0.936258
-2.716422
-0.065000
-2.647635
-1.114173
-3.945987
-0.000000
-3.737172
-2.882050
-1.963514
-0.863214
-0.509167
-1.572044
-0.150000
-2.337088
-4.402424
-0.659826
-2.519215
-2.408104
-3.919996
-2.111434
-1.622051
-1.517139
-4.394449
-4.581420
-0.417424
-3.236903
-3.484301
-2.490089
-0.674722
-1.006613
-1.920290
-4.376030
-3.686160
-0.451061
-1.743825
-2.872832
-0.376667
-0.790562
-4.603506
-3.080454
-5.779741
-4.360386
-1.256150
-2.258446
-3.478289
-4.363541
-1.008959
-1.857063
-2.734634
-3.224122
-2.346650
-5.164956
-2.647373
-1.457255
-3.937412
-1.844789
-1.818196
-1.088822
-1.751354
-1.455462
-0.584625
-4.033922
-1.612182
-3.505964
-3.690632
-3.412392
-1.907378
-0.407143
-0.286111
-1.435639
-3.069885
-0.498519
-1.079375
-0.075000
-0.100000
-2.033202
-1.667624
-1.035732
-0.000000
-3.975967
-4.435059
-2.058477
-0.994812
-0.434792
-2.211063
-2.807318
-3.381884
-1.191152
-3.097329
-0.756886
-4.914178
-5.193819
-0.946478
-6.713834
-0.805305
-1.936354
-2.730704
-1.300487
-2.497834
-1.915326
-2.765002
-0.808333
-2.072388
-1.659457
-1.517639
-2.771076
-0.060000
-2.233862
-1.711255
-4.101034
-1.348578
-2.574213
-2.592689
-0.265278
-4.181309
-0.334848
-0.643974
-1.523758
-3.377085
-2.379480
-2.569397
-0.310606
-0.733991
-3.186801
-3.321657
-0.987401
-6.016873
-0.080303
-0.395000
-0.348030
-5.602905
-1.844846
-3.632733
-2.730561
-1.462942
-2.401688
-2.752333
-0.187500
-4.361481
-2.299605
-0.370139
-1.548727
-3.410076
-2.924447
-0.990686
-0.135000
-0.573556
-2.926761
-2.515869
-1.095354
-0.310417
-1.809090
-0.207576
-0.306944
-0.265278
-1.365212
-1.791670
-1.050090
-2.310566
-0.000000
-2.133486
-1.200460
-0.025000
-1.815035
-2.423273
-5.725326
-2.498791
-1.600477
-1.399224
-2.207858
-2.085946
-0.269697
-0.191667
-0.192593
-4.454351
-3.022231
-1.855931
-2.604261
-0.447500
-1.118047
-3.249981
-0.790380
-2.292045
-2.033344
-2.424570
-1.779278
-3.054102
-1.539620
-0.633472
-0.284848
-1.729134
-3.777578
-1.450740
-0.524861
-0.162500
-3.095324
-1.213774
-2.954223
-0.228333
-0.735357
-2.392763
-0.402778
-3.777237
-2.413316
-1.680660
-2.233708
-0.533182
-0.087500
-1.750304
-1.400049
-2.564402
-3.119246
-0.652440
-0.688864
-4.383350
-2.650879
-1.404381
-0.255556
-0.248611
-0.880241
-3.670712
-3.532597
-1.795073
-1.076012
-3.886539
-0.150000
-0.240909
-0.148611
-0.025000
-3.287714
-0.483333
-1.333669
-1.731305
-2.790674
-1.083585
-1.990224
-0.000000
-0.653899
-2.062523
-0.967603
-0.233333
-3.148500
-0.138889
-2.371490
-0.150000
-4.822307
-2.803642
-2.805969
-1.142595
-3.775330
-0.502778
-0.290000
-2.924604
-3.061237
-1.273333
-3.226956
-0.564861
-1.234546
-3.399112
-3.319018
-3.797094
-1.384922
-1.506084
-1.295811
-0.125000
-3.580606
-1.812654
-2.286589
-0.012500
-2.188991
-1.980235
-4.139651
-0.215000
-0.059091
-0.141667
-0.288333
-0.226042
-1.977640
-0.330000
-2.592223
-2.053427
-0.000000
-0.000000
-2.065037
-3.369627
-1.565889
-0.022222
-2.178058
-0.000000
-2.055538
-1.928137
-2.837079
-3.114579
-0.143939
-0.027273
-2.139610
-2.115959
-0.095000
-2.172182
-3.464942
-3.080739
-1.885282
-3.337729
-0.160417
-0.738168
-0.504103
-2.674922
-3.457294
-1.297832
-0.136111
-2.768547
-3.654281
-0.568333
-2.954844
-3.783547
-2.309845
-2.009449
-3.026435
-1.842121
-3.351518
-3.406824
-3.675161
-0.989949
-1.308044
-0.208333
-2.090002
-3.682230
-1.775905
-3.856086
-1.657432
-1.467080
-6.439166
-0.534394
-3.692907
-2.541650
-2.256886
-1.994183
-3.556576
-2.198727
-2.546877
-3.331168
-3.983293
-1.828757
-1.316310
-5.218217
-1.762882
-1.315504
-3.463742
-0.984176
-2.043000
-2.200022
-0.275926
-3.276426
-0.988081
-2.574575
-3.533825
-0.646374
-1.520773
-2.278230
-3.999488
-3.805397
-0.231481
-4.724019
-1.999814
-1.830853
-0.966104
-3.538836
-0.033333
-0.197222
-1.657944
-1.134817
-0.756484
-3.227134
-3.208809
-2.681949
-4.973465
-5.410006
-1.674604
-2.790501
-3.478966
-3.199003
-3.136691
-3.174604
-2.125118
-0.248611
-3.162964
-3.377195
-0.035000
-4.829855
-1.160214
-0.372500
-2.809378
-3.135766
-3.555452
-2.022695
-0.221212
-3.379429
-1.004447
-2.846862
-0.476905
-1.199613
-2.843619
-0.144872
-3.087248
-3.510708
-2.464195
-0.020000
-2.896794
-4.838534
-1.519010
-0.122727
-0.050000
-1.440081
-0.479167
-3.060552
-2.765099
-3.390122
-2.509014
-1.172828
-3.437506
-0.045000
-4.313735
-0.381250
-0.127273
-0.000000
-1.584152
-1.325568
-1.768695
-1.251991
-2.019594
-1.556971
-0.715073
-3.382883
-3.640117
-0.894264
-3.936836
-3.558446
-3.604192
-3.065070
-2.638940
-0.382949
-0.033333
-3.482817
-0.889735
-2.078318
-0.142857
-3.338067
-3.558577
-1.524794
-0.639167
-1.845135
-2.375576
-2.438901
-0.000000
-2.933248
-3.405228
-0.769184
-0.280000
-0.175000
-2.322905
-0.356852
-1.628232
-2.093144
-0.022222
-0.107143
-2.509624
-0.909558
-1.684229
-2.982596
-0.041667
-1.205145
-0.000000
-3.902900
-1.287192
-0.783471
-1.255110
-4.503302
-3.785141
-0.113636
-1.893166
-1.291566
-3.262437
-0.255556
-3.556155
-1.992048
-4.523457
-3.511655
-2.561210
-2.206873
-0.707821
-0.303704
-3.109549
-4.107819
-3.196752
-2.660463
-0.269231
-0.028571
-0.671820
-1.740921
-0.040000
-1.058525
-1.005699
-2.652707
-3.016867
-0.965664
-2.647611
-1.969756
-1.535401
-1.396566
-0.000000
-1.641641
-1.794502
-2.245704
-1.456226
-0.274242
-0.291667
-2.524934
-1.067193
-2.404261
-0.187179
-0.095455
-5.866997
-3.066159
-6.521214
-0.604177
-1.241992
-0.227778
-0.208333
-1.927323
-4.953301
-0.918233
-3.734827
-4.080274
-4.346640
-0.044444
-2.883008
-2.220004
-2.321868
-2.739006
-0.211806
-0.156250
-0.087500
-1.318267
-0.133333
-0.667917
-0.083333
-1.972072
-2.957959
-1.085559
-1.862955
-0.835248
-0.027273
-4.088660
-1.817669
-0.748813
-0.000000
-2.863775
-2.220557
-1.188426
-1.812586
-1.530244
-2.985644
-0.193939
-0.230769
-0.218056
-0.209091
-0.090000
-1.858377
-0.612262
-2.224990
-2.194402
-1.745950
-1.117923
-0.000000
-3.648197
-1.481624
-1.129957
-1.412531
-1.779447
-1.555335
-2.268868
-2.970714
-0.286389
-1.760914
-3.003631
-0.743718
-5.286054
-1.467382
-0.550000
-0.195455
-3.619923
-2.654431
-2.423150
-0.916490
-0.175000
-0.268182
-1.918122
-1.102781
-0.231818
-1.498974
-0.011111
-0.749871
-2.055731
-1.948417
-0.811612
-1.174906
-0.033333
-3.427792
-3.836000
-1.155968
-1.333934
-4.843467
-0.242949
-0.944668
-2.972893
-3.434468
-0.605139
-0.070833
-5.148961
-0.860556
-3.188209
-3.370674
-2.880669
-0.104545
-0.521111
-0.111111
-2.397297
-1.568091
-0.164815
-2.099949
-0.337179
-1.009066
-4.588128
-2.855095
-2.438690
-2.371856
-2.172454
-0.247051
-0.000000
-0.391026
-2.187041
-3.403024
-2.456159
-2.523039
-0.979077
-0.137037
-0.000000
-2.043564
-1.459510
-0.790479
-2.282807
-0.621621
-0.793449
-2.943713
-4.015450
-1.195115
-1.289279
-4.218741
-3.028721
-1.311882
-0.137037
-1.316867
-1.299500
-3.073144
-0.508667
-0.203846
-0.188333
-2.370037
-1.958959
-1.318993
-1.483269
-1.429918
-1.694021
-1.477325
-2.866952
-1.551949
-3.322898
-0.739931
-0.887598
-1.895843
-1.411422
-1.670794
-3.634881
-0.315278
-3.892942
-5.842646
-1.721480
-1.791698
-1.135177
-0.127778
-1.314008
-2.963401
-0.377273
-1.920999
-2.484120
-0.293939
-3.638533
-2.584624
-0.206481
-2.597688
-1.216453
-1.917186
-2.632724
-2.735227
-1.489782
-0.050000
-1.695223
-1.298581
-1.877227
-3.502754
-0.216667
-2.359887
-4.287233
-0.198485
-1.974357
-0.100000
-2.140913
-1.961168
-3.019030
-1.094652
-0.025000
-1.499860
-1.336144
-0.269697
-3.619929
-1.629078
-3.622007
-3.533680
-1.505029
-2.977296
-3.282298
-2.932072
-0.061111
-1.263947
-1.111389
-2.475813
-0.272727
-0.735427
-1.167518
-1.350129
-0.271667
-2.481019
-2.753358
-2.427385
-4.061448
-0.732582
-1.120996
-3.655119
-2.875285
-0.188889
-5.124119
-3.069805
-2.242996
-4.195353
-3.264068
-0.961060
-0.331818
-3.479513
-0.161111
-1.009114
-0.169231
-3.500223
-4.444465
-1.506438
-3.299885
-1.810657
-4.606544
-0.323485
-1.386361
-1.473014
-1.262047
-1.264198
-4.482701
-0.783135
-1.210798
-3.678527
-0.528829
-1.756089
-2.944948
-6.205960
-3.389935
-1.161832
-0.967669
-2.104683
-0.733532
-3.454578
-1.764773
-3.523380
-2.992325
-0.988959
-2.723001
-3.390140
-0.352778
-1.011236
-6.505901
-0.652996
-1.522066
-3.484554
-3.793807
-3.532677
-4.166300
-0.468611
-0.306944
-0.044444
-2.448827
-2.193774
-2.127464
-2.868216
-1.703843
-2.554768
-0.162500
-1.615579
-4.029937
-0.964899
-2.076403
-0.071429
-1.664106
-3.560308
-0.918664
-1.585508
-3.623953
-1.941605
-4.363118
-2.149540
-5.574449
-1.332033
-3.211332
-4.600359
-4.238786
-2.522683
-2.671228
-1.649087
-3.605461
-3.124734
-4.099022
-3.873463
-4.029897
-2.210899
-3.792418
-5.539445
-2.567311
-1.848065
-1.905569
-1.337762
-4.279772
-0.112821
-0.109091
-0.356250
-2.482725
-5.252592
-1.768815
-3.326319
-1.058038
-3.799279
-3.912265
-0.071429
-0.088889
-1.637985
-3.235528
-2.290589
-0.459091
-0.835303
-2.966214
-1.942101
-4.055772
-1.588109
-4.268958
-2.168804
-2.164248
-0.863019
-1.805956
-6.169671
-2.391911
-4.633415
-0.100000
-1.668765
-3.053690
-0.408333
-2.001242
-1.778817
-1.903737
-0.314697
-3.308996
-0.581607
-1.232832
-0.567708
-1.235383
-1.264103
-3.435394
-3.311362
-1.388961
-6.735952
-0.478472
-1.924378
-1.063227
-0.584306
-0.072727
-1.705714
-3.805074
-1.265393
-3.936319
-2.842072
-2.556145
-0.462424
-3.446633
-2.594945
-1.190079
-0.190000
-4.753614
-2.444368
-2.386147
-3.386530
-2.813949
-1.814534
-2.018076
-1.122123
-3.262246
-1.634492
-0.595128
-1.811949
-2.720344
-2.824776
-2.490092
-0.625833
-1.392310
-0.612146
-2.143365
-0.947692
-2.985642
-0.789881
-0.922583
-4.524465
-0.131250
-0.328571
-2.333059
-1.110517
-3.392901
-3.192461
-0.663599
-1.770527
-2.038435
-1.315366
-0.741355
-0.000000
-3.725431
-1.714744
-0.980009
-0.000000
-3.295798
-0.583205
-1.224736
-0.470087
-1.994298
-2.138913
-0.855565
-1.862973
-2.397678
-2.235609
-0.040000
-1.559027
-1.100028
-2.120676
-1.586176
-1.500377
-1.049060
-0.000000
-3.544399
-2.840762
-3.786529
-4.377504
-1.142886
-1.957810
-0.882738
-2.984952
-1.122493
-1.076777
-1.843493
-1.719280
-1.184606
-3.399436
-0.318333
-1.419236
-0.860971
-0.767015
-1.863117
-3.070197
-1.915032
-3.785818
-2.404470
-3.853570
-0.989650
-1.083824
-2.784396
-0.257639
-3.397634
-4.636880
-0.409231
-0.302833
-1.918199
-1.731702
-2.860424
-3.944666
-1.487694
-2.422888
-2.788942
-4.609959
-4.452444
-2.741943
-0.792639
-2.833492
-0.325641
-0.060000
-2.859522
-2.103522
-3.159198
-2.456805
-1.501836
-0.254167
-0.856607
-3.355642
-3.068689
-0.170000
-0.096667
-3.238656
-2.709562
-0.612543
-1.154208
-0.000000
-3.296855
-3.310665
-1.528134
-4.841040
-0.025000
-1.523558
-3.351364
-1.256170
-1.652557
-0.111111
-1.688605
-2.590737
-0.842633
-0.827741
-1.756292
-0.185000
-3.338528
-3.363393
-2.908409
-0.977576
-0.218182
-0.256667
-3.524844
-3.878677
-1.763549
-1.373654
-0.879982
-0.328333
-3.460938
-0.340000
-2.329302
-0.016667
-2.231274
-2.943390
-3.889242
-1.817029
-4.233261
-0.906074
-1.854866
-0.291667
-3.233202
-1.071511
-0.855015
-1.053441
-2.079968
-3.170850
-0.359722
-0.588262
-3.660358
-1.156541
-0.075000
-3.179689
-0.703194
-1.475779
-3.945438
-0.278571
-1.151573
-1.376432
-3.794129
-4.837188
-1.249087
-0.284848
-0.560330
-0.277778
-0.406944
-4.168209
-2.578623
-1.757143
-4.216442
-0.897009
-1.643960
-1.554034
-1.861965
-0.623077
-0.444028
-0.437879
-3.579339
-0.778700
-0.886716
-0.878395
-0.480385
-0.113889
-0.228205
-4.034420
-2.855652
-0.367949
-1.565606
-3.098616
-2.712402
-1.376832
-1.337780
-1.734098
-3.003565
-2.805311
-3.759921
-2.233244
-0.750982
-2.092227
-0.508194
-0.607531
-0.626789
-1.267183
-1.642652
-1.656998
-2.914912
-1.426206
-1.044351
-4.045023
-4.433719
-3.139494
-1.835015
-3.188518
-2.846554
-1.383245
-3.338840
-2.599539
-2.823702
-0.169231
-0.250000
-3.409996
-0.436111
-5.187708
-6.402823
-1.350699
-0.100000
-3.143872
-4.026912
-1.864261
-0.137500
-4.723089
-0.000000
-3.573006
-1.068852
-1.754963
-0.319444
-0.538182
-2.866507
-2.844156
-0.154167
-6.055327
-1.022553
-2.990485
-3.982521
-0.420370
-0.838034
-3.223399
-3.486610
-2.712281
-0.240000
-1.558104
-2.539370
-1.902782
-0.832547
-2.309872
-0.284722
-3.948749
-2.185438
-0.618214
-3.282428
-1.187531
-0.246667
-3.070109
-5.476892
-0.057143
-3.016995
-3.510342
-2.568372
-1.338836
-3.678494
-2.219900
-0.351042
-1.936764
-0.120833
-2.888881
-3.519893
-1.280219
-0.262121
-0.355417
-0.185256
-2.399367
-3.847788
-1.111978
-1.325762
-0.293590
-0.759615
-1.135849
-3.576864
-0.461667
-1.267932
-3.826483
-0.416667
-0.899719
-3.041458
-2.633866
-1.036475
-2.985923
-3.927029
-2.614887
-2.022642
-2.427897
-3.078519
-0.343333
-0.204545
-3.269011
-0.347436
-1.877630
-1.748906
-3.254272
-3.431168
-0.618974
-1.956493
-2.798571
-0.298077
-4.670589
-1.126206
-3.426619
-2.238043
-2.526682
-1.294823
-0.275000
-7.431677
-0.431364
-3.005690
-2.794783
-1.366004
-0.077778
-3.765862
-3.300411
-2.124379
-0.842213
-0.172727
-0.916868
-1.148598
-3.981479
-0.977839
-2.908714
-1.156336
-1.141338
-0.572083
-3.408180
-3.467165
-1.987147
-1.946780
-0.204545
-0.492949
-0.242308
-3.722693
-1.752596
-3.971691
-0.059091
-1.337313
-0.624138
-3.551218
-0.492424
-0.141667
-2.567551
-4.887751
-0.962143
-2.375777
-2.414579
-1.580159
-0.113636
-2.043924
-0.055556
-4.869254
-0.100000
-1.946993
-0.100000
-0.676538
-0.122222
-2.942545
-2.316832
-1.927120
-1.775542
-1.275775
-0.732060
-2.726859
-2.107960
-0.190909
-0.542308
-2.449446
-2.307760
-1.256543
-1.927363
-0.423472
-1.028875
-3.773050
-4.068364
-0.586885
-0.014286
-3.751414
-3.687788
-1.527883
-2.353181
-2.054978
-1.215568
-0.095000
-3.670407
-1.736986
-2.491394
-1.852980
-0.348611
-0.133333
-3.533604
-3.459188
-0.635263
-3.487393
-1.523805
-0.935449
-0.676538
-4.021207
-3.751625
-0.772292
-3.737220
-2.620069
-5.233029
-2.634228
-0.167949
-0.252381
-5.951448
-1.697420
-4.686494
-0.639524
-4.436892
-3.619163
-0.833611
-1.283067
-0.028571
-3.523865
-1.695383
-3.413036
-0.781111
-0.233333
-0.200000
-3.053753
-1.963274
-0.000000
-1.274554
-2.137547
-1.574285
-2.196174
-1.510664
-1.387809
-1.729995
-1.487382
-0.741353
-2.762030
-2.128240
-0.183333
-0.650659
-2.542561
-0.181944
-0.120833
-2.804322
-3.495243
-4.498587
-2.643836
-1.595953
-0.358333
-3.265670
-2.460205
-1.361858
-1.758880
-1.015469
-1.443506
-2.921933
-4.271426
-1.612454
-1.780157
-2.690409
-0.544167
-0.278788
-3.692831
-2.317155
-3.454577
-1.423200
-3.410988
-0.061111
-1.271340
-4.169253
-0.346528
-0.800980
-2.538946
-1.355516
-0.113636
-0.840600
-0.869057
-0.200000
-1.463227
-1.448677
-0.500000
-1.942081
-3.387675
-1.092229
-1.974097
-2.722142
-0.042857
-2.222336
-0.794690
-0.000000
-3.657943
-1.153080
-2.589807
-0.287500
-0.773352
-4.387581
-3.193569
-3.846956
-2.022336
-3.400443
-2.277426
-1.476335
-4.958760
-0.212500
-4.552994
-0.703077
-1.631269
-1.507101
-2.719739
-1.226273
-6.421035
-0.341923
-3.578593
-2.249316
-1.195598
-0.000000
-1.751893
-1.630115
-3.260667
-1.011630
-0.000000
-2.420505
-2.809118
-2.179724
-2.436300
-1.910146
-2.794068
-0.216667
-1.368087
-1.638955
-2.481498
-1.937779
-0.081818
-3.495664
-0.148148
-0.627692
-0.848611
-1.744066
-1.046857
-0.703703
-0.033333
-1.382327
-0.977448
-1.683959
-0.125000
-3.326697
-0.937241
-2.887944
-0.813544
-1.555930
-2.672066
-0.414744
-0.896417
-0.684304
-1.149758
-3.226823
-1.823710
-1.429017
-3.696408
-3.249245
-0.545694
-1.445631
-0.080000
-1.398981
-1.418433
-0.700694
-0.372302
-1.941819
-0.473077
-0.382051
-4.696472
-0.127778
-0.843439
-1.608522
-1.341374
-1.418716
-0.457222
-2.629600
-3.399379
-4.669084
-2.018237
-0.485357
-0.369444
-0.075000
-4.105929
-1.946393
-1.572784
-0.256944
-0.464332
-3.520927
-2.607722
-1.671570
-2.285002
-1.741007
-3.319259
-1.666040
-1.629277
-4.256095
-4.158033
-0.148485
-0.704454
-0.857024
-0.841802
-0.000000
-2.863548
-0.851471
-3.338076
-0.240278
-0.137500
-0.863075
-1.363022
-3.470131
-3.301486
-3.430748
-5.075445
-4.037614
-1.057179
-1.331440
-1.797455
-1.595708
-1.756362
-2.812900
-2.506783
-0.271296
-1.499980
-0.200000
-0.317361
-3.549892
-3.846230
-3.720789
-0.175000
-3.417885
-0.228333
-0.182407
-0.513333
-0.656877
-0.848254
-0.723150
-0.985483
-3.497593
-1.451830
-1.970441
-0.765288
-1.811321
-1.129974
-0.749103
-3.173118
-0.869381
-4.412479
-0.175000
-0.310833
-1.888692
-0.212500
-0.191667
-2.811620
-0.094444
-0.125000
-0.622361
-0.407949
-2.046235
-2.160374
-1.854254
-1.013183
-0.000000
-4.215378
-2.470512
-3.353117
-2.422574
-0.445913
-0.576399
-1.260416
-2.090084
-1.795782
-4.146661
-1.197183
-1.899765
-0.062500
-0.057143
-0.934921
-2.513033
-0.606236
-1.229558
-0.646770
-0.305556
-4.289998
-3.268324
-1.747795
-0.187500
-4.990660
-3.024006
-1.842685
-4.123885
-1.823648
-1.404697
-4.816569
-2.555867
-0.045455
-3.011871
-0.200000
-2.976781
-1.416742
-0.730458
-0.283333
-0.135714
-1.657739
-2.891855
-0.332308
-4.470890
-3.687941
-0.100000
-0.719246
-4.039787
-0.941144
-0.095455
-3.528183
-1.831278
-0.495833
-2.669573
-0.100000
-2.337291
-2.544708
-2.893037
-2.468909
-0.187500
-0.927788
-1.871847
-0.706377
-2.954471
-2.278635
-2.236593
-0.315833
-0.552751
-0.044444
-3.102616
-4.203204
-1.261533
-2.867222
-2.335111
-2.134474
-0.050000
-4.269836
-0.644167
-1.904398
-2.190442
-0.507718
-0.115000
-0.022222
-2.334390
-0.891630
-1.474978
-0.594048
-2.128331
-3.084862
-0.608543
-1.505838
-3.348807
-1.317821
-3.349905
-0.234091
-0.438194
-0.491538
-2.561261
-2.198038
-3.930133
-0.800967
-3.330220
-3.065491
-1.222844
-1.469025
-2.130112
-5.073123
-0.761970
-2.811736
-2.622878
-0.252564
-1.572060
-2.732458
-0.400897
-0.172222
-1.153996
-2.463044
-0.190909
-0.822912
-2.132116
-0.821795
-0.777766
-2.295836
-2.301495
-1.639280
-1.161928
-0.000000
-4.965964
-3.143715
-2.104815
-0.337500
-2.910177
-0.913137
-1.728270
-1.474520
-0.140909
-0.125000
-0.077778
-0.060000
-0.020000
-2.220244
-2.031636
-1.829731
-1.304751
-0.696578
-4.002696
-2.017069
-3.300463
-0.638135
-0.212121
-3.188032
-0.841359
-0.518590
-0.658791
-1.666288
-2.308025
-1.149293
-0.216667
-0.198718
-3.132817
-1.762002
-2.626924
-0.692970
-0.300000
-0.854140
-2.868607
-2.822636
-0.535010
-1.776783
-3.235362
-0.907851
-0.348889
-0.115278
-3.816433
-3.852555
-1.840340
-1.587861
-0.333333
-3.757958
-5.228991
-0.081818
-2.411602
-0.181818
-3.097567
-5.119029
-1.939670
-5.258351
-4.407829
-4.323683
-2.832735
-1.844430
-0.645000
-1.648068
-3.837096
-1.062947
-0.405000
-2.894621
-3.613403
-1.572408
-3.914096
-2.474510
-2.381997
-2.117392
-0.264744
-1.335999
-3.160541
-4.062173
-3.003489
-0.436538
-2.963845
-3.390757
-0.533205
-1.195070
-3.290893
-0.954917
-1.906487
-3.410714
-3.130820
-0.205556
-4.300374
-1.318933
-3.077288
-2.776751
-0.811677
-4.328352
-5.478104
-1.167042
-1.218293
-0.041667
-1.773661
-0.743407
-0.160000
-0.953619
-3.188885
-0.942357
-0.134848
-0.322333
-0.939600
-0.000000
-3.014152
-0.969544
-0.248611
-1.367462
-3.792879
-3.706106
-1.402024
-0.050000
-3.156337
-0.086364
-0.106250
-0.571026
-1.347293
-1.600181
-2.306677
-1.854541
-1.082881
-0.628205
-3.393345
-0.759582
-0.962226
-0.091667
-2.194748
-2.212570
-0.874359
-3.879231
-2.784909
-2.263477
-1.215385
-1.588734
-3.751282
-0.000000
-0.000000
-1.688933
-1.054621
-0.000000
-4.283407
-5.001790
-1.251865
-0.395238
-3.939822
-0.702894
-0.233333
-1.115546
-2.562360
-5.048835
-2.491547
-2.125746
-0.275000
-0.310897
-0.033333
-0.062500
-0.166667
-0.054545
-0.025000
-0.100000
-1.139849
-3.496968
-3.079788
-2.419640
-0.000000
-0.000000
-2.712661
-2.720345
-1.562211
-2.174849
-2.862180
-0.603333
-2.191608
-1.238542
-3.473180
-1.081922
-2.241035
-1.417099
-5.618208
-0.204167
-1.418166
-0.526282
-1.938795
-0.230556
-2.706583
-1.003276
-5.091226
-3.093571
-1.580529
-4.265825
-0.104545
-0.230556
-1.647691
-1.219338
-2.613013
-3.856091
-1.427875
-2.733650
-2.179131
-1.153746
-2.254451
-2.438222
-0.235185
-0.236111
-0.543611
-3.602736
-1.668170
-1.729168
-1.053730
-1.975263
-1.663139
-1.210235
-0.000000
-3.867540
-1.356975
-0.325641
-0.543056
-3.344163
-0.939592
-0.148485
-3.097146
-1.218540
-0.300000
-1.728958
-4.022828
-1.547896
-1.773083
-2.504347
-0.294697
-2.839228
-0.457222
-1.035491
-3.205414
-0.884038
-2.639940
-0.776174
-0.175000
-3.247823
-2.016122
-0.288889
-0.181818
-0.100000
-2.356259
-1.984392
-1.013280
-1.527090
-2.384695
-1.559302
-0.975694
-0.000000
-4.146766
-1.296954
-2.196423
-1.646712
-0.210000
-2.465063
-1.523471
-0.037500
-1.770135
-0.667431
-2.465312
-2.383136
-0.746923
-0.192308
-0.331818
-0.241667
-1.588966
-1.566502
-1.086898
-0.136667
-2.347955
-1.033998
-5.287041
-3.324720
-0.379167
-2.600647
-1.694658
-2.576953
-0.603300
-4.430624
-1.750880
-3.201015
-3.368298
-0.586052
-0.211111
-2.421325
-3.109869
-0.416667
-2.257707
-1.046301
-2.723961
-1.553735
-2.008591
-0.173485
-3.858213
-1.142674
-2.590050
-2.471386
-3.334946
-0.782328
-0.172222
-4.846052
-0.395000
-0.301667
-1.497492
-4.946100
-4.326414
-2.461106
-4.329159
-2.903253
-4.377652
-2.942824
-3.698210
-2.245210
-2.717796
-1.778872
-2.865984
-0.317833
-0.383667
-0.617083
-3.405336
-2.323463
-0.808040
-1.540513
-0.290278
-1.299072
-1.077193
-0.907927
-2.665017
-0.452778
-2.334225
-1.072074
-1.973032
-0.156250
-0.080000
-0.100000
-4.406879
-0.845122
-2.960376
-0.618791
-3.655531
-1.044567
-0.966908
-3.108608
-0.237037
-3.490541
-3.885585
-3.063798
-2.915841
-4.756331
-0.355333
-1.641970
-0.168182
-0.738482
-3.194431
-3.984994
-2.357267
-1.997319
-1.537005
-2.278894
-0.265278
-3.601469
-2.274209
-1.366862
-3.785158
-1.360404
-1.413679
-0.950281
-5.009325
-0.050000
-0.825958
-2.247921
-2.843084
-0.465000
-0.159091
-1.116632
-1.681018
-0.973758
-1.095771
-0.209091
-3.217828
-2.731173
-1.152711
-2.310849
-4.090793
-0.905321
-2.355445
-1.312504
-0.160000
-3.076956
-0.406410
-3.685237
-1.311449
-1.084455
-0.083333
-1.598819
-2.682242
-1.436530
-0.318333
-3.830172
-1.474937
-1.512433
-1.872827
-3.695718
-0.945139
-0.288462
-1.567389
-0.250000
-1.667380
-2.357020
-0.954994
-1.115830
-2.132288
-0.272727
-3.276448
-0.362778
-3.007177
-1.120073
-0.886290
-0.943589
-1.435405
-0.819107
-1.670228
-2.763927
-4.314320
-1.571266
-4.281954
-1.873819
-1.737361
-3.982241
-4.043886
-1.187583
-1.135049
-1.749478
-0.871372
-3.052608
-1.685395
-0.090000
-2.025585
-1.176060
-1.142210
-0.635833
-3.959023
-0.804167
-1.823811
-0.302083
-1.878621
-3.095400
-0.793122
-0.936227
-1.361559
-1.858751
-2.011667
-0.231250
-2.365598
-3.312447
-2.774478
-0.449940
-1.518803
-0.971015
-1.585248
-2.438798
-0.703472
-2.284763
-1.731146
-0.409494
-0.795000
-4.632992
-1.711958
-2.855480
-1.408180
-1.375122
-2.938189
-2.972989
-2.035852
-3.880883
-1.830031
-1.872885
-1.961889
-1.062443
-0.511481
-3.755852
-1.338694
-1.458499
-0.255556
-1.609192
-1.707995
-3.257026
-2.189406
-0.200000
-4.200478
-2.873612
-0.819815
-0.274242
-1.477270
-4.577891
-5.260342
-1.033439
-3.192291
-0.379487
-3.881201
-0.686129
-1.686627
-0.553750
-0.791571
-3.856736
-0.583462
-1.231419
-3.053603
-3.900820
-2.752289
-1.255964
-4.437330
-2.494573
-5.323191
-0.907937
-2.945769
-3.751738
-3.010358
-0.333333
-3.564267
-4.240458
-2.799875
-2.566497
-0.522095
-5.471667
-0.621578
-3.113635
-2.968162
-2.034320
-0.205556
-1.941833
-2.569798
-0.687134
-0.337121
-3.303191
-3.817022
-0.191667
-0.168333
-3.528758
-3.064747
-2.601980
-4.999003
-0.383704
-1.696485
-2.747364
-3.815114
-1.857897
-2.595026
-0.111111
-1.143236
-3.483504
-4.447376
-2.244519
-0.162500
-1.291454
-4.242730
-3.160634
-1.682277
-3.250384
-3.347068
-1.680671
-0.250000
-2.965321
-2.140884
-0.333333
-2.404158
-4.342484
-0.606299
-4.189745
-0.212037
-2.657532
-0.375073
-1.724946
-2.926768
-3.197100
-1.698734
-1.764952
-1.653191
-1.697389
-1.287553
-3.631145
-0.745168
-3.819706
-0.186806
-0.142857
-1.627163
-1.000539
-2.087921
-1.537551
-2.931351
-1.008466
-0.499242
-0.805784
-3.441033
-2.390269
-2.587286
-2.097795
-3.160695
-1.743850
-0.446528
-0.083333
-0.469444
-2.611557
-2.365940
-1.675787
-1.322298
-4.006218
-3.104853
-0.150000
-0.810437
-0.000000
-1.773547
-4.558330
-0.919071
-1.766813
-2.198090
-2.185571
-1.805021
-1.065611
-0.453056
-5.297066
-2.999576
-0.371154
-0.713413
-1.513961
-0.977539
-2.237366
-1.963619
-0.100000
-2.792806
-5.172547
-1.904749
-1.448910
-1.068802
-0.215741
-3.423238
-4.911943
-3.222574
-0.460897
-0.556353
-2.173843
-1.474637
-2.937781
-1.452282
-0.297222
-0.687549
-1.613683
-1.379226
-1.231872
-1.927622
-1.460456
-1.277485
-4.258493
-0.600201
-4.272264
-2.319357
-4.311411
-5.344885
-3.029419
-2.334311
-0.100000
-0.649722
-3.894193
-0.293939
-3.515731
-2.562549
-2.822659
-2.242645
-3.576297
-0.548690
-4.529092
-0.802960
-3.294801
-2.863944
-2.811496
-1.314311
-3.390754
-0.769838
-2.643006
-0.050000
-1.128261
-1.191055
-2.601495
-2.909707
-2.532824
-1.776715
-5.295080
-0.977996
-0.166667
-0.359091
-1.137381
-1.667365
-0.620769
-0.580694
-1.731988
-1.900867
-0.963007
-1.099081
-0.000000
-3.425744
-0.470417
-2.034537
-2.429570
-1.957979
-3.358458
-0.464103
-3.465468
-0.358333
-2.598130
-0.100000
-3.985316
-1.464646
-1.681722
-1.239727
-0.388889
-2.951087
-1.959907
-1.034401
-0.903019
-3.013566
-0.541355
-0.708416
-0.773556
-3.054054
-0.800989
-1.380257
-0.566693
-1.333000
-1.505676
-1.982286
-0.247222
-1.807295
-0.284615
-3.162914
-0.946075
-0.131944
-4.004983
-0.512163
-0.623736
-2.623128
-0.254762
-1.494175
-0.127778
-2.885664
-1.796652
-0.866120
-5.003433
-1.576387
-1.311746
-1.252427
-1.040547
-1.597520
-1.168203
-1.604970
-1.760240
-1.069887
-3.883559
-1.615179
-0.890761
-0.680650
-2.381854
-0.521806
-0.811557
-0.569722
-2.730217
-3.127664
-2.993047
-1.337847
-1.727473
-2.447072
-1.072420
-0.569817
-1.069304
-0.456250
-1.316103
-2.435664
-0.891853
-2.122825
-4.064345
-1.673452
-0.794134
-1.396880
-1.720946
-1.037480
-0.993099
-1.599450
-1.474000
-2.098193
-2.181524
-1.890029
-1.412292
-0.566026
-1.531195
-0.495128
-2.504175
-1.531893
-1.580641
-1.150224
-0.100000
-1.592207
-1.409846
-0.156250
-0.614359
-0.817445
-0.942404
-1.699974
-2.519564
-2.332702
-1.993372
-1.381231
-1.088954
-4.122984
-2.618233
-5.417304
-4.631671
-1.611151
-1.281236
-0.805079
-1.900873
-0.325000
-1.172237
-1.412886
-1.263247
-2.649996
-0.128571
-3.070367
-0.498846
-2.338740
-3.397973
-1.791649
-0.423788
-1.117893
-0.426042
-2.733085
-1.774128
-2.231970
-0.654863
-3.444518
-2.084045
-0.212500
-0.237500
-1.612152
-0.318182
-1.651895
-1.586268
-0.996623
-0.910679
-1.639641
-0.570079
-0.415278
-0.658204
-0.588974
-0.905195
-1.318631
-1.971971
-1.897639
-3.493410
-1.789250
-2.787779
-2.573845
-1.449409
-1.947217
-0.233333
-0.808333
-3.504591
-0.424167
-0.700496
-2.150977
-4.596419
-3.189621
-3.954352
-4.702372
-3.341532
-0.893684
-1.234932
-2.770575
-1.320013
-2.890906
-2.964347
-3.838030
-3.457741
-2.031249
-4.148916
-0.075000
-0.527222
-1.997210
-0.609167
-0.114286
-3.873305
-3.581546
-3.273450
-4.318180
-2.338573
-2.290060
-0.175000
-3.353964
-3.944103
-0.984836
-5.133089
-1.782018
-3.962300
-2.940509
-5.746379
-3.867168
-0.488182
-4.020477
-0.957970
-0.967468
-3.869802
-4.401480
-1.442962
-0.299359
-0.834432
-3.412439
-2.660523
-0.914197
-0.157143
-0.267639
-0.308333
-2.796408
-0.349545
-1.476809
-3.198285
-3.307059
-1.509625
-0.040000
-1.748436
-2.255127
-4.901236
-1.475330
-3.806601
-2.626689
-0.336389
-0.384107
-3.694441
-1.885312
-0.670972
-0.583052
-3.684792
-2.353608
-0.184615
-1.704019
-3.824586
-1.572615
-0.238889
-0.000000
-3.821625
-1.058977
-1.723732
-2.773895
-4.188524
-3.585249
-1.329266
-1.766659
-2.078201
-2.685504
-0.410833
-2.043819
-3.431701
-1.674944
-3.487500
-2.885219
-3.300629
-0.050000
-0.974550
-3.240672
-3.225603
-0.619231
-1.700793
-0.417949
-1.807621
-3.577914
-2.794141
-3.099763
-3.719118
-2.259789
-0.483663
-0.391667
-3.291277
-2.010694
-0.836868
-0.867646
-3.162184
-2.496596
-0.930101
-1.438353
-3.539492
-1.857637
-0.307692
-0.668611
-3.602892
-1.484170
-2.954006
-1.034971
-5.183319
-3.344499
-0.923022
-4.229249
-4.563078
-6.424526
-3.911969
-2.289786
-0.504744
-0.075000
-4.023255
-2.287109
-2.298609
-1.692042
-3.422193
-2.530484
-2.013566
-3.546728
-3.477809
-0.469028
-0.179167
-3.512690
-1.286754
-3.298040
-2.926877
-1.709380
-3.565074
-1.879925
-1.713966
-5.082286
-0.497051
-3.651785
-1.764457
-0.300694
-2.512525
-1.644741
-0.200000
-0.463333
-0.216667
-1.038508
-3.593889
-1.601075
-1.634806
-5.399526
-0.327778
-3.385361
-1.569156
-3.654231
-0.413889
-1.122622
-3.465183
-2.551652
-0.593423
-0.881234
-3.388277
-1.260408
-3.452263
-1.830785
-0.400758
-0.588462
-2.199111
-3.657409
-2.237730
-1.420219
-3.679736
-0.975251
-0.930269
-2.921349
-3.581369
-3.896515
-1.646681
-2.349357
-5.848199
-1.401253
-2.206590
-1.471108
-2.655918
-0.558968
-0.080000
-1.824539
-1.883616
-1.186460
-0.791932
-3.207870
-1.502129
-0.957659
-3.771041
-3.441841
-0.842308
-0.509306
-2.985308
-1.864172
-2.650081
-3.393870
-0.996719
-1.018193
-0.037500
-2.902281
-1.038304
-0.200000
-2.545659
-0.040000
-3.090720
-2.543775
-1.627659
-1.683579
-4.222281
-0.613086
-0.405556
-0.691154
-0.312500
-0.111538
-5.560976
-0.498194
-3.043321
-1.267700
-2.334248
-0.131818
-0.772253
-4.099510
-1.449079
-2.151634
-1.392150
-1.204745
-1.338649
-0.947113
-2.947369
-0.909036
-4.222753
-1.881733
-1.299337
-4.488652
-0.568429
-3.854028
-1.718833
-1.692640
-2.423517
-2.917515
-4.471095
-2.292957
-2.074692
-1.222907
-1.588698
-4.395007
-0.296970
-1.979027
-2.358662
-0.016667
-1.309397
-1.236470
-0.242857
-1.180456
-2.090324
-1.603507
-0.901621
-0.148148
-3.826737
-2.179766
-3.352824
-0.352273
-5.330113
-2.043479
-0.574315
-3.177830
-3.564661
-0.637091
-3.244592
-0.861801
-0.718502
-0.843855
-3.326920
-1.136009
-2.157064
-0.200000
-0.378205
-0.742070
-0.589663
-3.242159
-1.023813
-1.911571
-2.319140
-2.552968
-0.025000
-1.762191
-1.401300
-1.790902
-1.064772
-2.406761
-1.887585
-3.863236
-0.018182
-1.468220
-1.678315
-1.360901
-0.696740
-3.171886
-1.130867
-0.072727
-1.020364
-0.893019
-2.917413
-0.924706
-1.894806
-0.401515
-0.924739
-5.841771
-0.041667
-2.492753
-0.053846
-0.188889
-5.100575
-5.650401
-4.010734
-4.071019
-0.385606
-0.204167
-1.493913
-0.235256
-4.381094
-2.375907
-1.224733
-3.782817
-1.078425
-1.740889
-0.035000
-1.302071
-2.359516
-0.901145
-1.328041
-0.635079
-4.716366
-1.331578
-2.133034
-2.418334
-0.197222
-0.143939
-0.495842
-0.747242
-3.287887
-4.095186
-1.309369
-4.176584
-1.033300
-0.150000
-4.315909
-3.300580
-1.431229
-0.168182
-3.952393
-4.207517
-3.589737
-0.964979
-0.458974
-0.584231
-0.191026
-1.806810
-3.857330
-3.168161
-2.721253
-2.777050
-4.228538
-4.456951
-3.546441
-0.056250
-3.107807
-0.181818
-0.164583
-2.389239
-3.597607
-2.555389
-1.806712
-3.801819
-2.020731
-0.351167
-0.550714
-3.619375
-0.050000
-1.893789
-3.328461
-0.981945
-1.109091
-0.185714
-2.787654
-2.095847
-2.702197
-1.729840
-1.932215
-0.140909
-3.120640
-0.907273
-1.445721
-1.529652
-1.734254
-2.089740
-0.380417
-0.233333
-0.482416
-1.662886
-1.138198
-0.114286
-3.549460
-0.062500
-2.759152
-1.569463
-0.681227
-0.602692
-3.585341
-0.727051
-0.125758
-0.343182
-4.261797
-0.202778
-0.231944
-0.272222
-0.459231
-4.272115
-0.010000
-1.837697
-1.105682
-1.128270
-1.013357
-0.022222
-3.649208
-1.519546
-2.238652
-1.397636
-0.570458
-2.204337
-3.805908
-0.040000
-0.118750
-0.027273
-0.154545
-3.813388
-0.100000
-2.086016
-1.628486
-1.969111
-0.774722
-0.546923
-3.151093
-1.557028
-0.490641
-0.000000
-3.246394
-1.533565
-1.554469
-2.044588
-1.113086
-0.310417
-0.104167
-0.358333
-0.420139
-0.914091
-2.527160
-2.285297
-1.086029
-0.130000
-0.062500
-1.697380
-0.684103
-1.402091
-2.588112
-0.095833
-0.805073
-1.608239
-2.189610
-0.937219
-2.070589
-1.280012
-0.941740
-0.000000
-2.136859
-1.192583
-1.344133
-2.580046
-2.396481
-0.207692
-4.605983
-0.408333
-3.812626
-2.281737
-2.676644
-2.856258
-0.883700
-3.583130
-1.236930
-1.929472
-3.598085
-1.167056
-0.030000
-3.309829
-3.117991
-3.263192
-0.000000
-3.663590
-2.059069
-0.420833
-1.304900
-1.360496
-1.132662
-4.872922
-3.460339
-3.838389
-3.720180
-4.210239
-1.533710
-2.927350
-2.551921
-3.917789
-3.733717
-1.069502
-3.790977
-1.361865
-1.605264
-0.120000
-4.073947
-2.607933
-3.320221
-0.947045
-0.000000
-3.730970
-2.498557
-1.830864
-3.895289
-0.715103
-3.262096
-3.636149
-2.358807
-2.969371
-0.227273
-2.746363
-1.253120
-0.000000
-3.153630
-2.805916
-2.287138
-0.050000
-3.575370
-3.850043
-5.105358
-0.542179
-3.737511
-0.873991
-2.390897
-4.576256
-4.073763
-1.171080
-3.756010
-2.668515
-1.549165
-0.014286
-2.642821
-1.625183
-1.026147
-0.583791
-3.792981
-2.504750
-1.730103
-3.548022
-0.507639
-1.690236
-0.200000
-0.719732
-4.063079
-0.000000
-0.244444
-0.200000
-1.382376
-0.969209
-2.957444
-0.989347
-0.028571
-3.721589
-3.300957
-1.515476
-0.025000
-3.580217
-2.032360
-0.075000
-3.782438
-0.794744
-4.316064
-3.086309
-1.594963
-2.576367
-0.359615
-3.638766
-0.724556
-3.902263
-2.387220
-2.514577
-0.320139
-0.250000
-3.266779
-2.856004
-1.992512
-2.075757
-4.209770
-4.585059
-1.948705
-2.951199
-1.869560
-2.772350
-2.589868
-5.630298
-3.184662
-3.367258
-0.168590
-0.629048
-1.733985
-2.884154
-0.243590
-1.976254
-2.774821
-1.691330
-0.066667
-0.011111
-3.271287
-0.000000
-0.886531
-1.488137
-1.389588
-0.000000
-3.218313
-5.318212
-1.175725
-3.230953
-0.168750
-3.976321
-2.086419
-3.123438
-2.484097
-0.100000
-0.190000
-1.132778
-1.966260
-3.784273
-0.340278
-0.030000
-2.266112
-3.678648
-3.514723
-4.478236
-3.403060
-3.186761
-1.814073
-2.299428
-0.254167
-1.511726
-3.100850
-0.646396
-0.275758
-0.567325
-3.820619
-0.743574
-2.463106
-3.482969
-0.527639
-0.263636
-0.376667
-3.166624
-2.879418
-4.213656
-2.783689
-2.065463
-1.875354
-1.635023
-0.020000
-1.596492
-0.309848
-0.033333
-3.453526
-0.892665
-0.100000
-1.572968
-0.170833
-1.450720
-0.150000
-3.435064
-1.036577
-3.991755
-1.412143
-0.311111
-0.578750
-0.281944
-1.111659
-3.913577
-1.070625
-2.077175
-0.570833
-4.313029
-0.197917
-1.235807
-3.900143
-4.180183
-1.341607
-1.252663
-0.812726
-1.493118
-0.027273
-3.461198
-1.270711
-3.467042
-3.736037
-0.621877
-3.038141
-3.240715
-1.333091
-1.568569
-4.121200
-2.415456
-0.548846
-1.225408
-3.179066
-1.040882
-4.234367
-0.488889
-0.304167
-1.917018
-3.063480
-1.152386
-2.625954
-1.419118
-0.050000
-3.404799
-1.048050
-3.981263
-2.023597
-0.208333
-3.632958
-0.025000
-2.672979
-1.273118
-0.000000
-0.211905
-3.419215
-1.874771
-1.860579
-1.064282
-0.522436
-1.399627
-0.679028
-0.959020
-4.198375
-1.065486
-1.157271
-0.241667
-0.398974
-1.935605
-1.473418
-2.931981
-1.809995
-2.875339
-0.179167
-3.746100
-3.577448
-2.163256
-2.899081
-3.341531
-2.512565
-3.323503
-2.712796
-4.431765
-2.653198
-3.254486
-2.253265
-3.964767
-3.831743
-2.197412
-4.823677
-1.353277
-4.453504
-2.109322
-4.211408
-3.902787
-0.412208
-3.842349
-1.284762
-2.765977
-1.879381
-4.757623
-1.448902
-0.302273
-3.884509
-0.799707
-3.837474
-2.622342
-2.975841
-2.918305
-0.911419
-1.595251
-4.758087
-0.948909
-4.281376
-2.315018
-2.892989
-2.007416
-2.226267
-3.420470
-2.169813
-4.298659
-2.857720
-1.153693
-3.233122
-1.750675
-3.234365
-3.424568
-1.692990
-0.459394
-1.922032
-1.390260
-0.693889
-3.499374
-1.629383
-3.967039
-2.468224
-1.556379
-2.594392
-3.187873
-3.699079
-3.668002
-4.371001
-0.907683
-3.340440
-2.709815
-0.533333
-1.967039
-1.776702
-1.478758
-0.000000
-2.299822
-3.534742
-4.117527
-3.684101
-2.615474
-0.515185
-3.137545
-2.311846
-3.076318
-0.911746
-2.954486
-2.611833
-2.799576
-4.768666
-1.134639
-3.943170
-2.809627
-2.915813
-2.861208
-0.593194
-3.281973
-2.058530
-3.550337
-3.892229
-3.088872
-2.391053
-3.560512
-3.968943
-3.331854
-2.676830
-2.016514
-3.469887
-0.911042
-3.765269
-3.634366
-2.041645
-3.771486
-0.899524
-2.477599
-1.999502
-1.695866
-1.899214
-1.359818
-1.451232
-0.711667
-3.556558
-0.997202
-2.678265
-4.043244
-2.660449
-4.232928
-4.285476
-3.624818
-1.842583
-3.078261
-1.284904
-2.883226
-3.770166
-1.902403
-2.208317
-3.506381
-3.588156
-3.121510
-2.349824
-2.783239
-1.068816
-0.973427
-2.096664
-5.540957
-3.476452
-3.903922
-3.738167
-4.810553
-3.950013
-1.950789
-3.142311
-4.415081
-3.775663
-2.378577
-1.966753
-3.247149
-3.618012
-2.561321
-5.080001
-3.991897
-3.589954
-2.304348
-1.272046
-2.477204
-1.861317
-3.458801
-3.454312
-2.069050
-1.172708
-2.593334
-2.112741
-1.632762
-1.754413
-1.011947
-0.724872
-3.879285
-3.937203
-2.618575
-1.332985
-3.749050
-2.170186
-5.142339
-2.410354
-4.027251
-3.734591
-1.578440
-3.365631
-3.374623
-3.122545
-4.021597
-2.232230
-4.177016
-1.313844
-3.378439
-3.357855
-1.933855
-1.420381
-1.829923
-1.197494
-0.792233
-4.001225
-3.188501
-2.899041
-3.443126
-3.618737
-0.635694
-1.166699
-1.573897
-3.112427
-3.747490
-1.868450
-3.905249
-3.403410
-2.726044
-3.119858
-0.837877
-2.274853
-3.526477
-0.625714
-0.793166
-1.317527
-5.037495
-1.005018
-0.383333
-0.711429
-0.972997
-1.351806
-1.046250
-3.801730
-4.041156
-4.446909
-4.249229
-3.678227
-2.622207
-2.485648
-3.992585
-2.616818
-0.956001
-0.501515
-1.735168
-0.154762
-0.803993
-0.949775
-2.993758
-1.549835
-4.035848
-0.713482
-0.794206
-2.719563
-2.022589
-0.183333
-0.787198
-0.000000
-3.550974
-5.092609
-2.102635
-1.262813
-3.837048
-2.725122
-1.836282
-2.074391
-0.970709
-0.108333
-3.768121
-3.134999
-1.272274
-2.222398
-0.397917
-2.247010
-3.319728
-4.337185
-1.498478
-3.094865
-3.353086
-1.670899
-3.989291
-2.895304
-3.849228
-0.254935
-2.711145
-2.271008
-1.001703
-2.563807
-0.870745
-1.809846
-0.572233
-0.262121
-1.383779
-1.783013
-3.266249
-2.444859
-0.919077
-1.824269
-2.437373
-0.200000
-1.243618
-0.549911
-1.617418
-1.217376
-0.000000
-4.364233
-3.238246
-4.118777
-2.161029
-2.195039
-5.577825
-1.571965
-3.397186
-1.192223
-3.211584
-3.584956
-0.878892
-2.879608
-1.473015
-2.061723
-0.100000
-0.366667
-2.509453
-1.277644
-1.241184
-0.536111
-0.618056
-0.098333
-0.425000
-5.708461
-3.433297
-2.441400
-2.840603
-2.677564
-0.339583
-1.081187
-2.560786
-0.795348
-0.268333
-0.799472
-3.395734
-0.078571
-1.109358
-2.698266
-3.491886
-3.251955
-4.070635
-2.936564
-4.161592
-1.212385
-1.895581
-1.682183
-1.388110
-0.216667
-2.616656
-1.688044
-1.203832
-0.138333
-0.198611
-2.153685
-4.518680
-1.459048
-3.245192
-0.948896
-0.545741
-3.681811
-0.200000
-0.131250
-2.542599
-2.106650
-1.268048
-0.713939
-0.028571
-3.194695
-3.243909
-1.621097
-3.432787
-3.194042
-3.067317
-3.578791
-3.114685
-0.925830
-2.444452
-0.832986
-0.597051
-2.164173
-0.706795
-2.104856
-3.055975
-1.002506
-2.062173
-3.829858
-0.652509
-3.339042
-0.323690
-0.381818
-0.450694
-0.954344
-3.514537
-0.958849
-0.120000
-1.382173
-2.702603
-0.437179
-0.205556
-4.552594
-1.992605
-1.794566
-2.546466
-0.390741
-3.395476
-0.619167
-5.144435
-2.455503
-2.538209
-0.805699
-0.740394
-1.897742
-2.546320
-0.297222
-2.567346
-1.031469
-1.211569
-1.293057
-3.085446
-0.272000
-2.686236
-1.365679
-0.748297
-1.669286
-1.075839
-0.000000
-3.942801
-2.916471
-2.516522
-0.569722
-1.319523
-1.245783
-0.297436
-0.110000
-2.069281
-0.858485
-1.697106
-0.190909
-0.100000
-1.593282
-1.507353
-4.175697
-1.418931
-6.264383
-2.073352
-0.595458
-1.154769
-0.107143
-1.457945
-1.009095
-2.330386
-1.221396
-0.930995
-2.180106
-1.499897
-0.650740
-1.166996
-2.763522
-0.343939
-5.812658
-0.078333
-0.562179
-2.986183
-0.749950
-2.053346
-2.687367
-0.071429
-3.723752
-1.504704
-1.541392
-2.089451
-3.077332
-5.187051
-1.784487
-0.330303
-2.686427
-3.272901
-2.617255
-1.055665
-2.893200
-0.557222
-0.306061
-0.230000
-0.485278
-0.000000
-1.471631
-1.647840
-2.697384
-0.801558
-0.350641
-0.202564
-0.370000
-0.175000
-1.550369
-0.839903
-2.862254
-0.050000
-5.447162
-0.269231
-0.813968
-1.631118
-1.354283
-2.311607
-1.081382
-0.780218
-0.825308
-0.192593
-1.317642
-3.329974
-1.020873
-4.156924
-0.608333
-2.279191
-0.366250
-0.343750
-1.502742
-0.497949
-1.543819
-0.342424
-0.737083
-0.014286
-1.677897
-1.473244
-2.827127
-0.429744
-1.421973
-0.963342
-2.512758
-0.540897
-3.071864
-0.266667
-1.356294
-0.045455
-2.743474
-1.999653
-1.959707
-1.738359
-1.484499
-0.708205
-1.837888
-2.467935
-1.867729
-3.469122
-0.130000
-2.107044
-1.446532
-2.012090
-2.675229
-1.539384
-1.647743
-1.811332
-0.358333
-0.545000
-2.693573
-0.785946
-1.528571
-6.125211
-4.021225
-1.169838
-1.512268
-1.448855
-2.734463
-2.508761
-0.020000
-2.228445
-0.100000
-0.200000
-4.323102
-0.260417
-0.394028
-0.000000
-1.110721
-1.691572
-0.735516
-0.000000
-3.338005
-3.108616
-3.001346
-1.021604
-0.541250
-1.619714
-3.401551
-0.095833
-0.108333
-1.419589
-3.398361
-0.752549
-2.398549
-0.648030
-1.731566
-1.662561
-1.340152
-0.616248
-3.328399
-2.235131
-0.908965
-0.358333
-2.285531
-2.982690
-3.075320
-3.987517
-4.210876
-2.958369
-0.784325
-1.688571
-0.158333
-0.083333
-2.527661
-2.271469
-1.670292
-0.882540
-1.128669
-2.358160
-2.984082
-0.159091
-0.514615
-1.702772
-3.559853
-3.625958
-0.086364
-3.729248
-2.366659
-2.112413
-2.132091
-4.424826
-3.821646
-2.444355
-1.082723
-2.906288
-0.306944
-3.655095
-0.977995
-0.858333
-0.205556
-2.140776
-4.652557
-0.764325
-2.147909
-2.253912
-0.221528
-0.267564
-0.029167
-0.075000
-1.773367
-4.429395
-3.569670
-3.246575
-0.000000
-3.199942
-1.494292
-1.369944
-0.667424
-3.985530
-2.439542
-5.207518
-1.086020
-3.977388
-2.760871
-3.881752
-5.352382
-0.041667
-0.037500
-0.992323
-0.774377
-3.724900
-3.664242
-1.502266
-0.282692
-0.112500
-3.868319
-2.993487
-2.075505
-0.783727
-0.324242
-0.170833
-0.080000
-0.254167
-0.575390
-0.100000
-1.113347
-0.342593
-3.717133
-0.682411
-1.120425
-2.209194
-0.190833
-0.237121
-3.403621
-4.608358
-4.064329
-4.326355
-3.194494
-1.116168
-3.458403
-1.739724
-1.763321
-4.165774
-0.617083
-3.493860
-0.025000
-1.800054
-0.146970
-0.458333
-0.239394
-0.100000
-3.028285
-1.885159
-2.286043
-0.107143
-1.896688
-2.097185
-1.460575
-0.835992
-0.000000
-2.248394
-1.373491
-3.345742
-2.130304
-4.669079
-3.434371
-0.529444
-3.723360
-1.291292
-2.792972
-1.594667
-0.407292
-0.557222
-0.414583
-0.379560
-5.798970
-3.808344
-2.099068
-0.546000
-0.042857
-3.974056
-1.444505
-4.410275
-2.131503
-0.393939
-0.498333
-2.182453
-4.152352
-3.366496
-1.204815
-4.386110
-1.435642
-2.917661
-2.938900
-3.205758
-2.029242
-2.974070
-2.754784
-0.819335
-3.140135
-0.190909
-1.725186
-2.370048
-0.883412
-1.900738
-0.066667
-3.898296
-2.972804
-4.510741
-0.391923
-0.225000
-3.518177
-1.602163
-4.170908
-3.882452
-3.852325
-3.983239
-3.618604
-4.695740
-1.903075
-0.280556
-0.369444
-3.645298
-3.821686
-1.464809
-0.405208
-0.304545
-1.204872
-4.279441
-0.487436
-1.327802
-3.076244
-2.006447
-2.994051
-1.651878
-0.166667
-1.729162
-2.074182
-0.697582
-0.426667
-1.818688
-1.296396
-2.365883
-0.045455
-1.913347
-1.276507
-1.929996
-1.021544
-0.263636
-3.083578
-4.747175
-1.099601
-2.926198
-1.165523
-2.619811
-0.629444
-0.493278
-2.223310
-3.292579
-4.476770
-0.448611
-0.150000
-1.403624
-1.668643
-1.520424
-1.511280
-0.695009
-1.846806
-3.067588
-1.187477
-4.216258
-0.535256
-2.505290
-0.157576
-1.429666
-1.927823
-2.015132
-4.523670
-0.974915
-0.231818
-1.162203
-1.155495
-1.542557
-1.146815
-0.000000
-3.244728
-3.776017
-2.491225
-1.771799
-4.317270
-4.215491
-3.519430
-1.905958
-0.992842
-3.557342
-0.584881
-3.796523
-0.025000
-4.838383
-3.605319
-3.001901
-2.646249
-1.053305
-3.296273
-0.014286
-2.654434
-2.185898
-0.283333
-1.496742
-3.596764
-1.571440
-1.163082
-2.049094
-2.234999
-1.530569
-1.311360
-0.696932
-3.093131
-1.778879
-0.405000
-3.111751
-2.165793
-4.621252
-5.960260
-2.867150
-3.540668
-1.128103
-0.307639
-0.594444
-2.721703
-2.018751
-0.343333
-2.445144
-2.344293
-3.623493
-1.339194
-2.644926
-2.426461
-2.000543
-2.056404
-4.165129
-3.933288
-2.994112
-1.655648
-1.484791
-0.012500
-4.287355
-2.365775
-1.105480
-3.373706
-0.549872
-0.211905
-3.150872
-2.224304
-1.102040
-1.181721
-0.033333
-2.983748
-1.585754
-1.461496
-1.989389
-2.248910
-1.262497
-4.802976
-0.371296
-0.359848
-1.978170
-2.808498
-2.051546
-0.674881
-1.535367
-0.419697
-0.177778
-3.217833
-0.663086
-2.449540
-1.323180
-1.282437
-1.548891
-0.443030
-2.727060
-2.710002
-4.184776
-1.370417
-3.088066
-2.074142
-4.318165
-0.212500
-3.205065
-3.913823
-1.709292
-3.471476
-0.678333
-1.201801
-1.645846
-1.467966
-2.262463
-4.083076
-0.316667
-0.415741
-0.000000
-5.612990
-5.692772
-3.780329
-1.805322
-1.143920
-0.354848
-2.432306
-0.960618
-2.638143
-1.128747
-0.227778
-1.972372
-2.499220
-0.665833
-5.180651
-0.701667
-1.161325
-3.213313
-0.150000
-1.947425
-3.785301
-1.552328
-2.973244
-0.623343
-0.155000
-1.336056
-1.927982
-0.291026
-0.903150
-1.967657
-1.006396
-3.351015
-0.135000
-0.233333
-1.306163
-1.081950
-0.571410
-1.791177
-2.526738
-4.159795
-1.863724
-0.612929
-1.783276
-1.829995
-0.400513
-0.915592
-3.646039
-1.992232
-3.383055
-0.225000
-1.444539
-1.865645
-1.795523
-0.229167
-3.142394
-4.230087
-2.529833
-5.294299
-0.230000
-0.939441
-2.911658
-0.906429
-0.903515
-1.195571
-2.277520
-1.480782
-2.354205
-1.619854
-1.802798
-1.190432
-0.890460
-0.000000
-3.396852
-2.848277
-1.026105
-1.668896
-2.093727
-0.782682
-4.193454
-0.273077
-0.875964
-2.547287
-1.284759
-0.175758
-1.185277
-6.117275
-0.239394
-3.694438
-0.552821
-2.414903
-0.257692
-3.722650
-1.776192
-2.379688
-2.101196
-1.248350
-1.686141
-0.802616
-7.219947
-0.251282
-1.308113
-2.006162
-1.262033
-0.042857
-2.071584
-3.765162
-3.969539
-1.814515
-3.239329
-1.557902
-4.469678
-1.562494
-2.261519
-2.839940
-0.261111
-1.653222
-0.000000
-2.349628
-0.252083
-1.597710
-4.788604
-6.679256
-1.577104
-2.794174
-4.002475
-0.410000
-0.095455
-2.572274
