-3.624824
-2.481048
-0.537333
-0.000000
-3.312735
-1.652342
-0.990588
-0.277273
-1.204535
-2.434138
-0.968789
-1.045740
-0.475000
-2.087984
-1.814898
-3.820000
-3.120956
-2.351104
-0.514500
-0.060000
-4.003380
-2.124160
-0.855952
-3.348711
-0.700577
-1.865755
-3.197335
-0.863820
-4.805115
-1.309329
-7.242690
-0.000000
-2.808115
-0.996230
-0.882630
-3.592946
-0.912424
-0.806970
-0.601364
-3.618568
-0.600030
-0.961244
-7.644024
-0.025000
-3.355585
-3.888724
-1.440067
-1.577089
-1.013348
-0.882511
-1.303658
-2.638329
-2.482024
-0.000000
-3.173246
-1.745604
-3.625189
-0.161667
-5.603483
-4.784904
-1.312928
-3.456100
-0.787359
-0.874929
-2.517649
-0.440185
-0.066667
-3.272543
-1.991350
-2.028954
-3.306022
-0.688456
-0.996382
-0.877749
-0.538182
-0.538833
-2.613406
-1.066253
-3.656431
-3.197554
-1.467275
-2.559635
-2.787571
-1.100691
-2.138470
-1.454857
-6.617679
-1.408032
-3.082355
-1.003474
-1.610707
-1.980109
-0.734762
-0.396429
-1.070134
-1.288836
-1.689719
-0.984702
-0.726941
-3.934503
-1.091638
-2.475444
-3.426472
-0.893344
-4.209051
-0.835728
-0.914123
-1.012893
-0.342593
-5.467423
-0.889625
-1.243704
-3.898734
-1.750594
-1.032663
-0.000000
-2.620963
-1.109932
-6.036249
-1.454385
-1.420770
-4.112270
-5.029359
-0.415455
-3.566285
-3.709882
-0.594792
-0.150000
-3.275091
-0.667284
-1.512320
-3.305163
-0.020000
-3.765964
-3.037520
-2.141004
-0.624556
-2.143010
-1.252173
-3.764099
-1.855033
-1.917120
-2.416084
-2.398324
-2.795573
-6.595987
-1.883376
-1.341607
-1.158334
-4.385526
-1.749475
-4.941085
-0.465741
-1.778530
-2.400248
-0.347222
-5.429992
-2.506416
-4.929220
-1.675393
-1.698238
-0.812991
-0.042857
-4.263713
-3.468544
-1.916970
-2.501692
-3.798390
-3.583428
-3.445583
-2.782744
-0.409935
-0.879578
-0.000000
-3.453107
-2.526106
-1.845102
-0.569697
-1.744756
-0.000000
-3.545902
-0.907141
-2.579547
-1.324678
-1.366597
-1.271642
-1.658397
-3.884172
-1.471402
-0.444697
-0.016667
-3.733053
-1.872755
-2.122276
-2.445082
-1.759918
-0.018182
-4.090153
-1.886815
-0.712121
-1.237826
-3.913258
-2.241802
-1.779144
-2.487118
-2.135926
-4.296812
-4.067746
-1.449369
-3.401018
-2.456644
-1.212982
-1.943691
-1.909891
-3.584688
-0.981818
-0.840024
-0.000000
-2.950797
-1.067545
-1.904460
-2.388551
-4.644260
-4.235047
-2.167595
-3.608930
-1.755573
-2.808677
-0.057143
-3.738948
-2.272619
-1.450563
-2.651265
-1.656609
-3.662987
-0.819262
-3.432282
-2.514733
-1.778914
-0.579595
-0.615087
-4.033174
-1.722658
-0.405238
-0.699167
-1.018633
-0.999087
-0.226852
-4.451335
-2.585254
-0.864219
-0.000000
-3.772102
-1.030613
-1.548132
-2.196670
-1.338691
-3.286640
-2.357896
-3.298729
-4.133407
-1.540280
-2.745504
-3.980178
-0.975853
-2.348190
-1.752149
-0.882233
-3.992419
-1.801446
-2.316200
-3.980576
-1.018135
-0.077778
-3.555230
-1.468378
-3.921746
-2.089534
-2.248989
-0.923333
-1.460008
-2.264737
-3.900631
-1.785395
-0.484848
-0.000000
-1.801311
-1.550239
-3.800371
-0.795869
-2.298166
-1.191821
-7.554583
-3.892815
-1.890631
-3.100220
-0.434848
-1.257138
-0.523519
-0.750400
-1.296839
-1.794374
-1.173700
-2.117245
-1.058762
-2.743775
-3.697307
-1.059112
-1.355238
-0.000000
-3.246972
-1.162579
-2.277604
-0.670370
-1.072835
-3.923003
-2.604657
-1.348954
-1.954710
-2.225004
-3.702346
-0.030000
-4.190827
-3.118037
-1.240982
-1.286733
-0.899762
-3.326634
-3.807553
-0.887202
-5.573507
-1.018520
-0.000000
-4.432658
-2.851839
-3.040629
-1.352494
-0.025000
-3.535123
-3.318987
-2.360778
-1.787935
-2.455247
-1.194308
-1.819282
-0.010000
-2.952131
-0.858333
-3.656621
-2.636867
-1.205131
-3.434432
-1.173925
-2.673786
-2.328716
-0.558333
-4.061558
-1.722162
-1.898991
-1.561455
-0.570500
-0.000000
-3.432319
-2.598311
-1.437218
-1.118550
-2.169143
-1.485681
-2.268852
-0.431061
-5.115170
-2.875037
-0.856369
-1.570030
-2.808907
-1.271569
-1.932383
-1.643917
-0.938421
-0.831881
-3.421940
-4.211651
-2.983739
-3.229330
-0.562879
-4.034953
-1.398737
-0.000000
-3.356897
-1.369226
-3.351325
-3.070268
-0.778030
-4.761055
-2.239269
-1.628254
-4.372096
-0.000000
-2.867610
-0.500000
-0.751515
-4.482901
-0.725926
-1.183333
-4.491563
-2.617033
-1.535763
-0.000000
-3.665481
-2.071806
-0.814735
-3.975294
-3.971047
-0.781508
-0.514500
-0.000000
-3.579671
-1.907488
-3.650394
-3.786322
-2.391552
-0.000000
-3.751999
-2.139194
-3.334157
-7.125517
-1.640000
-2.256095
-2.226349
-0.627429
-0.598750
-0.137500
-2.488514
-3.413237
-1.842152
-2.313603
-0.627833
-2.819187
-0.100000
-3.487289
-1.820537
-0.847679
-0.010000
-3.431482
-3.734363
-1.968058
-0.954607
-7.454578
-3.568152
-2.673288
-0.467500
-0.725000
-3.744296
-3.306770
-3.906325
-3.863944
-4.051298
-2.181105
-3.254520
-2.183156
-1.541726
-1.051786
-0.040000
-3.603663
-1.100159
-0.826894
-0.970938
-2.440836
-1.225594
-2.626547
-4.694099
-3.878737
-4.819255
-1.931587
-3.312219
-0.425926
-0.601161
-2.275031
-1.424932
-0.833034
-0.710844
-3.712178
-1.350675
-2.955926
-2.113376
-1.771357
-2.709970
-3.725125
-3.958941
-3.147645
-0.888856
-0.624458
-0.883730
-2.626319
-2.557096
-1.991104
-2.032279
-0.916593
-2.499689
-1.698018
-3.180395
-1.973926
-1.499390
-3.584812
-3.065135
-1.514323
-7.959354
-0.000000
-3.789709
-3.272287
-2.545165
-1.584856
-3.617192
-7.274341
-2.196046
-2.005872
-2.315194
-3.960684
-1.692109
-1.072819
-0.501458
-2.216596
-0.894842
-2.595199
-0.830679
-4.139468
-2.150538
-3.298675
-0.383333
-4.428060
-2.130995
-3.962560
-2.497588
-2.531737
-2.121143
-2.160649
-0.009091
-3.768262
-3.529230
-2.651827
-0.858738
-3.664974
-1.915450
-0.781000
-2.520240
-0.961849
-1.694901
-3.039766
-3.928133
-3.738021
-4.202422
-1.578561
-1.898684
-2.319253
-2.342505
-1.652732
-4.408444
-2.069102
-2.727740
-3.475125
-4.944995
-3.449407
-1.389259
-2.419876
-3.662481
-0.465741
-2.950742
-3.456184
-3.679974
-2.699546
-2.301761
-2.716402
-0.965603
-1.956891
-0.376875
-3.282171
-1.631963
-2.730701
-3.256680
-1.499141
-2.764049
-0.838155
-1.388556
-1.228252
-0.640844
-2.405818
-3.920166
-2.188582
-4.734153
-2.405474
-1.970939
-7.464803
-2.752682
-3.473166
-2.608078
-3.236422
-2.156952
-3.261607
-2.372584
-3.963980
-2.235814
-3.936358
-2.402674
-0.304167
-3.462497
-0.044444
-1.925850
-3.926167
-1.771239
-4.105456
-1.499287
-0.000000
-3.620905
-1.510534
-3.362665
-0.000000
-1.336641
-3.715625
-2.222798
-3.558646
-1.188998
-1.990101
-1.283117
-1.874482
-2.809542
-0.000000
-2.424289
-2.878277
-1.990246
-1.538544
-0.638950
-2.117501
-3.179198
-2.326525
-2.090933
-2.108297
-0.533333
-2.049765
-1.978738
-1.990847
-1.161948
-4.248822
-5.653844
-2.186578
-4.154461
-1.290660
-2.504977
-4.232527
-4.926211
-2.622798
-4.172519
-4.270821
-3.646401
-3.480646
-2.515914
-1.923727
-2.555178
-3.688821
-2.003960
-3.190209
-1.669564
-4.081335
-2.969965
-1.521501
-1.986077
-0.925365
-3.148412
-2.345804
-0.022222
-2.595146
-4.291941
-0.885628
-3.625522
-1.293532
-2.495303
-1.812788
-0.810401
-3.917183
-4.329084
-1.890764
-3.604657
-3.765984
-3.138172
-2.817792
-0.790909
-4.088540
-4.599307
-1.237125
-2.559361
-4.164816
-1.167667
-2.533923
-2.788114
-2.437714
-3.707730
-2.152632
-0.854242
-1.655595
-1.266097
-4.687783
-4.411767
-4.334176
-3.260750
-0.000000
-3.914667
-2.669335
-4.091318
-3.208284
-1.057256
-0.085714
-2.304205
-3.333967
-2.869874
-3.917619
-2.607514
-4.748213
-2.518198
-0.070000
-3.612965
-4.150202
-1.551889
-2.083813
-0.596296
-0.127273
-0.288636
-1.634494
-2.019583
-4.144196
-0.000000
-2.436101
-3.309499
-2.336097
-2.531853
-0.758333
-3.124548
-0.975285
-0.020000
-2.523977
-2.051882
-2.823290
-2.814922
-3.843136
-5.302365
-7.039815
-1.857381
-2.406823
-4.078049
-2.811129
-6.065364
-2.103186
-1.215048
-0.970390
-2.524207
-1.015080
-3.194899
-0.020000
-2.396523
-2.424177
-2.145166
-2.116233
-2.853472
-2.122515
-3.011465
-0.990772
-1.171228
-0.022222
-3.534915
-2.942442
-1.518129
-2.462745
-3.530077
-3.919670
-3.535414
-0.882963
-3.756963
-1.392684
-1.720108
-1.725795
-1.135502
-1.976860
-1.699924
-1.876535
-0.779033
-0.000000
-3.176738
-2.176073
-2.331620
-4.630592
-1.423428
-3.737345
-1.970327
-2.066278
-4.014634
-0.943806
-2.694525
-0.395833
-0.011111
-3.002625
-2.957024
-3.199397
-2.293809
-0.000000
-2.215977
-2.936989
-1.890536
-0.000000
-1.600638
-3.959347
-1.612292
-2.065334
-0.592083
-0.175000
-2.371897
-2.352290
-2.946101
-2.427036
-0.000000
-2.832051
-4.368782
-3.976928
-2.045044
-1.393169
-2.623867
-2.143256
-3.178782
-2.624223
-3.277794
-3.724983
-2.489530
-0.798810
-2.562031
-1.574983
-2.298691
-2.270847
-1.953583
-1.907964
-2.388837
-2.345653
-2.719376
-2.344567
-1.597198
-2.242512
-2.730926
-2.869058
-3.943587
-4.765678
-1.771323
-6.424791
-6.756086
-4.791485
-4.241865
-3.971020
-1.433319
-1.733067
-2.101765
-2.577117
-2.923384
-6.090920
-3.327578
-4.301885
-3.143924
-3.722893
-1.410460
-0.014286
-4.841061
-2.983085
-3.459532
-1.159718
-0.725487
-2.616750
-4.277420
-2.808726
-1.683415
-2.022800
-0.532576
-3.948659
-0.025000
-1.071530
-0.000000
-4.101077
-2.845088
-3.494716
-1.561768
-1.149667
-0.000000
-3.718800
-1.735979
-2.167674
-1.867394
-0.320000
-0.777778
-1.762398
-4.163610
-2.940038
-2.832119
-2.893332
-1.960918
-0.000000
-3.628802
-2.423213
-2.630847
-0.000000
-3.151891
-1.618838
-1.577848
-2.011329
-1.025083
-2.125131
-0.581587
-2.452373
-4.563961
-3.494922
-1.852604
-1.725130
-0.197917
-3.602891
-0.645606
-0.864444
-0.398810
-4.082548
-0.000000
-3.307460
-0.857435
-0.125000
-5.665827
-0.787814
-3.345714
-1.773036
-2.432676
-1.945812
-0.143750
-1.583125
-3.228005
-0.283333
-1.233192
-4.014923
-4.175632
-4.163169
-3.083144
-0.033333
-0.555223
-3.905695
-3.972854
-1.654881
-0.172727
-2.422269
-0.078333
-0.042857
-0.812293
-1.697021
-0.022222
-2.555922
-2.152131
-0.331481
-0.919127
-2.809673
-0.613939
-0.000000
-3.713397
-3.037411
-2.012925
-0.583333
-6.488029
-0.000000
-0.278571
-0.630974
-0.920274
-2.499139
-1.087371
-2.140134
-2.275045
-1.476544
-2.832476
-3.774801
-0.000000
-0.530011
-0.105556
-1.006017
-0.279167
-0.000000
-1.606298
-3.634927
-1.359603
-1.180379
-3.205863
-3.026685
-1.699603
-0.118182
-0.220370
-4.534174
-0.308333
-0.148485
-0.137500
-0.000000
-3.582510
-1.711572
-3.034576
-0.245833
-0.815011
-1.664783
-3.678317
-3.247549
-0.599762
-2.370456
-1.141735
-0.033333
-1.946836
-2.229336
-0.081818
-1.258132
-0.683355
-0.016667
-3.635487
-3.141736
-2.167782
-1.842181
-1.379550
-1.066968
-2.467640
-1.868871
-3.341092
-1.879150
-1.867732
-2.817503
-2.877607
-0.000000
-1.312864
-1.423973
-1.507232
-0.789517
-2.501364
-3.019827
-0.303333
-1.051807
-1.838508
-0.278542
-2.391154
-2.837174
-2.775738
-0.038889
-0.894502
-0.025000
-0.188889
-1.718935
-3.331887
-1.727011
-1.302991
-0.000000
-4.299918
-1.415608
-2.572367
-2.363874
-0.922576
-3.984068
-1.216198
-3.449566
-1.093164
-2.620563
-0.805000
-0.000000
-4.214228
-2.833433
-2.700248
-2.997280
-3.435422
-1.677641
-0.673485
-1.220076
-0.335556
-3.849509
-3.135124
-0.153333
-1.912955
-3.340782
-0.318939
-0.090909
-2.552996
-3.053521
-2.628747
-2.582879
-0.133333
-1.600731
-2.366627
-0.172727
-2.871382
-0.000000
-3.086477
-0.155000
-2.026471
-1.099001
-2.645486
-2.044334
-1.299347
-1.331751
-0.698799
-3.532828
-1.521789
-0.011111
-2.830084
-2.430898
-0.093750
-0.183333
-0.075000
-0.090476
-0.138889
-2.530029
-2.515786
-0.233333
-0.677103
-4.672839
-2.590927
-4.414707
-3.526696
-0.081818
-4.314213
-5.389669
-2.705469
-2.667760
-1.686596
-1.908455
-7.169246
-1.269892
-2.834461
-1.914472
-2.795442
-0.722890
-2.410951
-4.300927
-1.475678
-0.938615
-0.806461
-3.942422
-1.162710
-0.473333
-2.523155
-0.388542
-2.530697
-5.575108
-0.631167
-0.978382
-3.344324
-4.429092
-1.118522
-3.697528
-0.390152
-0.183333
-0.200000
-4.601740
-2.984249
-3.166227
-1.326562
-0.277778
-2.255288
-0.287500
-0.941056
-1.902927
-3.541451
-1.253525
-0.351667
-2.685994
-1.341322
-0.050000
-1.252648
-1.495034
-0.867835
-0.000000
-3.665937
-4.362820
-1.784133
-2.571575
-3.300931
-3.486258
-3.906581
-1.782911
-1.596620
-2.916273
-3.329062
-3.838937
-2.629487
-1.268430
-0.972638
-2.531832
-2.247230
-0.543939
-0.000000
-3.852202
-1.348003
-0.000000
-3.341183
-3.460649
-1.002710
-0.083333
-2.405372
-0.077778
-0.177500
-3.075561
-0.113636
-1.686061
-4.186935
-0.000000
-0.033333
-1.418198
-0.000000
-3.234464
-0.587121
-2.885353
-1.157024
-3.058721
-2.396991
-2.544415
-2.172864
-2.341552
-1.521848
-2.552536
-0.000000
-0.044444
-0.595790
-0.825446
-1.269133
-2.402302
-1.508653
-4.646936
-0.300000
-0.848636
-1.877191
-2.098399
-0.626167
-0.591167
-2.006783
-2.733357
-1.485299
-2.432065
-1.655028
-2.360392
-1.715214
-1.184012
-0.730808
-1.630161
-2.098612
-3.681131
-3.212970
-0.915369
-0.000000
-3.573561
-3.954643
-0.000000
-3.166813
-3.856316
-3.326646
-1.059203
-1.254663
-2.696138
-5.791171
-2.883449
-3.830872
-0.914423
-1.968083
-3.437919
-2.645963
-1.992593
-2.952494
-4.398558
-3.463854
-4.535306
-1.388991
-4.416768
-2.639118
-0.087500
-2.255432
-3.116072
-1.150000
-3.158887
-4.672750
-1.171591
-1.439590
-2.641915
-3.380752
-3.570776
-0.335833
-2.211150
-0.077778
-1.977998
-0.172222
-2.564650
-1.387504
-0.000000
-0.000000
-1.064830
-1.112571
-0.000000
-1.361524
-1.474851
-4.578342
-1.818133
-3.978546
-0.000000
-1.272835
-2.182256
-0.568182
-2.157598
-2.568049
-0.772708
-1.283333
-1.456953
-0.928519
-1.643117
-3.517268
-3.460721
-4.573134
-2.473853
-0.902576
-0.547333
-0.895509
-1.230249
-2.265580
-2.580889
-1.297857
-2.618449
-0.601833
-4.555355
-0.894444
-0.415000
-0.000000
-0.870845
-1.314728
-0.813828
-1.332145
-3.387791
-1.370696
-3.527758
-0.014286
-1.562159
-3.494279
-2.236590
-5.561751
-4.510874
-3.011036
-0.516212
-3.523733
-0.440909
-1.030541
-0.833918
-3.178065
-1.351918
-0.421212
-3.095815
-3.164623
-1.579774
-6.695608
-0.688485
-3.124975
-1.550095
-2.890804
-0.155556
-1.863731
-1.784189
-1.575077
-0.681524
-2.807722
-1.708589
-0.405000
-2.740137
-3.270265
-0.036364
-1.717564
-0.609242
-2.242069
-2.941192
-0.303788
-0.128571
-0.300000
-2.931977
-2.166263
-0.425000
-1.502644
-0.011111
-1.779840
-1.546896
-4.022939
-0.870512
-1.329777
-0.979881
-2.761002
-0.187500
-0.973021
-2.766830
-2.705093
-1.646478
-1.477617
-1.154997
-0.730541
-3.588917
-0.133333
-2.473642
-1.634176
-0.429500
-2.195097
-0.385606
-0.641677
-1.072929
-0.000000
-1.320327
-1.677485
-0.943961
-0.497222
-1.374046
-2.196292
-0.000000
-0.100000
-1.074871
-1.016393
-0.917648
-0.951165
-2.092067
-2.643340
-1.886594
-1.560593
-1.510645
-3.284296
-0.501818
-1.030889
-0.608294
-0.939983
-0.689679
-0.517000
-1.789815
-0.011111
-3.905317
-2.576049
-2.353947
-1.739707
-4.422399
-0.233333
-0.255556
-0.704052
-0.421212
-2.910551
-1.614383
-0.960845
-1.576751
-1.867444
-0.394500
-0.551941
-3.666658
-0.682222
-0.666000
-1.413960
-1.405346
-0.942114
-1.103837
-5.019392
-0.290909
-2.097621
-0.025000
-3.352121
-1.048734
-1.638492
-0.012500
-0.200000
-1.361577
-2.386759
-1.850121
-1.780164
-1.177175
-0.841562
-3.298154
-1.548301
-0.339815
-0.769929
-2.036589
-1.338766
-1.261420
-1.694964
-3.270816
-1.638347
-3.710390
-0.245370
-0.731500
-0.711167
-2.046008
-0.200000
-0.127778
-1.655127
-1.779967
-0.000000
-1.034899
-0.037500
-1.470466
-1.373615
-2.341318
-1.834652
-0.326667
-3.460115
-0.030000
-1.845148
-1.475992
-4.134150
-1.209850
-1.705560
-0.420000
-1.230372
-3.246356
-0.626161
-1.909719
-1.163914
-1.839743
-2.420229
-2.293905
-2.655437
-3.073261
-4.197832
-1.873823
-3.263192
-3.553109
-1.875605
-3.260751
-1.766670
-1.999457
-2.369199
-0.000000
-1.537897
-0.727273
-1.844563
-0.380000
-1.410636
-0.285000
-0.000000
-3.305091
-2.977912
-0.887399
-0.777273
-1.542972
-1.626186
-3.831675
-0.973639
-5.917495
-1.250026
-0.000000
-1.489838
-1.360439
-2.755523
-0.218750
-1.102812
-2.701746
-2.983802
-1.214626
-2.131464
-0.381818
-3.197932
-3.688068
-0.951049
-1.990391
-5.471347
-0.730303
-0.449848
-0.771082
-0.665000
-0.233333
-0.320370
-3.456182
-2.404450
-2.758892
-1.989875
-1.880458
-1.311376
-0.965530
-0.000000
-1.335208
-1.579961
-2.645381
-3.592351
-1.442838
-4.134909
-1.999106
-0.792193
-2.838991
-4.094167
-0.846250
-0.772449
-2.074262
-1.100303
-0.753673
-1.101794
-2.066985
-3.433758
-4.215242
-1.344595
-3.555470
-1.516504
-1.947733
-2.939144
-0.000000
-1.088602
-1.824235
-1.749624
-1.666837
-1.384794
-3.896523
-0.523333
-1.121731
-0.391667
-3.070948
-0.903670
-3.184671
-3.735262
-3.617037
-3.295146
-2.087625
-1.359847
-1.162342
-1.485180
-2.668085
-1.189265
-4.302794
-1.059127
-0.757827
-1.190621
-1.681856
-1.794626
-0.000000
-1.611182
-1.505919
-2.747087
-3.226537
-2.849070
-1.405532
-0.075000
-0.725411
-1.179649
-0.972591
-2.392167
-7.265054
-0.000000
-1.775620
-3.559163
-4.936084
-3.072521
-4.683925
-1.448056
-1.529671
-1.678840
-1.050307
-2.606773
-2.075347
-0.304545
-1.272911
-1.597320
-1.946432
-0.730208
-0.400000
-2.555722
-0.345833
-0.286111
-2.376825
-6.813547
-7.238724
-1.507496
-0.878662
-0.400000
-1.733462
-0.000000
-1.975186
-3.924149
-1.279907
-2.398466
-2.080229
-1.835513
-2.514420
-2.356668
-1.223191
-1.358769
-3.524391
-1.151640
-1.614741
-1.216809
-3.636524
-2.292683
-1.820827
-1.156357
-2.669524
-4.399149
-1.566799
-0.367963
-3.504284
-1.744597
-1.203644
-0.000000
-3.434272
-1.057672
-3.932644
-2.318323
-0.000000
-3.529559
-3.878425
-2.458456
-1.062760
-1.000000
-3.543771
-2.830290
-0.360417
-5.582545
-5.036209
-1.325878
-0.526595
-3.727676
-1.091166
-3.676776
-3.230873
-1.779342
-0.028571
-3.377123
-1.151999
-2.434383
-0.520000
-1.358758
-1.124097
-0.393939
-1.104414
-4.130121
-1.262725
-1.586718
-0.000000
-3.237687
-2.194091
-0.916811
-2.416370
-3.479600
-1.531176
-2.521433
-2.334666
-0.520000
-0.710000
-0.261364
-5.135537
-0.326327
-0.420758
-3.381550
-3.384092
-1.815435
-1.755224
-0.348333
-3.949246
-1.020714
-1.036829
-0.000000
-3.112324
-1.339853
-3.735560
-0.698956
-3.445605
-2.365827
-4.437088
-3.659242
-5.114600
-1.016910
-3.583208
-1.663213
-3.957099
-2.369852
-0.701000
-0.340741
-3.548213
-1.109565
-2.409054
-0.668833
-2.706551
-1.026174
-3.744132
-1.389306
-0.984481
-0.775087
-3.759773
-1.549841
-1.495603
-0.042857
-3.767288
-3.784724
-2.199388
-2.098337
-0.000000
-3.847774
-1.548538
-3.128514
-3.679806
-1.243092
-3.754836
-1.679875
-0.652929
-1.773598
-0.000000
-3.597593
-1.741090
-1.863208
-0.083333
-3.379258
-3.564287
-1.741396
-0.185714
-2.757402
-0.473636
-3.517901
-1.238263
-0.162121
-2.909572
-2.945604
-0.690845
-3.449321
-1.515275
-1.652043
-0.746223
-3.437968
-1.480930
-1.507629
-0.637879
-5.232067
-0.409259
-3.413635
-0.368519
-0.484394
-3.190214
-1.369417
-3.964658
-1.989493
-0.715758
-0.045455
-3.407048
-1.668498
-0.229167
-4.072388
-0.447619
-0.542333
-5.469738
-0.579833
-3.723178
-1.396105
-1.293894
-0.016667
-3.081458
-4.122605
-1.136592
-0.425333
-1.106213
-5.981603
-3.385095
-1.567311
-4.163294
-0.704354
-0.042857
-3.317208
-1.324654
-4.263640
-1.260720
-1.339206
-3.725140
-1.031693
-3.397109
-1.459349
-0.485333
-0.020000
-3.828626
-3.066464
-2.170377
-0.150000
-3.654928
-3.840979
-0.900000
-3.249275
-0.000000
-3.756289
-2.167233
-1.642478
-2.353416
-3.883223
-1.525739
-3.846644
-1.723077
-1.674411
-0.681061
-0.332576
-0.497292
-0.939405
-3.154637
-4.496649
-2.172558
-0.434630
-0.821699
-0.440455
-0.777526
-0.000000
-3.003916
-2.388140
-1.515805
-0.367833
-3.530940
-1.766216
-1.401623
-0.423485
-3.205724
-2.803234
-1.185025
-1.916527
-3.730720
-3.458407
-2.353560
-4.057694
-0.545455
-0.623939
-4.020640
-1.114241
-4.058961
-1.894692
-2.957117
-0.863624
-1.300820
-3.696687
-0.869420
-4.150959
-1.057424
-1.097951
-0.000000
-3.498427
-1.943741
-4.359647
-3.397952
-2.319342
-3.655737
-0.393939
-1.962696
-0.732411
-0.016667
-3.555656
-1.329401
-2.982729
-2.433773
-1.029806
-1.511189
-3.577234
-1.641337
-3.155912
-4.068863
-1.708509
-0.020000
-3.798196
-1.075502
-0.455833
-3.341954
-4.379938
-1.176681
-0.923128
-0.589870
-1.374705
-3.671606
-4.291141
-4.112441
-0.723790
-3.451887
-4.678070
-1.779266
-1.337383
-2.194700
-3.684324
-1.926213
-2.187393
-0.485152
-2.001096
-2.718787
-2.104989
-3.072452
-5.684285
-2.628294
-1.647286
-0.832587
-0.000000
-3.279820
-1.562058
-0.192857
-1.918411
-0.934289
-2.035476
-2.832027
-6.528374
-3.802755
-1.526705
-1.264568
-0.020000
-3.898714
-0.996859
-2.359831
-0.754167
-1.490521
-2.169186
-4.071592
-3.441004
-1.291489
-0.736818
-7.679743
-6.374877
-5.336533
-1.407692
-0.000000
-3.583533
-1.506946
-1.261255
-0.530152
-3.660048
-1.452064
-3.167103
-0.887767
-1.602864
-1.249373
-0.649595
-3.839687
-4.030405
-0.300000
-0.495455
-3.724833
-1.281254
-3.553099
-3.971779
-0.550000
-0.027273
-3.619020
-2.406674
-3.769173
-2.688680
-1.062024
-0.446667
-1.388750
-3.598398
-1.684925
-3.669459
-3.942391
-1.370120
-3.766144
-0.937222
-0.649595
-1.913370
-1.226773
-0.575000
-0.456061
-0.325926
-0.700714
-1.231761
-2.677543
-1.194524
-2.408671
-1.997763
-1.131111
-1.744134
-0.954024
-0.000000
-3.787140
-3.606168
-1.709620
-1.864862
-1.007032
-0.237963
-3.301361
-0.551167
-2.388503
-6.727861
-1.144867
-5.303020
-0.490625
-1.628701
-3.092914
-2.638222
-1.534214
-0.639074
-3.832031
-1.317554
-2.713467
-0.907945
-1.176605
-1.938349
-2.325735
-3.505412
-1.061999
-3.181681
-1.944867
-0.441667
-1.917912
-2.614887
-3.088319
-3.773540
-0.610417
-0.385152
-4.070434
-4.135695
-3.276244
-2.982872
-0.896980
-0.873420
-0.755192
-3.657418
-1.035921
-0.810952
-2.294032
-3.651016
-1.786603
-1.605950
-0.983995
-1.565063
-0.033333
-3.320437
-1.619387
-3.768568
-1.855329
-1.234517
-4.050150
-0.670833
-3.289935
-2.994715
-1.606174
-2.750010
-1.033770
-3.473815
-1.344153
-1.607903
-0.475000
-0.743030
-3.539525
-4.061313
-1.680715
-0.695455
-0.310000
-1.089234
-1.393542
-3.201541
-1.762100
-3.146912
-1.736014
-1.831603
-0.460754
-1.165570
-1.807339
-3.250804
-4.439168
-1.735215
-0.261905
-2.559921
-3.389300
-5.653392
-2.639503
-3.752526
-1.321742
-3.996199
-1.691704
-0.100000
-0.000000
-3.530419
-1.192216
-2.971289
-1.116905
-0.669848
-0.797244
-1.715933
-2.241195
-2.031653
-1.412703
-1.789422
-2.718954
-7.135402
-0.063636
-1.652319
-4.334601
-0.361667
-0.148148
-1.250379
-2.712769
-0.012500
-0.100000
-1.424715
-3.414732
-2.960432
-3.510320
-1.081107
-3.169555
-2.985534
-2.799005
-2.123673
-0.000000
-1.793018
-2.627950
-3.546771
-1.862134
-0.543542
-2.108080
-2.442264
-3.069081
-1.428860
-2.224049
-1.512346
-1.076844
-0.365455
-3.104652
-3.519748
-0.955887
-2.338923
-1.825047
-1.359198
-2.332328
-2.427665
-1.735458
-1.249902
-1.663314
-1.685965
-7.534654
-3.887010
-3.903352
-2.168850
-2.839105
-7.322867
-2.665603
-1.754101
-2.251320
-2.846575
-1.426662
-2.613246
-1.158937
-2.131515
-3.431755
-1.916472
-0.660208
-0.447000
-3.011248
-1.758739
-3.918996
-2.581069
-6.603524
-0.326667
-1.120045
-0.000000
-3.727417
-1.086151
-1.259722
-0.100000
-3.950966
-0.597388
-0.118750
-2.366666
-5.190588
-0.171212
-0.958417
-0.000000
-2.634886
-3.334706
-0.611970
-2.029749
-1.811159
-4.013561
-0.016667
-3.069111
-2.213302
-4.248222
-2.255085
-0.769808
-1.487804
-3.615685
-1.132675
-2.467688
-3.354121
-0.693182
-0.287879
-2.907710
-3.101412
-2.564539
-0.939714
-0.495000
-0.945355
-0.020000
-2.136266
-4.346030
-0.858268
-0.000000
-0.000000
-3.279148
-2.866404
-2.387669
-1.998516
-1.009286
-0.030000
-4.086107
-3.600005
-2.209511
-0.265000
-1.320526
-0.834762
-3.704438
-0.992857
-2.303845
-2.762251
-3.074466
-0.938504
-1.454048
-1.095686
-3.641036
-2.511121
-2.929893
-2.750365
-0.042857
-3.409712
-1.314894
-1.951524
-3.518679
-1.511727
-0.620667
-0.246296
-0.563636
-0.083333
-1.634160
-1.189567
-1.156948
-1.100308
-2.132414
-1.879664
-2.169893
-1.427026
-0.000000
-3.417319
-1.200358
-0.363636
-4.264073
-0.100000
-1.053543
-0.383333
-3.847789
-1.915022
-1.614691
-1.681083
-3.890371
-0.818472
-1.020595
-1.239519
-0.000000
-2.206772
-1.338874
-1.898782
-0.241667
-0.894221
-0.340741
-0.408636
-0.251515
-2.271799
-0.770956
-3.310710
-0.733788
-0.526515
-0.794242
-3.516601
-1.629393
-3.498162
-0.905618
-2.503943
-0.740833
-1.201573
-1.027532
-3.018755
-0.247222
-1.414240
-0.501042
-2.857814
-1.546345
-1.675665
-1.705416
-1.184336
-0.000000
-4.268314
-1.961861
-2.540885
-1.501679
-1.111818
-2.183586
-2.613004
-3.693414
-2.171147
-3.666834
-1.215912
-3.594009
-0.829618
-3.811257
-0.604333
-3.947102
-1.444750
-1.421277
-2.180406
-2.087623
-1.454046
-2.923049
-0.734657
-4.262973
-0.626061
-4.345145
-1.906660
-0.926389
-0.847929
-1.309709
-3.465921
-1.338301
-2.795473
-1.370738
-4.236729
-2.613796
-4.519468
-3.081185
-7.781918
-1.550960
-2.701113
-1.370287
-3.369828
-1.164309
-3.078826
-2.639056
-0.000000
-1.626942
-1.525908
-1.234531
-0.033333
-1.669854
-2.055757
-2.823987
-0.527067
-0.332576
-0.870357
-3.925535
-1.066380
-2.464416
-2.075333
-1.196556
-1.084342
-0.085714
-3.744866
-1.809191
-1.179250
-2.520830
-0.033333
-3.432636
-0.429394
-2.415061
-1.905248
-2.197672
-1.202968
-1.343276
-2.146463
-2.064653
-0.326852
-2.183865
-4.449430
-1.381004
-3.611867
-1.179141
-2.683723
-2.645665
-1.152633
-0.699242
-2.227963
-2.030252
-1.464620
-1.442913
-0.358333
-0.189394
-3.944545
-1.313679
-1.959383
-2.857677
-0.738636
-1.946245
-1.555700
-1.082096
-0.000000
-2.082597
-1.552032
-2.815073
-1.971786
-0.050000
-0.238333
-2.518403
-1.235914
-0.043750
-3.488579
-0.699048
-2.489450
-0.216667
-1.399500
-0.549545
-2.464736
-2.117221
-3.647938
-0.316667
-1.972518
-2.755299
-5.063689
-1.642313
-0.000000
-1.947967
-1.459576
-0.794272
-3.166048
-1.677785
-5.082914
-1.322430
-0.947587
-1.113385
-0.928885
-3.197411
-0.640758
-1.055902
-0.025000
-1.966218
-1.655225
-0.682294
-1.958369
-1.368977
-1.318881
-0.000000
-1.636714
-0.712833
-0.435000
-3.361665
-2.379597
-0.654394
-0.777667
-2.018406
-0.980653
-0.241667
-3.229258
-1.561826
-1.026108
-0.225926
-2.582150
-2.369336
-1.386415
-2.703681
-3.094574
-0.792778
-0.338889
-1.073532
-3.689438
-1.274392
-3.000895
-0.245455
-1.198379
-0.387963
-2.415059
-2.529112
-0.248485
-1.402447
-2.491543
-0.978254
-2.580007
-0.385000
-1.317409
-1.871546
-2.528210
-0.009091
-3.435747
-2.364760
-2.729499
-4.778056
-2.661615
-0.010000
-3.781132
-3.109474
-3.904597
-2.698715
-0.938034
-3.344300
-0.676450
-2.614744
-2.154218
-3.194764
-1.362854
-2.910719
-0.000000
-2.491180
-0.976878
-2.543189
-3.825841
-1.772691
-0.380333
-6.622269
-3.408274
-3.780057
-3.539892
-3.268043
-0.576111
-2.869569
-2.889668
-4.462973
-2.369069
-3.130273
-7.049334
-0.589286
-3.389586
-2.729677
-4.577450
-2.541278
-2.426658
-2.632184
-2.299067
-1.767300
-2.230842
-1.292237
-4.010993
-4.337487
-2.218941
-0.380303
-4.542416
-3.984436
-1.251482
-2.390808
-2.168287
-2.222883
-1.181152
-0.702000
-4.369044
-0.704833
-1.576448
-0.480000
-2.905784
-1.704244
-2.237883
-0.200000
-1.048422
-1.167204
-0.000000
-3.405690
-3.099493
-2.834495
-3.407590
-3.928204
-4.085221
-3.222770
-2.169029
-0.000000
-2.423300
-3.521162
-2.485464
-0.579815
-1.111092
-3.550530
-3.115337
-2.701081
-3.264056
-3.574653
-3.115290
-0.948218
-3.564540
-1.446821
-4.184627
-0.756803
-0.537595
-0.618542
-1.341202
-0.060000
-3.818576
-1.286746
-0.667273
-3.343409
-0.390000
-1.625150
-4.596781
-2.762227
-3.611415
-3.721089
-0.409167
-1.773060
-1.551904
-2.775274
-0.037500
-3.932391
-4.317036
-2.484573
-0.422222
-1.818853
-5.798215
-6.871286
-6.212535
-3.262620
-2.770013
-4.319937
-3.662919
-0.569697
-1.101736
-1.004881
-4.102423
-3.033507
-3.954482
-0.373485
-1.078765
-1.203058
-3.369925
-4.142974
-4.563450
-1.383611
-1.553281
-0.011111
-3.315343
-3.025781
-1.941128
-0.075000
-3.142153
-2.340642
-3.537655
-0.100000
-1.489112
-0.012500
-3.295492
-2.198991
-2.175150
-1.350879
-1.473409
-0.917963
-0.916718
-3.497818
-4.579090
-3.332077
-4.243830
-3.376551
-4.849737
-1.847252
-2.571331
-0.987341
-0.492424
-3.685891
-2.659114
-4.124078
-1.308519
-1.620300
-0.210000
-2.783533
-0.686374
-1.492058
-1.479034
-0.917100
-0.000000
-3.287294
-3.212156
-0.838232
-0.050000
-3.810748
-0.769784
-0.321111
-1.463359
-0.350833
-0.502500
-0.931179
-4.428325
-1.732756
-2.408287
-3.833243
-2.204540
-0.000000
-2.575971
-3.451018
-1.248710
-3.205483
-1.827403
-2.467078
-1.959695
-2.041692
-3.506018
-2.598895
-3.893856
-3.863362
-0.999193
-0.020000
-3.784792
-2.411033
-3.401631
-3.639874
-3.123464
-1.978201
-3.775383
-2.215531
-0.443750
-2.983365
-2.648801
-2.644990
-3.385642
-1.330068
-2.057559
-2.998638
-0.496061
-0.442593
-0.362121
-1.087346
-1.517660
-1.812047
-3.621317
-2.394913
-4.390220
-3.346349
-0.697879
-1.507635
-1.712413
-6.370515
-0.227778
-0.025000
-3.490868
-3.399242
-2.811211
-0.473333
-1.686877
-0.661857
-2.892268
-3.303875
-2.358490
-3.969586
-2.845481
-0.796840
-1.188892
-3.694309
-1.385001
-3.002345
-2.380664
-0.872511
-3.749192
-2.521923
-2.527548
-1.105631
-3.565059
-0.570758
-1.032401
-3.813100
-5.035459
-2.590981
-0.465833
-2.986280
-6.215895
-2.066928
-2.998045
-0.000000
-3.364079
-3.369177
-1.684096
-1.950371
-1.629993
-1.578682
-2.571996
-0.333333
-3.272475
-0.404762
-1.424939
-2.661142
-1.887429
-1.819019
-1.387806
-1.737702
-1.655283
-0.745610
-3.610154
-1.914839
-3.162882
-0.150000
-0.725476
-4.003941
-4.193813
-3.584796
-3.300535
-3.867183
-3.289008
-1.669634
-3.756636
-0.130000
-2.976402
-1.775763
-0.070000
-3.617996
-3.915977
-2.121703
-0.000000
-0.557143
-3.477889
-3.043047
-0.808167
-0.839242
-3.067876
-1.833652
-2.833069
-2.413300
-2.779392
-0.865094
-3.531915
-3.076310
-3.740958
-3.434518
-0.894026
-0.016667
-3.439446
-1.774800
-4.753883
-0.997738
-2.872856
-2.461916
-2.757156
-3.332425
-1.928314
-1.322541
-2.916629
-1.712386
-1.868890
-2.517116
-4.315907
-1.411780
-0.970833
-2.673879
-0.547424
-3.128161
-0.883929
-3.619017
-3.497096
-1.472392
-1.581551
-0.987064
-3.669904
-2.612729
-0.486364
-0.321212
-3.690197
-3.467787
-2.797786
-3.071275
-2.553622
-0.057143
-3.695089
-2.920001
-0.970476
-3.409213
-3.397024
-0.605744
-0.000000
-3.231242
-4.170446
-3.621110
-0.788704
-2.442793
-4.244683
-0.071429
-0.212500
-0.000000
-1.076409
-2.123566
-3.073087
-2.423876
-1.863312
-1.981560
-2.020916
-1.397380
-0.000000
-3.328664
-3.656530
-1.006821
-0.000000
-2.911675
-0.649091
-0.483333
-4.165518
-0.540455
-1.028026
-1.355287
-2.804791
-3.638467
-3.374341
-2.959672
-1.266667
-0.793041
-3.887162
-1.988752
-3.692509
-3.206912
-1.847562
-1.104091
-2.314089
-0.609091
-4.067702
-3.385335
-1.646905
-2.740494
-0.673032
-0.762879
-4.230161
-0.230303
-2.041789
-3.554321
-0.854567
-3.759200
-3.422019
-2.457695
-0.744960
-0.567489
-3.265622
-2.270351
-2.011314
-0.865968
-0.818900
-4.097507
-3.585248
-3.228270
-4.301129
-2.035563
-2.811764
-3.835274
-3.750588
-1.864373
-4.724670
-1.233460
-0.409848
-3.399999
-3.585405
-3.132253
-2.300742
-1.628838
-0.000000
-3.507714
-4.327599
-1.626577
-1.892184
-3.488877
-1.095966
-1.050581
-0.150000
-6.811298
-0.532411
-3.652586
-3.476249
-3.791151
-3.200104
-0.812179
-2.295484
-3.999178
-0.618750
-2.340569
-1.033034
-1.193245
-3.602320
-1.702318
-0.854755
-2.573121
-1.971840
-2.458743
-4.365289
-4.437116
-3.122299
-3.493684
-3.504037
-0.508333
-6.382758
-0.000000
-3.584231
-3.093156
-2.320165
-0.374167
-2.017462
-0.383333
-3.280582
-0.566234
-3.350302
-2.037415
-1.847239
-2.449547
-1.772680
-0.040000
-3.218840
-2.426141
-2.937981
-2.120802
-0.345000
-0.328571
-3.987368
-2.904635
-3.597531
-3.531361
-3.625160
-1.848846
-0.075000
-2.971377
-3.507477
-3.605100
-4.948939
-4.514370
-0.000000
-3.439837
-4.151603
-4.881857
-3.184446
-1.290236
-0.000000
-3.294340
-3.318170
-4.759693
-0.951230
-3.489750
-3.298152
-3.707042
-2.118425
-0.617424
-6.913836
-2.595613
-4.252375
-2.679050
-3.209621
-4.440801
-0.987608
-2.282588
-3.481450
-3.655207
-3.819497
-2.862612
-2.231630
-0.020000
-3.272297
-3.321907
-3.614858
-3.623347
-3.479289
-2.831829
-4.207344
-2.236882
-1.710087
-2.623826
-2.199852
-0.310417
-2.214821
-0.483485
-6.751189
-0.533333
-3.431254
-3.353581
-4.848645
-0.560455
-2.388267
-3.537560
-3.486490
-1.915222
-1.874844
-0.037500
-3.803786
-3.576224
-4.190808
-0.848730
-2.485168
-2.986386
-2.324182
-2.768202
-3.726480
-4.270923
-2.926562
-2.679527
-2.067442
-2.457515
-1.683950
-1.592234
-3.276253
-3.497932
-2.396331
-1.753794
-0.900600
-2.483584
-0.680000
-0.000000
-3.158323
-2.890772
-1.567066
-2.655543
-3.147483
-4.357379
-0.532879
-4.857167
-3.328240
-1.678179
-3.130806
-2.751321
-0.707056
-3.799854
-4.120677
-4.685705
-2.704617
-1.435079
-0.114286
-3.304249
-2.341972
-2.583405
-2.542102
-1.742255
-2.193296
-0.455303
-0.340476
-0.860534
-2.586165
-1.338340
-0.060000
-1.055877
-2.294774
-3.396333
-3.239547
-4.091462
-1.793191
-2.861522
-1.695090
-1.696936
-0.016667
-3.523914
-1.838183
-2.012074
-2.285323
-0.529167
-2.712528
-4.788284
-0.811847
-0.033333
-3.618856
-3.807964
-3.029826
-3.091952
-0.748117
-2.087321
-3.189980
-1.435021
-5.062168
-3.210400
-2.706110
-2.363405
-2.526390
-2.440102
-1.819166
-1.677468
-1.633584
-0.843543
-3.966084
-1.679086
-2.557582
-1.761247
-3.684072
-3.514216
-2.752729
-2.425667
-5.887964
-3.476604
-0.295833
-2.083804
-3.759149
-3.228062
-1.665769
-0.000000
-2.813038
-3.966014
-3.150024
-2.732694
-2.820471
-3.633923
-1.593126
-1.180873
-3.759848
-1.567248
-1.174472
-3.342541
-3.701573
-3.152087
-4.005668
-1.338377
-0.000000
-3.496398
-4.192626
-4.383048
-2.979875
-1.780240
-2.631991
-0.300000
-0.510112
-2.106635
-4.727873
-3.424017
-3.038493
-2.077542
-2.267256
-0.536481
-1.846576
-4.317516
-3.028006
-3.178017
-2.570553
-2.921944
-2.093859
-2.077620
-2.218668
-2.443370
-2.559801
-1.349057
-2.284351
-1.604760
-2.674161
-1.904559
-1.679892
-1.541998
-1.323056
-0.949906
-0.000000
-3.211499
-2.428472
-4.765485
-1.895517
-0.030000
-3.574224
-3.774057
-1.642135
-4.501439
-0.547593
-1.520348
-0.517359
-3.148892
-3.666267
-2.280926
-2.601322
-1.177590
-0.018182
-3.016742
-3.737657
-4.830232
-1.790677
-0.000000
-3.306059
-3.885512
-0.946497
-3.363736
-3.913670
-4.741125
-1.777911
-1.958912
-3.963304
-0.940567
-0.867407
-1.969351
-3.180852
-1.921230
-1.865052
-2.133155
-0.415909
-2.709590
-3.281879
-3.903668
-2.357677
-0.000000
-3.454578
-3.690718
-5.037418
-2.183493
-0.927575
-2.902503
-2.297029
-2.947450
-2.031652
-0.718683
-3.352954
-2.461074
-2.422392
-1.874538
-1.928400
-3.059618
-6.394585
-3.762099
-3.607025
-4.008105
-4.138669
-2.677805
-0.009091
-3.892345
-3.492024
-5.981640
-0.752354
-3.422223
-3.500397
-4.055953
-2.456373
-2.540204
-0.025000
-3.196019
-3.525840
-4.292325
-1.082444
-3.170139
-3.255508
-1.562624
-4.134854
-2.597525
-3.074635
-2.693465
-3.106743
-3.698431
-0.930036
-3.303119
-3.762256
-1.843269
-0.736587
-3.908070
-3.603881
-3.640510
-1.542046
-4.657027
-0.425370
-1.441056
-2.016964
-1.321520
-0.470238
-2.398989
-0.542963
-0.000000
-3.232131
-1.829310
-2.086907
-2.101412
-0.610541
-0.540476
-0.748205
-2.528743
-2.367381
-4.041814
-2.197036
-1.018421
-3.535454
-1.744865
-3.263489
-4.287624
-1.588540
-2.302011
-2.504277
-2.147238
-3.454397
-1.824762
-0.248148
-0.772576
-3.267363
-3.594729
-2.058970
-0.000000
-3.882869
-3.319785
-2.947060
-1.259513
-2.195299
-0.386111
-2.164693
-3.111905
-2.448923
-1.717885
-0.133333
-1.059341
-3.064102
-2.197787
-2.194486
-3.605777
-3.963330
-2.472131
-1.980380
-1.116537
-4.439147
-3.250393
-3.029815
-1.409694
-0.000000
-3.591796
-3.615335
-1.446793
-2.710959
-1.249509
-2.225911
-3.509174
-2.040717
-0.155000
-3.496941
-1.599051
-0.956639
-2.299667
-3.225703
-1.273474
-2.068521
-1.705247
-3.005932
-2.745760
-2.091871
-3.871022
-3.531134
-2.517383
-0.000000
-3.924139
-3.346845
-2.062196
-4.873208
-1.080833
-0.000000
-3.579502
-2.616156
-2.978343
-0.982038
-5.873457
-2.555877
-3.271718
-2.900890
-2.167089
-2.980170
-1.636299
-2.222646
-1.525839
-2.739167
-3.771838
-3.542361
-4.342696
-2.109932
-3.611187
-2.131872
-2.590028
-0.457407
-5.328880
-3.428283
-1.376437
-2.339302
-2.463294
-3.582651
-4.777836
-2.682504
-1.978620
-0.511667
-0.075000
-1.033563
-1.005952
-0.744394
-0.100000
-1.929284
-0.000000
-1.642654
-3.081146
-2.843567
-6.686935
-0.770000
-7.792900
-3.900268
-3.403222
-2.323212
-4.122366
-3.717135
-2.676124
-3.144567
-3.736280
-1.488231
-0.150000
-2.687508
-1.448851
-0.000000
-3.632762
-4.580777
-0.457121
-3.628040
-3.392569
-3.567688
-2.287232
-0.268750
-7.482759
-1.628303
-0.000000
-4.417133
-1.022727
-3.538781
-4.759434
-0.417833
-2.158792
-3.621472
-4.769379
-1.378128
-0.792273
-2.358275
-1.814702
-3.745210
-2.905534
-0.725000
-7.912884
-0.000000
-1.604874
-2.734995
-2.240909
-2.187498
-2.540070
-0.164167
-2.562757
-3.493749
-1.649023
-2.356239
-2.419077
-0.309722
-0.223958
-2.112742
-1.847920
-1.504758
-1.069275
-0.000000
-2.019546
-4.011363
-3.575892
-3.163800
-0.445455
-1.747636
-0.000000
-3.678502
-3.848149
-1.999484
-1.442200
-1.086969
-1.626233
-3.366835
-2.221739
-1.185423
-1.243287
-0.725152
-0.583485
-2.992447
-3.166106
-3.404923
-1.225824
-0.888254
-2.131238
-2.625933
-0.402500
-1.613043
-1.823959
-0.696667
-1.437032
-2.796803
-0.877861
-1.053525
-0.016667
-3.860323
-2.246204
-2.373280
-0.735779
-1.860316
-0.930390
-3.611818
-1.790793
-2.728352
-0.905218
-1.360919
-4.488684
-1.370700
-0.000000
-3.291985
-2.343675
-1.600000
-4.425047
-2.506745
-1.135311
-2.934267
-2.718176
-3.495285
-2.931861
-1.057388
-0.000000
-3.774005
-3.555137
-0.461875
-4.125126
-0.000000
-3.553420
-3.135609
-2.910626
-0.786090
-2.929247
-2.162755
-1.801922
-0.633939
-3.285300
-4.253182
-0.473788
-2.147263
-1.752889
-2.061226
-3.694561
-1.087922
-0.050000
-0.747662
-3.405014
-1.267937
-1.126168
-0.773420
-2.015333
-2.120877
-1.309394
-0.000000
-1.886876
-2.880592
-2.075431
-1.892061
-1.842842
-4.561652
-4.170278
-0.100000
-0.000000
-3.318556
-2.341632
-0.403762
-3.621563
-3.828311
-2.522741
-2.164029
-3.895265
-1.568211
-2.536905
-2.364515
-0.644697
-3.172653
-2.590609
-3.263432
-2.935327
-2.430904
-0.675926
-1.070000
-0.294697
-2.204108
-3.883311
-2.182003
-1.148650
-2.313045
-2.578462
-4.425103
-0.932785
-3.831685
-1.628023
-0.916667
-1.715217
-1.861018
-0.734394
-0.369000
-3.271442
-2.178753
-4.310485
-0.135000
-0.000000
-3.234405
-4.047659
-3.446192
-0.310000
-3.197129
-2.129012
-2.850072
-2.518090
-5.826149
-0.100000
-1.046320
-3.346455
-1.442097
-0.604048
-1.941986
-7.386262
-3.799898
-3.010037
-1.808936
-1.823758
-1.712505
-1.072078
-3.738845
-0.673117
-1.217133
-2.345741
-4.628672
-0.639668
-3.482554
-4.746778
-0.000000
-1.476195
-2.624940
-4.376544
-0.895704
-1.361959
-2.801320
-3.239674
-1.929155
-0.000000
-4.215540
-1.160889
-0.907760
-0.000000
-1.807422
-1.344664
-3.687946
-1.547259
-3.466580
-3.071235
-3.241173
-1.730969
-1.718130
-4.356719
-3.562596
-2.091868
-0.226389
-0.040000
-3.188041
-1.742989
-1.755305
-0.830167
-0.496970
-4.221687
-3.572245
-3.164556
-2.076403
-2.625212
-0.564048
-0.455000
-0.942804
-3.609580
-2.634511
-1.383681
-3.360557
-0.243750
-4.260388
-2.533794
-2.910780
-2.652079
-1.081851
-2.781831
-4.214631
-3.138473
-4.001287
-3.335117
-0.610333
-3.486805
-1.168084
-4.263802
-1.115090
-2.839843
-0.000000
-1.745407
-3.273723
-3.202784
-1.531651
-1.652896
-0.250000
-3.294876
-1.886359
-2.240271
-1.784034
-2.607450
-1.101134
-1.310188
-0.071429
-1.961042
-3.505105
-1.846536
-0.795817
-0.575758
-1.356854
-3.902396
-4.505626
-2.146384
-3.603912
-1.555146
-3.044947
-4.459085
-1.607306
-1.820922
-3.013259
-1.203022
-0.584259
-0.362121
-1.400858
-2.871960
-2.712678
-0.100000
-3.319617
-1.287909
-1.917758
-1.875102
-2.763985
-4.433588
-3.658397
-3.822585
-1.065921
-3.751470
-0.421667
-1.815855
-0.347222
-0.261458
-3.862177
-3.930918
-3.367603
-1.801930
-2.645299
-1.091853
-3.462431
-4.521907
-1.244995
-2.579971
-2.655637
-2.534630
-1.961558
-2.564545
-3.211685
-0.432407
-4.777473
-0.423636
-0.338542
-2.432579
-1.736076
-3.469625
-3.509595
-4.287977
-4.342695
-2.701691
-5.588492
-5.940467
-4.925510
-1.818505
-3.524452
-1.390148
-2.742889
-1.641559
-0.012500
-3.834554
-3.102644
-1.626152
-3.807038
-3.323984
-0.898788
-1.254377
-0.011111
-1.656341
-2.844317
-3.076766
-1.819127
-1.300773
-0.014286
-1.146314
-3.259784
-0.838203
-0.114286
-1.709792
-2.992889
-2.270184
-0.441212
-0.000000
-2.019971
-1.237642
-2.003276
-3.635376
-0.000000
-0.625136
-0.432576
-0.423030
-1.524969
-2.688037
-1.438939
-3.602890
-3.143436
-3.120837
-0.835123
-6.544931
-2.214319
-5.535584
-3.779221
-0.955959
-0.560185
-2.043141
-1.672111
-3.927021
-2.488890
-0.165000
-1.404954
-0.035000
-1.758328
-4.060259
-2.007779
-1.324211
-3.814443
-1.423782
-0.570848
-0.688030
-3.999837
-2.595922
-0.905589
-1.289311
-0.997174
-0.486667
-0.326190
-1.613625
-3.500997
-3.716509
-1.246151
-1.897938
-3.642448
-1.887004
-3.054355
-1.353409
-0.000000
-3.317860
-1.318914
-3.811758
-0.407833
-2.400875
-0.433333
-2.106074
-3.949103
-3.389196
-0.971016
-3.240320
-3.259241
-2.656907
-2.592320
-3.245781
-2.132443
-1.976450
-2.282586
-2.121174
-0.255208
-1.035841
-0.773874
-3.542447
-1.313889
-1.849073
-1.533115
-0.163333
-1.268500
-3.655157
-1.676620
-2.868983
-2.858606
-3.178083
-0.688651
-5.995619
-0.661667
-2.627664
-0.000000
-3.443314
-1.366086
-1.189806
-1.814970
-0.226190
-6.331828
-0.402273
-3.540928
-3.835679
-2.712951
-0.819452
-4.662905
-0.495087
-3.454592
-1.862434
-2.222901
-0.272222
-1.520382
-0.000000
-1.880524
-2.047291
-2.374122
-0.033333
-3.377571
-1.841664
-0.823492
-3.653127
-3.279607
-3.299334
-2.124543
-0.000000
-3.500001
-3.785585
-3.055969
-3.480433
-0.988276
-4.121436
-2.722529
-1.059742
-3.549746
-1.800577
-0.000000
-3.630242
-3.428869
-4.111838
-0.333333
-0.222727
-0.289394
-4.096507
-3.840625
-3.082446
-3.283954
-2.181921
-3.656692
-2.257038
-4.706323
-3.069972
-1.447132
-2.568856
-1.971160
-0.578333
-0.315152
-0.845501
-3.748601
-1.778785
-1.605571
-3.205418
-3.811249
-1.668625
-2.664585
-2.791456
-1.702078
-4.501580
-3.982557
-3.385574
-3.848421
-2.416354
-3.990467
-0.428333
-0.624074
-0.012500
-2.424052
-1.983416
-1.965065
-1.817314
-2.129062
-0.515333
-1.568882
-1.114700
-0.542511
-1.178527
-0.137500
-4.668419
-2.930801
-2.526913
-3.612241
-3.785129
-1.507718
-0.986020
-2.239564
-0.343939
-1.176973
-2.165922
-2.635345
-0.515000
-2.865269
-2.114037
-1.229200
-1.321895
-1.333580
-0.541515
-3.079231
-3.946479
-2.215094
-1.377246
-3.328198
-3.047776
-1.151248
-3.234896
-2.316441
-2.966947
-6.379491
-2.889115
-0.037500
-3.581696
-1.197687
-2.363596
-1.669181
-0.889607
-0.548030
-0.287037
-2.483660
-0.111111
-0.101667
-4.849187
-0.247917
-0.160000
-1.980902
-2.051376
-1.554491
-1.223278
-0.000000
-2.484359
-2.084428
-0.740931
-0.000000
-3.753077
-3.588875
-1.940528
-2.431281
-4.629639
-2.526691
-0.020000
-3.963004
-3.988069
-3.353712
-2.113552
-2.990924
-2.574068
-1.709805
-2.180192
-0.000000
-2.293760
-3.018341
-3.838246
-5.361865
-3.679498
-1.831433
-3.960615
-2.873658
-3.012998
-1.876188
-3.273843
-2.185225
-4.514365
-3.251535
-3.397072
-0.133333
-2.106315
-2.061887
-2.432656
-2.714818
-0.482000
-0.325000
-0.300000
-5.924888
-6.110268
-3.130763
-2.186343
-1.652900
-0.250000
-6.242351
-6.495998
-5.612752
-0.000000
-3.829937
-2.124848
-4.676273
-1.664413
-0.519000
-3.120870
-3.510429
-1.577928
-3.865848
-3.178571
-2.902645
-1.531695
-0.186111
-0.422619
-3.610831
-2.545955
-0.125000
-1.125084
-0.014286
-3.544312
-1.816542
-3.340696
-4.773990
-0.624444
-0.519697
-1.156591
-0.000000
-3.101811
-4.345383
-1.068868
-2.672678
-1.680445
-0.885425
-2.725421
-3.927437
-2.548354
-0.400000
-0.844524
-0.337500
-2.637233
-1.192028
-1.889692
-2.358500
-3.667795
-1.721742
-3.867137
-1.597905
-2.609361
-0.000000
-2.681526
-3.168019
-1.267674
-2.541199
-1.390743
-0.000000
-3.590789
-2.001727
-5.494805
-1.360873
-3.391381
-1.476205
-3.566643
-0.603788
-1.745258
-0.279167
-0.833900
-6.602907
-0.241667
-0.663030
-3.553781
-4.320181
-3.452906
-3.263177
-0.835952
-5.331470
-4.753114
-0.428788
-0.384848
-0.997410
-0.000000
-1.635683
-2.120738
-4.137674
-0.768351
-0.000000
-1.929658
-3.938941
-2.045127
-1.939552
-3.544071
-2.583185
-2.878251
-3.405386
-2.486721
-3.493698
-1.621667
-0.033333
-4.124511
-1.751711
-0.195000
-3.138480
-2.235688
-1.887481
-0.020000
-2.040602
-2.879458
-3.020685
-0.936090
-1.421349
-3.205641
-1.205779
-2.163013
-2.138694
-3.250507
-0.391167
-2.424854
-3.577839
-3.731269
-0.811262
-2.208109
-3.647271
-0.888627
-0.042857
-3.152580
-1.307137
-2.653589
-2.385482
-2.910592
-0.566602
-4.269130
-1.344468
-2.990870
-1.619636
-0.514167
-2.571399
-3.935684
-2.698615
-1.053351
-0.000000
-3.726131
-3.637217
-2.996734
-1.506173
-0.532628
-0.899444
-4.581156
-0.240741
-2.323951
-3.871741
-1.754042
-3.845618
-4.044102
-2.843849
-1.679695
-3.509908
-1.855527
-1.351282
-4.194273
-0.641667
-0.582235
-1.435666
-2.192459
-0.018750
-4.158351
-2.380013
-0.554545
-0.111111
-3.743242
-2.193885
-1.787872
-3.962321
-6.237223
-0.891061
-0.985286
-1.595410
-3.553142
-4.046139
-2.686046
-1.757583
-1.998336
-0.270833
-8.701878
-3.596447
-2.924607
-4.309995
-0.845000
-1.976187
-2.673127
-3.283856
-1.007095
-4.091756
-0.318182
-3.879333
-4.268556
-3.802724
-1.905977
-0.028571
-3.532052
-4.305184
-2.188852
-2.167678
-6.535777
-0.358333
-1.730630
-0.437500
-2.428834
-1.763752
-1.637917
-1.601919
-0.776000
-1.748694
-2.096726
-1.540900
-1.164020
-0.000000
-3.092502
-2.014155
-5.053084
-2.128901
-1.515394
-3.577639
-2.984156
-1.578333
-1.954713
-3.667356
-0.000000
-1.370919
-1.292098
-1.411994
-2.238843
-0.784656
-1.249625
-0.950281
-3.113307
-1.196852
-2.257333
-1.156177
-0.012500
-3.162616
-3.417256
-2.872004
-3.373776
-1.250484
-0.280000
-1.942219
-2.518359
-0.457576
-2.666267
-3.375659
-2.719012
-0.264286
-0.000000
-3.511308
-2.620592
-0.000000
-0.000000
-3.072322
-2.597110
-3.567340
-0.337121
-2.484691
-1.697718
-1.088619
-0.200000
-0.308333
-3.923126
-3.720782
-2.806274
-0.490625
-0.312121
-3.692477
-0.486515
-2.355389
-0.227273
-2.559298
-2.522855
-0.581262
-0.255625
-0.841667
-3.543738
-2.423543
-0.087500
-0.943373
-3.449034
-2.028570
-1.064337
-0.150000
-3.380037
-1.427778
-1.073088
-1.236983
-0.100000
-3.218614
-2.015298
-1.323333
-0.350000
-0.000000
-3.387657
-2.863575
-1.580809
-1.571409
-0.000000
-3.952571
-0.836167
-1.316552
-0.066667
-5.222153
-0.881364
-0.681818
-0.429630
-2.738275
-2.638236
-1.874147
-1.001699
-0.357749
-3.778290
-2.303570
-3.712628
-3.497367
-2.068600
-0.409091
-4.107355
-3.738873
-1.266171
-0.553030
-0.688052
-1.127269
-3.132337
-2.422798
-1.834388
-1.299006
-2.971164
-2.980172
-0.000000
-3.519763
-0.755758
-1.414833
-0.105556
-0.162121
-2.895025
-0.100000
-4.222290
-0.638667
-4.114882
-3.642655
-1.507524
-0.420758
-2.258443
-4.321291
-3.586632
-3.055581
-0.125000
-0.600833
-0.010000
-3.921986
-1.775607
-1.743922
-1.974379
-0.582208
-0.609935
-3.081803
-2.110043
-0.587424
-1.871623
-0.505000
-0.093750
-3.430321
-0.727662
-3.472712
-0.319048
-3.841629
-0.911018
-0.522593
-0.000000
-4.179571
-3.363871
-1.288554
-0.385714
-0.705000
-4.135186
-1.856394
-1.369321
-0.210833
-3.317323
-1.532097
-2.431224
-0.528333
-0.953199
-1.774905
-0.291667
-2.594111
-0.300000
-0.595260
-1.576641
-0.693333
-1.333155
-0.561618
-2.285839
-1.087154
-0.921472
-0.000000
-3.718973
-0.742002
-2.887089
-2.207653
-0.045000
-0.133333
-3.065829
-0.633262
-0.022222
-0.692359
-0.181250
-1.947038
-2.894409
-0.304091
-1.674042
-0.874138
-0.145000
-0.305556
-0.976761
-3.977442
-2.507286
-3.040754
-1.855022
-1.628144
-0.000000
-1.001091
-1.409589
-3.095054
-1.754212
-0.421475
-1.184134
-0.510833
-0.455833
-0.372917
-3.025447
-3.642539
-2.109950
-1.896139
-2.746349
-4.575260
-1.051053
-0.307576
-3.185698
-0.540455
-2.636337
-3.563325
-0.421875
-0.839935
-4.384261
-0.010000
-2.314396
-3.269638
-3.712482
-1.471183
-3.558776
-3.277218
-1.295179
-0.230000
-3.107244
-1.475408
-1.893353
-0.283333
-2.069246
-2.678693
-1.081778
-1.610227
-3.870454
-3.581684
-2.856311
-4.157151
-0.370000
-0.390000
-3.832706
-1.030779
-2.408804
-5.664663
-0.745209
-1.488837
-3.782608
-1.744524
-1.813104
-0.600000
-5.291603
-2.181629
-3.178497
-2.142273
-2.617605
-0.375000
-1.150000
-1.627838
-3.356024
-3.253686
-2.579911
-0.794722
-0.000000
-3.349537
-2.608171
-3.546753
-0.384524
-3.692331
-1.121286
-0.687333
-3.474776
-0.365000
-0.555556
-0.788429
-0.552833
-0.735333
-0.381818
-0.317000
-1.779297
-1.287248
-0.698582
-1.800057
-0.982298
-2.653055
-0.166667
-2.528650
-0.547879
-3.418654
-0.780595
-0.386667
-0.000000
-3.442376
-1.553326
-1.216667
-0.233333
-0.832067
-0.850531
-0.000000
-3.519496
-2.419412
-1.871081
-0.419500
-2.012196
-0.000000
-2.083224
-4.258640
-4.237015
-0.328788
-2.938305
-2.087542
-1.383407
-1.602692
-2.285396
-1.047836
-1.570916
-0.504630
-3.247358
-4.129508
-3.601404
-3.773578
-3.213559
-3.462799
-1.295888
-2.817456
-1.318318
-2.819715
-3.451067
-3.826704
-3.284838
-2.834558
-2.157830
-1.576347
-2.521467
-4.733188
-3.841974
-3.903380
-6.298319
-4.031427
-3.738548
-1.622480
-1.010686
-2.621135
-3.850295
-0.988468
-3.944978
-2.274895
-1.487987
-5.029131
-4.083599
-2.302711
-3.688707
-3.289647
-3.583731
-1.396400
-1.358075
-2.654337
-3.260148
-0.894121
-4.809313
-0.564833
-3.315676
-3.721630
-4.474598
-0.578542
-2.689512
-2.998210
-1.294639
-1.420114
-0.858333
-2.608439
-3.083303
-2.728595
-2.128447
-2.964234
-0.899112
-0.904527
-3.960212
-3.840703
-2.981402
-0.760714
-3.287016
-1.077560
-0.867544
-1.014776
-0.820661
-1.189477
-0.729667
-1.022212
-2.343356
-2.812186
-1.877402
-0.150000
-1.390605
-0.000000
-3.490610
-3.982431
-2.906872
-4.030990
-3.219233
-3.490620
-2.640514
-0.883679
-1.659961
-1.100217
-3.432535
-4.480854
-0.944026
-3.803083
-3.243822
-3.504063
-3.021964
-0.938755
-1.646516
-3.538216
-0.588056
-1.476938
-0.517536
-3.408845
-3.265495
-3.591639
-2.684165
-2.633568
-2.052175
-0.155556
-3.733930
-2.075283
-3.611445
-3.170875
-3.953102
-4.095482
-2.663072
-3.102109
-3.816289
-3.262683
-2.972804
-3.540870
-2.284390
-2.959864
-0.000000
-1.964234
-3.738208
-3.839777
-0.514815
-0.854167
-3.818449
-6.600640
-1.616667
-3.914168
-2.520874
-3.094240
-3.425527
-2.172359
-0.000000
-3.523014
-2.559106
-2.283734
-4.236827
-1.251216
-4.280428
-1.243334
-0.915037
-1.015976
-2.843686
-1.664491
-1.219156
-2.882879
-3.466393
-1.286146
-3.463183
-4.254245
-3.112381
-1.234167
-3.890319
-2.440585
-3.962504
-3.922367
-3.830281
-4.268186
-3.785527
-1.165561
-0.486364
-1.439228
-3.139337
-1.438784
-0.200000
-2.048205
-3.698620
-2.374034
-2.838399
-1.183766
-3.580172
-4.531669
-2.972273
-3.487382
-2.256032
-2.668418
-2.365036
-2.260901
-0.000000
-3.885207
-3.713546
-2.667245
-2.031684
-3.622416
-1.139318
-1.124429
-3.254545
-2.437827
-1.279946
-3.438949
-1.674941
-4.045855
-3.858964
-3.910931
-3.488835
-1.421315
-6.466180
-4.182698
-3.775457
-1.484706
-2.167039
-1.537488
-1.485254
-0.000000
-3.785242
-4.180426
-2.861705
-1.745464
-2.385291
-6.698070
-0.168519
-2.997937
-1.571217
-2.039769
-1.607338
-2.756737
-2.059063
-3.285323
-3.968781
-3.727360
-1.530750
-0.885688
-1.027174
-1.019625
-4.712479
-0.591207
-4.129613
-1.931168
-1.639080
-3.064401
-0.500417
-0.676409
-1.942965
-1.514824
-1.251587
-0.687056
-3.775690
-2.312870
-3.316788
-3.220794
-4.519707
-3.602454
-4.181619
-2.567679
-1.742816
-4.291692
-0.368333
-4.054035
-3.523349
-3.049411
-2.726949
-2.344893
-0.696320
-2.780478
-4.004177
-3.862891
-2.714362
-3.979247
-1.815220
-4.009929
-3.242155
-2.725640
-0.745184
-1.167412
-0.949913
-1.286429
-3.085362
-4.108844
-1.013677
-2.834708
-6.066354
-0.556250
-4.063907
-2.478286
-3.989503
-3.203708
-4.757119
-0.736234
-3.698436
-3.801532
-1.920167
-2.684627
-1.021354
-2.260691
-2.412920
-2.265083
-3.807988
-4.663660
-1.766994
-2.205504
-2.961717
-1.371813
-4.177965
-3.619164
-1.990059
-1.196291
-2.799237
-3.530701
-3.020000
-2.200888
-3.143238
-3.794922
-4.069694
-3.449696
-3.163750
-3.008773
-0.880285
-3.016713
-2.782652
-3.041373
-2.171624
-2.490101
-3.808785
-1.702549
-6.420755
-0.603254
-3.523093
-0.440152
-2.730755
-3.095555
-3.570186
-3.456632
-1.901119
-4.169099
-0.602222
-3.391794
-4.275144
-0.772424
-0.994304
-0.914052
-1.896342
-0.968008
-0.575556
-2.514655
-2.688907
-1.187580
-1.563176
-0.935927
-0.000000
-3.976691
-2.840237
-4.466508
-0.615432
-3.023274
-0.479091
-0.558667
-1.052822
-1.978352
-2.312503
-1.356120
-3.613903
-4.567389
-0.956742
-4.029415
-4.169090
-4.156162
-5.951392
-0.670000
-0.644177
-1.846180
-3.690473
-5.632076
-3.858566
-1.257072
-2.913155
-2.026796
-2.445193
-2.473405
-2.493843
-3.746651
-3.017256
-1.322614
-4.108046
-2.433694
-3.601915
-1.661747
-2.319998
-3.580639
-1.667287
-2.644141
-3.786334
-2.474902
-0.863380
-3.490238
-2.180688
-4.008643
-2.044872
-2.664679
-0.811821
-3.981762
-1.591476
-4.321010
-3.797046
-0.651679
-4.083869
-3.805918
-3.504067
-5.213431
-5.791666
-3.622264
-2.401745
-1.799677
-3.802875
-3.057807
-3.979208
-3.184243
-1.204268
-4.331615
-2.286644
-1.901784
-1.793613
-0.093750
-3.595327
-3.054139
-3.405801
-3.181710
-3.169520
-2.850521
-0.823131
-3.001501
-3.756762
-0.955588
-3.826539
-4.246947
-3.448732
-4.483071
-2.071821
-0.740000
-7.179191
-0.565152
-2.842878
-2.307409
-2.856001
-1.157766
-3.179163
-0.598030
-1.451028
-1.021403
-2.137071
-5.552678
-4.284403
-4.483298
-3.784000
-0.020000
-3.539071
-1.725174
-1.901226
-1.229041
-4.058736
-2.738020
-1.756477
-0.407143
-0.498788
-0.698889
-3.945321
-2.966235
-2.541036
-1.050337
-3.577095
-2.200269
-1.140499
-2.049259
-1.147888
-3.463789
-3.570196
-2.354200
-1.987461
-0.000000
-3.128926
-1.318739
-3.649430
-1.055001
-3.765600
-3.240664
-1.811020
-4.273241
-0.706852
-1.203730
-2.301696
-2.881918
-2.889330
-3.057233
-2.189292
-4.244956
-3.034436
-1.402800
-0.000000
-3.678782
-4.633570
-3.272818
-2.272509
-3.890174
-0.668542
-1.110509
-2.870247
-2.212414
-2.436475
-3.525727
-3.792337
-2.357927
-0.177083
-0.566667
-0.411667
-5.557470
-0.460417
-3.530233
-1.707868
-2.813731
-2.672369
-0.000000
-4.336329
-3.072421
-2.442510
-3.376908
-1.258020
-1.964525
-1.461613
-3.139066
-3.743001
-2.251127
-3.133826
-1.783649
-2.551454
-4.879238
-3.791224
-2.063203
-1.641305
-4.910157
-2.694974
-4.083809
-4.037171
-3.165975
-0.541111
-0.986512
-2.347454
-1.650112
-0.638003
-2.575584
-0.539179
-1.010863
-0.812052
-2.770379
-1.792453
-2.386109
-1.925340
-3.327796
-3.188028
-2.354437
-3.268248
-3.997341
-2.673474
-3.165077
-2.892191
-0.025000
-1.957661
-3.996864
-2.014449
-2.319162
-0.800320
-0.748380
-6.086432
-1.843082
-2.558259
-2.008475
-6.315538
-1.848149
-3.916111
-2.440973
-3.214359
-2.467717
-2.736011
-0.552222
-0.426389
-2.609282
-0.865956
-1.696716
-1.367363
-1.475876
-0.740400
-3.971137
-1.091448
-3.580768
-4.424260
-3.562930
-2.493463
-2.348837
-0.000000
-3.629276
-2.229930
-3.061438
-1.233532
-1.744873
-1.360619
-1.672777
-2.759745
-3.596796
-1.727983
-0.396667
-0.655640
-3.128049
-2.742520
-0.418333
-3.062689
-3.258325
-1.759732
-2.462601
-3.786063
-0.836052
-2.274091
-2.083047
-3.145703
-1.691888
-2.558299
-3.593452
-1.258922
-2.604152
-2.655711
-2.814639
-3.621623
-0.862290
-0.018750
-1.643616
-1.889660
-1.141774
-1.770960
-0.050000
-1.629167
-1.585772
-2.145186
-3.189658
-4.705426
-1.750302
-1.555052
-5.058580
-3.192961
-3.165716
-1.916954
-0.022222
-4.258572
-2.350150
-2.550075
-1.568823
-2.732776
-1.092930
-1.222345
-0.970014
-3.620036
-2.486175
-1.839784
-1.433385
-0.650476
-2.975279
-0.924527
-3.595022
-4.375174
-1.740780
-4.534217
-1.825085
-3.628526
-2.853620
-2.070250
-2.540636
-3.056830
-1.238796
-0.020000
-2.060774
-1.706612
-1.467082
-1.960383
-3.363872
-0.998521
-2.265257
-3.263767
-3.354204
-3.170457
-3.348013
-1.737933
-4.928142
-5.595821
-3.676097
-3.542780
-1.313513
-2.343975
-1.998656
-3.139368
-3.385234
-0.000000
-2.014311
-0.677500
-1.995450
-3.663285
-3.381298
-2.482592
-4.181281
-2.640669
-2.005859
-2.108285
-0.258704
-1.720891
-0.016667
-3.384026
-1.686750
-1.387579
-0.031250
-1.649243
-1.827890
-1.100909
-3.547697
-1.525085
-0.530303
-7.009934
-1.261530
-3.280525
-3.201839
-2.824636
-2.718498
-1.178638
-2.287735
-4.011938
-2.108893
-1.770789
-0.130000
-1.729036
-1.213573
-3.262028
-5.078584
-1.676229
-3.947919
-3.596032
-1.998133
-0.881854
-3.609796
-2.078717
-1.764570
-1.112817
-2.079906
-3.968586
-3.297491
-0.985043
-1.360728
-0.020000
-3.647068
-2.513423
-0.827388
-7.463857
-2.144420
-2.338649
-0.009091
-2.390964
-4.772763
-0.949195
-2.005652
-3.422311
-1.513116
-1.836120
-2.858954
-2.320383
-1.690895
-0.661473
-0.000000
-3.418072
-2.659073
-0.720667
-3.322160
-3.741952
-2.994429
-1.260718
-1.942280
-2.154298
-1.249431
-0.080000
-3.763642
-1.962442
-3.910389
-2.922629
-1.481687
-2.491653
-2.422542
-0.000000
-2.595273
-3.997038
-0.592273
-1.529942
-0.000000
-2.086569
-3.269208
-4.850232
-2.725711
-1.182001
-3.376486
-2.292555
-0.802532
-0.578333
-2.382559
-0.691667
-1.179708
-2.243146
-3.287630
-4.366494
-2.232679
-1.697525
-3.142549
-2.930009
-1.090935
-3.420177
-3.132249
-2.904193
-3.727147
-2.213122
-0.022222
-2.277485
-4.190413
-0.228125
-0.000000
-1.536164
-3.788369
-4.196739
-3.636208
-2.836158
-1.983755
-0.042857
-2.106732
-4.447601
-3.131639
-5.717663
-4.056890
-1.597095
-3.255007
-2.685048
-1.726699
-3.095109
-0.889500
-1.164971
-0.535185
-2.800385
-2.730212
-0.070000
-1.767723
-3.758330
-4.262479
-3.680513
-0.955481
-1.658013
-2.302150
-2.683779
-4.888522
-3.795415
-2.220689
-2.898723
-0.000000
-1.882294
-4.694458
-3.339313
-2.598892
-0.752121
-3.151545
-6.625898
-1.525422
-4.369231
-3.620585
-1.843720
-4.205583
-1.624878
-0.000000
-2.059312
-1.681130
-1.610807
-1.131324
-6.053218
-3.375274
-3.830191
-0.510185
-1.012179
-3.674220
-0.877333
-1.493560
-4.139007
-1.066188
-2.117542
-3.403104
-3.051694
-0.598167
-2.235360
-2.878496
-2.451221
-2.920721
-1.084480
-4.303213
-1.601681
-0.000000
-2.551643
-7.613229
-2.219731
-4.354962
-2.385761
-1.959318
-1.419298
-2.715924
-1.357545
-1.938416
-3.352533
-1.147700
-2.967985
-3.946417
-0.802121
-1.307540
-2.502364
-2.938934
-3.094483
-3.328035
-1.082782
-1.627327
-6.384199
-0.769491
-1.761984
-3.161792
-3.361134
-0.805809
-0.905690
-0.550833
-0.618714
-7.029584
-2.038242
-3.711424
-1.745346
-2.388577
-0.897563
-1.574953
-2.596930
-2.813417
-3.064112
-5.122179
-0.299242
-0.610714
-0.228571
-1.870269
-2.046600
-5.802693
-5.815166
-1.660611
-2.634195
-0.637727
-2.164453
-0.479545
-1.072403
-0.491042
-4.027321
-2.994712
-1.405119
-3.219585
-5.416507
-1.791120
-4.583021
-3.350081
-0.244444
-3.370937
-5.732173
-3.151060
-4.315777
-3.387873
-2.561911
-1.239042
-0.033333
-3.407106
-2.143275
-1.645915
-0.118750
-3.664072
-2.841312
-5.223342
-0.481818
-1.713492
-1.325794
-2.778005
-1.136696
-0.022222
-3.267621
-2.897317
-2.440248
-0.581061
-2.292718
-1.701013
-3.378988
-0.756818
-5.015055
-4.030379
-2.911017
-5.734708
-5.706240
-1.750539
-1.580034
-1.105699
-0.539259
-4.887458
-2.094538
-1.035741
-0.030000
-3.541083
-1.661325
-0.960337
-2.272814
-5.392672
-0.822804
-0.903835
-0.012500
-3.583558
-1.447897
-3.706907
-2.365685
-2.389233
-0.603788
-2.827089
-2.375732
-2.740505
-1.378068
-2.826862
-0.825154
-3.719065
-3.569889
-3.484670
-1.496090
-1.835959
-0.810762
-4.428017
-2.298754
-1.932857
-7.472555
-0.000000
-3.120379
-1.486009
-1.448232
-2.099381
-1.103222
-2.234502
-3.829351
-2.676116
-2.002739
-1.506118
-1.220884
-1.679097
-2.357419
-1.428868
-0.463889
-0.400000
-1.180484
-0.000000
-3.762239
-0.777222
-1.387188
-2.629378
-0.997237
-3.100540
-2.923917
-1.216415
-0.000000
-3.291959
-1.442272
-2.191799
-0.477833
-1.327827
-0.831766
-1.939404
-5.040960
-3.077055
-1.256807
-2.931334
-2.283161
-0.012500
-4.083164
-1.149807
-1.874738
-1.538578
-2.780110
-3.869283
-3.531710
-1.903987
-1.707612
-2.531759
-3.279618
-4.685883
-0.765000
-2.206833
-3.495182
-3.931019
-1.393176
-3.022434
-1.503707
-0.214286
-3.589039
-1.963425
-3.057738
-0.000000
-3.333326
-1.471334
-1.566226
-3.344478
-4.174183
-1.174563
-2.476980
-2.643725
-5.033508
-5.240894
-1.132965
-3.767175
-3.684454
-0.715667
-1.772682
-3.018030
-6.019819
-7.942098
-7.280398
-5.838683
-4.330701
-0.825552
-0.740357
-0.014286
-3.308652
-3.583369
-3.974279
-0.366667
-0.361667
-0.340000
-3.032222
-0.958666
-0.828571
-0.816147
-4.051424
-1.518733
-1.109263
-0.011111
-3.725667
-0.993527
-1.779854
-2.372787
-1.769221
-1.186980
-1.514278
-1.426277
-7.077849
-3.382601
-3.052092
-4.128634
-2.045988
-0.852100
-0.643167
-0.569792
-6.969912
-0.665167
-3.398734
-2.068626
-2.522937
-3.453086
-3.198908
-3.173431
-0.171429
-0.300000
-3.459945
-0.797121
-1.539963
-2.713928
-2.234851
-3.502302
-2.655985
-2.632956
-1.367337
-3.491109
-2.987124
-0.980309
-2.150748
-0.721970
-0.725123
-3.517525
-1.553033
-2.519933
-1.317703
-0.841364
-0.140000
-2.990925
-1.278716
-0.712273
-2.817290
-1.135097
-3.745510
-2.946783
-2.355087
-0.803333
-2.330123
-0.050000
-3.173209
-1.662473
-2.873979
-0.351296
-0.561667
-4.178197
-4.063756
-1.699912
-0.473360
-0.625606
-3.781766
-2.338670
-1.263656
-0.568214
-3.925857
-1.681535
-2.312460
-1.686717
-1.166899
-4.354003
-0.557524
-0.591833
-2.474635
-2.755689
-2.213728
-1.702317
-0.440000
-1.224948
-1.404766
-4.086689
-2.497963
-3.765364
-2.130537
-4.708998
-1.068496
-1.268508
-0.000000
-3.880779
-1.466618
-1.752907
-2.100972
-2.749900
-0.693333
-0.782193
-1.909726
-1.487308
-1.385910
-1.187301
-4.800267
-2.155388
-3.648274
-1.206949
-2.514009
-0.881811
-1.443429
-1.759032
-3.167654
-5.243694
-1.033535
-4.535374
-1.703715
-4.093190
-3.141625
-1.285055
-4.298633
-1.203935
-0.996724
-6.681431
-0.747619
-5.143625
-4.629311
-6.001507
-0.000000
-3.110277
-1.174597
-1.497117
-5.778476
-2.426349
-1.379422
-1.482934
-3.863007
-1.777904
-1.586512
-1.248786
-2.533690
-2.095033
-4.116396
-0.050000
-1.794877
-2.980813
-2.650438
-1.664288
-0.000000
-4.193304
-1.273802
-0.428810
-0.574848
-3.244577
-1.484434
-2.518536
-1.323999
-0.100000
-4.962115
-3.716896
-1.289321
-0.427083
-0.044444
-3.182323
-1.661714
-0.541500
-3.168856
-6.375719
-4.062315
-0.891601
-3.621314
-1.909223
-3.365795
-0.384091
-0.415909
-3.114117
-1.068899
-2.562919
-0.506818
-2.127324
-0.000000
-3.515400
-0.576021
-1.626622
-3.737766
-1.458603
-1.097266
-5.029610
-2.001930
-2.293181
-2.823195
-0.150000
-0.676544
-3.106144
-4.333105
-2.881105
-0.803456
-0.375000
-3.099648
-2.407371
-0.405303
-0.912381
-1.660469
-6.817336
-0.510333
-2.124819
-1.505968
-2.277984
-0.100000
-1.832892
-1.913169
-1.944922
-1.922467
-1.750951
-1.100354
-0.000000
-3.867568
-1.852608
-1.649954
-0.945679
-3.251077
-1.876991
-1.161898
-0.473597
-3.134764
-2.640002
-1.792386
-2.628256
-0.418333
-0.347222
-1.203758
-4.096163
-1.986657
-2.316367
-1.093219
-3.090472
-3.114196
-1.308254
-2.960244
-0.725022
-0.487500
-1.479293
-0.700000
-1.245000
-0.856999
-1.840979
-3.648082
-3.970582
-2.045707
-1.089791
-0.865238
-3.400623
-1.388795
-0.305000
-3.984439
-2.551365
-1.030571
-0.000000
-3.169491
-2.375095
-0.570087
-0.570303
-3.672160
-3.038173
-2.641791
-2.105532
-3.718470
-1.394723
-0.233333
-0.000000
-0.000000
-3.889093
-1.946923
-2.384623
-1.042600
-0.462500
-0.150000
-3.749749
-3.869517
-3.070562
-1.496323
-1.584563
-0.000000
-3.931500
-4.190760
-0.819037
-0.494792
-1.710948
-0.244444
-2.668277
-3.216777
-2.560885
-1.636566
-1.272453
-2.171767
-2.014815
-2.825029
-3.550562
-3.444094
-1.606953
-1.270547
-3.801233
-1.433399
-1.759151
-3.375928
-0.422727
-0.976456
-3.249728
-2.393568
-1.247704
-2.351428
-2.845211
-1.792140
-2.211907
-0.000000
-3.475306
-3.259946
-3.770369
-2.912964
-0.018182
-3.847156
-3.008716
-1.847544
-1.892552
-0.975778
-1.291667
-0.895653
-0.882858
-2.341886
-2.435715
-0.786450
-3.716317
-0.000000
-1.420274
-2.342231
-1.625245
-0.917198
-0.000000
-3.309650
-2.266416
-1.164878
-0.383333
-0.502121
-2.469889
-0.291667
-0.302381
-1.874418
-2.620418
-0.613333
-3.440350
-1.358535
-2.121538
-1.144780
-1.717048
-1.374210
-0.000000
-3.116513
-3.094628
-2.130918
-4.457953
-0.904224
-1.936809
-1.584407
-2.965611
-0.400833
-3.505630
-3.598157
-1.793861
-0.366667
-1.621284
-0.585000
-1.354278
-0.066667
-3.796841
-3.377276
-3.638584
-2.657549
-2.823456
-2.083623
-3.072153
-1.215596
-0.158333
-4.502945
-0.000000
-1.437334
-0.155000
-3.140643
-3.620666
-0.606970
-3.081881
-1.039346
-3.214574
-2.537705
-0.133333
-0.248485
-2.388281
-0.044444
-3.595954
-3.309745
-1.255948
-1.916498
-3.841961
-0.077778
-1.673547
-2.909807
-2.862529
-1.821321
-2.807249
-0.859138
-3.201050
-1.539861
-0.075000
-1.575431
-1.757804
-0.563030
-3.383991
-1.465668
-3.262410
-0.747917
-3.120338
-3.721442
-3.732241
-3.097902
-1.289629
-2.457770
-0.085714
-2.158260
-0.178571
-0.000000
-3.716367
-3.971060
-0.000000
-7.156503
-0.652593
-3.214352
-4.431299
-1.284851
-0.090000
-1.586610
-2.403834
-2.142394
-0.259259
-1.794556
-1.104414
-0.675790
-3.475138
-0.033333
-3.419820
-1.824119
-1.461776
-2.117064
-0.524545
-3.661263
-3.761764
-0.953344
-0.260000
-3.406527
-1.272071
-1.617067
-0.625167
-0.492857
-3.844758
-1.924168
-0.861707
-3.180016
-1.765968
-2.247045
-1.743490
-1.301431
-0.868608
-3.455279
-3.753926
-0.452381
-3.077774
-3.601479
-3.511357
-2.703862
-1.578592
-0.400833
-3.370004
-3.240032
-0.747762
-2.309970
-4.153426
-4.049236
-0.100000
-6.995388
-0.870184
-3.533775
-3.462116
-1.924594
-2.425743
-0.550926
-0.396296
-1.382179
-0.429848
-2.230131
-0.260606
-0.116667
-3.082076
-0.255000
-2.061670
-2.270344
-1.678253
-1.053272
-0.000000
-3.444184
-2.403903
-2.755250
-1.012883
-2.248399
-3.044241
-4.179352
-0.310929
-0.681956
-2.752434
-1.358831
-1.586508
-1.161254
-6.949277
-1.209608
-3.221720
-0.218333
-0.000000
-2.264880
-1.601192
-1.430314
-0.548788
-4.410587
-0.654697
-1.742847
-4.844009
-0.408333
-1.208333
-0.200000
-4.065763
-2.264546
-2.891806
-2.208205
-1.427808
-0.045455
-3.551724
-1.211880
-0.524242
-3.519477
-2.330010
-1.301555
-3.740392
-0.609848
-3.489616
-3.450482
-4.138903
-1.354400
-2.966011
-1.872559
-5.265550
-1.853134
-0.726623
-2.398576
-3.115404
-3.885487
-5.028845
-0.395238
-0.633182
-3.584453
-0.066667
-3.582258
-3.671810
-0.812168
-0.107576
-3.628192
-3.174772
-0.000000
-3.471356
-6.466158
-0.570152
-3.061449
-1.548559
-1.718633
-0.598788
-0.995278
-1.377089
-2.179556
-1.910388
-2.442714
-1.120325
-2.712102
-4.254180
-6.287815
-3.942327
-1.518782
-3.007776
-0.738182
-0.100000
-0.558946
-1.311140
-2.845178
-3.612163
-3.132624
-1.716210
-1.930034
-4.217860
-1.729033
-1.512947
-0.506061
-1.592959
-1.406252
-0.000000
-2.033228
-2.478180
-1.523315
-1.647080
-1.389769
-0.629556
-3.503966
-1.291599
-1.418610
-1.735531
-0.000000
-3.722909
-3.957087
-2.500581
-2.304805
-3.572245
-1.029514
-1.967768
-3.657852
-2.593576
-0.475303
-4.234800
-3.400552
-3.405572
-2.273873
-1.142726
-3.135828
-3.534243
-0.000000
-3.775639
-3.682500
-4.491956
-0.847910
-3.771222
-2.849738
-4.102446
-0.550000
-0.250000
-0.437037
-0.000000
-3.560103
-3.282431
-0.483333
-0.304762
-1.947850
-1.112532
-0.000000
-3.468117
-3.353516
-1.409515
-3.581271
-0.123485
-3.634517
-3.843729
-1.750488
-3.107209
-2.283820
-0.000000
-1.786418
-0.075000
-3.515758
-0.813167
-2.578857
-0.204545
-0.968219
-2.617023
-0.471667
-0.898407
-1.164177
-7.064511
-6.508293
-1.077465
-3.122604
-3.417164
-2.865585
-0.831415
-0.387424
-2.943438
-1.714752
-1.874899
-2.083222
-0.011111
-3.975382
-3.482618
-2.913861
-2.372498
-1.429893
-0.449815
-0.338636
-3.430035
-2.848635
-0.000000
-1.799893
-1.825969
-1.556228
-1.764842
-2.868859
-2.775903
-1.523275
-1.246902
-3.185855
-2.845406
-1.290787
-1.702137
-1.815090
-0.541458
-0.000000
-3.605412
-1.961865
-1.240874
-0.011111
-3.569920
-3.104132
-4.256047
-1.905708
-1.016321
-3.012098
-3.501622
-0.203030
-2.045635
-1.608249
-1.883828
-3.286278
-0.000000
-0.000000
-1.999355
-1.495369
-1.279174
-0.000000
-3.516615
-2.268779
-3.870310
-1.178016
-1.585861
-1.033182
-0.605556
-4.019482
-2.660126
-2.843561
-1.998138
-3.306914
-0.669545
-4.083373
-3.234940
-1.146657
-3.023682
-3.937111
-0.530909
-0.401190
-0.389394
-2.999946
-3.440258
-0.233333
-0.628030
-4.090800
-1.880060
-2.433442
-2.903190
-0.908487
-3.253858
-2.646037
-2.164369
-0.221429
-0.115152
-3.288349
-0.820036
-1.700871
-1.324491
-0.917839
-0.213636
-1.810729
-0.718244
-0.792037
-0.521515
-2.317104
-2.999656
-1.145652
-1.612070
-3.149771
-0.231818
-2.245228
-0.518750
-0.471667
-1.433342
-2.118680
-3.142299
-2.826797
-2.397062
-2.209648
-1.892932
-1.233279
-0.723182
-3.448304
-3.086166
-2.955128
-1.413674
-4.363189
-1.758943
-3.284555
-1.220542
-5.133667
-4.762133
-1.013682
-2.459961
-1.332484
-1.841676
-0.222727
-2.665956
-1.657602
-2.381038
-0.327500
-0.416212
-1.572940
-4.134769
-1.903221
-1.064327
-2.533241
-1.534220
-1.454712
-1.190314
-0.000000
-1.660086
-1.540878
-1.703888
-0.993549
-0.851750
-3.281242
-2.479793
-4.977831
-0.000000
-3.712674
-4.403090
-1.684998
-2.737707
-2.188243
-2.322915
-3.233877
-0.545325
-0.447833
-2.353839
-1.372638
-3.767827
-2.890947
-0.000000
-1.441327
-0.390909
-0.138889
-1.027381
-2.470682
-4.488397
-1.393938
-1.621356
-0.896515
-1.818232
-5.686032
-2.164747
-3.312306
-3.748980
-1.909412
-0.190000
-2.392608
-0.787536
-0.507673
-0.918149
-4.034071
-0.218750
-2.514450
-0.262500
-1.650529
-1.706145
-0.738030
-1.121455
-1.251161
-0.155000
-1.409011
-1.380400
-0.520455
-4.000133
-2.732843
-1.877389
-2.681527
-1.100828
-0.896406
-0.481364
-1.663789
-5.951948
-2.536325
-2.229430
-2.922405
-0.778500
-1.143027
-1.295921
-4.285177
-2.564765
-3.766957
-2.225283
-4.662577
-0.185714
-0.552284
-1.491878
-0.057143
-2.210948
-0.405000
-1.277829
-1.459501
-1.723579
-1.193579
-0.623939
-1.472768
-1.089990
-2.264413
-2.088450
-5.305197
-0.814091
-0.501602
-0.842483
-1.628802
-4.291117
-1.923043
-2.187240
-2.865365
-0.000000
-3.962504
-2.623329
-3.235613
-4.564904
-4.306041
-1.011026
-6.095599
-4.426102
-3.109942
-2.956077
-3.787970
-2.746580
-2.428179
-1.718128
-2.117876
-0.328333
-3.352588
-1.980204
-3.328940
-0.581970
-5.426080
-1.146521
-0.657727
-0.520000
-1.872376
-1.930788
-3.818804
-0.506061
-4.753457
-2.876513
-1.250816
-0.450000
-0.387879
-0.763241
-2.776068
-0.000000
-1.594133
-0.857879
-0.814333
-0.070000
-0.959138
-1.439718
-2.098878
-1.557482
-0.870112
-3.510449
-0.449167
-3.295613
-1.131872
-2.301140
-2.289941
-2.306759
-1.576470
-2.566078
-1.394603
-1.686863
-1.728472
-0.200000
-0.563485
-1.849635
-3.318977
-0.971685
-3.216824
-1.354080
-3.115812
-2.341151
-0.747328
-1.300421
-2.658039
-1.704906
-6.601593
-0.128571
-1.846868
-2.052079
-3.489544
-0.455333
-0.064286
-1.003246
-2.454330
-4.392870
-1.932817
-0.724500
-2.822983
-2.746668
-1.698768
-3.803362
-1.328906
-4.339722
-3.744219
-1.409064
-4.745675
-1.964564
-0.341667
-0.140000
-4.020796
-0.000000
-1.601847
-1.730834
-5.693891
-3.256976
-1.159737
-3.490757
-0.375758
-0.508333
-1.395115
-1.903575
-2.873705
-0.212879
-0.844509
-1.576243
-0.481667
-0.862096
-2.550261
-2.045139
-4.388352
-0.957640
-3.193991
-2.378365
-0.753182
-1.909468
-1.399335
-1.287872
-0.661753
-3.268909
-1.504372
-0.783485
-1.462437
-1.333487
-0.214286
-0.482833
-3.680881
-3.490286
-1.220988
-2.876807
-1.812830
-0.183333
-0.066667
-2.101003
-1.453732
-0.822885
-0.000000
-2.578723
-2.740736
-1.649273
-3.995261
-1.323218
-1.676182
-0.198485
-0.799062
-6.631521
-0.000000
-3.424190
-1.680613
-0.304167
-0.794868
-2.594332
-3.544504
-1.007630
-2.366343
-2.704338
-1.893054
-1.312906
-2.302314
-1.347697
-1.616918
-0.000000
-1.775082
-1.798708
-2.183956
-4.303668
-0.997738
-0.525667
-0.538254
-1.134181
-1.269762
-2.833411
-0.749091
-3.217809
-4.735860
-3.084577
-1.287544
-1.348174
-2.633433
-0.896450
-0.623683
-2.812977
-0.580000
-1.803615
-4.483617
-1.821203
-1.148886
-1.887216
-1.787230
-1.019317
-1.259853
-4.500461
-0.416970
-2.572327
-0.955653
-3.271128
-4.721410
-1.254378
-4.247703
-4.603745
-1.154752
-0.915190
-0.000000
-3.960734
-3.240582
-3.047578
-3.294504
-3.805148
-0.400758
-0.730857
-3.681942
-3.257051
-2.318492
-3.255033
-1.348092
-2.968155
-2.663733
-0.376515
-0.393333
-2.380115
-3.203552
-6.634922
-1.375597
-2.686473
-1.790638
-2.369315
-0.000000
-3.537568
-3.625451
-2.983906
-2.563597
-0.329630
-1.896526
-2.261758
-0.010000
-4.167711
-1.082994
-0.841310
-1.163031
-0.020000
-4.278182
-2.460459
-1.315228
-0.012500
-3.699130
-1.828252
-1.513327
-2.322413
-2.470454
-4.461749
-3.341615
-1.644625
-2.432111
-0.892308
-3.998338
-2.030186
-1.911884
-5.320429
-0.741718
-0.819272
-4.284164
-3.185813
-1.070080
-2.667110
-3.382323
-1.272179
-0.218750
-0.000000
-3.033696
-3.836982
-0.833229
-3.259197
-3.915066
-3.805604
-4.087597
-1.668320
-1.257688
-1.922840
-2.736639
-4.976806
-0.062500
-0.000000
-3.223404
-2.117095
-1.373013
-1.554036
-2.800262
-3.922810
-1.916480
-4.895355
-1.893179
-1.144618
-0.915588
-1.314904
-4.153608
-0.488636
-3.219711
-0.448030
-0.620133
-2.023290
-2.487404
-1.754400
-7.852505
-0.116667
-4.157681
-3.180317
-3.920822
-1.571661
-0.000000
-2.990601
-0.480303
-1.183961
-2.561241
-3.418035
-1.891902
-2.484256
-3.066103
-0.934226
-1.617178
-2.222541
-7.748162
-1.854219
-1.563148
-2.321633
-1.752230
-0.133333
-1.349160
-2.077440
-2.258078
-1.586181
-1.507826
-0.595000
-2.774833
-1.531709
-1.560127
-0.916753
-1.137524
-6.291837
-1.247926
-1.855704
-1.530173
-1.688051
-1.424230
-2.796749
-2.036559
-2.183243
-3.374622
-0.828543
-1.331198
-2.168703
-1.401868
-1.399433
-2.553653
-1.913163
-1.364628
-1.186695
-0.473333
-3.017757
-3.655665
-3.701140
-1.594654
-0.882500
-0.305000
-5.545661
-4.276515
-3.155691
-3.574567
-1.334835
-2.116352
-0.088889
-1.806991
-3.530094
-2.374774
-1.487284
-0.497273
-3.268087
-0.608939
-0.429167
-1.038572
-3.439754
-3.469633
-3.195249
-3.046539
-2.538057
-2.433444
-2.611034
-2.039080
-6.682692
-3.672093
-3.605548
-3.047459
-2.825533
-5.231480
-1.609694
-0.000000
-3.318410
-4.101986
-4.033812
-4.638952
-1.197984
-1.719588
-4.682521
-1.802940
-1.491001
-6.314882
-6.397283
-3.759908
-4.285590
-3.344473
-0.231167
-4.436225
-4.427156
-1.600846
-0.988029
-0.415152
-3.584709
-3.890594
-3.929941
-0.709583
-0.884160
-0.750505
-0.316667
-0.012500
-3.589417
-2.954498
-3.666521
-2.359167
-1.477234
-5.799186
-1.016750
-4.144023
-3.640850
-3.314776
-2.425349
-4.211321
-1.200000
-0.000000
-1.916489
-4.628235
-0.611111
-0.584667
-4.205154
-1.966455
-0.000000
-4.046241
-2.062698
-4.078808
-2.591569
-3.244038
-4.302124
-0.483810
-2.496009
-2.096260
-3.558202
-0.653485
-1.150851
-3.529636
-2.191809
-3.219301
-2.893569
-4.832854
-1.338455
-5.705403
-6.717372
-2.797080
-2.285507
-3.185773
-2.838837
-1.236151
-1.316149
-1.518786
-1.851603
-1.236331
-0.645606
-3.649744
-1.407365
-4.173782
-2.724010
-3.466001
-2.469546
-3.076279
-2.608615
-1.126758
-3.177791
-5.360112
-3.445423
-3.436832
-2.857199
-2.773629
-0.366667
-1.443409
-0.944755
-0.000000
-3.720680
-2.456663
-2.304052
-2.029168
-1.460476
-3.026102
-3.775314
-2.966130
-1.544322
-3.029100
-2.265044
-1.800530
-0.482576
-2.301984
-0.000000
-4.020049
-3.955781
-0.181818
-1.717864
-0.864286
-2.038257
-0.210000
-3.736431
-3.655315
-2.648935
-2.018931
-2.148410
-0.121429
-2.465364
-1.012167
-0.573788
-3.671439
-3.370111
-4.327928
-0.612000
-2.969768
-3.504345
-4.168027
-1.798979
-0.037500
-3.737285
-3.218262
-1.400053
-3.280648
-4.029758
-2.076693
-0.030000
-3.549930
-2.803947
-2.547984
-2.124723
-1.040700
-2.282299
-3.032543
-2.862130
-0.354167
-1.702824
-0.066667
-2.644183
-1.037579
-3.663411
-3.145757
-1.533047
-2.167970
-3.674448
-3.172386
-3.650139
-3.400594
-0.996406
-2.289903
-2.089329
-2.563664
-1.007500
-3.286163
-3.703490
-2.049339
-3.790650
-1.815344
-1.234153
-0.890462
-4.247425
-3.232764
-1.785545
-4.919535
-1.296727
-2.601928
-4.151894
-2.493999
-0.137500
-2.753552
-2.792152
-3.839635
-2.659180
-3.222681
-0.000000
-3.442189
-4.427606
-2.391183
-2.229301
-3.243479
-3.648017
-0.787853
-0.554500
-0.000000
-3.207991
-3.980806
-2.829730
-3.227173
-1.102727
-4.391211
-0.145833
-0.000000
-2.323047
-3.367502
-1.048333
-3.185325
-0.000000
-2.098477
-0.601061
-3.810301
-2.303719
-1.103790
-0.000000
-3.727427
-3.226421
-2.459990
-1.319934
-1.384550
-3.115185
-1.800490
-1.368750
-2.112926
