-2.873588
-2.623309
-1.474297
-0.685779
-1.955784
-0.238889
-3.198386
-0.522222
-2.159477
-0.877536
-2.556888
-0.631190
-0.122222
-3.830740
-0.696212
-0.840694
-0.110000
-1.290114
-2.267438
-1.151083
-1.912758
-1.297806
-0.951652
-0.000000
-3.223406
-2.809683
-1.863471
-1.416091
-0.625238
-3.226804
-6.472370
-1.103188
-2.883370
-1.478845
-2.145450
-2.399688
-1.862831
-0.338889
-3.228104
-1.053562
-1.331236
-2.848540
-0.066667
-1.958274
-2.111827
-2.393959
-2.544303
-3.368985
-3.457174
-0.854435
-2.427860
-1.306474
-4.110295
-2.011839
-0.108333
-3.213981
-1.376740
-1.257510
-0.906841
-3.270410
-1.516719
-0.387436
-0.971370
-3.315760
-1.193103
-0.362500
-0.864985
-1.845976
-3.750112
-2.134816
-5.491963
-3.142411
-1.199220
-0.781987
-1.523049
-3.505063
-1.404764
-2.171223
-3.931102
-0.786310
-0.899762
-3.247054
-1.398979
-1.745578
-1.811032
-0.179167
-2.728972
-1.050400
-0.757573
-1.648974
-2.017563
-3.195270
-0.597402
-1.493347
-1.687982
-0.464103
-0.488433
-3.085678
-1.490924
-1.859642
-1.450495
-3.851601
-3.657721
-0.923151
-0.100000
-2.121308
-1.343744
-1.948957
-3.637068
-0.812027
-0.075926
-3.367065
-1.588905
-1.850732
-2.397009
-0.915992
-0.877493
-0.050000
-2.365009
-2.467607
-0.623718
-1.502872
-1.133184
-3.184926
-4.290430
-2.340511
-0.766190
-2.864200
-1.450915
-0.683056
-0.529807
-0.765000
-0.285714
-0.385417
-2.072247
-0.200000
-3.625103
-1.032031
-2.033199
-0.850834
-1.819951
-0.357692
-1.094749
-3.054428
-2.535323
-0.820330
-5.085942
-0.670586
-0.319028
-3.156343
-1.419397
-1.969287
-2.466998
-4.696933
-1.698428
-3.098536
-1.403511
-3.289916
-0.864277
-1.823683
-2.052554
-2.570835
-2.284570
-0.895024
-0.353472
-0.140000
-0.908952
-3.592750
-0.350000
-2.422754
-1.698423
-3.850614
-4.732316
-3.117124
-1.108965
-2.395397
-2.589864
-0.683245
-1.760454
-1.882411
-1.854539
-0.228333
-1.215790
-1.051846
-1.457134
-2.911665
-1.614346
-0.120833
-0.075000
-1.473251
-0.636667
-2.943151
-0.682332
-2.130007
-1.580414
-1.479965
-1.669572
-1.678053
-3.970529
-3.147968
-2.236569
-1.946525
-1.581469
-0.325000
-3.236201
-3.321059
-3.985611
-2.010826
-3.252321
-3.715937
-1.459057
-0.350000
-3.189209
-0.729306
-0.905261
-0.463718
-1.816499
-2.591106
-0.300694
-0.073077
-0.073077
-0.150000
-0.251667
-1.333621
-1.821601
-1.502279
-1.118979
-1.672865
-1.177550
-0.000000
-2.957817
-3.425189
-0.772647
-1.314261
-2.933010
-0.547778
-0.363889
-3.018960
-0.627879
-3.092863
-0.173077
-0.095455
-0.011111
-2.096139
-1.812334
-0.166667
-0.050000
-0.163636
-0.033333
-0.000000
-2.785404
-1.824482
-1.393052
-0.000000
-3.319688
-2.422614
-2.082991
-1.326461
-0.290385
-0.479103
-3.022717
-2.692288
-0.050000
-0.661389
-2.424948
-0.130769
-0.246667
-0.305556
-4.286192
-3.177571
-1.488927
-1.984455
-0.955642
-4.235522
-5.763584
-0.998085
-3.453052
-0.830148
-0.020000
-1.154690
-0.187500
-0.407564
-0.150000
-0.226389
-0.638471
-3.887834
-0.022222
-2.224933
-3.136291
-2.292840
-1.262557
-1.580911
-1.196733
-0.000000
-3.227888
-2.464558
-1.510515
-3.185760
-2.782858
-1.485893
-0.706420
-1.845281
-0.100000
-0.145833
-3.704759
-0.083333
-2.719544
-1.179124
-2.140484
-1.910725
-1.414287
-0.604231
-2.112818
-4.261829
-2.833641
-4.236574
-2.789143
-2.314810
-1.401765
-0.166667
-1.258325
-1.870200
-0.119444
-0.908317
-0.131818
-2.266192
-0.083333
-1.541956
-1.503111
-0.570833
-1.880687
-1.161039
-0.022727
-3.207290
-1.389450
-2.458137
-2.480625
-0.233333
-0.947778
-2.733642
-0.493161
-0.161538
-6.264801
-3.488741
-3.214369
-1.182082
-1.041566
-0.060000
-3.588983
-1.516285
-0.145000
-2.533589
-2.919856
-0.550758
-0.425694
-1.006715
-3.837200
-2.946755
-3.811373
-2.305815
-0.060000
-3.580213
-1.484824
-2.480151
-0.444444
-0.142308
-2.104361
-1.583575
-3.223546
-0.336364
-0.433167
-0.404091
-0.288889
-1.383403
-3.694518
-3.286292
-3.787300
-3.563299
-1.878016
-2.214629
-3.818768
-2.323495
-1.533690
-0.164815
-3.480231
-3.561842
-4.283040
-3.922831
-4.115596
-3.283797
-0.118182
-0.393158
-5.085130
-1.571732
-3.885318
-4.531839
-2.803858
-3.676393
-4.332593
-2.796184
-2.559337
-2.170548
-1.616357
-2.342539
-2.716855
-0.577500
-0.175000
-3.946822
-2.897752
-1.246656
-4.331302
-1.350339
-3.554704
-4.107131
-2.578911
-4.332069
-1.126366
-3.839766
-4.396709
-2.406359
-0.221212
-0.893839
-0.150000
-3.398202
-4.631891
-2.734542
-3.768740
-1.658532
-0.214815
-3.330726
-4.195368
-1.487533
-4.126674
-0.766190
-4.487484
-0.775694
-0.333333
-0.120000
-3.219658
-3.719614
-2.916883
-2.028755
-1.111599
-0.140476
-3.408111
-0.506250
-2.544670
-0.236667
-0.143750
-0.120000
-3.753675
-3.499170
-4.169068
-0.610694
-0.248485
-0.900983
-0.399500
-4.356565
-3.541493
-3.670176
-3.396358
-2.832190
-0.040000
-3.457897
-4.334542
-0.148333
-2.290607
-3.644101
-0.782125
-0.621595
-1.475401
-2.313433
-0.068182
-2.056389
-0.714306
-1.172719
-2.658008
-1.051858
-1.514997
-0.807553
-0.000000
-3.578963
-3.126352
-2.448231
-3.787546
-3.616707
-0.168333
-0.200000
-0.216667
-0.402778
-1.800558
-0.000000
-3.633840
-4.108005
-1.710239
-0.158333
-0.176667
-2.303297
-0.118182
-1.523236
-2.584851
-0.138889
-1.126147
-4.324367
-3.606888
-3.914664
-1.806453
-3.282764
-3.904855
-1.049246
-3.556849
-1.461156
-0.061111
-3.323294
-3.141683
-1.798656
-0.550000
-3.866595
-2.914711
-1.984659
-2.503495
-3.831479
-3.470907
-4.947058
-1.365625
-3.930614
-3.966867
-2.834984
-1.517023
-3.421073
-2.440608
-2.082612
-4.378659
-2.304076
-1.723960
-3.586027
-3.272253
-2.241424
-1.849943
-0.739289
-3.193453
-3.368093
-2.736510
-2.765726
-3.119372
-1.387053
-3.606640
-3.484635
-4.180857
-3.879023
-2.081060
-2.535865
-5.496843
-2.121262
-1.886266
-2.460236
-3.685245
-1.616599
-3.195233
-1.750059
-1.007242
-0.711515
-0.797564
-2.660502
-2.828888
-1.566083
-2.526136
-4.521473
-2.504566
-1.985021
-3.666767
-1.396255
-3.158663
-3.791304
-2.274247
-4.107159
-1.600011
-1.772812
-2.417565
-3.762263
-2.070318
-3.445856
-4.373045
-3.675603
-2.277315
-2.217315
-3.304085
-2.290985
-3.701844
-4.171600
-1.714339
-2.490322
-5.046426
-1.260028
-4.433243
-3.796064
-4.083599
-1.715110
-1.626561
-3.439299
-3.675448
-1.803642
-2.202792
-1.971473
-3.635206
-4.485044
-1.742267
-2.574618
-0.845298
-3.484217
-2.340392
-2.972254
-3.599270
-2.801524
-3.992647
-4.564502
-3.212338
-2.936782
-4.277955
-4.590682
-3.755187
-3.553185
-2.613425
-2.549739
-1.547126
-5.621974
-2.891800
-4.267067
-1.654744
-0.100000
-5.166172
-2.904017
-3.327386
-3.394332
-4.143550
-3.699885
-1.144121
-3.646058
-5.445438
-3.563154
-2.054954
-3.769616
-1.702220
-3.549704
-0.970986
-2.664577
-1.915497
-1.418493
-1.275986
-1.700839
-3.105405
-2.728241
-3.148216
-1.899811
-3.457096
-3.027909
-2.996569
-2.524514
-2.622364
-1.265523
-3.023018
-2.110378
-2.548815
-3.667808
-3.553983
-2.401289
-0.682500
-1.974102
-3.151236
-2.998268
-2.106078
-2.159385
-1.108333
-2.765024
-2.958242
-0.774094
-2.704626
-2.530361
-0.283333
-0.000000
-3.508584
-4.142426
-1.801688
-2.041304
-2.736727
-3.593346
-1.851325
-1.446128
-0.849333
-3.384192
-1.736973
-3.026338
-4.541213
-2.775419
-3.449418
-1.517076
-1.134400
-1.361982
-3.876485
-0.665613
-2.069881
-1.336204
-4.744878
-4.017972
-1.180696
-3.519661
-2.205342
-3.762908
-3.281479
-2.026858
-3.410880
-1.839632
-1.726203
-2.125795
-1.281845
-2.944580
-2.133014
-4.932650
-3.871068
-2.012880
-2.239201
-1.767244
-3.369730
-2.043009
-3.578071
-1.563406
-0.476389
-2.367481
-2.806030
-4.879680
-4.349475
-3.311587
-3.293562
-2.225038
-1.228499
-1.327371
-1.686291
-3.803480
-1.296197
-3.411907
-2.679314
-3.359175
-2.567079
-2.105103
-3.531038
-4.170795
-3.467904
-2.762129
-2.698589
-5.296380
-5.532406
-1.873995
-0.916063
-0.390000
-2.350492
-0.836667
-3.629982
-3.002853
-4.315812
-1.047530
-2.919706
-1.062332
-1.601522
-3.580283
-2.558510
-3.967845
-0.488095
-2.436784
-0.486833
-0.694643
-2.532026
-2.968775
-3.631459
-1.552714
-0.100000
-2.471723
-4.746358
-4.334049
-1.783160
-2.399415
-0.885960
-3.343074
-3.791422
-3.574390
-1.188331
-2.656678
-2.876274
-2.973922
-4.841199
-3.850421
-2.681844
-1.329256
-3.424904
-3.256744
-1.672257
-0.100000
-1.994296
-1.357639
-0.806429
-3.484651
-1.065146
-1.952222
-1.808678
-3.133720
-0.291667
-2.467610
-4.607682
-4.861602
-0.763472
-1.510520
-2.464753
-5.839461
-0.276389
-2.034009
-1.688077
-1.065159
-0.000000
-3.380995
-3.616157
-2.091071
-3.110072
-1.144084
-5.044772
-4.481062
-3.615928
-0.966118
-2.523948
-2.324993
-4.100881
-1.460103
-0.200000
-3.306524
-3.827361
-1.747668
-3.055800
-1.775587
-0.130000
-1.326126
-2.525177
-1.161113
-4.770879
-3.622880
-4.030372
-2.670711
-1.283175
-3.771822
-2.547428
-1.438536
-2.374779
-3.404420
-1.480089
-3.798324
-2.428230
-1.347201
-3.638175
-1.853619
-2.430814
-2.104504
-0.537639
-3.497990
-2.257786
-1.945098
-1.318003
-2.215365
-1.952662
-2.490908
-0.462500
-3.532193
-2.460161
-0.918864
-4.263579
-0.358333
-3.389552
-5.403322
-1.342070
-3.468166
-1.574817
-2.027998
-1.541083
-2.032380
-0.414394
-3.987642
-3.417354
-2.340974
-4.030848
-2.169111
-0.474167
-3.737446
-2.508380
-1.766952
-0.479500
-3.436473
-1.030794
-1.371686
-3.342211
-3.544988
-3.872057
-1.714810
-1.077979
-0.300000
-3.496630
-2.275843
-4.029529
-2.016244
-4.091522
-4.333825
-0.545694
-1.096882
-1.814202
-3.367966
-2.422931
-1.512825
-1.508879
-2.106189
-0.642949
-0.231481
-3.176995
-0.848022
-0.070000
-3.347107
-0.060000
-0.390833
-0.050000
-3.087512
-1.391566
-2.383536
-2.813791
-2.424693
-0.307639
-4.632650
-3.260325
-3.325825
-1.535956
-1.283514
-2.418892
-3.160478
-2.968363
-2.192638
-2.237425
-2.244609
-1.872209
-2.540357
-3.281637
-0.708736
-0.080769
-3.348082
-2.936204
-3.005116
-1.792865
-1.651900
-0.166026
-1.196893
-0.037500
-3.240636
-2.659528
-3.316773
-2.338296
-3.060428
-1.608556
-4.158848
-0.680897
-3.214145
-2.273787
-3.066350
-1.234096
-0.255556
-3.314886
-1.007965
-1.594856
-0.848220
-0.200833
-3.140388
-2.833620
-3.639449
-1.561014
-0.081818
-0.027273
-2.865588
-2.644980
-4.541951
-0.384028
-0.300000
-0.095000
-1.925174
-0.077273
-3.841847
-0.095000
-0.062500
-0.863697
-3.312247
-2.749478
-1.210243
-0.100000
-1.250802
-3.065481
-0.768333
-3.386764
-0.586806
-2.612342
-3.134200
-4.949524
-0.940833
-2.062714
-0.138462
-0.045455
-3.086046
-2.539578
-0.250000
-1.256914
-4.839230
-0.063636
-5.456935
-3.242341
-0.752500
-1.858294
-1.637290
-3.198456
-0.156481
-0.000000
-3.328791
-4.302432
-0.397222
-1.491132
-0.586296
-1.045338
-3.221716
-0.703929
-0.188095
-3.212023
-0.091667
-0.115385
-0.988466
-0.680769
-3.278028
-3.318805
-1.455708
-1.964573
-0.674487
-1.046276
-2.865451
-0.795668
-2.047338
-3.852602
-0.112500
-1.920249
-3.204152
-2.648395
-2.389633
-0.936087
-2.988699
-0.297917
-1.969922
-1.595633
-0.025000
-3.077529
-0.853664
-0.133333
-1.247734
-2.477733
-0.014286
-2.821509
-4.189174
-2.389516
-0.170000
-0.190476
-0.045833
-0.012500
-2.094538
-1.909074
-1.651962
-1.146438
-0.000000
-3.119539
-2.854972
-3.349331
-2.769219
-0.346806
-5.825529
-3.159777
-0.718813
-0.066667
-3.039380
-0.668398
-3.279808
-3.286093
-3.136333
-1.597968
-3.546982
-0.125000
-3.559427
-0.060000
-0.045455
-0.000000
-2.022605
-2.730389
-0.064103
-0.270833
-0.045455
-0.036364
-0.880263
-0.145000
-3.421792
-0.872771
-0.083333
-0.821264
-1.702460
-6.036414
-3.544702
-3.583142
-0.773205
-2.725899
-4.398297
-0.580128
-0.826178
-0.211111
-2.955228
-1.746208
-1.415898
-2.624165
-0.788039
-0.775357
-3.233674
-2.478740
-2.739625
-2.546997
-0.033333
-0.490833
-0.190000
-4.404996
-0.047917
-5.011761
-1.245629
-3.532141
-3.406630
-3.606168
-3.507167
-4.347095
-2.430239
-0.115000
-2.981103
-0.852796
-0.427833
-3.354345
-2.628774
-0.882659
-2.455199
-2.137382
-0.511282
-1.822048
-3.829700
-0.538086
-2.301355
-3.603991
-3.284149
-3.063336
-6.575458
-3.675536
-3.644147
-2.616897
-1.944175
-1.272165
-0.354091
-0.187500
-0.057143
-2.777327
-0.293333
-0.701613
-1.008196
-3.454772
-3.247011
-3.588921
-2.688152
-0.796595
-1.086667
-0.000000
-3.479993
-3.206549
-2.995420
-1.806353
-0.287500
-3.668148
-3.375834
-3.291507
-0.154545
-1.195542
-0.206410
-3.365596
-2.925062
-0.938257
-3.669676
-2.596290
-3.017807
-1.606013
-0.560556
-0.589615
-3.435080
-1.473083
-4.655047
-1.703168
-0.378750
-0.637359
-3.647733
-3.106530
-2.263040
-2.212740
-3.398197
-0.641538
-0.775827
-3.665945
-3.091097
-1.885058
-0.044444
-0.000000
-1.596178
-2.551675
-0.849954
-0.688278
-3.231374
-3.007134
-2.077661
-1.374233
-1.892161
-2.605340
-0.155000
-0.309722
-1.549812
-1.292950
-3.722517
-3.271282
-1.549874
-3.189610
-3.828723
-0.167949
-0.055556
-0.050000
-4.172243
-0.848909
-1.425468
-0.977835
-1.525918
-2.223437
-1.777533
-1.942979
-1.400321
-0.694872
-3.639379
-4.292408
-4.965809
-1.393267
-3.395562
-4.240147
-2.852392
-0.367361
-3.596553
-2.519561
-2.698843
-0.155000
-4.278510
-0.296167
-0.235897
-1.364895
-1.744668
-0.632766
-1.712168
-2.205161
-0.838492
-0.066667
-2.844147
-2.056424
-2.000583
-2.332037
-0.208333
-3.535491
-4.349199
-1.346881
-1.295830
-0.511970
-2.893424
-0.274074
-3.479626
-0.899142
-1.540299
-0.225758
-1.316682
-0.220370
-0.159091
-0.142857
-0.060000
-1.715397
-0.439048
-1.848083
-0.588333
-2.270798
-1.922858
-1.286894
-0.997880
-0.000000
-3.452554
-3.834718
-1.182092
-0.135714
-1.698828
-1.350232
-2.837010
-0.110000
-2.292980
-1.861632
-5.375161
-3.378812
-0.768571
-0.187500
-2.095557
-0.523485
-0.308333
-0.473889
-3.100404
-3.412697
-3.570843
-1.545635
-0.390278
-1.193452
-1.291446
-0.236364
-4.494319
-1.295064
-2.339173
-1.504407
-0.658611
-2.231493
-3.582434
-0.000000
-1.956076
-1.524162
-0.787788
-3.761496
-1.024316
-3.103422
-3.619124
-2.089247
-3.266898
-3.856157
-1.042634
-0.297619
-2.333360
-0.312821
-1.888599
-1.346151
-6.165113
-2.456654
-0.350000
-4.937200
-4.984503
-0.513030
-3.778216
-2.562347
-3.844757
-4.329632
-0.077778
-0.044444
-1.012980
-0.244444
-3.831600
-2.440713
-5.261767
-1.840491
-3.988487
-3.402448
-2.736877
-3.207707
-0.884306
-3.628028
-4.405980
-1.895868
-0.050000
-4.132310
-0.236111
-0.329167
-0.044444
-3.557134
-0.239103
-3.793170
-3.018206
-2.235109
-3.154567
-0.734103
-0.600000
-4.220627
-4.479914
-0.939768
-3.472570
-3.110331
-3.322571
-1.835892
-1.885034
-1.071733
-2.058650
-0.143333
-1.033132
-0.116667
-3.344764
-0.789762
-2.239200
-0.705675
-3.269399
-2.874422
-1.516911
-2.082300
-1.501007
-2.326954
-1.752496
-0.028571
-3.259422
-2.722573
-1.796021
-0.118750
-0.250000
-0.202564
-0.112500
-2.389688
-0.739048
-0.045455
-3.841227
-3.282995
-0.516923
-2.332783
-0.944312
-3.672482
-2.686693
-3.474441
-2.245143
-1.753142
-1.488406
-1.059747
-0.600556
-3.547412
-3.308401
-3.916537
-2.020245
-1.526553
-2.632515
-0.923016
-2.979278
-0.090000
-2.790557
-1.775342
-4.710491
-0.376042
-1.214512
-2.698652
-0.083333
-1.852240
-1.421709
-0.687912
-4.530680
-3.182745
-4.545650
-4.009003
-3.407763
-4.035581
-2.622645
-3.064638
-0.951019
-1.892680
-3.095557
-1.873277
-1.662012
-1.741166
-2.243521
-0.444815
-1.469240
-2.816510
-2.153401
-1.721177
-1.345577
-0.848466
-3.706460
-4.503328
-0.847821
-3.430300
-2.541580
-1.536597
-2.354880
-0.978221
-0.155000
-2.591181
-0.470833
-4.845460
-3.101489
-5.788634
-0.050000
-0.011111
-2.198004
-0.047619
-3.340611
-3.742531
-0.656885
-1.715363
-0.140000
-3.324225
-0.845201
-2.899220
-0.532500
-1.181970
-2.065929
-2.952717
-0.011111
-0.233333
-0.040000
-1.116490
-4.522320
-0.362879
-0.265833
-1.420663
-3.979054
-3.500380
-2.577472
-0.976003
-0.070000
-1.195338
-0.136364
-1.481035
-0.000000
-1.654321
-2.221884
-1.838026
-1.699261
-0.887728
-1.260127
-0.000000
-3.188097
-0.858294
-2.612213
-0.106250
-1.992518
-2.009848
-0.233333
-0.852741
-3.444186
-3.359108
-1.439327
-2.952824
-2.115421
-3.317960
-0.000000
-1.622929
-1.077654
-0.000000
-3.502004
-3.322779
-2.303160
-2.883291
-1.292071
-4.641230
-3.630149
-2.175333
-2.607619
-1.270067
-5.193268
-0.000000
-1.090147
-0.371410
-1.192822
-3.323380
-2.779048
-0.978839
-0.000000
-3.144456
-2.549433
-1.034462
-3.260878
-0.054545
-0.198485
-0.872639
-1.429885
-2.198521
-1.529164
-0.150000
-1.819597
-2.532353
-0.030000
-0.000000
-1.290293
-1.071260
-0.000000
-3.424934
-2.816401
-1.859013
-2.595786
-3.234194
-2.773097
-5.183230
-2.609079
-2.586085
-2.876485
-0.233333
-0.566124
-0.012500
-3.256079
-3.055751
-3.101702
-0.461154
-0.176923
-2.316750
-2.826524
-3.709261
-0.666486
-3.471019
-2.714777
-3.964950
-2.527358
-2.435056
-0.874655
-2.443121
-2.431417
-0.252273
-3.147673
-2.892830
-1.139493
-0.044444
-3.740879
-1.475668
-0.147619
-3.323456
-1.533365
-0.849421
-2.812000
-0.583919
-0.456061
-0.674028
-0.635455
-0.077778
-2.977715
-0.023077
-5.798053
-2.970937
-3.335333
-0.120833
-0.746795
-4.089032
-1.375020
-3.538821
-3.553363
-1.299545
-3.431135
-0.852155
-2.567433
-2.919096
-1.446838
-4.369374
-4.438200
-0.667500
-6.246413
-3.309568
-1.279511
-3.602420
-2.121141
-1.867119
-1.598012
-0.000000
-3.022707
-3.923585
-0.916419
-0.529833
-2.755194
-0.016667
-3.378932
-1.465130
-0.933715
-7.631843
-0.187879
-2.351689
-2.195619
-1.692358
-0.215000
-3.374931
-0.786829
-3.049313
-0.037500
-0.190909
-3.262445
-0.298148
-1.838378
-3.555812
-2.000731
-1.622732
-0.200000
-3.664003
-0.773077
-1.298607
-0.161111
-3.086293
-1.318123
-1.266191
-0.700939
-3.163217
-2.054772
-2.281020
-1.058095
-3.589415
-2.540253
-4.464282
-1.586252
-5.187529
-6.548344
-3.202894
-4.554157
-3.310805
-1.594799
-3.659077
-2.322476
-1.685919
-2.637987
-2.408019
-1.654994
-1.104802
-0.093750
-3.366516
-3.801699
-1.213226
-4.742405
-4.566188
-3.303681
-5.252848
-2.667342
-1.722565
-3.864064
-1.469950
-2.323581
-0.025000
-3.350488
-1.719218
-3.990830
-1.345949
-0.498077
-0.641154
-3.146393
-3.280161
-0.658919
-0.620714
-0.126282
-3.532968
-1.154480
-0.000000
-1.849750
-1.655901
-1.729290
-2.062722
-0.797208
-1.214195
-2.533722
-0.523194
-3.869997
-3.316403
-2.564184
-2.700790
-3.796822
-1.839017
-0.197222
-0.100000
-3.097353
-0.250000
-0.040000
-2.185478
-0.000000
-3.521412
-2.355726
-2.676796
-0.000000
-3.425941
-4.259029
-3.652471
-3.719638
-1.104950
-1.108627
-0.716021
-3.469911
-0.982977
-1.310914
-0.314286
-3.870963
-1.084675
-1.381889
-2.176469
-3.004551
-3.740594
-2.412943
-3.250399
-4.420949
-3.220776
-0.916548
-0.829327
-0.740923
-3.253281
-2.302919
-1.101346
-0.320208
-3.550256
-0.860617
-1.305801
-2.331611
-4.730365
-0.488472
-1.650935
-0.734979
-3.512928
-1.275572
-0.712932
-3.522392
-1.087302
-1.865856
-1.031758
-3.518808
-4.012992
-2.370576
-2.849744
-0.580737
-0.520833
-0.387500
-3.460978
-0.680263
-0.784753
-0.533968
-3.575125
-1.208711
-1.983051
-0.276389
-3.605906
-1.081981
-1.091080
-2.335636
-0.543333
-1.269501
-3.287126
-4.635550
-2.392419
-3.453920
-0.931082
-1.014299
-2.271398
-0.770876
-2.195877
-5.133285
-3.717614
-3.594516
-2.701881
-1.705222
-2.960382
-3.657025
-0.903715
-1.221289
-0.345833
-3.706967
-2.518985
-2.425978
-2.659796
-1.476755
-3.881879
-3.421505
-0.981314
-2.259171
-0.706753
-1.502230
-4.102153
-3.026845
-0.970335
-2.240014
-0.278333
-3.362424
-5.526924
-1.484212
-0.968171
-0.306250
-3.528196
-0.390778
-1.074453
-2.355915
-1.601333
-3.124473
-2.961666
-3.500845
-2.738662
-1.332035
-1.124673
-3.774780
-0.839825
-1.446056
-0.445833
-3.426891
-0.926402
-2.434609
-2.436471
-3.026043
-0.356944
-3.611538
-2.124514
-1.611152
-0.457143
-2.542356
-3.071650
-1.296756
-0.343333
-3.746711
-1.064736
-1.202184
-1.769705
-1.374047
-3.770025
-1.285468
-0.989022
-1.045090
-0.853770
-3.692818
-2.346157
-1.990936
-2.890233
-0.758167
-0.640844
-5.150149
-5.214834
-2.882548
-3.878544
-1.070705
-0.852152
-0.816630
-3.641206
-3.907642
-4.754082
-1.267608
-4.129142
-1.893432
-3.172090
-1.400624
-1.337099
-3.902115
-0.676212
-0.627333
-0.529394
-3.737303
-0.914953
-1.159862
-1.616845
-5.930821
-3.570623
-6.133009
-1.908985
-0.450000
-3.724940
-2.238251
-1.341229
-1.975164
-2.152729
-0.254545
-3.448466
-1.529224
-1.561528
-0.753182
-3.494021
-1.256883
-2.059832
-0.054545
-3.167699
-2.540898
-1.107088
-2.930362
-4.884540
-2.943234
-0.038889
-2.830880
-3.532687
-3.000101
-1.877712
-1.120354
-2.494230
-0.444231
-0.901223
-3.579800
-1.286397
-1.864272
-0.248333
-1.346664
-0.233333
-3.512942
-0.813125
-0.296111
-3.522541
-1.369189
-0.663667
-0.601260
-3.283835
-2.938314
-2.133860
-0.433333
-3.267337
-0.818968
-1.249596
-2.213728
-0.598575
-0.244444
-3.402782
-2.774037
-1.482753
-3.523952
-2.045370
-1.117176
-0.876190
-3.414266
-5.293331
-2.778610
-3.322743
-0.392424
-4.089232
-3.109059
-3.437536
-2.378973
-3.519558
-1.849690
-0.344028
-2.838292
-1.957670
-0.399861
-0.120000
-3.832198
-2.936478
-1.896725
-3.940279
-3.549966
-0.828056
-0.574500
-0.436071
-0.298485
-0.080000
-0.443750
-0.452361
-0.166667
-3.149792
-1.224177
-1.911147
-1.410609
-0.753462
-3.607772
-1.047735
-1.956075
-1.052084
-1.479513
-3.475246
-0.339583
-0.336111
-3.438199
-3.237434
-2.651759
-1.388683
-0.100000
-3.284877
-0.954258
-0.671923
-0.759946
-0.345139
-3.344450
-3.290783
-2.774157
-4.223558
-2.483144
-0.651944
-0.853639
-0.696429
-4.176887
-1.169351
-3.320060
-1.087061
-3.106272
-0.200000
-3.370962
-2.873980
-1.263121
-1.733393
-3.424867
-2.241382
-0.340000
-3.587074
-4.125228
-0.742037
-3.518014
-2.406292
-1.203528
-2.868701
-1.195845
-1.663666
-0.344048
-3.619848
-0.794579
-1.561380
-2.120322
-3.219652
-3.415529
-1.745761
-0.596329
-0.305769
-3.293369
-2.402724
-2.713116
-3.157173
-1.984814
-3.338338
-0.427083
-1.533765
-3.156754
-0.386111
-1.250628
-0.283333
-3.795871
-2.210930
-1.928381
-0.793797
-2.542914
-1.950855
-0.252564
-0.416944
-3.253835
-1.672609
-2.514116
-1.885657
-0.284028
-3.340821
-0.075000
-0.150000
-1.399655
-3.346666
-3.018231
-1.489624
-2.135712
-0.180000
-3.288920
-0.781419
-0.253704
-2.227949
-1.530069
-1.525482
-4.588218
-6.139178
-2.739862
-3.264929
-2.499973
-3.673687
-1.375921
-2.620037
-2.205978
-0.060000
-3.375757
-1.484138
-2.039456
-1.361948
-2.947396
-1.048604
-1.583242
-4.024847
-2.137168
-2.523507
-1.910445
-5.000765
-0.460556
-0.473667
-3.432795
-5.159081
-0.766650
-3.779380
-1.361775
-4.628170
-3.922863
-0.988754
-0.417639
-2.469577
-3.817936
-2.455055
-0.300000
-4.293846
-0.848254
-3.104814
-1.693212
-1.464739
-0.284848
-3.785656
-1.378750
-5.219147
-5.390836
-2.305663
-3.816342
-0.280303
-0.237037
-4.766735
-1.398721
-5.328189
-0.843224
-3.545726
-3.141000
-0.856052
-0.285417
-3.498165
-2.767527
-0.315278
-1.438964
-0.085417
-1.479458
-3.164424
-5.629358
-3.485135
-3.429604
-3.047069
-0.202778
-1.863651
-0.607325
-0.722232
-3.453530
-3.407168
-3.558505
-4.120639
-3.454452
-2.507834
-2.331966
-0.055556
-3.423415
-1.100625
-2.748017
-1.197973
-0.000000
-3.270262
-2.989269
-1.787219
-1.268371
-0.674121
-1.633975
-3.352248
-0.070833
-2.642239
-0.273194
-0.120370
-0.000000
-1.232074
-0.903264
-2.436194
-1.148602
-1.271334
-0.724817
-3.108943
-3.612775
-0.546061
-3.250289
-3.516746
-3.096509
-0.025000
-3.300693
-2.744974
-0.586026
-4.488014
-0.158333
-0.200000
-0.331944
-0.810498
-3.388282
-3.111009
-3.293369
-2.261831
-3.480310
-1.461370
-0.068182
-2.313566
-2.491795
-1.670866
-0.025000
-2.521636
-1.570738
-1.699330
-1.967815
-1.849231
-1.335526
-0.772308
-3.204574
-0.443846
-2.444407
-1.743918
-1.585252
-0.166667
-5.842444
-3.461303
-2.918648
-0.426852
-0.190000
-3.669337
-0.398148
-2.125453
-2.545330
-1.445474
-0.408611
-2.743908
-0.055000
-0.488889
-4.053671
-3.228448
-2.378470
-0.926879
-1.642738
-1.764403
-1.575255
-0.994863
-0.000000
-3.257981
-3.497617
-3.498599
-4.506302
-1.122671
-3.469941
-0.604632
-1.478543
-0.736450
-3.393795
-2.384005
-3.249024
-3.881076
-0.653520
-1.067915
-3.489955
-1.316050
-1.480435
-0.756944
-0.016667
-2.358916
-5.006544
-1.397320
-3.402850
-3.042659
-1.467904
-0.050000
-3.410135
-3.522371
-4.746058
-1.405134
-3.559904
-2.697217
-0.761719
-2.971672
-1.151331
-2.838951
-0.108333
-2.418115
-0.295455
-3.531841
-4.434887
-1.987524
-3.516580
-3.013177
-0.597963
-0.645417
-3.745900
-0.886366
-0.115000
-3.436002
-2.341330
-3.183679
-1.932523
-6.450131
-4.828584
-3.391323
-1.978752
-2.014842
-1.903385
-1.425332
-1.576411
-1.242116
-1.598056
-1.097953
-0.225000
-2.777099
-2.223212
-0.734385
-0.523611
-3.588857
-3.462039
-3.596027
-2.749179
-0.061538
-0.095000
-0.054545
-2.502863
-2.842558
-0.150000
-0.971100
-5.197456
-0.020000
-0.016667
-1.232791
-1.811047
-1.285411
-0.642573
-3.946895
-2.857356
-0.729258
-0.075000
-3.906557
-3.367416
-3.229588
-3.876172
-3.496774
-5.775670
-1.307661
-0.620255
-0.192857
-3.384869
-0.983072
-2.935230
-1.666614
-0.278333
-0.375758
-0.333333
-0.221212
-3.151880
-0.700698
-2.132300
-0.995342
-3.514226
-3.127972
-3.384783
-1.901610
-0.068750
-3.469693
-2.298511
-2.649730
-3.458428
-0.743439
-3.166827
-1.087798
-4.746941
-0.819784
-0.327083
-3.615077
-1.421944
-1.545886
-0.502083
-1.771507
-2.180815
-3.602188
-2.751998
-2.270565
-4.010592
-0.239744
-0.157143
-2.502437
-2.681200
-2.372781
-0.656000
-4.049310
-2.834638
-2.852629
-1.561304
-0.573194
-1.496174
-6.431130
-0.688829
-4.054350
-2.005805
-5.180686
-2.709627
-1.419709
-2.039232
-3.603933
-1.145625
-1.130869
-1.454629
-3.305017
-1.634694
-1.406324
-3.663648
-0.844127
-0.338939
-1.373803
-3.889842
-2.643284
-3.702104
-0.323667
-0.000000
-3.878490
-3.247582
-2.450447
-4.116831
-0.600641
-3.430185
-2.174472
-3.082855
-0.219231
-1.149647
-0.515256
-3.302241
-3.050213
-6.231237
-1.113826
-3.871059
-2.270062
-1.620541
-0.657718
-0.092857
-3.547127
-2.749855
-0.828913
-0.137500
-3.314378
-1.799842
-0.932222
-3.163322
-2.004701
-1.039938
-5.351218
-2.167028
-3.704234
-1.758610
-1.189707
-2.043758
-4.396747
-0.488333
-2.025417
-0.422727
-0.050000
-2.134278
-0.506944
-2.801326
-0.133333
-3.523717
-0.000000
-1.838315
-0.824505
-0.000000
-2.993644
-2.455369
-1.355486
-3.221564
-0.331481
-0.664112
-3.740093
-4.406696
-3.368051
-3.516835
-0.429744
-3.792674
-0.940549
-0.609722
-5.609673
-1.464110
-1.081972
-3.599067
-1.298330
-0.674545
-1.486031
-0.000000
-3.575828
-2.933621
-1.439297
-0.816061
-3.919086
-1.107256
-2.193766
-0.879292
-2.560664
-0.148148
-0.441212
-0.242424
-5.926647
-3.541008
-1.864205
-2.974772
-3.165411
-0.622698
-2.269432
-0.144500
-0.347222
-0.156944
-1.716225
-3.594851
-3.548621
-1.719002
-2.001255
-1.110903
-0.723590
-2.603168
-3.988156
-2.338593
-0.396806
-0.075000
-3.338101
-2.934139
-1.579128
-2.529470
-0.538472
-0.971807
-2.930955
-2.876247
-2.639738
-3.546038
-1.674506
-2.807407
-0.891447
-3.493318
-3.923102
-2.588427
-3.206958
-0.636026
-2.176767
-3.448301
-1.852210
-1.923944
-1.221499
-3.464081
-1.895597
-0.834026
-0.461667
-3.691997
-3.512737
-2.381241
-0.194444
-0.975291
-2.948653
-2.046551
-0.315625
-3.035498
-1.230048
-2.755818
-3.065267
-2.735195
-1.472580
-2.069974
-2.176664
-0.880288
-0.652125
-3.437844
-2.951556
-1.915751
-1.821262
-0.498194
-5.810302
-0.255303
-0.785147
-3.178950
-4.697386
-2.971961
-1.252239
-1.409180
-2.054331
-1.409095
-1.484421
-0.100000
-3.430748
-1.586336
-2.755180
-0.120000
-3.439682
-0.423519
-0.235185
-0.779487
-2.537518
-0.339167
-2.897684
-0.714359
-3.881077
-0.100000
-3.400297
-3.975256
-2.152593
-0.611355
-0.336667
-1.253052
-0.228333
-3.305006
-4.125689
-0.866154
-2.381644
-2.661436
-4.103697
-3.468222
-1.663744
-1.735597
-4.038515
-5.373466
-0.281818
-3.722666
-2.974306
-2.374077
-0.496214
-0.643939
-3.166262
-4.112983
-3.317189
-0.923514
-1.634095
-2.327440
-0.336667
-0.786667
-4.064771
-2.750358
-4.928651
-4.532845
-1.052937
-3.273476
-3.506531
-4.430068
-0.814057
-1.279727
-2.090250
-3.659908
-2.114179
-5.395053
-2.427128
-1.818484
-3.645521
-1.978203
-1.857034
-1.111563
-1.914369
-1.697702
-0.738718
-3.626168
-1.851889
-3.038640
-3.685980
-3.509057
-2.261951
-0.297619
-0.646260
-2.703805
-3.755311
-0.345370
-1.264122
-0.279167
-0.400000
-2.000413
-1.519424
-1.133281
-0.000000
-3.489724
-4.111655
-3.410966
-0.848595
-0.150000
-1.783918
-1.847504
-3.341993
-1.334911
-2.642145
-0.667146
-4.308980
-4.934002
-0.750330
-4.921177
-0.560128
-3.299084
-2.896034
-1.816825
-2.345886
-1.653393
-1.798255
-0.200000
-2.257581
-1.607398
-1.803395
-4.693195
-0.085000
-2.366741
-1.516946
-3.733608
-2.543356
-2.715637
-5.076212
-0.208333
-4.005693
-0.287121
-0.514359
-3.556313
-3.587651
-2.077742
-2.311292
-0.393939
-0.596885
-3.245449
-3.479319
-1.561917
-4.296053
-0.027273
-0.367000
-0.216667
-5.909079
-3.233670
-3.411778
-1.624838
-2.638389
-2.502072
-2.336555
-0.132292
-3.450957
-3.138038
-0.838889
-3.569506
-2.960825
-3.041530
-0.483485
-0.360833
-0.643718
-3.164760
-2.132483
-1.682841
-0.732778
-1.866777
-0.384091
-0.212500
-0.050000
-0.851532
-2.687475
-1.321257
-1.715805
-0.000000
-2.085306
-1.125053
-0.031250
-3.203040
-2.302465
-4.924049
-3.726294
-2.831637
-2.653905
-2.381135
-2.463469
-0.457879
-0.714732
-0.000000
-3.449057
-2.744383
-1.938592
-2.964611
-0.775714
-1.464515
-3.364397
-1.046775
-2.757897
-2.084969
-2.280060
-3.009034
-3.485581
-1.628399
-0.481111
-0.849946
-3.430656
-3.331344
-1.575006
-0.104167
-0.154167
-3.197826
-0.914726
-1.998240
-0.260000
-0.746409
-1.531736
-0.325694
-3.972835
-2.710710
-1.385185
-2.123202
-0.795181
-0.081250
-3.139364
-1.563614
-2.454944
-3.893882
-1.723601
-0.677839
-3.612807
-3.076781
-1.654287
-0.201852
-0.269444
-0.755897
-3.629322
-2.825419
-2.040007
-0.754593
-3.763453
-0.016667
-0.221212
-0.129167
-0.112500
-3.566239
-0.400000
-0.790522
-1.872289
-3.066323
-1.139953
-2.516585
-0.000000
-0.646052
-3.469017
-1.927234
-0.055556
-2.502459
-0.172222
-2.515110
-0.045000
-5.951534
-3.532470
-2.985668
-1.584230
-3.051741
-0.611468
-0.300000
-2.865455
-2.119339
-1.511056
-2.235397
-1.258218
-1.125722
-3.558767
-3.292412
-2.939022
-1.616598
-1.427308
-0.857034
-0.025000
-3.461557
-2.016327
-2.138819
-0.012500
-2.274289
-1.441120
-3.969497
-0.020000
-0.009091
-0.075000
-0.010000
-0.118750
-2.510781
-0.020000
-2.362671
-2.185526
-0.000000
-0.000000
-3.306670
-3.106271
-1.442996
-0.161111
-3.293514
-0.786667
-1.697497
-1.225119
-2.776673
-3.520974
-0.086364
-0.234848
-2.403460
-2.109358
-0.020000
-3.136830
-3.019733
-3.028489
-1.667322
-3.516370
-0.000000
-0.550278
-0.464359
-0.747411
-3.346601
-1.383849
-0.033333
-1.039647
-3.292093
-0.619329
-1.327073
-3.771097
-1.593711
-2.309245
-3.066063
-1.245467
-2.707007
-3.404894
-3.609061
-1.167451
-1.614288
-0.203333
-3.682271
-2.563007
-1.822555
-2.373576
-0.979679
-1.997934
-5.531673
-0.888694
-3.406781
-2.676599
-1.742011
-3.491712
-2.280669
-0.842963
-3.602686
-2.357472
-3.487324
-1.480446
-2.413651
-6.573592
-2.221786
-1.446589
-3.808038
-1.390628
-1.234974
-1.628889
-0.161111
-4.235361
-0.425000
-3.199472
-3.773354
-0.456667
-1.471422
-2.893736
-3.067643
-2.519748
-0.011111
-2.461352
-3.219296
-2.173246
-0.829599
-3.150199
-0.000000
-0.000000
-1.927027
-0.978614
-0.645641
-3.043877
-3.006784
-2.773482
-4.981987
-3.131993
-0.705417
-3.221483
-3.575885
-3.350680
-2.892868
-2.716553
-1.139381
-0.008333
-2.919663
-3.177748
-0.205833
-4.751301
-1.297175
-0.320833
-1.779188
-3.481737
-3.539435
-0.981243
-0.027273
-2.988781
-1.264606
-2.885826
-0.118182
-0.720000
-2.588519
-0.038462
-3.077945
-3.915671
-3.688202
-0.100000
-3.115903
-3.934239
-1.659167
-0.059091
-0.197222
-1.749133
-0.723829
-3.388758
-2.829357
-3.035566
-1.428831
-1.057555
-3.147721
-0.060000
-3.898860
-0.336806
-0.218182
-0.050000
-2.186529
-1.485724
-1.567467
-1.163459
-1.740845
-1.411033
-0.725128
-3.609577
-2.691070
-1.918431
-4.052803
-3.957998
-3.721901
-2.756730
-2.400181
-0.520513
-0.033333
-3.391972
-1.411430
-2.165279
-0.211905
-3.410098
-3.094237
-2.989386
-0.755595
-1.619151
-2.923090
-1.460750
-0.000000
-3.407210
-2.421376
-0.823248
-0.030000
-0.025000
-2.801880
-0.285185
-1.805214
-1.214960
-0.038889
-0.028571
-2.416649
-1.252402
-1.627540
-2.731412
-0.000000
-1.095496
-0.000000
-3.015570
-1.117437
-1.714499
-1.022394
-4.065766
-3.105761
-0.077273
-1.857699
-1.557203
-3.623098
-0.265278
-3.938528
-1.810435
-3.735576
-3.438510
-3.264447
-1.986383
-0.592436
-0.177778
-3.994547
-3.368898
-3.006420
-2.217817
-0.317308
-0.028571
-1.074688
-1.202048
-0.085000
-1.050661
-1.289706
-2.496319
-2.907044
-0.896025
-2.545746
-1.947242
-1.708810
-1.015731
-0.000000
-3.475579
-2.729474
-2.782570
-1.442875
-0.433597
-0.266667
-3.490928
-1.084650
-3.281070
-0.562308
-0.062121
-3.503686
-3.140335
-6.036100
-0.549904
-1.319327
-0.237963
-0.148333
-2.319173
-4.248035
-0.835403
-3.123552
-4.367518
-4.427191
-0.172222
-3.032804
-1.144200
-2.078499
-3.233037
-0.197222
-0.060417
-0.250000
-1.442758
-0.158333
-1.034481
-0.111111
-1.854018
-2.809452
-1.202408
-1.948216
-0.772917
-0.050000
-3.523751
-1.806707
-1.024178
-0.066667
-2.166124
-2.118412
-1.204805
-1.529404
-2.127151
-2.749897
-0.159091
-0.511227
-0.250000
-0.113636
-0.100000
-1.900057
-0.725641
-2.100990
-2.038289
-1.579316
-1.076531
-0.000000
-3.304570
-1.559084
-1.197787
-0.983968
-2.433432
-1.560588
-2.182525
-2.816911
-0.261111
-1.558024
-3.241046
-1.487836
-5.654638
-1.261970
-0.531500
-0.145455
-3.426133
-2.531152
-3.004493
-0.984628
-0.143750
-0.258333
-1.726422
-1.351218
-0.306061
-1.665381
-0.022222
-1.038096
-1.969070
-1.744644
-0.849087
-0.897388
-0.016667
-3.685681
-3.878268
-1.598857
-1.544048
-4.122654
-0.340385
-1.143773
-2.148916
-3.059373
-0.529732
-0.120833
-4.128715
-1.210797
-3.178355
-3.444835
-2.663158
-0.153030
-0.800516
-0.111111
-3.340325
-1.646575
-0.127778
-2.862289
-0.373077
-1.145504
-4.499335
-3.528009
-1.759640
-2.364087
-2.500926
-0.315385
-0.100000
-0.703462
-2.182566
-3.535930
-2.390976
-2.080832
-0.799765
-0.083333
-0.000000
-1.911682
-1.572435
-0.611795
-3.358226
-0.720586
-1.280645
-2.745781
-3.725962
-1.499289
-3.374870
-3.209208
-2.057102
-1.383636
-0.338889
-3.722504
-1.222778
-3.206811
-1.073358
-0.297436
-0.201667
-2.433522
-1.657091
-1.598607
-0.143333
-3.115560
-2.945117
-1.921512
-3.272865
-1.674603
-2.814867
-1.051207
-0.733352
-3.463433
-1.583509
-2.834930
-3.568186
-0.468056
-3.925421
-3.781718
-3.431285
-3.623810
-1.504918
-0.455000
-3.143754
-2.116836
-0.219697
-2.296751
-2.481597
-0.171212
-2.966785
-2.409532
-0.212037
-2.377445
-0.917695
-1.829600
-3.720899
-2.152941
-1.640645
-0.075000
-3.422611
-2.807285
-2.344543
-3.628206
-0.220370
-1.562139
-4.172829
-0.303333
-1.767549
-0.150000
-2.196494
-2.859914
-3.331628
-0.656667
-0.193750
-3.741677
-1.489828
-0.137121
-2.967285
-1.189111
-1.989143
-3.524533
-3.548014
-2.534664
-2.689818
-2.637977
-0.133333
-1.673583
-1.070833
-2.328240
-0.336364
-0.806511
-3.377229
-1.280592
-0.190000
-2.241906
-1.726741
-3.224456
-4.951871
-0.938801
-3.462756
-4.307676
-2.205040
-0.179167
-4.977795
-2.841396
-2.383354
-0.323718
-3.278881
-1.364979
-0.162121
-2.887801
-0.242361
-0.927313
-0.388462
-4.020023
-4.417911
-3.552453
-1.928557
-1.982060
-3.534141
-0.159091
-1.918327
-1.193117
-2.800018
-3.574195
-4.581754
-0.810278
-3.407464
-4.180565
-0.775503
-2.228813
-3.449583
-4.523208
-3.602184
-1.067377
-1.353755
-2.400495
-0.618590
-3.023554
-3.348220
-2.402197
-3.565813
-1.062534
-3.096025
-3.594206
-0.434722
-1.055355
-5.477997
-0.642093
-3.460373
-2.826493
-3.399905
-3.239537
-4.239926
-0.320833
-0.426667
-0.077778
-1.639206
-2.850968
-3.018696
-2.436797
-2.024212
-2.368849
-0.118750
-3.326971
-4.745701
-0.928846
-2.196558
-0.333333
-3.211566
-4.259622
-1.330957
-3.373553
-3.398053
-1.919108
-4.250358
-3.243399
-5.396632
-0.955327
-3.411319
-3.890985
-3.652605
-2.018111
-0.847307
-3.268612
-3.728803
-3.403705
-3.890589
-2.935255
-2.125528
-2.072563
-3.362617
-3.560554
-1.025498
-3.503827
-3.478074
-1.061761
-4.000190
-0.362821
-0.204545
-0.555625
-2.988673
-3.368539
-3.266720
-2.955244
-1.637199
-3.212093
-3.486396
-0.200000
-0.203704
-3.352704
-2.986879
-1.357829
-0.450000
-0.584697
-3.755123
-3.281046
-4.824612
-3.955167
-3.244920
-1.698999
-1.997305
-0.657741
-1.594986
-5.036506
-1.689011
-4.396892
-0.100000
-3.204150
-1.966402
-0.352564
-2.676087
-1.631454
-2.212468
-0.181818
-3.277342
-1.281040
-1.270086
-0.642083
-3.033261
-2.636183
-2.659990
-2.913396
-1.873244
-6.072682
-0.714306
-3.393943
-0.843159
-1.266972
-0.283333
-3.446734
-2.572227
-2.506699
-3.671746
-3.895888
-2.503668
-0.487424
-3.254162
-2.014390
-1.448159
-0.110000
-3.786355
-2.057286
-2.073923
-2.847758
-1.999918
-1.864176
-2.279869
-1.125999
-3.238522
-1.468527
-1.364179
-1.051610
-2.482575
-2.132725
-2.087914
-1.756695
-1.446628
-0.691148
-3.464431
-0.939544
-2.294490
-0.887692
-0.995476
-6.200824
-0.118750
-0.264286
-2.229990
-1.532749
-3.909416
-3.384403
-0.751099
-1.551845
-1.865445
-1.624590
-0.751026
-0.000000
-3.589747
-3.305578
-1.047173
-0.183333
-3.200864
-0.706194
-0.727879
-1.285653
-1.169103
-2.348173
-0.939719
-1.695238
-2.716558
-2.063971
-0.060000
-1.287482
-1.221399
-1.908846
-1.551218
-1.514453
-0.926499
-0.000000
-3.188095
-2.665665
-3.964461
-5.047492
-1.026443
-3.356559
-0.784332
-2.214189
-0.824892
-0.502179
-1.735257
-2.115712
-1.145043
-3.337806
-0.225000
-1.284401
-0.744270
-1.143414
-3.302560
-3.140107
-1.862029
-4.399149
-3.425454
-3.013816
-2.042230
-1.515657
-2.625016
-0.413194
-3.488144
-4.152033
-1.306775
-0.979742
-0.726772
-3.455000
-3.175584
-3.600386
-1.656381
-1.663005
-2.381928
-4.129599
-5.204794
-2.534682
-1.918743
-2.639751
-0.203846
-0.216667
-2.928385
-2.013470
-1.821971
-3.652947
-1.586718
-0.389861
-0.835427
-3.181624
-2.765326
-0.245000
-0.226667
-3.678944
-2.128273
-1.458566
-1.237460
-0.070000
-3.179640
-2.617236
-2.391085
-4.570456
-0.243750
-1.369676
-4.338288
-0.854393
-1.447884
-0.150000
-2.432743
-2.216858
-0.583636
-0.822612
-1.641010
-0.265000
-3.177380
-3.263301
-2.049175
-0.857391
-0.227273
-0.195000
-2.584967
-3.434191
-2.408507
-1.693747
-1.562316
-0.125000
-2.576109
-0.060000
-2.528057
-0.083333
-2.320433
-2.768030
-3.667328
-3.329137
-3.293046
-2.025066
-2.314560
-0.320000
-3.376798
-1.736656
-0.637917
-1.302926
-3.206388
-3.194107
-0.245833
-0.731357
-3.762512
-0.946704
-0.219792
-2.730061
-0.556944
-2.251870
-3.048357
-0.304762
-1.295067
-3.266004
-3.136165
-4.823119
-1.137456
-0.222727
-0.832711
-0.878727
-0.672312
-3.706346
-1.523172
-2.777595
-4.463745
-1.035934
-3.551608
-2.601935
-1.713189
-0.189744
-0.472222
-0.464394
-3.295959
-0.757024
-2.088573
-1.428382
-0.866612
-0.250000
-0.525266
-3.162453
-3.021618
-0.551429
-0.914560
-3.496774
-1.690482
-2.698007
-1.143828
-2.087652
-2.901099
-3.024747
-3.569627
-2.082224
-0.803757
-2.173263
-0.642083
-1.285391
-0.602662
-1.652542
-3.727371
-1.614279
-3.474506
-1.503072
-2.541650
-3.988843
-3.172606
-3.131234
-1.211359
-3.270415
-2.897726
-1.045799
-3.261429
-2.686700
-2.550934
-0.558333
-0.000000
-3.487596
-0.485278
-4.493155
-6.472646
-1.992094
-0.150000
-3.662340
-2.591411
-0.868492
-0.552937
-2.993791
-0.133333
-3.555602
-1.717853
-1.870011
-0.336111
-0.634708
-2.077598
-2.736732
-0.459028
-4.653170
-0.753006
-3.296942
-2.122244
-0.752174
-0.677253
-2.819556
-2.461448
-2.496016
-0.839012
-1.344133
-3.708299
-2.012137
-1.170004
-3.164729
-0.656528
-2.963984
-1.246703
-0.936007
-3.737630
-1.064332
-0.570000
-2.815840
-3.627631
-0.000000
-3.248392
-3.593996
-2.169916
-1.687985
-4.221715
-2.150739
-0.579167
-1.689186
-0.227361
-3.079511
-2.858302
-1.039924
-0.286364
-0.806270
-0.324359
-2.181994
-3.656460
-1.515987
-1.585156
-0.238462
-1.000220
-1.298399
-3.930452
-0.674359
-1.420938
-3.733845
-0.484028
-1.242982
-3.303452
-2.950322
-2.399627
-2.183689
-2.993417
-3.325489
-1.771879
-2.001940
-3.179091
-0.966433
-0.384848
-2.256998
-0.312821
-2.518931
-1.335917
-3.223214
-2.929069
-1.064756
-1.717263
-2.160524
-0.565385
-4.346056
-0.994888
-3.465178
-3.581308
-2.203591
-1.220627
-0.465833
-7.801385
-0.250000
-2.853804
-2.668562
-1.420134
-0.077778
-3.708414
-3.606827
-1.844084
-1.247528
-0.233333
-1.406782
-1.335427
-3.531614
-0.672673
-3.665513
-1.207124
-1.316913
-0.937103
-2.815240
-2.557813
-1.860200
-2.599020
-0.293939
-0.438718
-0.488077
-3.537545
-3.229786
-3.598381
-0.063636
-1.418401
-0.525606
-3.465601
-0.847919
-0.295833
-3.100628
-4.126619
-1.027598
-3.502113
-4.703352
-1.485457
-0.027273
-1.906236
-0.111111
-4.917633
-0.218182
-1.975231
-0.066667
-0.728150
-0.055556
-2.897421
-2.075630
-1.726313
-1.596516
-1.323774
-0.728150
-2.612487
-4.028662
-0.163636
-0.966148
-2.067523
-2.592859
-1.213967
-1.662382
-0.171528
-1.017259
-3.400856
-3.594620
-0.288889
-0.028571
-3.293907
-3.187562
-1.373041
-2.553540
-1.656128
-1.065238
-0.115000
-3.685948
-1.412939
-3.618058
-1.850543
-0.550694
-0.000000
-3.471163
-2.587416
-0.542359
-3.469510
-1.432612
-0.764210
-0.640128
-3.670778
-2.031516
-0.789439
-3.479562
-2.231548
-4.996893
-2.784878
-0.253205
-0.590952
-5.867744
-1.698264
-5.235587
-0.574583
-3.657513
-3.228165
-0.666270
-1.381796
-0.050000
-3.600280
-1.562219
-2.707637
-1.356367
-0.273611
-0.044444
-2.674693
-1.493370
-0.062500
-1.558735
-2.380585
-1.413282
-2.044220
-1.395947
-1.238611
-1.686535
-1.356616
-0.733889
-3.081779
-2.457529
-0.183333
-1.893425
-2.612657
-0.173611
-0.083333
-1.767262
-3.542879
-3.306655
-2.843732
-1.972709
-0.204167
-3.702097
-2.342685
-1.436536
-2.606888
-1.147410
-1.234753
-2.624242
-4.213132
-1.355201
-1.974779
-2.583247
-0.555913
-0.239394
-4.321045
-3.306396
-2.852916
-2.818329
-3.725180
-0.133333
-0.959954
-4.057882
-0.632500
-0.699197
-3.605827
-1.265354
-0.159091
-0.844394
-0.806505
-1.291230
-1.409538
-1.827385
-0.673829
-2.052238
-3.478565
-1.778293
-2.066786
-3.206739
-0.042857
-2.242626
-0.822385
-0.000000
-3.519766
-1.086698
-2.764494
-0.569390
-0.751877
-3.475704
-2.408749
-4.301948
-2.295756
-3.637742
-2.481286
-1.552071
-4.452198
-0.033333
-4.744020
-0.514872
-3.221561
-1.629945
-2.600021
-1.344783
-6.391283
-0.478205
-3.337222
-2.852088
-1.405206
-0.000000
-3.224742
-1.259912
-2.535008
-2.213567
-0.172222
-3.636683
-4.242384
-3.506830
-2.331559
-3.311708
-4.078054
-0.255556
-1.377313
-1.579645
-3.035811
-1.599762
-0.054545
-2.477820
-0.150000
-0.899246
-0.724825
-3.462953
-0.869524
-0.900644
-0.111111
-3.129060
-2.520414
-2.062185
-0.316667
-3.693343
-1.810668
-3.321171
-0.837125
-3.426500
-1.961876
-1.403847
-0.728974
-1.003416
-1.047493
-3.142181
-1.122311
-1.545412
-4.410351
-3.732779
-0.655357
-1.219438
-0.090000
-2.989120
-1.578051
-0.879220
-0.668793
-3.387330
-0.455201
-0.612436
-4.594751
-0.175000
-2.569378
-3.133194
-1.424541
-1.547323
-0.578750
-2.931818
-3.693719
-2.575750
-3.505152
-0.617728
-0.536190
-0.112500
-3.398854
-2.971479
-1.341412
-0.112500
-0.560694
-3.302134
-2.541006
-1.664436
-1.340107
-1.690625
-3.007300
-1.532792
-0.086364
-3.370130
-3.710773
-0.275758
-0.506026
-0.824319
-1.151040
-0.133333
-3.421094
-0.614615
-2.713007
-0.041667
-0.413889
-1.120647
-2.001895
-1.017468
-2.636198
-2.952965
-3.609228
-3.306422
-0.920030
-1.461624
-2.143003
-1.863799
-1.701301
-2.692546
-2.472546
-0.413333
-2.498695
-0.655167
-0.155556
-4.185799
-3.283981
-3.893502
-0.337500
-3.122039
-0.299500
-0.125926
-0.272222
-0.797821
-1.298416
-0.554103
-0.722867
-2.842524
-1.540481
-2.247112
-1.087278
-1.715282
-0.941809
-0.789176
-3.468318
-0.786667
-2.801367
-0.230000
-0.286667
-1.710702
-0.050000
-0.131944
-1.432715
-0.072222
-0.050000
-0.818472
-0.424615
-2.677366
-1.989894
-1.595258
-1.013791
-0.000000
-3.549154
-3.524930
-3.428728
-1.769410
-0.724028
-0.692778
-1.283587
-2.071692
-2.019532
-4.106364
-1.458838
-1.720393
-0.265278
-0.121429
-0.772325
-2.997888
-1.859060
-0.626667
-1.432241
-0.094444
-3.030539
-3.220602
-1.627804
-0.100000
-4.214200
-2.834473
-1.099097
-3.565055
-1.448841
-1.569841
-4.267192
-1.869073
-0.063636
-3.233117
-0.400000
-2.940288
-1.841254
-0.989789
-0.204545
-0.092857
-3.437661
-3.204881
-0.294872
-4.876280
-1.820930
-0.354762
-0.858214
-3.897636
-0.728310
-0.136364
-3.848842
-1.222639
-0.723618
-2.844251
-0.100000
-3.425147
-2.867980
-2.335749
-2.027108
-0.500972
-0.927239
-3.311647
-0.693370
-2.822888
-2.036379
-2.140170
-0.206667
-0.978142
-0.033333
-3.058116
-4.250151
-1.441198
-2.742707
-1.852223
-2.178504
-0.000000
-4.027236
-0.814834
-1.926777
-2.232213
-0.611538
-0.070000
-0.066667
-2.398353
-1.043248
-1.465232
-0.804306
-3.276857
-3.537606
-0.806187
-1.175632
-3.117898
-0.192308
-3.020596
-0.140909
-0.262500
-0.298718
-2.139300
-2.720664
-4.044759
-1.123304
-3.556129
-2.690699
-1.101043
-1.199027
-2.007054
-4.104563
-0.605152
-2.913856
-3.386425
-0.462179
-1.323496
-1.329053
-0.092308
-0.061111
-1.588378
-2.716963
-0.109091
-0.853614
-2.113122
-0.968144
-1.320519
-2.081465
-2.225110
-1.697142
-1.091432
-0.000000
-4.046004
-2.828856
-1.853276
-0.691528
-2.318437
-0.769835
-1.854031
-1.278895
-0.140909
-0.075000
-0.033333
-0.085000
-0.000000
-2.186583
-1.685295
-1.927400
-1.465892
-0.610586
-3.742555
-1.776136
-3.096097
-0.556111
-0.223788
-3.240967
-1.593745
-0.694368
-0.790256
-2.621371
-3.674040
-1.021591
-0.219231
-0.180769
-4.125140
-2.939616
-3.794206
-0.712692
-0.333333
-1.086997
-2.694322
-2.725556
-0.227778
-1.667948
-3.328836
-0.775278
-0.926928
-0.158333
-3.535758
-3.066520
-2.265609
-1.988681
-0.380238
-3.773704
-5.578686
-0.063636
-2.323857
-0.018182
-3.561955
-4.927158
-1.552871
-5.442887
-3.360028
-4.082799
-3.879725
-3.078197
-0.262500
-1.453831
-3.552917
-1.635371
-0.200000
-2.548136
-3.352516
-1.347881
-3.959804
-2.708749
-2.757193
-3.690417
-0.362821
-0.961151
-3.364259
-3.790052
-2.058449
-0.828736
-2.572368
-2.940639
-0.813800
-1.516321
-3.287461
-1.621167
-2.362615
-3.514337
-2.643337
-0.586852
-3.203578
-1.153028
-2.861727
-3.161574
-0.979381
-3.648308
-4.726006
-1.288419
-1.140235
-0.000000
-3.157784
-0.875617
-0.040000
-0.977589
-2.984824
-0.653684
-0.081818
-0.170000
-0.829142
-0.000000
-3.515197
-2.250185
-0.834107
-1.591029
-4.709104
-4.138352
-1.139009
-0.025000
-3.777564
-0.193939
-0.037500
-0.654658
-1.302933
-1.522247
-2.060883
-1.963152
-1.029481
-0.642253
-3.647956
-0.599359
-1.711923
-0.131944
-1.918661
-2.713437
-0.961725
-3.445619
-2.654283
-2.170875
-0.929396
-1.624127
-3.720212
-0.000000
-0.000000
-1.336251
-1.044507
-0.000000
-3.763962
-4.289894
-0.948791
-0.128571
-3.348011
-0.395128
-0.173333
-1.467490
-2.662145
-4.484811
-3.813152
-1.631934
-0.206944
-0.134615
-0.066667
-0.100000
-0.150000
-0.018182
-0.000000
-0.000000
-0.949826
-3.291747
-2.841578
-2.242880
-0.000000
-0.000000
-3.403387
-2.645116
-2.265309
-2.098245
-2.742229
-0.440625
-2.038180
-1.169013
-3.421310
-2.004894
-1.994206
-1.214463
-6.326185
-0.290833
-1.020413
-0.596484
-1.730573
-0.150000
-3.242879
-1.422515
-3.913556
-3.247036
-1.382704
-3.980429
-0.027273
-0.202778
-3.307832
-1.222635
-3.374752
-3.370213
-1.551464
-2.571435
-3.084318
-1.387600
-2.157814
-2.012132
-0.166667
-0.161111
-0.572510
-2.611404
-1.923244
-2.001899
-1.170536
-1.923152
-1.597775
-1.072912
-0.000000
-3.664349
-2.633615
-0.349359
-0.516250
-3.323047
-0.530238
-0.109091
-2.368178
-2.304495
-0.450000
-1.809560
-3.639796
-1.062053
-2.249995
-2.038722
-0.300000
-3.060425
-0.252778
-1.073392
-3.632980
-0.721475
-2.793543
-1.460467
-0.141667
-2.776595
-1.854488
-0.225926
-0.181818
-0.036364
-2.251082
-2.100660
-1.269683
-1.233615
-2.160635
-1.429428
-1.214624
-0.000000
-3.583575
-2.965389
-1.877675
-2.441646
-0.278333
-2.361852
-1.446742
-0.213542
-1.222100
-0.669102
-2.622968
-2.554778
-0.788437
-0.161538
-0.888391
-0.216667
-3.099034
-1.522048
-1.788168
-0.383333
-1.719463
-1.194742
-3.627377
-2.878746
-0.346806
-2.680228
-1.581641
-2.581356
-0.849826
-3.553344
-1.310808
-2.671281
-3.221670
-0.338889
-0.150000
-2.518935
-2.409123
-0.495913
-2.671026
-0.697894
-3.222746
-1.500874
-3.917014
-0.371212
-3.718208
-1.685758
-3.623746
-3.463016
-3.697540
-0.675221
-0.116667
-4.494834
-0.333333
-0.274167
-1.205129
-4.240923
-3.513051
-1.861219
-4.249167
-3.230720
-3.714876
-5.107844
-3.272929
-2.218780
-2.281815
-1.180050
-2.535676
-0.265000
-0.394167
-0.622292
-2.642152
-2.388229
-1.340421
-1.064246
-0.182639
-2.581897
-1.844884
-0.589603
-2.503262
-0.355556
-2.910328
-0.848254
-1.164054
-0.206250
-0.140000
-0.183333
-5.069551
-1.223155
-3.110331
-1.444442
-3.328035
-1.067338
-1.099807
-1.981671
-0.284630
-2.916998
-4.386120
-2.998652
-2.867097
-3.990066
-0.719639
-3.000636
-0.275758
-0.646287
-2.913781
-2.297559
-1.663249
-1.575033
-1.795176
-2.804487
-0.184722
-3.319378
-2.145803
-2.132866
-3.069959
-0.859596
-2.006214
-1.086154
-4.204717
-0.050000
-0.740681
-3.180864
-2.268787
-0.812762
-0.222727
-2.074938
-1.890167
-0.672949
-0.849669
-0.237121
-3.398694
-3.406182
-1.116548
-1.832148
-3.200671
-0.860199
-1.838741
-1.433656
-0.140000
-3.352017
-1.398289
-3.513208
-1.029673
-1.036383
-0.091667
-3.531613
-2.589828
-1.191855
-0.125000
-4.412103
-1.421306
-3.334994
-3.403188
-3.672943
-1.195526
-0.636502
-1.368400
-0.090000
-3.292080
-2.674319
-0.902995
-1.310671
-1.836496
-0.312121
-3.029332
-0.967113
-3.116860
-1.821914
-2.296075
-0.689048
-1.684396
-0.902414
-1.756736
-2.462147
-3.478174
-3.356757
-3.825929
-2.238128
-1.195784
-3.459274
-3.547960
-0.849137
-1.787578
-0.960203
-0.445139
-2.037392
-1.835908
-0.210000
-3.348388
-1.441114
-0.959365
-0.568056
-3.144740
-1.118229
-1.686739
-0.564028
-1.509221
-2.898898
-0.801151
-0.838886
-1.669425
-2.975909
-1.573230
-1.513022
-2.223894
-3.189345
-3.127848
-1.291788
-1.122652
-1.024110
-3.282592
-2.052914
-0.775774
-2.131028
-2.036565
-0.574598
-0.433333
-4.212121
-3.517170
-2.657247
-1.566904
-1.946730
-3.066228
-2.885955
-1.895907
-3.025116
-2.353212
-1.989649
-2.464268
-1.325612
-0.553148
-3.609926
-1.126516
-1.556025
-0.127778
-3.545065
-1.091167
-3.823698
-2.524194
-0.750000
-3.547038
-3.199497
-1.152954
-0.403030
-3.184183
-4.688092
-6.092948
-0.815972
-2.795983
-0.242308
-3.888281
-0.882461
-1.547061
-0.622083
-1.556037
-3.392247
-0.419231
-1.580001
-3.309991
-3.924706
-2.328752
-3.120163
-3.866171
-1.624179
-3.763346
-0.864454
-3.522530
-3.223292
-2.705405
-0.166667
-3.176029
-3.755674
-3.016704
-2.805547
-0.161167
-5.239329
-0.399231
-2.782402
-2.675792
-2.369130
-0.335926
-1.808510
-2.912118
-0.625394
-0.240909
-3.493431
-3.232933
-0.229167
-0.188333
-3.338263
-2.456365
-2.040775
-4.276111
-0.260185
-3.497949
-2.354204
-3.306529
-2.133048
-2.811541
-0.268519
-0.819150
-4.421275
-4.191393
-3.585180
-0.326458
-1.390740
-3.465947
-2.033263
-3.442974
-2.866847
-3.543160
-0.951609
-0.175926
-3.596399
-1.825629
-0.227778
-3.722949
-4.529859
-0.538117
-3.412751
-0.218519
-2.340025
-1.206423
-3.317287
-1.985502
-2.059191
-1.859699
-1.637590
-2.075660
-1.807524
-1.386481
-3.363387
-0.716538
-3.440795
-0.254167
-0.233333
-1.371907
-1.625476
-2.313046
-3.419223
-2.737867
-0.791862
-0.436364
-0.695241
-2.917587
-2.859354
-2.268908
-2.142098
-2.774964
-1.344003
-0.516944
-0.075000
-1.264055
-2.524500
-4.185518
-1.983188
-0.623472
-3.473267
-4.171524
-0.383333
-0.642996
-0.000000
-3.387224
-4.658491
-0.613472
-2.148698
-1.359329
-4.420995
-2.019834
-1.618330
-0.529861
-5.167190
-4.287955
-0.367308
-1.562643
-1.560693
-1.487591
-2.344119
-1.653228
-0.000000
-2.950324
-4.374849
-3.261992
-1.457003
-1.149126
-0.138889
-3.491077
-4.374468
-3.270477
-0.343205
-0.448611
-3.423856
-1.787154
-2.559999
-0.789231
-0.170833
-0.296154
-1.308284
-1.274636
-1.311467
-1.606647
-0.551538
-1.442225
-3.593344
-0.979969
-2.910531
-5.132167
-6.157417
-6.311476
-1.955150
-2.199592
-0.000000
-1.332028
-2.538808
-0.675029
-2.910656
-2.544274
-2.248646
-3.603464
-3.100923
-0.975075
-3.990169
-0.993757
-3.186916
-2.767439
-3.603837
-3.327570
-4.766247
-0.833086
-1.528544
-0.230556
-0.827727
-2.445800
-2.593228
-2.515307
-2.238865
-2.230064
-6.088102
-1.092941
-0.355556
-0.231818
-1.269395
-1.734550
-1.337850
-0.915533
-1.715658
-2.021673
-1.075647
-1.129549
-0.000000
-3.022777
-1.210299
-2.003597
-2.128362
-1.550303
-3.236847
-0.750049
-3.075815
-0.177778
-1.994122
-0.300000
-3.593858
-1.167162
-1.899432
-1.660578
-0.083333
-3.244121
-2.349826
-1.017831
-1.259722
-3.390510
-1.508860
-1.545337
-0.658278
-3.043511
-1.276059
-1.363963
-0.482222
-3.255378
-1.291162
-1.932398
-0.618889
-0.881786
-0.813257
-3.549931
-0.650453
-0.787361
-3.157623
-1.633875
-0.815748
-2.684866
-0.178571
-1.697095
-0.164815
-3.435029
-2.609665
-1.350640
-4.612604
-3.236698
-1.805197
-1.257295
-0.980566
-3.271423
-1.302219
-1.437818
-1.721625
-1.425133
-4.502523
-3.201563
-2.229885
-1.004295
-2.679948
-0.442778
-0.865980
-0.758872
-2.705664
-4.376571
-3.290931
-3.168819
-1.170689
-2.482641
-1.528720
-0.891563
-1.661195
-0.737292
-3.212848
-2.571635
-1.676495
-2.167311
-3.785974
-1.758122
-0.719821
-1.604866
-1.730712
-0.956607
-1.126868
-1.601759
-1.249035
-2.092726
-1.701370
-1.854733
-1.289851
-0.628462
-2.992346
-0.662131
-1.725549
-2.934008
-1.309098
-0.991939
-0.300000
-3.133304
-1.988279
-0.210417
-1.818302
-0.729176
-1.115159
-2.027741
-2.544791
-1.785330
-2.126698
-3.114084
-1.612523
-3.482737
-1.974751
-4.550304
-4.196676
-3.533052
-1.043631
-0.696270
-3.225118
-0.725476
-1.220155
-1.561744
-1.311304
-3.173492
-0.655374
-3.071862
-1.630404
-1.769150
-2.244810
-1.710209
-0.768268
-2.705791
-0.350000
-2.064901
-3.327551
-1.128517
-0.593986
-2.667040
-1.618271
-0.150000
-0.100000
-1.626176
-2.089050
-3.070295
-1.689098
-1.288561
-1.243123
-3.479519
-0.758386
-0.988978
-0.842735
-0.871190
-1.611399
-3.299414
-1.356443
-1.347505
-2.825288
-1.140119
-1.341389
-0.714112
-2.433199
-3.351177
-0.627778
-2.199358
-3.055411
-0.301667
-1.611208
-2.468939
-3.548830
-2.786463
-3.783495
-4.748906
-3.362658
-1.090888
-1.359638
-2.358575
-1.428607
-2.578006
-3.129396
-3.261791
-3.280268
-1.558332
-4.988544
-0.468750
-0.510556
-2.307928
-0.737833
-0.326190
-3.274756
-3.225946
-3.238798
-4.360375
-2.221047
-2.412374
-0.118750
-3.457704
-4.057450
-1.510090
-5.016182
-1.297389
-3.079309
-1.616820
-4.912748
-3.975823
-0.193939
-5.162596
-0.859888
-0.708077
-3.835337
-4.133360
-2.342753
-0.453974
-0.667436
-3.393999
-3.188050
-1.056603
-0.269048
-0.181944
-0.040000
-2.303254
-0.378030
-2.335497
-3.614928
-2.734784
-2.294731
-0.180000
-1.361873
-2.342187
-4.446590
-1.139545
-3.368734
-3.452620
-0.617639
-0.315278
-3.530809
-2.397684
-0.625556
-0.553496
-3.679906
-2.293122
-0.629176
-1.268554
-3.711217
-1.893581
-0.405556
-0.316667
-3.748194
-0.805363
-1.964519
-3.044499
-4.275455
-3.638607
-2.147202
-2.561576
-2.275995
-3.148491
-0.112500
-4.913915
-3.665332
-2.013092
-3.146174
-2.390121
-3.695434
-0.350000
-2.110450
-3.408891
-3.011252
-1.228668
-2.112108
-0.626410
-2.093202
-3.662505
-3.735628
-0.850936
-3.735665
-2.199634
-0.722698
-0.352500
-3.764010
-1.656227
-0.511538
-0.570427
-3.277387
-2.383183
-0.779505
-0.978659
-3.484033
-1.905767
-0.594487
-0.688065
-3.497778
-2.249186
-2.710982
-1.199431
-4.638532
-3.487044
-0.979719
-4.044083
-3.094130
-5.916528
-3.524450
-2.403137
-0.747143
-0.125000
-3.588678
-1.388349
-2.529574
-0.872900
-3.135945
-2.929886
-1.556160
-3.446166
-3.262599
-0.767222
-0.041667
-3.342996
-1.413511
-3.357205
-3.374583
-0.860367
-3.699630
-1.925917
-1.649444
-3.473453
-0.868791
-3.820700
-1.024002
-0.112500
-2.993844
-1.760513
-0.550000
-0.595095
-0.334848
-1.379715
-3.834894
-2.194027
-2.379406
-4.717810
-0.613968
-3.877200
-2.264034
-3.534497
-0.358704
-0.426282
-3.420315
-2.579552
-0.759385
-0.775152
-3.583013
-1.289167
-3.338504
-1.969112
-0.570855
-0.668974
-4.499680
-3.465757
-2.113873
-1.820267
-2.535457
-0.954079
-0.807189
-2.880991
-3.794919
-2.205738
-2.898721
-2.002654
-5.600534
-2.014249
-3.127479
-1.436456
-3.383605
-0.220833
-0.110000
-3.162563
-1.959026
-1.440857
-0.615769
-3.277374
-2.494192
-0.936071
-3.701369
-3.168173
-0.612949
-0.229167
-3.349285
-3.234265
-2.223230
-3.217224
-1.654248
-1.084135
-0.050000
-3.602388
-0.983032
-0.025000
-3.168371
-0.105000
-3.465380
-1.446667
-2.858497
-1.961227
-4.761161
-0.716868
-0.340972
-0.532179
-0.236111
-0.177564
-5.184943
-0.613194
-3.332519
-0.850966
-2.339318
-0.400000
-0.763022
-3.576564
-1.261445
-1.950872
-1.577389
-0.786502
-1.368484
-0.867452
-3.360681
-1.923516
-3.932534
-2.003878
-1.603037
-4.133326
-0.448333
-3.396703
-1.291954
-1.989627
-3.027856
-3.611868
-4.327836
-2.081995
-3.327192
-1.164819
-1.934880
-4.463517
-0.077273
-1.640329
-2.436597
-0.133333
-1.304687
-0.916485
-0.214286
-0.873294
-1.844708
-1.508635
-0.854358
-0.061111
-3.316571
-2.771960
-3.073380
-0.045455
-5.017749
-2.145567
-0.539583
-3.273844
-3.137290
-0.529368
-3.415683
-1.383060
-0.497778
-0.960983
-3.284118
-0.743194
-2.485098
-0.111111
-0.403278
-1.972912
-0.868056
-3.197960
-2.347158
-1.757497
-1.920655
-2.506740
-0.033333
-1.789488
-1.104133
-1.779184
-0.684177
-2.096575
-2.275991
-3.808706
-0.036364
-1.189194
-1.891927
-1.322701
-0.804057
-2.974526
-1.284904
-0.131818
-0.856633
-0.828552
-3.423314
-1.503574
-2.296488
-0.072727
-0.923215
-5.381925
-0.025000
-2.384506
-0.023077
-0.166667
-6.190217
-6.027404
-3.497787
-4.341650
-1.440448
-0.058333
-1.241448
-0.123077
-4.364421
-1.913616
-1.101776
-2.411720
-0.896166
-1.843707
-0.125000
-1.585950
-2.684187
-1.056356
-1.270965
-0.663194
-4.020625
-1.281991
-2.222888
-2.287769
-0.158333
-0.307576
-0.494560
-0.643611
-2.829555
-3.228614
-1.171306
-3.743311
-1.603994
-0.054545
-4.174475
-3.000625
-1.904528
-0.054545
-3.715855
-4.266009
-3.448825
-1.015464
-0.221795
-0.537051
-0.257125
-1.634446
-3.924675
-3.730643
-0.950952
-3.043790
-4.546970
-5.463931
-3.091902
-0.087500
-3.069522
-0.173485
-0.093750
-3.391854
-3.611026
-2.522982
-1.442496
-3.563172
-1.669254
-0.284167
-0.618846
-3.229337
-0.131250
-3.531240
-3.256006
-1.275894
-1.109477
-0.085714
-3.071104
-2.244356
-2.472594
-1.785385
-1.788125
-0.136364
-3.675980
-1.751901
-1.414603
-1.280281
-1.775149
-2.517936
-0.359028
-0.229167
-0.391667
-1.804130
-1.461723
-0.107143
-1.923809
-0.012500
-2.411637
-1.526510
-0.845143
-0.697949
-3.352391
-0.815201
-0.045455
-0.569242
-3.922022
-0.206944
-0.236111
-0.350000
-0.267949
-4.597796
-0.050000
-1.717349
-1.010322
-1.095000
-0.988303
-0.000000
-3.534602
-1.365671
-1.899343
-1.777485
-0.772005
-1.706545
-2.986481
-0.055000
-0.087500
-0.045455
-0.100000
-3.955064
-0.083333
-2.449759
-1.512335
-1.858914
-1.081397
-0.728501
-2.681894
-1.865456
-0.610897
-0.000000
-3.511155
-1.653203
-1.474643
-2.172074
-1.112937
-0.137500
-0.162500
-0.366944
-0.460000
-0.709714
-2.794654
-2.760306
-0.732083
-0.080000
-0.056250
-1.906890
-0.655998
-1.559703
-2.493931
-0.041667
-0.677051
-1.486185
-2.411309
-1.362101
-1.935852
-1.313090
-0.744432
-0.000000
-3.609194
-1.415505
-1.329921
-2.600251
-2.059133
-0.191026
-4.559918
-0.892098
-3.357429
-2.688695
-1.914334
-3.434961
-0.448343
-3.618961
-0.669697
-1.549744
-3.219611
-1.078824
-0.298333
-3.489895
-3.205695
-3.241231
-0.150000
-3.201275
-3.095184
-0.327083
-1.336059
-0.410556
-1.171320
-4.618423
-1.670150
-3.429405
-3.954205
-4.146368
-1.832618
-2.623888
-3.940982
-3.181570
-3.248949
-0.907515
-3.627890
-1.540375
-1.794898
-0.060000
-3.631528
-2.310744
-3.085763
-1.464311
-0.000000
-3.357947
-2.627561
-1.861946
-4.878142
-0.308333
-3.214236
-4.033969
-2.414162
-3.338524
-0.054545
-2.701774
-1.536123
-0.071429
-3.744209
-3.207963
-1.865725
-0.050000
-3.657453
-5.845582
-3.904824
-0.115385
-5.083293
-0.904633
-3.491489
-4.103474
-7.255599
-1.432873
-2.883885
-2.494213
-1.470977
-0.085714
-3.477220
-1.353505
-0.912608
-0.598333
-3.496496
-3.693114
-1.530321
-3.670040
-0.642639
-2.066421
-0.081250
-0.524306
-3.787141
-0.100000
-0.322222
-0.000000
-2.208903
-1.507540
-1.697885
-1.142082
-0.000000
-3.854220
-3.067668
-0.694719
-0.529167
-3.404887
-2.101768
-0.898340
-6.948691
-0.987888
-3.574615
-2.877893
-1.240591
-2.835643
-0.268590
-3.758465
-1.233110
-3.933257
-2.585611
-2.472835
-0.444444
-0.000000
-3.256346
-3.351374
-1.539233
-2.544473
-4.637448
-4.013782
-2.474152
-2.995204
-1.210642
-2.995634
-2.397556
-5.624242
-3.230052
-3.612285
-0.196154
-1.015540
-2.521446
-3.243723
-0.793233
-2.161033
-2.395413
-1.996881
-0.436111
-0.220370
-2.938563
-0.100000
-0.964643
-1.531934
-1.034117
-0.000000
-3.838719
-4.453042
-1.016324
-2.129953
-0.206250
-4.529808
-1.415239
-3.069374
-2.697585
-0.653611
-0.450000
-1.030148
-1.337939
-4.008219
-0.412500
-0.396667
-2.242086
-3.338719
-3.286775
-4.259882
-3.107568
-2.822172
-1.917693
-2.375857
-0.237500
-1.709157
-3.147052
-0.468939
-0.284091
-0.907183
-3.710500
-1.069139
-2.274062
-4.146370
-0.450972
-0.213636
-0.305000
-3.651600
-3.591515
-3.471838
-1.984755
-2.203090
-2.709208
-1.550628
-0.140000
-1.893169
-0.448788
-0.116667
-3.171990
-1.413417
-0.091667
-1.597592
-0.087500
-1.721476
-0.424583
-3.253602
-1.113030
-3.331774
-1.698209
-0.613704
-0.450556
-0.223611
-1.341195
-3.887875
-1.346949
-1.789818
-0.530556
-3.679192
-0.183333
-1.748961
-3.526631
-4.704232
-1.334529
-1.041869
-0.612766
-2.050943
-0.307121
-3.948661
-1.604129
-3.424673
-3.351090
-0.757259
-3.491853
-2.747143
-1.463798
-3.322104
-4.244440
-3.340963
-0.440385
-1.024127
-3.085842
-1.175065
-5.008941
-0.312407
-0.179167
-1.603679
-3.305508
-1.396787
-2.362149
-1.672615
-0.254167
-3.522922
-0.650971
-3.416843
-2.431296
-0.246389
-3.305196
-0.037500
-2.440443
-1.346889
-0.100000
-0.000000
-3.572191
-2.150573
-1.835013
-1.234045
-0.691065
-1.477703
-0.531250
-0.923605
-3.339914
-1.305256
-2.487130
-0.093590
-0.426538
-1.990635
-2.003124
-3.190586
-1.602141
-3.442430
-0.090278
-3.724466
-3.554112
-1.869679
-2.410220
-2.608893
-1.807759
-3.204242
-2.186614
-4.028148
-3.244527
-2.359929
-2.204770
-3.869391
-2.663576
-3.487302
-4.285496
-1.496960
-3.970035
-2.930882
-4.442150
-3.363558
-0.653203
-3.936730
-0.839521
-3.932544
-1.794539
-3.280958
-3.094461
-0.387424
-3.817456
-0.696154
-3.441180
-3.372093
-2.451272
-2.626633
-2.307137
-2.206023
-4.881729
-1.643927
-4.530153
-3.600357
-3.545228
-2.229990
-2.181299
-3.302225
-2.274727
-3.918363
-3.620559
-1.996782
-3.235897
-1.938646
-3.067518
-2.794812
-1.914340
-0.662273
-1.974827
-1.458973
-0.742464
-3.467221
-2.441054
-4.810392
-2.127605
-2.368829
-3.478745
-3.570403
-4.450045
-3.909900
-4.420147
-0.936752
-3.389767
-2.597062
-0.300000
-2.315141
-1.565213
-1.244736
-0.000000
-3.487679
-3.672913
-3.974359
-3.422188
-3.114028
-0.679815
-3.809683
-2.267513
-2.844044
-0.815896
-2.907817
-2.974972
-3.336755
-4.251005
-1.170817
-4.158844
-2.959237
-3.190967
-2.850114
-1.250555
-2.745664
-2.440834
-3.182230
-3.640605
-3.036647
-3.291863
-4.140808
-3.584578
-3.084988
-3.872531
-1.813303
-2.713237
-0.304167
-6.004233
-6.677129
-2.493147
-4.074790
-0.496667
-2.700235
-1.943591
-1.595809
-1.789471
-1.758435
-1.368898
-0.730417
-3.656489
-2.015409
-2.771687
-4.285297
-2.623122
-4.311865
-3.777549
-3.624960
-2.640278
-2.963333
-1.643719
-0.561852
-3.402093
-1.916670
-1.931976
-1.167549
-2.961762
-3.238993
-3.009096
-3.276284
-1.449932
-0.638229
-2.009779
-3.387618
-3.843277
-3.964813
-2.857302
-3.809198
-3.400481
-3.287768
-2.883215
-4.052852
-3.657240
-2.403762
-1.939988
-4.165142
-4.319052
-3.558144
-3.556382
-4.109364
-3.950450
-1.918770
-1.251835
-2.012278
-1.305767
-3.896077
-3.459627
-2.062499
-1.117948
-2.657535
-2.154185
-1.543373
-1.747767
-1.042323
-0.706749
-3.804891
-3.744697
-3.087968
-3.156461
-3.039514
-2.201459
-4.855467
-3.469496
-3.534359
-3.911085
-1.279922
-3.486509
-3.374948
-3.284456
-4.241805
-2.383660
-4.443430
-1.659628
-4.082948
-3.614796
-1.795361
-2.006373
-2.055171
-1.510151
-1.056508
-3.855266
-3.127045
-2.644907
-3.066830
-2.956342
-0.841667
-1.319584
-0.788175
-3.004776
-3.401420
-2.295508
-4.068138
-2.901970
-2.456389
-2.692637
-1.295948
-1.200536
-3.380576
-0.787718
-0.764630
-0.680218
-3.876212
-0.780428
-0.666667
-1.029385
-0.620833
-0.494815
-0.887500
-4.029146
-3.953225
-3.822409
-4.291234
-3.440541
-2.520966
-2.011498
-2.985162
-2.430046
-1.622173
-0.222727
-1.556077
-0.100000
-0.720467
-0.721885
-4.101621
-1.668263
-4.277923
-0.622222
-0.686121
-2.302825
-2.006285
-0.125000
-0.873382
-0.000000
-3.731912
-4.220445
-2.783974
-1.473865
-4.058251
-2.464944
-1.394143
-3.086933
-0.920018
-0.050000
-3.220702
-4.124533
-1.378747
-1.453561
-0.072917
-1.742055
-2.643021
-4.105680
-0.565000
-2.215993
-3.160040
-1.354033
-2.770509
-2.500860
-3.340155
-0.072727
-3.211864
-2.491567
-0.782460
-3.378176
-0.729350
-2.383362
-0.113636
-0.168182
-1.138664
-1.715105
-2.552129
-2.414715
-0.095833
-1.462802
-2.068889
-0.000000
-1.391296
-1.059060
-1.580698
-1.071261
-0.000000
-3.875959
-2.677943
-3.834953
-1.992406
-3.191140
-6.459010
-1.818412
-3.569316
-1.438858
-3.302581
-3.744115
-1.119896
-3.380390
-2.226114
-2.793980
-0.306250
-0.120000
-3.576263
-1.047601
-1.381645
-0.340278
-0.572242
-0.050000
-0.171212
-5.661272
-3.541705
-2.795143
-2.017730
-4.209788
-0.446389
-1.194848
-3.137615
-0.750250
-0.130000
-0.712509
-3.554940
-0.014286
-0.050000
-3.297257
-4.927739
-3.405512
-4.164138
-3.830721
-4.084528
-1.879016
-2.017689
-2.054392
-1.297915
-0.181944
-3.144745
-1.412681
-1.814893
-0.110000
-0.227778
-3.428738
-4.199139
-1.737273
-4.307558
-0.962824
-0.055556
-4.015721
-0.040000
-0.037500
-2.398527
-2.059209
-1.267195
-0.609906
-0.373810
-3.144021
-3.478568
-1.190575
-3.872420
-2.798442
-3.410773
-3.431808
-3.763450
-0.891935
-2.221956
-0.717970
-0.685275
-3.358443
-0.885852
-2.361384
-3.283735
-1.086779
-3.329331
-4.008758
-0.431667
-4.673605
-0.209722
-0.216667
-0.324306
-1.079445
-3.474540
-0.904739
-0.050000
-1.452083
-2.622206
-0.321410
-0.275000
-3.680693
-1.781082
-2.252129
-2.754776
-0.044444
-4.126175
-0.854456
-4.295821
-2.820440
-3.213269
-0.713500
-0.702915
-2.047478
-2.275678
-0.061111
-1.625135
-1.594130
-1.281242
-1.459552
-2.809554
-0.030000
-2.601425
-1.208393
-0.867103
-1.414464
-0.967453
-0.000000
-3.526690
-3.120651
-3.256881
-0.613472
-3.196617
-1.635410
-0.212821
-0.020000
-3.550165
-1.139470
-2.168372
-0.154545
-0.000000
-3.100201
-1.638292
-3.521525
-2.068990
-5.049884
-2.858804
-0.736636
-1.697149
-0.050000
-3.378222
-2.424256
-2.217684
-1.027134
-0.734463
-2.614031
-1.899549
-0.448030
-1.134331
-2.758651
-0.339394
-4.834224
-0.155000
-0.450641
-3.091426
-1.577056
-2.020072
-3.756533
-0.014286
-6.419954
-3.289719
-1.803574
-0.860112
-2.736956
-5.205851
-2.048199
-0.009091
-2.821692
-3.006631
-2.872964
-1.044831
-2.666693
-0.216667
-0.190909
-0.040000
-0.845357
-0.000000
-3.267634
-1.373172
-3.389812
-0.718082
-0.069231
-0.130769
-0.090000
-0.050000
-3.231682
-1.403853
-2.052568
-0.025000
-4.226901
-0.188462
-2.025356
-3.096861
-1.613613
-3.340758
-0.718654
-0.366250
-0.429744
-0.164815
-2.439806
-3.903977
-1.693927
-4.465026
-0.200000
-2.288551
-0.191667
-0.120833
-1.436849
-0.535980
-1.856204
-0.198485
-0.824881
-0.014286
-3.275834
-1.559025
-3.562828
-0.304487
-1.595338
-1.036413
-2.299264
-0.699231
-2.413370
-0.197222
-1.634125
-0.072727
-3.315499
-1.937201
-1.844384
-1.847716
-1.433492
-0.646996
-3.682926
-2.555670
-1.528068
-3.236034
-0.552000
-2.882352
-3.013915
-2.253860
-3.234570
-2.177435
-1.653416
-1.956233
-0.190278
-0.673333
-2.792858
-1.075390
-1.557556
-5.199424
-3.665188
-1.201991
-1.355408
-1.754750
-2.155757
-1.993215
-0.060000
-1.613858
-0.000000
-0.000000
-2.075111
-0.158333
-0.389167
-0.020000
-1.100813
-1.628829
-1.203109
-0.000000
-3.096815
-3.560570
-2.841248
-1.279104
-0.293056
-1.944760
-3.432186
-0.066667
-0.075000
-2.251979
-3.074554
-0.993175
-2.701738
-0.367424
-1.622247
-1.827225
-1.329193
-0.667051
-3.876713
-1.900027
-0.727880
-0.033333
-3.509174
-3.381253
-3.312292
-4.284276
-4.065420
-3.536874
-0.830698
-1.329561
-0.404167
-0.050000
-3.516432
-2.210401
-1.713310
-0.699496
-1.443781
-2.171523
-3.204195
-0.186364
-0.650412
-2.093919
-3.529823
-3.457384
-0.040909
-3.749049
-2.112349
-1.624681
-1.937763
-4.786387
-3.717332
-2.685342
-1.470004
-2.640589
-0.621250
-3.099527
-1.199903
-1.681939
-0.094444
-3.456052
-4.777625
-0.865443
-1.775387
-2.408458
-0.162500
-0.341667
-0.170833
-0.137500
-2.428554
-3.645241
-3.086769
-2.978458
-0.000000
-3.133149
-1.274001
-1.408644
-0.722576
-3.993725
-1.530211
-4.211325
-1.390067
-3.933060
-2.243836
-2.956779
-6.126514
-0.123611
-0.068750
-1.029585
-0.761117
-3.692034
-3.087466
-1.371367
-0.121795
-0.050000
-3.564065
-3.007323
-2.827056
-0.906997
-0.213636
-0.108333
-0.135000
-0.351389
-0.333333
-0.245370
-1.507590
-0.437407
-3.390629
-1.017088
-1.530780
-2.888586
-0.155000
-0.159091
-3.316482
-4.987442
-4.011126
-3.757078
-3.648495
-1.248909
-3.216156
-1.729961
-0.827890
-4.199952
-1.059802
-3.548800
-0.050000
-1.919964
-0.264697
-0.235833
-0.169697
-0.133333
-2.811812
-1.848658
-2.187900
-0.111905
-2.300413
-2.019821
-1.604313
-0.685223
-0.000000
-3.491033
-1.574893
-3.587927
-2.084954
-5.202519
-3.961966
-0.615139
-3.516215
-1.085401
-2.649232
-1.895746
-0.252083
-0.760565
-0.306250
-0.399615
-6.030550
-3.335863
-2.089324
-1.012052
-0.014286
-3.784163
-1.545859
-4.275904
-2.130013
-0.363485
-0.483636
-1.270402
-3.178337
-3.278208
-1.156654
-3.726829
-1.873147
-1.860912
-3.865537
-3.329273
-1.913595
-2.675476
-3.120785
-1.138717
-2.981890
-0.063636
-1.602964
-2.375698
-1.021104
-1.932824
-0.011111
-3.707127
-2.794002
-2.289484
-1.000092
-0.267361
-3.637718
-1.538499
-4.290062
-3.063198
-3.170137
-3.812745
-3.451712
-4.659320
-1.557248
-0.704107
-0.445417
-3.529541
-4.256163
-2.117036
-0.360417
-0.181818
-0.920560
-4.108033
-0.357308
-2.259336
-3.485025
-3.220346
-2.989201
-1.797376
-0.158333
-3.417469
-1.913501
-0.662531
-0.300000
-3.630204
-1.562133
-2.389646
-0.361364
-2.161887
-1.399792
-2.152763
-0.908986
-0.186364
-3.304290
-3.625819
-1.766713
-3.403509
-1.319265
-2.729529
-0.290278
-0.982582
-3.161497
-3.130156
-4.825368
-0.291667
-0.150000
-1.295773
-1.354660
-1.394588
-1.146196
-0.706044
-3.307087
-3.616334
-0.805946
-3.060234
-0.775403
-1.977390
-0.222727
-1.252427
-2.236670
-1.719803
-4.024918
-1.177216
-0.100000
-1.416660
-0.868361
-1.406550
-1.113607
-0.000000
-3.080304
-3.276287
-1.927711
-1.951763
-4.101800
-5.812238
-3.658567
-1.682571
-0.912493
-3.421826
-0.572361
-3.202443
-0.179167
-5.449879
-3.758020
-2.723563
-2.942735
-0.739974
-2.675712
-0.128571
-2.833254
-1.760161
-0.350000
-1.546196
-3.580322
-1.445894
-1.067766
-2.073922
-1.979949
-1.699932
-1.250597
-0.756154
-3.104498
-0.950030
-0.227778
-2.318099
-2.012241
-5.034554
-5.537913
-3.228766
-3.837342
-0.953478
-0.208333
-1.319029
-2.514080
-2.022253
-0.175000
-2.117505
-2.570441
-3.169648
-1.396974
-3.021586
-2.335295
-1.743879
-1.729569
-5.460280
-3.391451
-2.848569
-1.108306
-1.946282
-0.126042
-3.559378
-2.714417
-0.835747
-4.061191
-0.591578
-0.235714
-3.587904
-3.751742
-1.257076
-1.801198
-0.075000
-3.353542
-2.585824
-1.680840
-1.159397
-1.166527
-1.348438
-4.833446
-0.407778
-0.406818
-1.541414
-3.560033
-3.638990
-0.727222
-1.879554
-1.357382
-0.225926
-3.557601
-1.619184
-2.687874
-2.559317
-1.651332
-1.401660
-0.109091
-3.092097
-2.838483
-4.528399
-1.646254
-2.947028
-1.457668
-4.436823
-0.537500
-3.502649
-3.671359
-2.224397
-1.765669
-1.339888
-1.408419
-1.761278
-1.919049
-2.670103
-3.863973
-0.100000
-0.194444
-0.000000
-4.156323
-4.617548
-3.357505
-1.834101
-2.967488
-0.525606
-1.535319
-0.612163
-2.373011
-1.188722
-0.131481
-3.399848
-2.556374
-0.850095
-2.995025
-0.544802
-1.229762
-3.002803
-0.150000
-3.285223
-3.763643
-1.421101
-2.756603
-0.212500
-0.060000
-1.271735
-1.484465
-0.634231
-0.869515
-3.380689
-1.171505
-2.753107
-0.120000
-0.128571
-1.340564
-0.934716
-0.558043
-3.390184
-2.830201
-3.664017
-1.941981
-1.016580
-1.111548
-1.726754
-0.447051
-0.802274
-3.597189
-1.744741
-3.594150
-0.254167
-2.418976
-2.281901
-1.571881
-0.169444
-3.182448
-3.467456
-1.800338
-4.423093
-0.316667
-0.797539
-2.717986
-0.840898
-0.804924
-1.828123
-2.167340
-1.759976
-2.119115
-1.666034
-1.990307
-1.149818
-0.955661
-0.000000
-3.630835
-2.861138
-0.761200
-3.234701
-2.553222
-1.323740
-4.433643
-0.403846
-1.015275
-3.344991
-1.255961
-0.063636
-0.900761
-4.250883
-0.376818
-3.572333
-0.712564
-2.286834
-0.196154
-4.290136
-3.506793
-2.265896
-2.017005
-1.156843
-1.782981
-0.876637
-5.290492
-0.983680
-1.283358
-3.281994
-1.453968
-0.064286
-2.496121
-3.501062
-2.855946
-3.245528
-2.584464
-1.241799
-3.027259
-1.202149
-3.348229
-2.782097
-0.187500
-1.331441
-0.200000
-2.313503
-0.191667
-1.547901
-4.798890
-6.767116
-3.232549
-2.407403
-3.714322
-0.261111
-0.243182
-2.988884
