-4.456814
-2.907094
-1.478952
-0.250000
-3.957731
-2.974844
-2.163438
-2.031572
-1.965959
-0.543929
-0.546212
-0.215385
-4.288942
-3.429748
-3.207268
-4.569879
-2.723240
-0.394048
-0.235417
-2.482964
-0.450000
-3.730522
-1.000064
-0.100000
-1.752812
-2.082099
-0.255128
-0.203846
-4.011897
-0.314286
-0.830769
-4.103535
-1.985561
-2.100252
-0.453333
-0.121429
-0.219872
-0.204545
-4.307058
-2.968561
-0.668104
-3.442203
-0.446667
-2.627171
-2.504644
-2.163106
-3.210013
-1.016139
-0.375972
-2.313039
-0.232879
-2.060074
-1.656495
-0.284231
-2.118036
-0.932448
-1.511651
-3.338692
-1.963012
-3.217747
-0.333333
-1.588743
-4.242380
-1.672528
-0.348214
-0.921300
-3.757269
-1.130818
-1.085156
-1.026841
-2.546554
-0.084615
-0.511667
-0.075000
-0.108333
-2.300722
-1.377940
-2.190525
-2.220161
-1.557431
-1.030532
-2.109305
-1.571978
-0.095000
-1.562313
-4.265957
-2.337522
-0.100000
-0.085000
-0.809940
-1.754226
-1.471391
-0.695476
-2.219489
-0.356410
-1.679959
-2.259093
-0.476429
-0.104167
-0.116667
-0.126923
-1.400003
-0.195000
-1.763555
-4.214067
-4.844042
-0.387179
-2.159498
-0.751538
-1.834282
-2.900010
-0.479444
-2.872629
-0.150000
-1.366228
-0.063636
-1.190477
-0.644487
-0.694048
-0.646484
-1.445953
-2.081739
-0.618214
-2.399927
-0.042308
-0.000000
-0.717985
-0.000000
-3.946179
-1.773223
-1.923309
-3.199983
-0.690809
-3.032288
-0.778565
-1.242524
-2.077556
-1.297595
-2.154748
-2.222392
-2.930231
-3.069060
-3.425348
-0.903566
-3.807609
-2.077997
-0.934585
-5.112939
-1.891474
-2.108398
-0.000000
-4.009524
-1.518974
-1.911102
-1.219170
-2.051625
-1.330365
-4.047469
-2.945230
-3.469392
-1.909071
-2.462976
-2.859648
-1.054019
-1.828985
-3.203679
-1.700838
-0.694051
-2.354337
-2.392194
-0.313889
-1.240635
-0.745893
-4.067034
-2.112974
-3.722454
-1.059550
-2.096029
-3.171449
-4.827799
-2.741810
-2.253676
-0.708599
-3.669350
-4.430655
-1.299634
-1.838917
-3.890276
-1.200653
-1.396809
-0.798929
-3.467237
-1.147012
-0.157143
-3.362878
-2.775847
-0.989562
-1.013648
-1.671958
-1.826459
-2.391817
-3.963819
-0.141667
-4.083978
-1.988531
-2.620766
-4.346587
-0.445774
-0.140476
-0.338077
-1.920820
-0.515139
-4.324053
-0.185417
-2.017959
-2.230446
-4.499670
-1.400044
-2.259145
-2.199854
-1.985571
-0.239394
-3.537078
-2.968771
-3.929138
-3.885395
-1.149954
-4.345445
-0.827873
-0.776377
-1.023214
-0.262500
-3.742033
-1.995907
-3.309585
-3.371159
-1.603431
-1.382845
-3.390509
-2.559572
-0.821923
-5.463917
-2.975297
-0.200000
-3.833482
-3.027001
-2.419293
-0.677199
-2.592316
-4.377242
-4.193341
-3.908517
-1.776487
-0.699966
-0.269028
-6.363128
-4.675267
-0.310256
-2.546726
-0.250000
-2.755006
-4.415977
-1.412102
-5.026813
-3.210319
-0.943001
-0.419444
-1.672485
-4.837202
-1.886613
-4.151138
-3.262033
-1.936647
-4.425550
-1.359516
-1.269640
-2.634954
-0.707051
-3.042414
-2.430294
-1.100000
-3.108004
-3.396828
-1.837483
-5.835104
-2.236938
-0.150000
-3.084864
-3.094722
-1.412443
-3.020408
-0.261538
-0.000000
-1.688307
-0.588974
-2.608112
-0.120833
-0.667402
-0.209524
-0.306250
-1.502831
-3.334845
-2.352569
-1.419213
-0.301389
-1.738425
-1.727555
-0.165385
-2.122110
-1.129783
-1.302943
-1.153022
-0.128571
-2.980332
-0.596154
-2.227224
-3.351628
-4.446182
-2.328204
-1.839391
-1.250266
-1.587212
-0.230952
-2.142886
-0.371154
-0.378571
-2.013938
-3.201168
-1.139923
-0.449359
-1.932829
-0.244643
-5.228953
-0.383590
-2.933010
-1.034512
-3.798225
-4.568854
-4.026459
-3.110326
-0.587436
-1.938568
-0.304762
-1.610985
-1.299835
-2.890284
-2.479049
-0.686485
-0.800385
-0.269697
-3.517077
-1.991493
-0.126923
-3.029205
-0.137179
-0.693112
-2.678870
-2.284350
-2.694830
-1.920769
-0.071429
-2.812243
-2.886837
-1.366453
-0.020000
-3.129614
-0.753997
-2.876593
-0.248485
-2.606125
-0.786756
-0.250000
-0.530833
-3.963150
-1.540378
-0.958900
-5.115023
-4.920465
-2.562456
-3.950824
-2.120534
-0.869519
-3.895020
-0.813104
-0.246154
-3.703386
-0.892412
-0.435256
-0.036364
-4.358436
-3.268963
-2.307707
-2.315253
-1.160591
-0.881142
-3.933997
-1.849355
-1.816184
-1.933228
-0.000000
-2.962678
-2.548390
-2.783356
-2.576655
-3.234884
-3.417328
-4.346919
-2.110623
-0.661259
-0.354167
-2.491770
-1.630868
-0.762047
-0.187121
-3.758359
-2.423575
-3.029308
-2.873220
-2.163174
-2.123126
-0.710621
-1.344175
-3.451022
-0.383974
-2.342908
-0.207576
-0.217949
-0.110256
-0.075000
-0.515864
-0.492308
-3.745877
-2.195994
-1.821513
-1.357080
-1.347160
-1.568615
-1.581842
-2.444355
-0.169231
-0.474048
-0.930850
-3.908085
-2.340161
-1.395191
-3.126067
-0.483205
-1.478884
-2.124154
-5.249481
-0.690952
-2.709661
-0.146212
-1.964369
-1.172939
-0.763462
-0.223333
-2.253660
-1.565039
-0.491667
-0.755458
-1.879337
-0.616761
-5.901400
-0.888724
-3.529531
-2.206796
-1.959623
-3.927270
-0.721329
-0.041667
-2.531334
-0.640897
-1.802550
-3.990418
-4.651831
-3.919513
-3.113098
-1.418939
-4.489162
-4.427041
-0.765278
-0.544753
-1.054377
-2.935349
-1.060995
-1.549737
-1.771062
-1.280126
-0.950812
-0.125000
-0.191667
-0.127778
-0.315385
-2.264593
-2.077394
-1.733421
-1.683183
-3.052783
-0.077273
-0.790196
-0.000000
-3.827417
-2.544910
-2.351674
-0.462976
-4.713663
-1.549539
-3.588359
-2.249843
-0.751514
-0.685833
-3.643436
-3.407276
-4.511002
-2.131727
-4.723656
-0.408333
-3.351237
-1.119054
-2.591432
-2.561651
-0.943697
-1.098260
-0.135000
-1.096429
-0.116667
-4.165562
-3.497583
-3.630920
-5.260852
-1.619706
-3.559127
-3.448532
-3.157559
-2.953846
-0.200000
-3.477404
-2.434230
-3.871368
-3.601156
-3.527635
-0.045455
-4.132333
-2.098205
-4.008906
-0.212821
-0.708205
-2.383362
-0.193333
-3.605244
-3.376405
-1.176925
-2.678982
-0.317262
-0.081818
-5.303167
-3.776155
-4.207274
-1.092370
-2.907970
-3.188995
-0.275000
-1.036348
-3.956529
-1.024471
-0.371429
-1.422191
-3.253344
-2.080239
-4.002593
-2.642896
-4.782096
-1.387571
-4.217725
-0.972582
-3.156223
-0.494560
-0.388958
-0.404112
-1.807256
-0.257576
-3.871977
-2.449537
-3.269773
-2.374978
-0.430952
-0.234615
-2.015728
-0.119231
-2.533504
-0.066667
-0.036364
-0.131818
-3.757969
-3.283115
-1.552137
-1.987436
-1.106421
-0.715794
-3.226556
-1.111003
-0.076923
-1.706471
-5.001823
-0.182949
-1.044557
-0.337963
-0.123611
-4.498201
-0.765966
-1.126879
-3.979339
-2.659435
-1.331266
-4.206506
-0.859201
-3.856160
-3.203660
-2.802014
-0.208333
-0.050000
-0.000000
-0.198148
-1.491478
-4.467195
-2.826382
-3.585873
-1.979818
-4.405611
-1.742884
-0.342308
-0.000000
-0.949011
-0.000000
-1.612828
-2.771691
-1.335053
-2.134326
-0.426282
-2.415294
-0.360256
-0.130556
-3.112068
-0.691111
-0.235897
-0.153846
-1.357361
-4.396879
-2.210266
-3.394021
-1.172370
-0.212121
-1.540631
-0.100000
-2.164209
-1.341968
-1.795483
-1.072126
-0.975612
-0.000000
-1.354392
-1.665396
-1.884372
-2.888986
-1.325838
-0.698846
-3.392862
-0.549048
-1.690780
-1.222544
-0.503846
-2.667820
-0.100000
-2.185146
-1.968974
-1.589576
-1.396629
-0.756538
-3.186388
-1.544713
-1.313445
-0.153846
-1.329097
-1.607985
-3.769605
-3.402475
-3.057062
-0.604176
-0.991500
-1.510207
-2.560839
-1.286241
-0.394107
-1.831009
-0.830256
-0.713205
-0.461795
-1.132375
-0.272727
-1.120671
-1.144167
-1.470662
-0.042308
-1.224213
-1.876940
-2.349977
-0.266813
-0.036364
-0.249359
-0.398030
-0.633333
-2.301222
-0.787577
-2.011044
-1.795438
-1.583489
-0.727738
-1.313861
-0.799353
-2.407990
-0.701187
-0.942570
-0.300000
-0.025000
-0.150000
-0.000000
-0.365625
-1.532745
-1.805249
-1.007711
-0.731844
-1.820481
-0.734512
-0.659048
-0.000000
-3.558492
-1.126206
-0.787051
-1.205697
-1.456538
-1.536455
-1.183619
-0.250000
-0.141667
-2.340919
-2.202106
-0.367949
-1.920235
-2.427444
-1.740163
-3.209823
-1.908012
-2.646914
-3.804899
-0.758588
-3.092491
-2.374609
-1.232180
-4.596409
-4.465456
-1.673753
-2.831078
-2.644633
-0.597692
-0.393056
-1.076847
-1.762876
-0.999387
-1.976301
-0.579689
-1.572286
-1.172709
-0.000000
-3.047989
-3.426092
-3.674854
-2.370561
-3.104267
-0.861003
-1.061459
-2.728606
-0.153846
-0.466667
-2.378385
-0.188889
-4.097431
-1.979192
-1.554244
-0.255952
-1.439446
-1.535861
-2.543888
-1.706525
-2.025752
-1.777091
-0.880513
-3.282692
-2.697339
-0.301061
-0.235833
-2.871040
-3.742941
-4.346267
-3.551979
-2.825096
-0.845678
-2.577189
-3.595309
-4.993482
-5.292335
-0.312963
-1.633087
-3.117106
-4.846585
-0.978343
-2.420407
-3.160538
-0.763022
-2.470379
-3.545703
-0.547051
-0.175000
-1.896984
-1.575525
-3.050998
-0.533278
-2.961895
-2.941715
-1.350658
-2.208855
-4.351300
-2.254139
-1.300804
-3.758757
-1.228250
-2.192312
-3.028462
-1.626105
-0.100000
-0.131250
-1.431780
-1.442769
-2.335518
-1.627280
-1.856745
-5.846669
-0.694850
-2.655102
-1.446967
-2.164425
-1.806116
-1.371924
-0.600833
-0.011111
-2.205686
-1.930109
-1.304615
-0.645137
-3.455769
-1.694707
-1.418295
-1.188427
-1.469427
-1.265774
-1.797826
-2.753701
-1.198422
-1.170735
-1.490363
-1.704551
-4.631427
-1.842251
-0.817024
-1.604116
-0.177083
-1.774422
-0.983571
-1.661093
-2.993349
-1.096043
-0.678659
-4.021421
-0.998302
-3.673407
-1.370485
-2.478759
-3.540540
-4.712271
-5.100900
-3.120733
-3.766457
-3.150463
-4.356168
-4.914152
-3.796326
-1.909352
-0.616616
-0.100000
-3.208066
-3.031821
-1.501005
-2.224575
-0.070000
-2.299530
-3.572202
-2.247953
-0.815794
-2.058063
-0.390385
-0.777766
-2.300695
-0.618077
-2.804759
-1.133872
-3.212245
-3.722441
-3.035519
-3.216839
-4.637383
-3.368738
-0.233333
-2.024653
-2.425870
-3.384435
-1.668767
-0.362436
-0.377083
-0.416746
-0.409630
-3.304543
-1.624355
-3.527873
-3.257989
-1.867221
-2.640956
-0.485417
-0.250000
-1.751788
-3.135864
-0.355208
-1.915108
-0.385897
-2.246277
-2.098928
-1.609946
-0.932443
-0.000000
-4.106970
-1.423773
-3.818983
-0.308333
-0.617436
-4.585068
-0.589487
-3.403937
-5.128042
-3.519557
-0.793651
-4.598501
-3.277438
-1.336511
-3.974976
-3.455938
-3.527229
-4.247556
-3.149787
-4.246885
-1.830465
-3.442330
-2.766807
-3.432548
-2.643488
-0.604833
-0.552576
-2.632886
-1.632345
-3.065393
-4.900500
-3.864910
-2.888135
-2.235700
-3.402430
-3.746107
-0.169231
-4.004625
-0.246296
-0.819058
-3.731632
-1.367283
-0.333333
-4.900806
-2.363197
-2.521834
-3.107119
-2.818023
-2.211296
-0.484722
-3.839923
-3.742667
-3.353403
-1.640800
-2.987120
-3.018880
-2.009694
-0.274583
-4.090331
-3.134734
-3.525747
-3.500664
-3.345858
-1.460161
-4.559189
-0.896984
-0.115833
-3.029552
-3.319245
-3.950216
-3.529330
-1.417232
-2.819398
-2.085079
-1.689342
-3.736205
-2.972090
-3.661781
-3.153446
-5.236019
-0.169444
-3.027993
-3.350142
-2.148277
-1.867015
-3.422207
-1.426170
-3.001026
-1.184333
-0.383333
-3.771476
-2.497998
-3.551329
-1.329825
-2.559297
-6.713167
-0.480833
-0.740152
-0.580201
-0.107692
-2.871787
-2.357178
-2.445341
-2.754556
-0.867344
-4.607847
-4.418200
-3.952278
-0.898500
-3.886761
-4.089614
-1.353370
-2.728539
-0.150000
-3.271091
-2.409311
-1.775742
-0.605485
-1.334312
-0.264103
-3.216291
-2.765681
-2.126583
-0.348958
-0.275000
-1.095949
-0.912063
-2.275248
-3.176958
-1.038498
-0.138889
-2.180570
-2.323874
-0.570769
-0.751129
-3.890196
-0.240000
-0.657208
-4.907903
-3.902696
-1.443626
-0.858634
-1.407508
-1.999368
-3.043838
-2.060350
-2.780256
-3.489669
-4.438142
-3.288577
-2.268999
-2.563025
-1.776326
-2.078323
-0.987599
-0.788512
-1.630215
-0.316667
-3.783379
-3.443417
-1.121131
-0.245455
-1.874680
-0.428571
-1.354235
-0.625000
-0.253333
-0.880815
-2.851597
-2.274203
-0.921663
-0.612821
-0.550009
-4.065112
-1.433446
-2.136202
-0.270769
-0.871258
-0.804069
-0.391026
-1.106061
-2.289298
-1.116093
-1.169712
-0.590488
-3.347700
-3.164204
-0.559487
-0.200000
-3.855726
-2.099167
-3.965333
-0.625667
-1.356130
-1.179802
-2.377692
-1.707813
-1.246035
-1.077130
-0.000000
-1.784015
-2.701403
-0.350000
-4.769717
-1.067639
-1.610662
-1.221836
-1.084259
-1.292674
-1.012854
-0.584306
-0.334615
-0.318205
-3.773912
-1.544571
-2.673125
-2.496237
-1.577419
-0.785881
-0.682894
-3.516093
-1.206456
-1.036804
-2.481392
-2.074624
-0.312821
-0.660513
-4.269233
-2.565372
-1.280373
-3.703961
-1.200235
-0.749002
-0.100000
-3.425180
-1.809279
-1.899033
-3.795295
-2.536158
-0.743173
-0.185000
-3.274768
-1.831309
-0.986775
-0.442738
-2.747630
-1.694241
-4.512663
-0.718920
-2.632239
-1.070861
-2.481268
-0.000000
-3.593053
-2.431279
-2.121306
-3.441988
-1.272244
-2.238089
-1.242623
-0.184028
-4.240892
-2.349254
-1.999804
-3.000373
-0.772659
-0.198718
-3.133722
-2.296259
-4.161498
-2.910089
-0.824349
-3.279390
-0.721450
-0.771429
-0.699048
-3.222909
-1.961528
-1.034739
-0.310000
-2.942267
-2.308011
-1.753338
-0.583205
-3.178331
-0.800797
-0.741587
-1.091709
-0.524744
-0.618663
-0.088889
-2.329088
-1.506438
-1.395988
-0.270000
-3.318981
-1.882482
-1.557289
-2.643118
-1.295614
-1.694785
-2.206535
-0.547599
-3.066468
-1.110018
-1.872529
-3.546047
-1.552822
-2.984711
-2.571097
-2.111576
-2.948888
-0.141667
-2.014656
-2.536712
-1.906807
-0.839966
-1.987639
-0.607579
-0.885325
-3.116831
-1.868364
-3.734202
-1.437663
-3.158735
-2.226048
-3.075830
-1.262524
-1.969170
-0.470641
-1.175149
-0.591756
-3.467396
-1.787815
-2.916889
-2.717532
-0.547603
-5.208947
-0.575758
-0.440779
-0.622692
-0.471970
-1.845348
-0.379762
-0.877164
-3.178265
-1.220783
-2.147707
-0.076923
-0.683718
-2.065375
-0.023077
-0.270513
-0.236111
-1.649611
-3.007605
-1.667381
-1.177580
-1.283716
-2.053096
-1.602749
-0.813223
-0.000000
