-4.260364
-2.285368
-0.210000
-0.118750
-3.118598
-2.300046
-1.627492
-0.940689
-2.344218
-2.233194
-1.088477
-0.911310
-0.570185
-1.999156
-2.923107
-3.833454
-3.548217
-2.233277
-0.556167
-0.216667
-4.346049
-2.513601
-0.599444
-3.074350
-1.328074
-2.111708
-3.224686
-0.755415
-4.096304
-1.427537
-2.933850
-0.075000
-3.418578
-1.328307
-0.694697
-3.405867
-0.454545
-1.080401
-0.484091
-3.507848
-0.993041
-1.365443
-7.339140
-0.050000
-3.010528
-3.195660
-1.517094
-0.406818
-1.147414
-1.123110
-1.828228
-2.485056
-5.294267
-0.133333
-3.548059
-2.699241
-4.209552
-0.522929
-2.254512
-3.194468
-2.189853
-3.154300
-0.699376
-1.570050
-2.490367
-0.166667
-0.167593
-3.341497
-2.235812
-1.610097
-3.120722
-0.915198
-1.437485
-0.809708
-0.331818
-0.548667
-3.939935
-2.279822
-4.056471
-4.014932
-2.149159
-1.910573
-2.535727
-1.525542
-1.853433
-0.563182
-2.219996
-1.929658
-2.704072
-0.531167
-0.943839
-3.451307
-0.802000
-0.267857
-0.303765
-1.329136
-1.877939
-0.918512
-0.521905
-4.313618
-2.637000
-1.969302
-3.338843
-0.875400
-2.666562
-0.905967
-1.273616
-1.147579
-0.615000
-4.592264
-0.737406
-0.951602
-3.440098
-1.869523
-2.320930
-0.500000
-2.020293
-1.332596
-5.790227
-2.058031
-1.177198
-5.035202
-4.355392
-0.341970
-3.355633
-2.873001
-0.601369
-0.200000
-3.192397
-1.038510
-1.631996
-1.347551
-0.193333
-3.903216
-3.247957
-2.741001
-0.712608
-1.852078
-1.254375
-3.043200
-0.911710
-1.442527
-2.816711
-3.062930
-4.644099
-5.787242
-1.937359
-0.605929
-0.733636
-3.131203
-2.371120
-3.832996
-0.364259
-1.299709
-1.605455
-0.205556
-4.674625
-1.773596
-5.133211
-1.184504
-2.139812
-0.676021
-0.200000
-4.428033
-3.310301
-0.565541
-2.241692
-3.459156
-4.088692
-3.120458
-1.207602
-0.620152
-1.062547
-0.383333
-3.466359
-2.755613
-2.427186
-1.025433
-1.011485
-0.175000
-3.876245
-0.966476
-3.210353
-1.516072
-1.140654
-2.397080
-2.351647
-3.875780
-3.464555
-0.420455
-0.238889
-4.035060
-2.067707
-2.068711
-2.089471
-1.503519
-0.309848
-4.193764
-2.099646
-0.886851
-3.308724
-3.967748
-3.300088
-1.424150
-2.581074
-1.011468
-2.892921
-2.950178
-1.744974
-3.291624
-2.390569
-1.948466
-2.976941
-1.122337
-6.002673
-1.254228
-1.991006
-0.000000
-4.076161
-0.345833
-1.549769
-1.509853
-4.915210
-3.649926
-2.664406
-3.177958
-3.094451
-4.115616
-0.142857
-4.066221
-1.551053
-1.572579
-1.457331
-2.762822
-3.429518
-1.399960
-2.319623
-0.990011
-2.059747
-0.278333
-0.504848
-3.940578
-1.634453
-0.352381
-1.505636
-2.122966
-2.864067
-0.340741
-4.475670
-3.351348
-1.782469
-0.196667
-4.014177
-1.451463
-2.069832
-2.531076
-0.446667
-3.447845
-1.427206
-3.307912
-4.119252
-2.094177
-3.199602
-3.693848
-0.304167
-3.635599
-0.529253
-0.687121
-4.256933
-1.287588
-2.254878
-4.695243
-0.868468
-0.280556
-4.171765
-0.555556
-4.443894
-1.635786
-2.647472
-1.693428
-1.915826
-2.575111
-4.089769
-1.523333
-0.575758
-0.000000
-1.822955
-1.403571
-3.119726
-0.862720
-1.708153
-2.270859
-5.658153
-3.717372
-2.505788
-1.061855
-0.772056
-0.258704
-0.138889
-0.525000
-2.032593
-2.281823
-2.015050
-2.935880
-1.470900
-5.117649
-4.058823
-1.384286
-1.746911
-0.000000
-3.597071
-0.821495
-0.711061
-1.398038
-1.332532
-3.913122
-2.905870
-1.400972
-2.529967
-1.318109
-1.946733
-0.263333
-3.975106
-2.019890
-0.866259
-1.276057
-1.058596
-3.065937
-3.649927
-1.922721
-3.389774
-0.653345
-0.108333
-3.656154
-3.076169
-2.630751
-1.370228
-0.237500
-3.990608
-3.375941
-0.958799
-1.603109
-2.009051
-1.553655
-0.729354
-0.195000
-4.196109
-2.375237
-3.516481
-3.020713
-2.353236
-3.133561
-0.931300
-3.636465
-3.336461
-0.489583
-4.159282
-2.371777
-2.966040
-0.625000
-0.883119
-0.025000
-3.337420
-2.823707
-0.662512
-2.274954
-1.997168
-0.256481
-0.416667
-0.838962
-3.277996
-2.484239
-0.561612
-1.731533
-3.283772
-1.629969
-1.475314
-1.541108
-0.965083
-0.600333
-3.293004
-3.884482
-3.220545
-3.141768
-0.936569
-4.325328
-1.554500
-0.225000
-3.728070
-0.575000
-3.466825
-3.444511
-0.902576
-5.308883
-2.232938
-1.512963
-2.160316
-0.311667
-3.173646
-0.859315
-1.421617
-3.352288
-0.880688
-4.913643
-3.643044
-2.988299
-0.972222
-0.000000
-3.925470
-1.164585
-1.317712
-4.146647
-3.830481
-1.292770
-0.391167
-0.181481
-3.214348
-1.552542
-3.634960
-3.462523
-2.584082
-0.000000
-3.611493
-2.254644
-2.221697
-3.455350
-0.750000
-2.349312
-2.950695
-0.683833
-0.675833
-0.321875
-2.159568
-3.736132
-1.663424
-2.994200
-0.670044
-2.431050
-0.014286
-3.811303
-2.689285
-0.426667
-0.135000
-3.559215
-3.878332
-2.577919
-0.303788
-3.947867
-3.369149
-2.640459
-0.485417
-0.339394
-3.468733
-3.376361
-2.138652
-3.760220
-4.231426
-2.476298
-2.013340
-1.189824
-0.075000
-0.703333
-0.020000
-3.535103
-0.405625
-0.771364
-0.812154
-2.285984
-0.962662
-2.464230
-5.224078
-3.763875
-4.399052
-1.325329
-3.606910
-0.298333
-0.382708
-2.002413
-1.024275
-1.013391
-0.782388
-3.834171
-1.834652
-3.884595
-2.224191
-3.959911
-2.557115
-4.539010
-4.513265
-3.329718
-0.701667
-1.061640
-0.456679
-2.447222
-2.879703
-1.807137
-2.641955
-1.088396
-1.914024
-1.409925
-3.587507
-2.485251
-2.295752
-4.793003
-3.194050
-1.869129
-5.871403
-0.214286
-3.657693
-2.185250
-2.828182
-0.877222
-3.099487
-3.158197
-2.167916
-3.001747
-1.818791
-4.406875
-2.706405
-0.578182
-0.218750
-1.692124
-0.438182
-2.275012
-0.255000
-3.829549
-2.126583
-2.774991
-0.316667
-2.827057
-2.670588
-4.093022
-2.165414
-3.133981
-1.350278
-1.796136
-0.209091
-3.608408
-3.750438
-3.176433
-1.004636
-4.230220
-2.165864
-0.514167
-2.332702
-0.620000
-1.647909
-3.501900
-4.034137
-3.326257
-4.417269
-1.193738
-1.843343
-1.728343
-2.516318
-1.681850
-4.677055
-2.249455
-3.311302
-3.082801
-4.400216
-3.957761
-0.977840
-2.112842
-3.816552
-0.575926
-4.079884
-3.576765
-2.855788
-2.776476
-3.112150
-2.383455
-0.842429
-2.106534
-0.372917
-3.004847
-1.317029
-1.941253
-3.229753
-1.494991
-2.568855
-1.365691
-1.696500
-1.297060
-0.670112
-2.536656
-4.375986
-2.501664
-3.323047
-2.893748
-1.992384
-1.565624
-1.732525
-3.494908
-1.376599
-3.582125
-2.346709
-4.849490
-2.466100
-3.543370
-2.287242
-3.027996
-2.395069
-0.287500
-3.394167
-0.098148
-1.693542
-4.046319
-1.551267
-3.543468
-2.673443
-0.083333
-3.648463
-0.610152
-3.745543
-0.237500
-1.521228
-3.011993
-2.254450
-3.493190
-1.316553
-3.474978
-0.454545
-2.556769
-1.944963
-0.943542
-2.464885
-3.671293
-2.068312
-1.155953
-0.621515
-1.878012
-4.477294
-2.928043
-1.788842
-3.301188
-0.130000
-1.725137
-0.985639
-1.509299
-1.088490
-4.017599
-6.860699
-1.822008
-5.556009
-1.173524
-1.262751
-6.147303
-5.963743
-3.528214
-4.275896
-4.801614
-3.788137
-3.498303
-2.716424
-1.965281
-3.135157
-3.269770
-1.678161
-5.841508
-1.661253
-3.640878
-2.245689
-2.447394
-4.028425
-1.191515
-4.981649
-4.493124
-0.298148
-3.908524
-3.783688
-1.349449
-3.936184
-1.026976
-2.259163
-1.268057
-0.827446
-3.862601
-4.660291
-4.518262
-3.996307
-3.400773
-2.861985
-2.798980
-0.671061
-3.758344
-2.523845
-0.210000
-3.928184
-5.378395
-2.128040
-4.802077
-3.867478
-3.117295
-3.791656
-2.929908
-1.176061
-3.867150
-1.590941
-4.509633
-4.739810
-3.722723
-1.628067
-0.090909
-3.470642
-2.444666
-4.461311
-3.708429
-2.573300
-0.071429
-2.476015
-3.797314
-3.014801
-4.195116
-3.010485
-4.195731
-2.763346
-0.200000
-3.496629
-3.645414
-1.748460
-2.746183
-0.737359
-0.104545
-0.193939
-1.666040
-3.072029
-5.288112
-0.208333
-2.340458
-3.367722
-3.370866
-2.658264
-0.314286
-2.650507
-1.058229
-0.070000
-2.996247
-2.211308
-2.264248
-3.399058
-2.809855
-2.421041
-5.441729
-1.634593
-2.456851
-4.222180
-2.796067
-5.299155
-1.374806
-0.867826
-0.741753
-1.213276
-1.401505
-4.461991
-0.020000
-1.678991
-2.113173
-2.395601
-2.210668
-2.630198
-2.340632
-2.869760
-0.787576
-0.623723
-0.150000
-3.178920
-1.050909
-1.529373
-2.703703
-3.505514
-4.136914
-3.768049
-0.453704
-3.700307
-0.585606
-0.368182
-3.342859
-2.204613
-0.902987
-1.589472
-1.534943
-1.058384
-0.000000
-3.313374
-2.017779
-3.562830
-4.369883
-2.600991
-3.311150
-3.269421
-2.655548
-4.490759
-0.640112
-4.211097
-0.263542
-0.177778
-3.210124
-2.941652
-2.887071
-2.517214
-0.440909
-1.738895
-2.695103
-2.480538
-0.256250
-1.817046
-4.011728
-2.369933
-1.579148
-0.193750
-0.385893
-2.453598
-1.684933
-2.629087
-3.008028
-0.071429
-1.232613
-3.961609
-4.301595
-3.123550
-1.726181
-4.532537
-3.891153
-4.193173
-1.593166
-3.815352
-3.718329
-2.922093
-0.602381
-2.146892
-2.143390
-1.453523
-1.362282
-2.961733
-0.186364
-2.529959
-0.887727
-2.759364
-3.877834
-1.652425
-3.053977
-2.773548
-2.204994
-4.330460
-3.981150
-3.209957
-6.862593
-6.016010
-4.207476
-5.969483
-3.698846
-1.543765
-2.113559
-2.271719
-2.327429
-3.152546
-5.045515
-6.642995
-4.346089
-2.195934
-2.990912
-2.873507
-0.152381
-4.369893
-3.137492
-3.138540
-1.193510
-0.716677
-3.116835
-3.732337
-0.897665
-1.483689
-1.568279
-0.857302
-3.953308
-0.087500
-1.184658
-0.100000
-3.824603
-2.087745
-2.835180
-2.872709
-0.749833
-0.335000
-3.739782
-1.555911
-3.286389
-2.709240
-1.085774
-1.424177
-2.834661
-4.221571
-3.680698
-2.661651
-2.771731
-3.132528
-0.200000
-3.449397
-2.923365
-2.444144
-0.243333
-3.133342
-1.578075
-1.758471
-1.844646
-0.961291
-1.676058
-0.033333
-3.338399
-6.927423
-3.516281
-2.311892
-1.067193
-0.250000
-2.450710
-0.787417
-2.554449
-0.114286
-4.410721
-0.300000
-3.669052
-0.482424
-0.075000
-2.720974
-0.774785
-3.306803
-1.517703
-1.768502
-2.133289
-0.025000
-1.934632
-3.227357
-0.439026
-1.696036
-3.796267
-4.958941
-4.296913
-2.789791
-0.326852
-2.194671
-4.241210
-4.859742
-2.403264
-0.113636
-2.652109
-0.150833
-0.277381
-0.680185
-1.641019
-0.033333
-2.061342
-1.858216
-0.240741
-1.173104
-2.132155
-0.815274
-0.033333
-4.095750
-3.584986
-1.006623
-0.137500
-6.233707
-0.200000
-0.588571
-0.263636
-0.790617
-2.828499
-1.345101
-2.257585
-2.684448
-1.413523
-3.001997
-5.329032
-0.100000
-0.036364
-0.329630
-1.827437
-0.250000
-0.033333
-3.032889
-4.573974
-2.073081
-2.075219
-2.530245
-3.888628
-1.300683
-0.109091
-0.172222
-4.984818
-0.319167
-0.399242
-0.050000
-0.227778
-5.024824
-2.490101
-3.346016
-0.309500
-1.232641
-1.643935
-4.676457
-3.274034
-0.969569
-1.822285
-1.415437
-0.584630
-2.293275
-2.509315
-1.212792
-0.786905
-0.322727
-0.033333
-3.945845
-4.088371
-1.253064
-2.001936
-1.043320
-0.607121
-1.704295
-2.066183
-3.132462
-1.929659
-0.883158
-2.817401
-2.104962
-0.066667
-1.291375
-1.342114
-1.444679
-0.743939
-1.263243
-2.373965
-0.060000
-0.589203
-2.997414
-0.025000
-2.067373
-2.632910
-2.967030
-0.094444
-0.943157
-0.175000
-0.022222
-1.476405
-2.564930
-1.690844
-1.205214
-0.000000
-3.894152
-1.581081
-2.366673
-2.704018
-0.387879
-3.736176
-1.016696
-3.319556
-1.030520
-2.188046
-0.533679
-0.650000
-3.932406
-3.442394
-3.007800
-3.506783
-3.214049
-1.327504
-1.276533
-0.676364
-0.400926
-3.521483
-3.124031
-0.070000
-2.274807
-3.635644
-0.654091
-0.195455
-2.708362
-3.295548
-2.677587
-1.681956
-0.138889
-0.883716
-2.798867
-0.136364
-1.796681
-0.337381
-2.926310
-0.148333
-2.598232
-0.471667
-2.177075
-1.908316
-1.479381
-1.315742
-0.706677
-4.043384
-1.439696
-0.350000
-4.068675
-3.110198
-0.168750
-0.200000
-0.100000
-0.057143
-0.022222
-2.929958
-2.353414
-0.214815
-0.780455
-4.512077
-2.322625
-3.052723
-2.825607
-0.036364
-4.281032
-3.258528
-3.356961
-2.700862
-1.506253
-1.973028
-6.425175
-1.099881
-1.793946
-2.939493
-3.740352
-0.889124
-1.639348
-5.373724
-0.918402
-0.991014
-0.836456
-4.175358
-0.847590
-0.090000
-2.682347
-0.256250
-3.123295
-4.093002
-0.265000
-1.500123
-3.491554
-4.288418
-1.339602
-2.400885
-0.728333
-0.518519
-0.465278
-5.679647
-3.541913
-1.584609
-3.748897
-0.537963
-0.741000
-0.500833
-1.894375
-3.186223
-3.852632
-0.855657
-0.170000
-3.523638
-1.845303
-0.000000
-0.871865
-1.570247
-1.110490
-0.000000
-3.619204
-4.400252
-1.640684
-3.116589
-4.179212
-5.344809
-3.689448
-2.374720
-0.921552
-4.049854
-3.745961
-3.991650
-1.954871
-1.197029
-1.523587
-2.727609
-0.991448
-1.062132
-0.000000
-3.492904
-1.950336
-0.235417
-2.716957
-3.755522
-0.480238
-0.111111
-2.967250
-0.077778
-0.020000
-3.672136
-0.163636
-2.557927
-3.740748
-0.200000
-0.379630
-2.634167
-0.071429
-2.967369
-1.197590
-3.187095
-2.243551
-4.324090
-2.536617
-1.317052
-1.941582
-2.139641
-2.543662
-1.900462
-0.400000
-0.122222
-0.584167
-0.354167
-1.141774
-1.588912
-2.389245
-4.691203
-0.408333
-1.053606
-2.350627
-2.595553
-0.070000
-0.130000
-1.482021
-3.203593
-0.194444
-2.114620
-2.347210
-2.074757
-1.825132
-1.196595
-0.799859
-1.661844
-2.965303
-2.973099
-4.644578
-1.666094
-0.750000
-4.006607
-3.690245
-0.395000
-3.171364
-3.138894
-3.425619
-0.954697
-2.035474
-3.177550
-4.748955
-2.587024
-2.433710
-0.840996
-1.322994
-2.769572
-2.083053
-3.023042
-4.158319
-4.205170
-3.289581
-4.055637
-2.087522
-4.086965
-2.301878
-0.206250
-1.593713
-3.612648
-0.533333
-2.451903
-4.924979
-1.479640
-2.122268
-3.670223
-2.732476
-4.780787
-0.273333
-2.933322
-0.105556
-2.063919
-0.116667
-3.169947
-2.062549
-0.100000
-0.000000
-1.132128
-1.193268
-0.000000
-1.416443
-1.208405
-3.588136
-1.841631
-2.265391
-0.261190
-1.348594
-1.639622
-0.262121
-2.522726
-1.852772
-0.218750
-0.800000
-1.593620
-1.796883
-1.798851
-3.295760
-3.783982
-3.971573
-3.519867
-1.363327
-1.204025
-0.713030
-0.754697
-1.423545
-2.982053
-2.037869
-2.849345
-1.151492
-3.239780
-2.557906
-0.210000
-0.200000
-0.616857
-0.987501
-0.725465
-1.525370
-4.078827
-2.202441
-2.326535
-0.192857
-2.067245
-2.960457
-1.407397
-5.916712
-1.899075
-3.430571
-0.393939
-3.310063
-0.633485
-2.260058
-0.272727
-3.908922
-1.461576
-0.781861
-2.275705
-2.033360
-0.992800
-2.139832
-0.650152
-3.125839
-1.582162
-2.905170
-0.337963
-4.174610
-1.623263
-2.260007
-0.456667
-2.485876
-2.847341
-0.628667
-2.154523
-3.371930
-0.345455
-2.119823
-0.536515
-1.586715
-2.850950
-0.781537
-0.219048
-0.597593
-2.372482
-1.995830
-0.517500
-1.237545
-0.300000
-1.362051
-1.375199
-2.634277
-0.649177
-1.377444
-0.876818
-3.200352
-0.125000
-1.394453
-3.028532
-2.572794
-1.421054
-1.896438
-0.986057
-0.623788
-2.459647
-0.250000
-2.909493
-1.791801
-0.285833
-2.544354
-0.232576
-0.468939
-0.826421
-0.072222
-1.675486
-2.120224
-0.618030
-0.386111
-1.151744
-2.415863
-0.000000
-0.180000
-1.249670
-1.162883
-0.844755
-0.948128
-2.652533
-2.841592
-0.841408
-4.369096
-1.680223
-3.199648
-0.508485
-1.492900
-0.711364
-1.576675
-0.710844
-1.438197
-1.226754
-0.155556
-4.158371
-2.229334
-4.326078
-1.064377
-4.677965
-0.488333
-0.142593
-0.569167
-0.742536
-3.418791
-1.345817
-1.050983
-1.168341
-1.446331
-0.303333
-0.808333
-2.952728
-0.399074
-0.684290
-1.369049
-1.267329
-0.852929
-1.251522
-4.348586
-0.327273
-1.496434
-0.293750
-2.698158
-1.058568
-2.281211
-0.050000
-0.150000
-1.669322
-1.885778
-1.466365
-1.691662
-1.490244
-0.620152
-3.161281
-1.508072
-0.335000
-0.859333
-2.604506
-1.429972
-1.670358
-1.643405
-4.947592
-1.241883
-2.954353
-0.611124
-0.757262
-0.995310
-1.768228
-0.133333
-0.198148
-1.587037
-1.815941
-0.066667
-1.029167
-0.235417
-1.625010
-1.175750
-3.759275
-0.995032
-0.341167
-2.559755
-0.110000
-1.212482
-1.345957
-3.882994
-1.686882
-1.624370
-0.681167
-2.170019
-3.120577
-1.137298
-2.594968
-1.396852
-1.201142
-2.431722
-1.864190
-2.827125
-3.986816
-3.332146
-2.434369
-2.573662
-3.716255
-0.333333
-3.833921
-1.452696
-2.223825
-1.827645
-0.100000
-2.107551
-1.229304
-2.051032
-0.482500
-1.473933
-0.070000
-0.300000
-3.216597
-3.484973
-2.119284
-0.437121
-1.661481
-1.596227
-4.328711
-1.125667
-4.535168
-0.894544
-0.000000
-1.534357
-1.704488
-2.003555
-0.200000
-1.323533
-2.612371
-2.754651
-1.689350
-1.872355
-0.505152
-3.860222
-4.057093
-1.442028
-2.323131
-4.022369
-0.313636
-0.336364
-0.395455
-0.145000
-0.050000
-0.033333
-3.193525
-1.485500
-2.706526
-2.142902
-1.857833
-1.796228
-1.260146
-0.000000
-2.049327
-1.351708
-1.491721
-4.102448
-1.648984
-4.238149
-1.504287
-0.756364
-2.928283
-3.820443
-0.855724
-1.728118
-1.600518
-0.734895
-1.047457
-1.344738
-2.416068
-3.257334
-0.508865
-1.194441
-2.926184
-1.192340
-2.296667
-4.022671
-0.183333
-1.514537
-1.821798
-1.458950
-1.416143
-1.179329
-3.770052
-0.205000
-1.533389
-0.266667
-1.850564
-1.437767
-2.273011
-3.401848
-3.465152
-2.637936
-1.611514
-1.982086
-1.346198
-1.952506
-3.305066
-0.338333
-5.365030
-0.484091
-0.951558
-1.473248
-1.465715
-1.287692
-0.550000
-1.369752
-1.770278
-4.456372
-3.229766
-3.284368
-1.932681
-0.056250
-0.670844
-1.339877
-1.215994
-1.435851
-2.134913
-0.000000
-1.666197
-3.237659
-4.646890
-2.494645
-4.232524
-1.374472
-0.769177
-1.812842
-2.157701
-3.294682
-1.596022
-0.426818
-0.980797
-2.038366
-1.890798
-1.635990
-0.378333
-2.889914
-0.197917
-0.305556
-2.086783
-3.721969
-2.442964
-1.679169
-1.377087
-0.150000
-2.044259
-0.266667
-2.096216
-4.222222
-1.625002
-2.785496
-1.782183
-2.803741
-1.125180
-2.454618
-3.584891
-2.251109
-3.628694
-1.529961
-1.176786
-0.808294
-3.244763
-2.352894
-2.042615
-0.427273
-1.930694
-3.588839
-0.513939
-0.955811
-3.611923
-1.731066
-0.523030
-0.025000
-3.235969
-1.261707
-3.634059
-1.353203
-0.166667
-3.542882
-4.262416
-1.962971
-0.939592
-0.408333
-3.768345
-3.665956
-0.310417
-5.232159
-4.747982
-2.019787
-0.756456
-3.115656
-1.553058
-2.714154
-2.269562
-1.482220
-0.278571
-3.154760
-0.970627
-2.122733
-0.160000
-1.756889
-2.713918
-0.415455
-1.178796
-3.271298
-1.524176
-1.387500
-0.087500
-2.891867
-2.236166
-0.810869
-3.501588
-3.326155
-1.446340
-2.564409
-3.475024
-0.300833
-2.391355
-0.240909
-4.627901
-0.250000
-0.393182
-4.232036
-3.614392
-2.901799
-1.013045
-0.348667
-2.701681
-1.256667
-1.583389
-0.300000
-3.432960
-1.361632
-2.363665
-0.250000
-2.505580
-3.547534
-5.789814
-4.164194
-4.316261
-0.869524
-3.354944
-1.336905
-3.091188
-3.747434
-0.798357
-1.187460
-3.121048
-1.081242
-5.270378
-0.464833
-2.989903
-0.725582
-2.788671
-1.602005
-0.612424
-0.662284
-3.237510
-1.718836
-1.173357
-0.128571
-3.683410
-3.360796
-2.184709
-5.176601
-0.137500
-3.578718
-1.562473
-3.975195
-3.708853
-1.482740
-2.766898
-1.445837
-0.599833
-1.542876
-0.095000
-3.386567
-1.314834
-2.044512
-0.125000
-2.996298
-3.901403
-1.754263
-0.209524
-4.250407
-0.793304
-3.223184
-1.140357
-0.242424
-3.086017
-3.143649
-0.567929
-3.571067
-1.436722
-0.899784
-0.705335
-3.062401
-1.188278
-2.521914
-0.340152
-6.918910
-0.334259
-3.689013
-0.233333
-0.433333
-3.506865
-1.441504
-5.563628
-3.065199
-1.177817
-0.604697
-3.082868
-1.306382
-0.191667
-4.867785
-0.234524
-0.468333
-5.721458
-0.354500
-3.329897
-1.865827
-1.343497
-0.141667
-2.885823
-3.328307
-1.082684
-0.440095
-2.166037
-5.731379
-3.423653
-1.544224
-3.616025
-0.808896
-0.200000
-3.565559
-1.251611
-4.135652
-2.154199
-1.070366
-3.248694
-1.023508
-3.108796
-1.498352
-0.435000
-0.191667
-2.601685
-4.180644
-1.942448
-0.670000
-3.123722
-3.644099
-1.817890
-2.774975
-0.333333
-4.083935
-2.995255
-2.321097
-3.213923
-3.676882
-1.157338
-4.080987
-1.082244
-2.429440
-0.678900
-0.244697
-0.393750
-0.826172
-3.703348
-3.504591
-2.820438
-0.385185
-1.730569
-0.525303
-0.522407
-0.300000
-2.419948
-2.536569
-2.162548
-0.464500
-3.723770
-1.006914
-1.527166
-0.523485
-3.428686
-1.920649
-1.272066
-4.602945
-3.982292
-3.898391
-2.401583
-4.547597
-0.461537
-0.357576
-4.141800
-1.630204
-5.269847
-0.516333
-4.093541
-0.615556
-4.199327
-3.447989
-1.175388
-3.201572
-0.239394
-1.153894
-0.180556
-3.318201
-2.174064
-4.941960
-3.660219
-2.408184
-3.852462
-0.553788
-3.984193
-1.346270
-0.184722
-3.657631
-1.189821
-4.390372
-2.203823
-0.464828
-1.367942
-3.454801
-1.503789
-2.591361
-2.759583
-1.199663
-0.210000
-3.405128
-1.144420
-0.140000
-4.360071
-2.447008
-1.339042
-0.342424
-0.524632
-1.253951
-2.517778
-4.593783
-5.511449
-1.017512
-3.400265
-4.633948
-2.247182
-1.464112
-2.347129
-3.658559
-4.876946
-0.437381
-0.891775
-2.068401
-2.494506
-2.046045
-3.091095
-4.955939
-2.283550
-1.487034
-0.666526
-0.133333
-3.647738
-1.226461
-0.085714
-2.618897
-0.488939
-1.788071
-3.435751
-6.902142
-3.297558
-1.163457
-1.347329
-0.190000
-3.488257
-1.174726
-3.015313
-0.766167
-0.238939
-3.302102
-4.182871
-3.483504
-0.909330
-1.129516
-7.231595
-6.877105
-4.076831
-1.450551
-0.300000
-3.554816
-1.078517
-0.849188
-0.746627
-3.361469
-1.247919
-3.012702
-0.367424
-1.248248
-0.981537
-0.522929
-3.612311
-4.944496
-0.318333
-0.181818
-3.322577
-1.635939
-2.945670
-3.814346
-0.399242
-0.337208
-3.798287
-2.629261
-2.767511
-3.127509
-0.297619
-0.482500
-1.437979
-3.871643
-1.229978
-2.965221
-4.841628
-2.034040
-3.804601
-1.167017
-0.100000
-3.340783
-1.146706
-0.211905
-0.334848
-0.400000
-0.630714
-1.005036
-1.872610
-1.397161
-2.581001
-1.379682
-0.937038
-1.602640
-1.096004
-0.000000
-3.578195
-3.594813
-1.668248
-1.854188
-1.062838
-0.539074
-3.881502
-0.550833
-2.720952
-1.848930
-1.822844
-4.259706
-0.339583
-1.464669
-2.709073
-2.536754
-1.365065
-0.594259
-3.319348
-1.137858
-3.607505
-1.404702
-0.935141
-0.612424
-2.151591
-3.683058
-1.585522
-2.492591
-1.871309
-0.193611
-1.480859
-3.789946
-2.186074
-4.148247
-0.262500
-0.237121
-4.330184
-4.680055
-2.375505
-3.618314
-1.013758
-0.992179
-0.842406
-3.487918
-2.554084
-1.515217
-2.789307
-3.256541
-2.124258
-2.279759
-1.566188
-1.581669
-0.222222
-3.560134
-1.172760
-6.110389
-2.408906
-1.845458
-3.048111
-0.100000
-2.141879
-2.711176
-1.402685
-3.019741
-0.879365
-2.892050
-0.318333
-1.644975
-1.107143
-1.071905
-3.388670
-3.996480
-1.694845
-0.300000
-0.409500
-0.961956
-2.653134
-3.493453
-1.486771
-3.364593
-2.233504
-1.422781
-0.494766
-0.648036
-2.612214
-3.582624
-3.108248
-1.814634
-0.185714
-2.504014
-2.115564
-4.684454
-3.885721
-3.564883
-1.785667
-3.589875
-1.387018
-0.165000
-0.389167
-3.281053
-1.144674
-4.155624
-0.955714
-0.378333
-1.149001
-2.033570
-1.292099
-1.113267
-0.960250
-2.861089
-1.901989
-1.817340
-0.209091
-1.845201
-5.108832
-0.794607
-0.083333
-1.829942
-3.285112
-0.062500
-0.100000
-0.663571
-3.434580
-3.547091
-3.285628
-1.814579
-2.435745
-3.448526
-2.501859
-2.291078
-0.000000
-2.171300
-3.556714
-3.615750
-2.666729
-0.711473
-2.793335
-2.865387
-3.696836
-2.539674
-1.766810
-1.316020
-1.041285
-0.584394
-3.603960
-3.580751
-0.555303
-1.773727
-3.927085
-0.422833
-2.107302
-1.976829
-1.713388
-1.051558
-2.524532
-2.155777
-2.679831
-3.808601
-3.217127
-1.945246
-3.872706
-1.835860
-2.577761
-2.764005
-2.983219
-0.680262
-2.526661
-2.906132
-3.078874
-1.750670
-3.484058
-1.680593
-0.379167
-0.235000
-3.136475
-0.892879
-3.122009
-1.498615
-5.126855
-0.135000
-1.789829
-0.178571
-3.516866
-1.661329
-2.158248
-0.200000
-3.704636
-1.135964
-0.100000
-2.249463
-2.721783
-0.143939
-0.342593
-0.350000
-3.505891
-2.922166
-0.693182
-2.121688
-1.486701
-3.083371
-0.200000
-3.119288
-2.178316
-4.684947
-2.440255
-0.157143
-0.914258
-4.078821
-1.699139
-3.417599
-2.440287
-1.006890
-0.371212
-2.378281
-3.425159
-2.329029
-1.168226
-0.577965
-0.372727
-0.443333
-2.189010
-6.339307
-0.329848
-0.000000
-0.233333
-3.248917
-3.395682
-1.394041
-2.799528
-0.328571
-0.250000
-4.286239
-3.532281
-2.681823
-0.260000
-2.479642
-2.649901
-4.052407
-1.852039
-2.230681
-3.363034
-3.038608
-1.492142
-3.475585
-1.659268
-3.882287
-2.210820
-3.192475
-1.697133
-0.257143
-3.330968
-0.568333
-0.497900
-3.411826
-1.682343
-0.414167
-0.331481
-0.450758
-0.141667
-2.332519
-0.919138
-1.161487
-1.612155
-1.634246
-1.313870
-1.019286
-1.411280
-0.116667
-3.400897
-0.844690
-0.585238
-4.800986
-0.071429
-2.810985
-0.150000
-4.101423
-1.976761
-1.579244
-1.700581
-3.911539
-1.541618
-0.259259
-1.414282
-0.188889
-1.950680
-1.203980
-3.235795
-0.392708
-1.026213
-0.233333
-0.424242
-0.136364
-2.214088
-1.350307
-3.006428
-0.680022
-0.531667
-0.720664
-3.200324
-1.227576
-1.928968
-0.133333
-1.823406
-0.325000
-0.741887
-0.877273
-2.513231
-0.050000
-1.047627
-0.200000
-0.999957
-1.573696
-1.738971
-1.484787
-1.083030
-0.000000
-3.870365
-2.048043
-2.985020
-1.459766
-0.689697
-3.213473
-3.870190
-3.198574
-1.173667
-4.304724
-1.529443
-4.862460
-0.594394
-2.874399
-1.157399
-3.686582
-1.993492
-1.424102
-2.039418
-3.081673
-3.045778
-1.460648
-0.275758
-3.798074
-0.834729
-0.616667
-0.552121
-0.000000
-1.078115
-1.649976
-4.462570
-0.830714
-3.989570
-4.271107
-3.823653
-3.135692
-3.411536
-3.358703
-4.501647
-0.774426
-3.222295
-2.130614
-2.384724
-1.808221
-1.579336
-2.485600
-0.611667
-1.743772
-1.359832
-1.476054
-0.208333
-1.257592
-2.269760
-3.196648
-0.266667
-0.589242
-1.308854
-3.907180
-1.413261
-1.870370
-2.523465
-1.934666
-0.635012
-0.226190
-3.756481
-1.412236
-1.442248
-2.303720
-0.083333
-3.215419
-1.031638
-2.445643
-1.686171
-3.147347
-1.251496
-0.458333
-1.950680
-1.963929
-0.306481
-2.307410
-4.728109
-2.015465
-3.861809
-1.655710
-2.119452
-2.668357
-0.801006
-0.675152
-1.837534
-1.623438
-1.098175
-1.596063
-2.172438
-0.735931
-4.195936
-1.432202
-2.891930
-2.963427
-0.854387
-1.775915
-1.401249
-1.109487
-0.173333
-2.277904
-1.277723
-4.098046
-0.577778
-0.504167
-0.125000
-2.410065
-0.599242
-0.225000
-3.115624
-0.618950
-3.014997
-0.075000
-1.238549
-0.776778
-1.809142
-1.967687
-3.753148
-0.214583
-1.347852
-2.142404
-2.091488
-3.062889
-0.000000
-2.013884
-1.600615
-0.658485
-3.623762
-2.520330
-4.535191
-0.654394
-0.515909
-0.564167
-1.864944
-3.125739
-0.477273
-2.093307
-0.210417
-2.842060
-1.361990
-1.256875
-0.524935
-0.502833
-0.884980
-0.100000
-0.714012
-0.720179
-0.471667
-3.202692
-2.593406
-0.910566
-0.251667
-3.214596
-2.073451
-0.350000
-3.262893
-0.602762
-0.497273
-0.133333
-1.289300
-3.714287
-0.350000
-2.721403
-3.133095
-0.133333
-0.155556
-1.166508
-4.570363
-1.612509
-2.561968
-0.442132
-2.517553
-0.434259
-3.910789
-2.408739
-0.365152
-2.108188
-3.781046
-1.853319
-3.582898
-0.265000
-1.916298
-2.453956
-1.814130
-0.204545
-2.800524
-2.272683
-1.920439
-6.225926
-4.370918
-0.130000
-3.256182
-2.563161
-4.029110
-3.566467
-0.852208
-3.111496
-0.952612
-2.355113
-2.068697
-3.626878
-1.476253
-2.301962
-0.000000
-1.831785
-0.911071
-1.770971
-3.722541
-1.699640
-0.379167
-4.502700
-3.574835
-3.827658
-3.137061
-3.223398
-0.603148
-5.393525
-5.427313
-3.424989
-2.879533
-3.730785
-5.910137
-2.816768
-3.251732
-4.784099
-4.771289
-3.101974
-3.059912
-2.594840
-1.403655
-2.056793
-1.926778
-1.185793
-3.275229
-3.963012
-2.987380
-0.059091
-4.601514
-4.102357
-1.517436
-3.124102
-2.167283
-3.295060
-1.524378
-0.455833
-4.365496
-0.182500
-1.663956
-0.238542
-2.620283
-1.125442
-4.114404
-0.060000
-0.984258
-1.065159
-0.000000
-3.383544
-4.250780
-3.038743
-3.606605
-3.613843
-5.511682
-1.150048
-1.477772
-0.075000
-2.738862
-4.187753
-1.160463
-0.353704
-0.861857
-3.071702
-4.383305
-3.047316
-4.001901
-4.095926
-3.011362
-1.186507
-3.662314
-0.962132
-2.695905
-0.476852
-0.365000
-0.175000
-0.885303
-0.253333
-3.706694
-0.875223
-0.122727
-2.957874
-0.798762
-1.346224
-5.809836
-2.432578
-4.702250
-3.451823
-0.310417
-1.637862
-2.231357
-1.840504
-0.175000
-4.442162
-4.391802
-1.839357
-0.302778
-2.407196
-3.964529
-4.670916
-2.503923
-3.287861
-2.498597
-3.929057
-3.895253
-0.736147
-1.190661
-1.105887
-4.416458
-3.169313
-4.681111
-0.272273
-1.449476
-1.882099
-3.630281
-4.475213
-3.978310
-0.499848
-0.476667
-0.187037
-3.473507
-3.848607
-1.949174
-0.175000
-3.523689
-2.583044
-4.677665
-0.295370
-1.164781
-0.268750
-3.884499
-1.774040
-2.155994
-0.894643
-1.166787
-0.403148
-0.920012
-3.517173
-4.453813
-2.999575
-3.308685
-2.816770
-4.651482
-1.442204
-2.939118
-0.402000
-0.583333
-4.353721
-2.820235
-1.525491
-2.484445
-1.224624
-0.100000
-2.190068
-0.682576
-1.673615
-1.366568
-0.973961
-0.000000
-3.648300
-2.942203
-0.447328
-0.187500
-3.706721
-0.989366
-0.232407
-2.012075
-0.491262
-0.373333
-0.582595
-4.066404
-0.834553
-2.264850
-3.771184
-2.373091
-0.150000
-1.740727
-3.750205
-0.473333
-3.179179
-2.139173
-3.246776
-1.787076
-2.889618
-3.952526
-3.887103
-3.373369
-3.285113
-0.430606
-0.080000
-3.768888
-2.922896
-3.670362
-4.380734
-2.258088
-1.973972
-4.206725
-2.278527
-0.435417
-3.051260
-2.737622
-4.046202
-3.519659
-1.620512
-2.374079
-2.330774
-0.356061
-0.116667
-0.409848
-0.304545
-1.164846
-3.214367
-3.212991
-1.822198
-5.083400
-3.820958
-0.584026
-1.084712
-2.156361
-2.555133
-0.161111
-0.375000
-3.314783
-2.949104
-2.768059
-0.320000
-3.297841
-0.651333
-2.386007
-2.502965
-4.527465
-3.741874
-2.432240
-0.829517
-1.015750
-3.584838
-1.053749
-3.383188
-2.821892
-1.697585
-3.274013
-2.298700
-2.472957
-0.834149
-3.158944
-0.638939
-1.426249
-3.837565
-4.471942
-2.535421
-0.540000
-1.411918
-2.843791
-1.011984
-1.513378
-0.327273
-2.848655
-3.726299
-2.881388
-2.037638
-1.183052
-1.928377
-2.577783
-0.100000
-3.321949
-0.185714
-1.513329
-2.444968
-0.948923
-1.603678
-1.325292
-1.975983
-1.779959
-0.658919
-3.649618
-3.166081
-4.641624
-1.872653
-1.658104
-3.243621
-4.409504
-3.235507
-4.195666
-4.147385
-3.753064
-1.156634
-3.094814
-0.842179
-3.398064
-1.378175
-0.215000
-3.353470
-3.244093
-1.796393
-0.683333
-0.682619
-4.226600
-2.610693
-0.155000
-0.806147
-2.928418
-3.237818
-2.885340
-1.474182
-1.812099
-0.794026
-3.959204
-3.419216
-2.544415
-3.667027
-0.289394
-0.075000
-3.612663
-1.413720
-3.724575
-0.725996
-2.561024
-2.945001
-3.252847
-3.750933
-3.986437
-1.101015
-3.278152
-1.631519
-3.833101
-3.207628
-4.247603
-0.528189
-0.325000
-2.764207
-0.510909
-3.234031
-2.389595
-3.608567
-2.982192
-2.358766
-1.023556
-0.905940
-3.778003
-3.757117
-0.829960
-0.500000
-3.383072
-3.642805
-2.503510
-1.898322
-2.600513
-0.133333
-4.012654
-3.287477
-1.905429
-3.134945
-2.713388
-0.558348
-0.000000
-3.305683
-3.852721
-2.942254
-0.400926
-2.678845
-4.832227
-0.483333
-0.050000
-0.650000
-0.618595
-0.551667
-2.672001
-2.689895
-2.336535
-2.501863
-1.832853
-1.498781
-0.000000
-3.503200
-3.240337
-0.742167
-0.250000
-2.594340
-0.834434
-1.078333
-3.642282
-0.500314
-0.491667
-0.901296
-3.406212
-2.968932
-3.586089
-2.353033
-0.250000
-0.811688
-3.253719
-1.397362
-4.104193
-3.506221
-1.780109
-0.377273
-2.294499
-0.722219
-3.748585
-3.329332
-1.979488
-3.288136
-0.559167
-0.603182
-3.001525
-0.286364
-2.077371
-2.990436
-1.066223
-3.136086
-4.483796
-2.798484
-0.769091
-0.583810
-2.628463
-2.353421
-4.068057
-1.349921
-0.736299
-3.894405
-3.595423
-3.195500
-4.171937
-2.917829
-3.115668
-3.520887
-4.247023
-3.039857
-4.750261
-2.619714
-0.384091
-3.465547
-3.003644
-2.620094
-1.748933
-1.605331
-0.287500
-3.401295
-4.563876
-1.156524
-3.365004
-5.341094
-1.666512
-0.938618
-0.316667
-2.131120
-0.413542
-3.855020
-3.908960
-4.295851
-2.849436
-0.774008
-1.786523
-3.513266
-0.853333
-2.607387
-2.087947
-1.170321
-3.190542
-2.160271
-0.665909
-2.886938
-3.007346
-2.914562
-3.267316
-3.746355
-3.308322
-3.726462
-4.010230
-0.425000
-2.067643
-0.260417
-3.092745
-2.940679
-2.840641
-0.469262
-1.710455
-0.327989
-2.676057
-0.595303
-3.280871
-1.973466
-1.445481
-2.522768
-2.237483
-0.020000
-3.503273
-1.429229
-3.199087
-2.949030
-0.592500
-0.400000
-3.073490
-3.638680
-3.163651
-3.114072
-2.784098
-1.037872
-0.216667
-3.134613
-3.111923
-3.794400
-4.039741
-3.982899
-0.161111
-3.339161
-3.459071
-4.663963
-3.046007
-0.771481
-0.087500
-3.186438
-3.766649
-4.406809
-1.266330
-3.140468
-3.783048
-3.934924
-3.025085
-1.080274
-6.161769
-1.757095
-3.781066
-3.921806
-2.740447
-4.667441
-1.021483
-1.545117
-3.309249
-4.179013
-3.376906
-3.009322
-1.785283
-0.030000
-3.359417
-3.376146
-3.733311
-2.322843
-3.534291
-3.154721
-4.881364
-2.244336
-1.635486
-2.178035
-3.206307
-0.281250
-1.945568
-0.168182
-3.430170
-0.294444
-3.038381
-3.877366
-4.900997
-1.014515
-1.885577
-3.641513
-3.809312
-2.123475
-2.562425
-0.050000
-3.260224
-2.924892
-3.835939
-0.653500
-2.755771
-1.726883
-1.777778
-2.547177
-2.276901
-4.220306
-3.351644
-1.856072
-3.702328
-2.198928
-1.775336
-1.621004
-5.175569
-3.584055
-3.065619
-2.047062
-0.776994
-3.911401
-0.316667
-0.150000
-3.536537
-2.970896
-2.868426
-2.630362
-3.812015
-4.985648
-0.507121
-1.335960
-3.367903
-1.786706
-3.465295
-3.689073
-1.134030
-3.326855
-4.279883
-4.257105
-3.125369
-2.512224
-0.254762
-3.599976
-3.127149
-2.198700
-3.035125
-2.291372
-2.596228
-0.742576
-0.128571
-1.173666
-3.403401
-1.409440
-0.020000
-0.377273
-3.141311
-4.544257
-3.389667
-4.152972
-1.361126
-2.717590
-1.724623
-1.587510
-0.225000
-2.968385
-1.960536
-2.586359
-2.449127
-0.305000
-3.780693
-3.429028
-0.708939
-0.016667
-3.547283
-3.498500
-3.821473
-3.388666
-0.773939
-3.010230
-4.664018
-2.840786
-5.116372
-3.294156
-1.604032
-1.614378
-2.170022
-2.343423
-2.314757
-1.743948
-1.382666
-0.582839
-3.777693
-1.671542
-1.741386
-1.921305
-3.932432
-4.146715
-3.406273
-2.891861
-3.469769
-2.049962
-0.609425
-3.274592
-4.099991
-4.715955
-2.865772
-0.100000
-3.633230
-3.747690
-3.656845
-2.729654
-2.909446
-3.263810
-2.482487
-0.680303
-4.879179
-2.635078
-1.609438
-3.648111
-3.466689
-2.238779
-3.931112
-1.410540
-0.291667
-3.107089
-4.053708
-3.875229
-4.976676
-2.219141
-1.818147
-0.462333
-0.626061
-3.177306
-4.234418
-3.317218
-2.621339
-1.602276
-2.600123
-0.448148
-1.909870
-4.919932
-3.080909
-2.946115
-2.773935
-3.209046
-1.251589
-1.825658
-1.103537
-2.890173
-1.679876
-1.334996
-1.818580
-0.949254
-2.782545
-2.083506
-1.205848
-0.787552
-1.567381
-0.890758
-0.000000
-3.634570
-2.217393
-4.688375
-2.157957
-0.238333
-3.307978
-3.148966
-0.810325
-4.621234
-0.259259
-2.123678
-1.001313
-3.250168
-3.339583
-2.199113
-2.615328
-1.559998
-0.172727
-3.429471
-3.687333
-4.503039
-1.103799
-0.144444
-3.347730
-3.863105
-2.360031
-3.256222
-4.279472
-4.251653
-1.649389
-3.844265
-4.059776
-0.922052
-0.661852
-2.451076
-3.988019
-2.012985
-1.799697
-4.176438
-0.483333
-2.635292
-3.458447
-3.216698
-2.389704
-0.226190
-3.323140
-3.252442
-4.028976
-2.055519
-0.615667
-2.249053
-1.229568
-3.693889
-1.068630
-0.779784
-3.213336
-2.836136
-3.040941
-1.581233
-2.874026
-4.169843
-5.866565
-3.975612
-3.334317
-3.851760
-4.300844
-2.180191
-0.072727
-3.445866
-3.244484
-4.282789
-2.346710
-3.640012
-3.054724
-4.215352
-3.222970
-2.987200
-0.482274
-3.267406
-3.377391
-3.201845
-1.389916
-3.138118
-3.228161
-1.042354
-4.579364
-2.477776
-3.413216
-2.944193
-2.707804
-1.366988
-0.931614
-2.953332
-3.967293
-1.737672
-0.200000
-5.138587
-3.287874
-4.173830
-0.969289
-4.723558
-0.155556
-1.249984
-3.836242
-1.825412
-0.265476
-2.882290
-0.309259
-0.120000
-3.089221
-1.722030
-4.449752
-1.978770
-0.465909
-0.178571
-0.586852
-2.913265
-1.996223
-3.819113
-1.470499
-0.475000
-3.816682
-5.154161
-3.413859
-4.168728
-1.211937
-2.678299
-1.400888
-1.758592
-3.786458
-2.318119
-0.420370
-0.810960
-3.437163
-4.537630
-1.992138
-0.116667
-3.481579
-3.817706
-3.279433
-1.459043
-2.103908
-0.309259
-1.072677
-2.735350
-2.841896
-1.166692
-0.084722
-1.252588
-3.551492
-2.576666
-3.366903
-3.673718
-4.434704
-3.100373
-2.536318
-1.129726
-4.749911
-3.029863
-3.750674
-0.652667
-0.045455
-3.143198
-3.763625
-1.504356
-2.316964
-1.330273
-1.507780
-4.227444
-4.343533
-0.468667
-3.324863
-1.941739
-2.727185
-2.167009
-3.757375
-1.214513
-1.828647
-2.115664
-3.797427
-2.843274
-4.129308
-3.847442
-3.597916
-2.171751
-0.105556
-4.239462
-3.025293
-1.697736
-5.446437
-0.175000
-0.050000
-3.532184
-2.249116
-2.416243
-0.704394
-5.009396
-3.434176
-3.687798
-2.897153
-2.182577
-3.277904
-0.951623
-2.500092
-1.938571
-5.060147
-3.467389
-4.284709
-3.355527
-2.749561
-3.958641
-1.571905
-4.111018
-0.166667
-5.250255
-2.937903
-1.381349
-1.852396
-1.462168
-3.911692
-5.469849
-4.380219
-2.992781
-0.649091
-0.165000
-0.795587
-0.783667
-0.805718
-0.112500
-2.097711
-0.000000
-1.649060
-4.088404
-3.871323
-6.358571
-0.983416
-6.032161
-3.413670
-3.874864
-1.900692
-4.884793
-4.202962
-2.665004
-3.178513
-4.876171
-1.817795
-0.050000
-3.715390
-0.758268
-0.000000
-4.618460
-4.165791
-0.756551
-3.932870
-3.485700
-3.241153
-1.936437
-0.613958
-7.470465
-1.453919
-0.000000
-4.371097
-1.244408
-3.803225
-4.207632
-0.549167
-1.177226
-2.701843
-4.723732
-0.629048
-0.653636
-2.509061
-1.737441
-3.981084
-3.771473
-0.624329
-5.506289
-0.185714
-1.663485
-2.970179
-2.218721
-1.892109
-2.077533
-0.275000
-3.168968
-4.618255
-0.905112
-2.326344
-2.341510
-0.130556
-0.212500
-2.895132
-2.722534
-1.589749
-1.035875
-0.000000
-1.530585
-5.414561
-4.399611
-1.491229
-0.219697
-2.655806
-0.088889
-3.760798
-4.112063
-1.438265
-2.542031
-0.625345
-1.405084
-3.217337
-1.322377
-1.972639
-1.162526
-1.168835
-0.687320
-3.202420
-1.092630
-3.351667
-0.870563
-1.221665
-2.945337
-4.171472
-0.425333
-1.621664
-1.693180
-0.955127
-0.482179
-2.917446
-0.545390
-1.104623
-0.100000
-3.390827
-2.686499
-0.989587
-0.444242
-3.136722
-0.478788
-4.265294
-1.686174
-2.237821
-0.615833
-0.985000
-4.891217
-1.437118
-0.150000
-3.340110
-1.720715
-0.000000
-4.412945
-3.076450
-2.700761
-3.134010
-3.821684
-3.672173
-3.153170
-0.679848
-0.133333
-3.901785
-2.995434
-0.382708
-2.710079
-0.000000
-3.088594
-2.977498
-3.712302
-0.793979
-2.576406
-1.551751
-2.109147
-1.459791
-3.225688
-4.050142
-1.648196
-1.407273
-1.306192
-2.310491
-3.333694
-0.406818
-0.100000
-0.581061
-2.940737
-1.228658
-0.406481
-0.891818
-1.713110
-1.756796
-1.684959
-0.033333
-2.006741
-2.658944
-1.486150
-1.842990
-1.709835
-5.013325
-4.848082
-0.320833
-0.287500
-3.127258
-1.453034
-0.178333
-2.070749
-4.446169
-1.793456
-1.431284
-3.548253
-1.292600
-2.369823
-2.245681
-0.529848
-2.977367
-1.639872
-3.130965
-3.375848
-1.809815
-0.732963
-0.346667
-0.250000
-3.279857
-3.641313
-1.921297
-0.822879
-1.355626
-3.122470
-5.725752
-1.898729
-4.146498
-2.520489
-3.103225
-0.996967
-1.672602
-0.250000
-0.695667
-3.039915
-2.279821
-3.234310
-0.235000
-0.042857
-3.142313
-4.978188
-1.814431
-0.170833
-3.403824
-1.973696
-3.773145
-4.261823
-2.443804
-0.283333
-1.203593
-3.047577
-1.610877
-0.214286
-1.740173
-2.263223
-4.160360
-3.555574
-1.647182
-1.958172
-1.395361
-0.911291
-3.774791
-1.615915
-1.434245
-2.949878
-3.857050
-0.525303
-4.010004
-4.874060
-0.150000
-1.804750
-2.302628
-4.405745
-0.293750
-1.420513
-3.318513
-3.458473
-1.309675
-0.156250
-3.840815
-1.138240
-0.803391
-0.033333
-1.827073
-1.645590
-3.459423
-1.140343
-2.659646
-3.180708
-3.219832
-1.455387
-3.492551
-3.707280
-3.352925
-2.157074
-0.418056
-0.210000
-3.225098
-0.819394
-2.116506
-0.461623
-1.020375
-4.374589
-3.292735
-3.613345
-1.724470
-2.894781
-0.311905
-0.210000
-2.225262
-3.484980
-4.392452
-1.484249
-2.051960
-0.179167
-4.022904
-1.717881
-2.328568
-2.938926
-0.937139
-2.538666
-3.803625
-2.987122
-4.419666
-3.302453
-0.756524
-3.124904
-1.537912
-4.010653
-0.086364
-3.187819
-0.206250
-1.698496
-2.393878
-3.140477
-1.352945
-1.437924
-0.404545
-3.073058
-2.140099
-1.713283
-1.826093
-1.786254
-0.525909
-1.862527
-0.014286
-1.713110
-2.286789
-2.467718
-1.778510
-0.664242
-2.058228
-4.332196
-4.471493
-2.170761
-3.516903
-1.553616
-2.671538
-4.767659
-1.640898
-0.416970
-2.329231
-2.600995
-0.233333
-0.266667
-1.104737
-2.996352
-1.455510
-0.086364
-3.498720
-1.013115
-2.197547
-3.250493
-3.874746
-3.781923
-4.491782
-3.919115
-0.366167
-4.173687
-0.386111
-3.078522
-0.083333
-0.210417
-5.400263
-5.422101
-2.833686
-0.758228
-2.796969
-0.198333
-2.739512
-5.194698
-1.167698
-1.843823
-2.728085
-3.030909
-1.817431
-2.271465
-3.018471
-0.251852
-5.823521
-1.000844
-0.162500
-3.318670
-1.581184
-3.777588
-4.313793
-4.441057
-3.906637
-2.469796
-4.992805
-4.974896
-4.382115
-1.821565
-3.888519
-1.057940
-1.086692
-1.343871
-0.075000
-3.623066
-1.722099
-1.196512
-4.054131
-3.789329
-0.408636
-2.103866
-0.100000
-1.750623
-3.206782
-0.908125
-1.137482
-1.492766
-0.057143
-1.664416
-3.559154
-0.575758
-0.157143
-2.061824
-3.130777
-1.386662
-0.605152
-0.060000
-1.925455
-1.099585
-1.232508
-3.212506
-0.000000
-0.100000
-0.090909
-0.376515
-1.805399
-2.031646
-1.260895
-3.956352
-3.516967
-2.344782
-0.861000
-2.262752
-1.485068
-5.663864
-3.877304
-1.120172
-1.322369
-1.694968
-1.608176
-4.004642
-2.296986
-0.235000
-3.157951
-0.298333
-2.390779
-4.041951
-1.630865
-0.497500
-4.197308
-1.650628
-1.405263
-0.432879
-3.451794
-2.574591
-1.250412
-1.264048
-0.385185
-0.619167
-0.183333
-1.456187
-3.394229
-3.276174
-1.104369
-1.693579
-3.645279
-1.576261
-2.880067
-1.793273
-0.190000
-3.801970
-1.386915
-2.935770
-0.564167
-3.408091
-0.325000
-2.093404
-4.674703
-2.367713
-1.965467
-3.004579
-2.775471
-2.639494
-3.138601
-3.069994
-2.711394
-2.220877
-1.736473
-2.057876
-0.218750
-1.357178
-0.734657
-3.228471
-0.916234
-2.049036
-1.388624
-0.638667
-1.363122
-4.656880
-1.516095
-1.828669
-2.932441
-3.152010
-1.256412
-6.062546
-0.766679
-2.477821
-0.300000
-4.211077
-1.679755
-1.111395
-2.967419
-0.292857
-5.909649
-0.365152
-4.442525
-3.923690
-3.019399
-0.887201
-4.334629
-0.501061
-3.494450
-1.502691
-1.504336
-0.208333
-1.761913
-0.170000
-2.123786
-1.751067
-1.801357
-0.208333
-3.195245
-1.590862
-1.617409
-3.059763
-3.882960
-4.093884
-2.050083
-0.205000
-2.842928
-2.489359
-3.347381
-2.863722
-1.293307
-3.336043
-2.710923
-1.368628
-2.260406
-1.352498
-0.302083
-3.646611
-1.987897
-5.094765
-0.462963
-0.248030
-0.316212
-3.172908
-3.995786
-2.882274
-3.210424
-2.532559
-2.718867
-2.305043
-4.615752
-2.644612
-1.283954
-1.967019
-1.444805
-0.166667
-0.131818
-0.872496
-3.761686
-2.024318
-3.202849
-2.553321
-3.912535
-1.511355
-3.763397
-1.825291
-2.791892
-2.745090
-4.574297
-3.701298
-4.024324
-2.351687
-3.990864
-0.460909
-0.986706
-0.206250
-2.328908
-1.505706
-1.634554
-1.903823
-2.342462
-0.407833
-3.428136
-1.030595
-0.573618
-1.419350
-0.243750
-5.718851
-3.160710
-1.435783
-3.583344
-4.055020
-1.969681
-1.933415
-1.968601
-0.378788
-1.193489
-1.462578
-2.480982
-0.310000
-1.935341
-2.348480
-0.856176
-1.248896
-1.201858
-0.794809
-3.317153
-3.366715
-1.488375
-2.414673
-3.459023
-3.329128
-1.025487
-2.802548
-1.128428
-2.051601
-3.479326
-3.537187
-0.270833
-2.974797
-1.279427
-2.156703
-3.911487
-0.976865
-0.440152
-0.138889
-2.559236
-0.150000
-0.330000
-5.161384
-0.137500
-0.050000
-2.202660
-2.083640
-1.635080
-1.008215
-0.000000
-2.173906
-1.615709
-0.986090
-0.187500
-3.404392
-3.568967
-1.579801
-2.860968
-4.230203
-2.664338
-0.260000
-4.239496
-4.624229
-2.369791
-2.180369
-3.232125
-2.828308
-1.864261
-1.370282
-0.491667
-2.530724
-3.256842
-4.159002
-4.201037
-3.222597
-1.719088
-3.772720
-3.048425
-2.752847
-2.522314
-3.642272
-1.821911
-3.600733
-4.210482
-2.484484
-0.288889
-2.112891
-1.673725
-2.452198
-4.393191
-0.205000
-0.994056
-0.178571
-3.199731
-5.576790
-3.309896
-1.063402
-1.306827
-0.255556
-3.867364
-3.199923
-1.972432
-0.000000
-3.692641
-1.472399
-5.389972
-2.109169
-0.268333
-3.625110
-4.378880
-1.995752
-3.704553
-2.435592
-4.337024
-1.778246
-0.341667
-0.529762
-3.890599
-2.481262
-0.698500
-1.474610
-0.261905
-3.411288
-2.057054
-3.037345
-4.235308
-0.316667
-0.190909
-1.395951
-0.250000
-3.344816
-4.260828
-1.238107
-2.676755
-1.197677
-1.588461
-3.808143
-3.785462
-2.252580
-0.587292
-1.768749
-0.219792
-1.834289
-2.020111
-3.447797
-2.366380
-3.460360
-1.611778
-2.277539
-0.316667
-2.923608
-0.267593
-1.953784
-2.797456
-1.681120
-2.112995
-1.260960
-0.140000
-4.156955
-2.387451
-4.880560
-1.714284
-3.176759
-0.785729
-4.330391
-0.275758
-1.017897
-0.317500
-1.482861
-1.683472
-0.254762
-0.915429
-3.369409
-3.814102
-4.069865
-2.480030
-0.775153
-5.602487
-2.948420
-0.478636
-0.637273
-0.572727
-0.000000
-1.368333
-2.510838
-3.439177
-1.320160
-0.100000
-2.030932
-4.338914
-2.212629
-1.532319
-3.857494
-2.551087
-4.495144
-3.240258
-2.510913
-3.953746
-1.504534
-0.000000
-3.903627
-1.231547
-0.440833
-1.809976
-1.290817
-2.298119
-0.454262
-2.218612
-2.750287
-2.937577
-1.149553
-1.718241
-3.351682
-1.378041
-2.338739
-1.994594
-3.123028
-0.528500
-1.812229
-4.349229
-3.274781
-0.641095
-2.308473
-4.152333
-1.216958
-0.142857
-3.266264
-0.995198
-2.860529
-2.623056
-2.316140
-0.625909
-3.653954
-1.315189
-4.167000
-1.623666
-0.707357
-3.626474
-4.006116
-2.375153
-0.824654
-0.061111
-3.149474
-3.543273
-2.382076
-1.487859
-0.650000
-0.470556
-4.818802
-0.468889
-2.047624
-4.220891
-2.934021
-3.740322
-3.785409
-2.960393
-0.972208
-3.449201
-2.342042
-2.101289
-4.029730
-1.024425
-0.861680
-1.569919
-1.695604
-0.327083
-3.662159
-1.985300
-1.087456
-0.419815
-3.781286
-2.091915
-3.001804
-1.941465
-4.738535
-1.357898
-2.560178
-1.265189
-1.528448
-3.724847
-2.550847
-1.524533
-1.776700
-0.874000
-6.117882
-3.588085
-3.273067
-4.106228
-1.179289
-1.886201
-2.359613
-3.020927
-1.778809
-4.075342
-0.372273
-3.750366
-3.604675
-4.334518
-1.990439
-0.242857
-3.487392
-4.422240
-1.758059
-2.793998
-2.611095
-0.350000
-2.131200
-0.147917
-2.503225
-2.285544
-0.910000
-1.586203
-0.658000
-2.096059
-1.930264
-1.772711
-1.146984
-0.000000
-3.151336
-1.206552
-3.121178
-1.543479
-1.861253
-4.712455
-1.433671
-0.550000
-1.432293
-4.748011
-0.100000
-2.010084
-1.782066
-0.898586
-1.919675
-0.753876
-1.172421
-0.675011
-3.151987
-0.759340
-2.526229
-0.532778
-0.118750
-3.161133
-4.682842
-3.160264
-1.871014
-3.001839
-0.195000
-2.579002
-1.648020
-0.303030
-5.038526
-3.500423
-2.956870
-0.135714
-0.087500
-3.378702
-1.790615
-0.300000
-0.000000
-3.409033
-2.395353
-2.485006
-0.100000
-2.412503
-2.596846
-0.181818
-0.060000
-0.100000
-5.399693
-3.179294
-3.190257
-0.277083
-0.364697
-3.487144
-0.717284
-3.955543
-0.263636
-1.362629
-2.506510
-0.391667
-0.819583
-1.806586
-2.972345
-2.617874
-0.416667
-1.010350
-3.125354
-4.059698
-0.180000
-0.195000
-3.467626
-2.124788
-0.828788
-1.319444
-0.410000
-3.344891
-0.919747
-1.386000
-0.158333
-0.025000
-3.025942
-3.587943
-1.537621
-2.975536
-0.066667
-3.699038
-0.803333
-3.648422
-0.166667
-4.975216
-0.818543
-0.671212
-0.437407
-3.389224
-3.511774
-3.176226
-1.347237
-0.200000
-3.221504
-7.037190
-2.091032
-3.292038
-0.932107
-0.510606
-3.490807
-1.398655
-0.400000
-0.545455
-1.883225
-1.314961
-3.449328
-2.821300
-2.764869
-0.949242
-1.751667
-1.811799
-0.135000
-3.144233
-0.657000
-1.749982
-0.188889
-0.303030
-3.313195
-0.200000
-3.333571
-0.971215
-4.062820
-3.539973
-0.756212
-0.490152
-2.386441
-3.627612
-4.194246
-1.878490
-0.156250
-1.479191
-0.245000
-3.463449
-1.160067
-1.966239
-3.819490
-0.063636
-1.138427
-2.515213
-2.821085
-0.127273
-2.101884
-0.150000
-0.118750
-3.837534
-0.963799
-3.935872
-1.537576
-3.516515
-2.470097
-0.066667
-0.000000
-3.325145
-2.323659
-1.032636
-0.321429
-0.722762
-3.835170
-1.929967
-0.618889
-0.416667
-2.788217
-0.748262
-2.778364
-0.357000
-0.384167
-1.563275
-0.083333
-1.450378
-0.061111
-0.997825
-1.608801
-1.371170
-1.657805
-0.934471
-2.819072
-1.014250
-0.893149
-0.000000
-3.421474
-1.464298
-3.180031
-1.380079
-0.225000
-0.288542
-3.302538
-0.248333
-0.267593
-0.621299
-0.143750
-2.272872
-3.943716
-0.541970
-2.844234
-1.175191
-0.587333
-0.760291
-1.333554
-4.113552
-1.024255
-0.944583
-2.513125
-1.985970
-0.447727
-1.444982
-1.761238
-3.645517
-1.011573
-1.068820
-1.341613
-0.762012
-0.482000
-0.383333
-2.133003
-3.348551
-3.574732
-2.681239
-2.373250
-3.357836
-0.692879
-0.459091
-3.383787
-0.477273
-2.621865
-4.422918
-0.438333
-0.375000
-1.975105
-0.045000
-2.044396
-2.657921
-3.015181
-2.859418
-3.415624
-3.342975
-0.474167
-0.246667
-3.697668
-1.694169
-2.372357
-0.160000
-0.906800
-4.040284
-1.796122
-2.281949
-1.955575
-3.510684
-0.557370
-4.098536
-0.502000
-0.389500
-4.164588
-1.563438
-1.685871
-4.683640
-0.651071
-1.457883
-3.568515
-0.956840
-1.926046
-0.303333
-4.018072
-2.147179
-2.603039
-1.759435
-3.387881
-0.337121
-0.350000
-0.368333
-3.717598
-3.329164
-2.896099
-1.227435
-0.000000
-3.412203
-2.693616
-4.039747
-0.128571
-4.274678
-0.481364
-0.063333
-3.764674
-0.080000
-0.066667
-0.095000
-0.070000
-1.430662
-0.716753
-0.160000
-1.820613
-1.195603
-0.616212
-3.367816
-1.347517
-1.911555
-0.166667
-2.921121
-0.527273
-3.796113
-2.677366
-0.060000
-0.000000
-3.359227
-1.539455
-0.350000
-0.286111
-1.268712
-1.174872
-0.000000
-3.256769
-2.961190
-2.117539
-0.030000
-0.899296
-0.351667
-2.557937
-1.258599
-4.442155
-0.895198
-2.569059
-1.526790
-1.324102
-1.527256
-1.926209
-1.239258
-1.656878
-0.583360
-3.467988
-4.868252
-2.552198
-5.678612
-5.719105
-3.406341
-1.376899
-3.247881
-1.260859
-3.825310
-3.795652
-3.223132
-2.731152
-2.131175
-1.477773
-1.378820
-2.245292
-2.947429
-1.284444
-4.892392
-4.027055
-2.366084
-3.873294
-1.528797
-1.168374
-3.087341
-3.815335
-0.629845
-3.200329
-2.121179
-1.381075
-5.604032
-4.755114
-0.990711
-3.345669
-4.041877
-4.452491
-0.947987
-0.851071
-2.479533
-3.760532
-1.015000
-3.907240
-1.322214
-3.236849
-2.661237
-2.707830
-0.510417
-1.301711
-1.847795
-1.659304
-1.583329
-0.733717
-3.339320
-3.236344
-3.524290
-1.926007
-3.778262
-0.706503
-0.797406
-3.926992
-3.617269
-2.645376
-0.390909
-3.554088
-0.671913
-0.461111
-0.900733
-0.494444
-1.155469
-0.864762
-0.992749
-2.521018
-4.870064
-1.409376
-0.279167
-1.080775
-0.000000
-3.647896
-3.776444
-2.305475
-4.023140
-2.718442
-3.331036
-3.190403
-0.534929
-2.227616
-1.521348
-3.763386
-5.014353
-0.481970
-3.725450
-2.542869
-3.161328
-2.884767
-0.425000
-2.528129
-3.110555
-0.233333
-1.297750
-0.269697
-3.880426
-3.127037
-3.679870
-2.220175
-3.422970
-1.539424
-0.298148
-3.823006
-2.263219
-4.051195
-3.946988
-3.638676
-4.549184
-3.919081
-1.108022
-4.098569
-3.530324
-4.280675
-2.639888
-3.882763
-3.139154
-0.552778
-3.650820
-3.798971
-3.437624
-0.188889
-0.404167
-5.180863
-2.357718
-3.035142
-4.545659
-3.873760
-1.940641
-4.517793
-2.046585
-0.000000
-3.784705
-2.467937
-2.638675
-3.949365
-0.769481
-4.381361
-1.209731
-0.948024
-0.663667
-3.359578
-2.396517
-0.844865
-3.359656
-5.053340
-2.063850
-4.432408
-4.625562
-3.624617
-0.797877
-3.521557
-1.627807
-2.804582
-4.516118
-3.759951
-3.607034
-4.122002
-2.896057
-0.501212
-2.559072
-3.639683
-0.517684
-1.338476
-2.036725
-3.165947
-2.687667
-2.438959
-0.172727
-3.866338
-3.528701
-3.692987
-3.210740
-1.920839
-1.033889
-3.239673
-1.074903
-0.275000
-3.772830
-3.840375
-3.375791
-1.424649
-3.485621
-1.584098
-2.107622
-3.431488
-2.657887
-0.890566
-2.628462
-1.692112
-1.773371
-3.567068
-4.440787
-3.771918
-1.278964
-6.157206
-5.086517
-4.226846
-1.746054
-1.775127
-1.047135
-1.266212
-0.000000
-3.592042
-4.089338
-2.899861
-1.428232
-1.932909
-5.683721
-1.645595
-3.448661
-1.851174
-1.864340
-1.211203
-2.770728
-1.802008
-2.371479
-3.817364
-3.557957
-2.003177
-0.793519
-2.128402
-1.545560
-4.873252
-0.304762
-3.215126
-3.466488
-1.809757
-2.957850
-0.630000
-0.598333
-2.003370
-1.526301
-1.448165
-0.859394
-3.252404
-2.748225
-3.711817
-3.155368
-4.620264
-4.363689
-3.124642
-1.029159
-1.912208
-2.377701
-2.484679
-3.844432
-4.051794
-2.192212
-2.455442
-2.672372
-0.524375
-2.813628
-3.693357
-3.708578
-3.030313
-4.099832
-2.106450
-4.231268
-2.483933
-3.085417
-0.656250
-1.552168
-0.489345
-0.331667
-3.249847
-3.946778
-0.333333
-4.173065
-1.808231
-0.206250
-3.808174
-2.625676
-3.911898
-3.610922
-4.080134
-1.361183
-3.535214
-3.868338
-1.792950
-2.818833
-0.715370
-2.245142
-3.280449
-2.635612
-4.806399
-4.806175
-1.901258
-2.338432
-2.590237
-1.606373
-3.988924
-3.395723
-1.832063
-1.777557
-3.250559
-3.398558
-3.428979
-1.492262
-0.937012
-3.922598
-3.339251
-3.225387
-3.819712
-3.884494
-1.686988
-3.995952
-2.636951
-3.184000
-2.444923
-1.486347
-4.141711
-0.985769
-1.566766
-0.893717
-4.050310
-0.896717
-2.775505
-2.181707
-3.509925
-3.582491
-1.765276
-4.080195
-0.475370
-4.265629
-4.985696
-1.131028
-0.991714
-0.536111
-2.305912
-1.357635
-0.472222
-2.031970
-2.646127
-0.946237
-1.749536
-1.111695
-1.858011
-3.745153
-2.647804
-4.038723
-0.432708
-4.442835
-1.347175
-1.129691
-0.635758
-1.560384
-3.914682
-1.456719
-4.395452
-3.903657
-0.788718
-4.115167
-4.234225
-3.967095
-4.506370
-0.585333
-1.356339
-3.296416
-3.125179
-4.403305
-4.020186
-1.561175
-2.282932
-2.504161
-2.264621
-3.136064
-2.788545
-4.105547
-3.443954
-0.810833
-2.373723
-2.097615
-3.941730
-2.242873
-2.507010
-4.296532
-1.945989
-1.709807
-3.513234
-2.255920
-0.776905
-3.298830
-2.664790
-3.614163
-2.959887
-1.321176
-1.265298
-4.488693
-1.285786
-4.239892
-5.038832
-0.983377
-4.140704
-3.489267
-3.791975
-3.747532
-4.233101
-4.136373
-2.072289
-1.461253
-4.166136
-1.651561
-4.007968
-3.154192
-2.385091
-4.002049
-2.850829
-2.575056
-1.242486
-0.312500
-3.751827
-3.287029
-3.646245
-3.658615
-2.867794
-3.735137
-1.284849
-1.386938
-5.315315
-0.716259
-3.834375
-4.643443
-3.449371
-4.988100
-2.766278
-0.748333
-2.912917
-0.750303
-3.059099
-1.865977
-2.780378
-1.635504
-2.322740
-0.363182
-1.373259
-0.989806
-1.517463
-4.532177
-4.475273
-4.524918
-3.876930
-0.020000
-3.251882
-1.883395
-2.569850
-1.178981
-3.638213
-2.203036
-0.871508
-0.071429
-0.543788
-0.423519
-3.346518
-3.206746
-3.830661
-2.141234
-3.462244
-0.515095
-1.154502
-3.159792
-1.708676
-3.701339
-3.577626
-2.327560
-1.722387
-0.314286
-3.061386
-2.010599
-5.027614
-1.301305
-3.553539
-4.116158
-0.727056
-4.528440
-0.456852
-1.549312
-1.797208
-2.173429
-2.092925
-3.057757
-2.198264
-4.109730
-3.122462
-1.554645
-0.171429
-4.041236
-4.099025
-2.976867
-2.728336
-3.303784
-0.937773
-1.716929
-1.858991
-2.704452
-3.165634
-3.401803
-4.209398
-1.816486
-0.682292
-0.835273
-0.130000
-1.969739
-0.444792
-3.638214
-1.664519
-3.276185
-1.919319
-0.192857
-4.337254
-2.302258
-2.463110
-3.278299
-1.196714
-2.771065
-3.198693
-2.462001
-3.898152
-1.767094
-3.427623
-1.087680
-3.616862
-5.432814
-3.287983
-2.177410
-1.439870
-5.325118
-4.702413
-3.496859
-3.980323
-2.840748
-0.248148
-0.851288
-1.952419
-1.784103
-0.561958
-1.648278
-0.326667
-0.436875
-0.962995
-2.381975
-1.065787
-2.356707
-1.947565
-3.977612
-4.593483
-4.494002
-3.089680
-3.403024
-2.935620
-3.362652
-4.213223
-0.125000
-2.258974
-4.047267
-1.715834
-2.752862
-0.755956
-0.471970
-5.750752
-2.037148
-1.622253
-0.701147
-5.479835
-2.760831
-4.049315
-2.118701
-3.043177
-3.147358
-2.842184
-0.434259
-0.175000
-2.686783
-0.518182
-2.072755
-1.329241
-1.455002
-0.690011
-3.998465
-0.512833
-3.647069
-4.233378
-3.957892
-2.860735
-2.708850
-0.000000
-3.547304
-2.430589
-1.555239
-1.382245
-2.029053
-1.014892
-2.786938
-2.579835
-3.263611
-2.644820
-0.156667
-0.298958
-3.680598
-2.156043
-0.240000
-3.576906
-3.047676
-2.252130
-3.068860
-4.156774
-0.873524
-1.667415
-1.866601
-4.000086
-1.576931
-2.645733
-3.902833
-1.364063
-2.327422
-2.595918
-2.752918
-3.266828
-0.513167
-0.081250
-1.664172
-2.296059
-1.003440
-1.524659
-0.050000
-1.920897
-1.814604
-1.510273
-3.355305
-4.597381
-1.796190
-1.749844
-4.642315
-3.450434
-3.726162
-1.360287
-0.275926
-3.793164
-2.122052
-2.247346
-0.300758
-2.485297
-1.377349
-1.220996
-1.071512
-3.435618
-3.037160
-2.394226
-1.554273
-0.352857
-3.392056
-0.878012
-3.717419
-4.343985
-1.809149
-4.834561
-1.967107
-4.735149
-5.090332
-1.675769
-2.599751
-0.719242
-0.699026
-0.161667
-1.852363
-1.761948
-1.776322
-2.291581
-3.658579
-2.649908
-1.657323
-3.271028
-3.149182
-3.581686
-3.646954
-1.823934
-5.861095
-6.382755
-3.313942
-3.432322
-1.083002
-2.285186
-2.339773
-2.592968
-4.886546
-0.125000
-2.127672
-0.450417
-2.533747
-3.971306
-4.828724
-1.608080
-4.335640
-2.827996
-2.280697
-2.044214
-0.417593
-1.462882
-0.116667
-3.787646
-0.742936
-1.119092
-0.262500
-1.974263
-1.670581
-1.297312
-3.768446
-3.200873
-0.186364
-3.622276
-1.578248
-3.451244
-3.709779
-2.164004
-1.943573
-0.876843
-1.598841
-4.358705
-2.228458
-1.418351
-0.279500
-2.009827
-0.910844
-3.518178
-6.512128
-1.414162
-4.769960
-4.412224
-1.393792
-0.668333
-3.945540
-2.173406
-2.247050
-1.081338
-4.152578
-4.099712
-3.528119
-1.131682
-1.325745
-0.243333
-3.408013
-1.455939
-0.465455
-2.575875
-3.579810
-1.446587
-0.164394
-2.261454
-4.970235
-1.308027
-2.067561
-3.595910
-1.672934
-1.941031
-2.695394
-1.531012
-2.301977
-0.307292
-0.242857
-3.828157
-3.628352
-0.765452
-3.637605
-3.528401
-2.511015
-1.733404
-1.787673
-1.823324
-1.046262
-0.180000
-3.014467
-2.183078
-3.941064
-5.023438
-1.962080
-1.730907
-3.162832
-0.000000
-1.708269
-4.713945
-0.268182
-2.033446
-0.000000
-1.984323
-3.453822
-6.043421
-3.251336
-1.877159
-2.912386
-1.249454
-1.352386
-0.279848
-2.636365
-0.550000
-1.268950
-2.385353
-3.020293
-3.189277
-2.252631
-2.098646
-2.331490
-3.479483
-1.177693
-3.526876
-2.975014
-2.165336
-3.853989
-1.392739
-0.333333
-2.083982
-4.166050
-0.179167
-0.000000
-1.811557
-4.306985
-5.559904
-2.678923
-3.689559
-1.905365
-0.000000
-1.994281
-4.974213
-3.710131
-6.190639
-4.750753
-3.082317
-3.607938
-2.248190
-1.344997
-4.697587
-0.393333
-1.239816
-0.250000
-2.550419
-2.427717
-0.250000
-2.271907
-3.901118
-4.178688
-4.295229
-1.521269
-1.993530
-1.989089
-3.785611
-4.756279
-3.230229
-2.710867
-2.016044
-0.245238
-1.883106
-5.372500
-3.572486
-3.015948
-0.385152
-2.872213
-4.478297
-1.965731
-4.053446
-3.276330
-1.307036
-4.173203
-1.115805
-0.483333
-1.778416
-2.334146
-2.516112
-1.086521
-7.138943
-2.958499
-4.161577
-0.542963
-0.977131
-3.452309
-0.920801
-0.714545
-4.173989
-1.220470
-1.951585
-3.613518
-3.240003
-0.661635
-2.208515
-3.760019
-2.674241
-3.177499
-0.934226
-4.936278
-2.278414
-0.000000
-2.524744
-4.046022
-2.550573
-4.741690
-4.117237
-2.690964
-0.878279
-1.760134
-2.696900
-2.729497
-3.314298
-1.303261
-3.489723
-3.107963
-0.640703
-1.355887
-3.434421
-3.003908
-2.939813
-3.265413
-1.340727
-1.769025
-0.970235
-0.798571
-1.739070
-3.219595
-3.133233
-0.394792
-0.155000
-0.622623
-0.475333
-5.018917
-1.965796
-3.706558
-1.443726
-3.727645
-2.052540
-1.898433
-2.810323
-3.530558
-1.126457
-3.968281
-0.603344
-0.128571
-0.140476
-1.162500
-2.384814
-4.190006
-4.237452
-1.576741
-3.354812
-0.511364
-1.416744
-0.550909
-1.193707
-0.476458
-3.988090
-2.250603
-1.829820
-3.169259
-4.267552
-1.647231
-3.763751
-4.228598
-0.356852
-3.046599
-5.882892
-2.850312
-4.316757
-3.483095
-1.095994
-1.400265
-0.498519
-3.374454
-3.001259
-0.765833
-0.310417
-4.202432
-2.851159
-6.333864
-0.582662
-1.042726
-0.566667
-3.786423
-1.311419
-1.129330
-2.770736
-2.209036
-2.255966
-1.045487
-0.483333
-1.474912
-2.105895
-0.969921
-2.921942
-3.534242
-2.641188
-4.460160
-5.654555
-1.890770
-2.878536
-1.421029
-1.549689
-2.177407
-1.889868
-0.509259
-0.246167
-3.368942
-1.045700
-0.283333
-1.426312
-2.541747
-0.587407
-0.567708
-0.345833
-3.201455
-2.134346
-2.893543
-1.899956
-2.449487
-0.527576
-2.927653
-1.327447
-2.578455
-1.324571
-3.407149
-0.369792
-4.204386
-3.069178
-3.812501
-1.724386
-2.744478
-0.527833
-4.039195
-2.005475
-1.451068
-5.961934
-0.500000
-3.681827
-2.058814
-1.701547
-1.338996
-0.685844
-1.289707
-2.981473
-2.382141
-1.567677
-1.142526
-1.429985
-2.561009
-2.877435
-1.842640
-0.166667
-0.000000
-0.926097
-0.000000
-4.026662
-1.449247
-1.101094
-3.487744
-0.708954
-2.838231
-2.608601
-1.208031
-0.400000
-2.956998
-1.636033
-1.565421
-0.504929
-0.395370
-1.278534
-2.033665
-5.239409
-4.217907
-1.123818
-3.732109
-2.499819
-0.415625
-3.882640
-2.077628
-0.829038
-0.468182
-2.665125
-3.964779
-3.234850
-2.126007
-1.977166
-2.444734
-3.465672
-1.625011
-0.605556
-2.478589
-3.124970
-4.177172
-1.795147
-3.746536
-1.581175
-0.172619
-3.461341
-2.324517
-3.166920
-0.100000
-3.753495
-1.984421
-2.023849
-2.928734
-3.436063
-1.310961
-1.943796
-2.620089
-2.683852
-5.342195
-1.129953
-4.271116
-3.667365
-0.473333
-2.301048
-3.206356
-1.561785
-2.880573
-2.944213
-5.600779
-4.031006
-1.244869
-0.683095
-0.071429
-3.300499
-4.275752
-4.567862
-0.683874
-1.141968
-0.374262
-3.113557
-0.708939
-0.837738
-0.961906
-3.754107
-1.192655
-1.365653
-0.146296
-4.038061
-1.269704
-2.452672
-2.180906
-1.908153
-0.807381
-1.468956
-1.330687
-5.082142
-4.147758
-4.052363
-4.098710
-1.401873
-0.628636
-0.504500
-0.286458
-3.319046
-0.477833
-2.927877
-2.020229
-2.243448
-3.455122
-2.622161
-2.306116
-0.278571
-0.190000
-2.981507
-1.086504
-1.595663
-2.207751
-2.150508
-3.607039
-3.452078
-3.404711
-2.059510
-3.462510
-3.014817
-1.682509
-1.812895
-0.579556
-0.882518
-3.744018
-1.525006
-1.778814
-1.713598
-0.532576
-0.246667
-3.461798
-2.138844
-0.632424
-3.243658
-1.258516
-3.682463
-3.323246
-1.749716
-0.906764
-1.447564
-0.322917
-3.296461
-1.459445
-2.426758
-0.453624
-0.733333
-4.338610
-3.764723
-1.991549
-0.338889
-0.481818
-3.075180
-2.084762
-0.975671
-0.275000
-3.840697
-1.492583
-2.228154
-1.798951
-0.261905
-4.183683
-0.060000
-0.517833
-2.161921
-3.280504
-1.414455
-0.596333
-0.718333
-0.589815
-1.980300
-3.765166
-2.304689
-3.438630
-1.787879
-5.220795
-0.436111
-1.957717
-0.300000
-3.850317
-2.300471
-0.848355
-2.508414
-3.292092
-0.453333
-0.541667
-1.932460
-1.913047
-2.210097
-1.062998
-5.718201
-0.795741
-3.420889
-1.609185
-3.531632
-0.732017
-1.143792
-2.487245
-3.592315
-4.746924
-1.730000
-5.097460
-1.698956
-3.773064
-3.354989
-1.100281
-5.212508
-0.889600
-0.937644
-3.158854
-0.526667
-2.805145
-4.801784
-3.504167
-0.166667
-3.158405
-1.353637
-1.143093
-5.878124
-0.813861
-1.326732
-2.483819
-3.627156
-1.459734
-1.851080
-1.324997
-2.043078
-3.388741
-5.186989
-0.275000
-2.295133
-2.941898
-3.751016
-1.693101
-0.200000
-3.909714
-1.291534
-0.522897
-0.751212
-3.036526
-1.683330
-3.388270
-0.955940
-0.309259
-5.262016
-3.636443
-1.826909
-0.185417
-0.172222
-3.109393
-2.143444
-0.308333
-1.817099
-1.909721
-4.143526
-1.205966
-2.715050
-1.129639
-2.250391
-0.403182
-0.210606
-3.711423
-1.182472
-3.563101
-0.546212
-2.574235
-0.350000
-2.970831
-1.043892
-1.631284
-4.168466
-0.992775
-1.836132
-5.495530
-2.009960
-2.256344
-1.744278
-0.300000
-0.860891
-3.122052
-4.593113
-2.765646
-0.586000
-0.506481
-3.484030
-3.172173
-0.590909
-0.925748
-1.632977
-1.794245
-0.503290
-2.558144
-2.294517
-1.823445
-0.337500
-1.021973
-1.199805
-2.051765
-1.906230
-1.521546
-1.195296
-0.000000
-3.633355
-1.788801
-2.266476
-1.089123
-3.990720
-2.092147
-1.194960
-0.540325
-3.164461
-2.231666
-1.479550
-2.552457
-1.052020
-0.238889
-0.862857
-4.111871
-1.904580
-2.374181
-1.850385
-3.831697
-2.846144
-2.063893
-3.570881
-0.972215
-0.856687
-1.867758
-0.000000
-0.000000
-1.568563
-3.531639
-2.884278
-4.066183
-3.117891
-2.004446
-1.450812
-3.244080
-2.538421
-0.984290
-3.797550
-2.280016
-1.829793
-0.616667
-3.437974
-2.454824
-0.254545
-0.671981
-4.491480
-3.002704
-2.908351
-2.513169
-2.528619
-2.040217
-0.238333
-0.100000
-0.000000
-3.732989
-2.413943
-2.108989
-1.440383
-0.464500
-0.155000
-3.576314
-3.780358
-3.070170
-2.045740
-1.181800
-0.266042
-4.249780
-3.783832
-0.855123
-0.435417
-1.922174
-0.303704
-2.208516
-3.465379
-1.987010
-1.787393
-0.590291
-2.383467
-1.973581
-2.858162
-3.553276
-3.787082
-1.536366
-0.938553
-3.706359
-1.440624
-1.726320
-2.954072
-0.660152
-1.009798
-3.897960
-2.535349
-1.204390
-2.219024
-2.580642
-1.797455
-2.155367
-1.491472
-2.740434
-3.537988
-3.538380
-3.177811
-0.213636
-3.309827
-3.737127
-1.472416
-2.311267
-1.173988
-0.100000
-1.433972
-0.600000
-2.575601
-1.971106
-1.406766
-5.154070
-0.000000
-1.437911
-2.373398
-1.853688
-0.998063
-0.300000
-3.525539
-2.839539
-1.138431
-0.555152
-0.360606
-3.689373
-0.100000
-0.147619
-1.817022
-4.465348
-0.145455
-3.482706
-1.179640
-1.355448
-0.844242
-1.658297
-0.894167
-0.000000
-3.340713
-2.880588
-2.065720
-2.922977
-0.597434
-2.264972
-1.301479
-3.014720
-0.145000
-5.583151
-3.286322
-2.105530
-0.105000
-2.278573
-0.580929
-1.406229
-0.000000
-3.583617
-3.632036
-4.365745
-2.576790
-2.175306
-1.735828
-1.526022
-2.231489
-0.260833
-5.587164
-0.050000
-2.500238
-0.371667
-3.708045
-3.461216
-1.046331
-1.552622
-0.919177
-2.884416
-4.486940
-0.347593
-0.694697
-1.172596
-0.288889
-3.333122
-3.342808
-2.579263
-1.472666
-4.492499
-0.238889
-0.626000
-2.598947
-3.146819
-1.530354
-1.269496
-0.828063
-2.669197
-1.363616
-0.050000
-1.875653
-1.529617
-0.670570
-3.335887
-1.066290
-5.466136
-2.817851
-3.688443
-3.357524
-3.793591
-2.646609
-1.657165
-2.146722
-0.313095
-1.883161
-0.071429
-0.164286
-3.577627
-3.503003
-0.305000
-4.882774
-1.183391
-3.273965
-5.349883
-1.446733
-0.240000
-2.123819
-0.909618
-3.066755
-0.127778
-1.867983
-1.706850
-1.073544
-3.094034
-0.303704
-3.085544
-2.186746
-2.232386
-3.416527
-1.145289
-3.662932
-3.988701
-1.309046
-0.180000
-5.128314
-1.187833
-1.446142
-0.325000
-0.278571
-3.601552
-1.925086
-0.770768
-3.088551
-1.663076
-2.186466
-1.702912
-1.473713
-0.857511
-3.118142
-4.554326
-0.638707
-3.187860
-4.046824
-3.181124
-2.142916
-2.089961
-0.508667
-3.886777
-3.396480
-0.421667
-3.085637
-3.637284
-4.282620
-0.066667
-2.613306
-0.690152
-3.296531
-3.083027
-3.651960
-3.868870
-1.712291
-0.185185
-1.460172
-0.335606
-2.905015
-0.213636
-0.050000
-3.104971
-0.175000
-2.620906
-2.343459
-1.685734
-0.918333
-0.000000
-3.239305
-3.115551
-3.254414
-0.808395
-2.158171
-3.098306
-4.247360
-0.375000
-0.600667
-2.233317
-1.292461
-1.612353
-1.025877
-3.481750
-1.022789
-2.689616
-0.100000
-0.100000
-2.030282
-1.619872
-1.378466
-0.703636
-4.588966
-0.368182
-1.778906
-4.598806
-0.668661
-0.783333
-0.216667
-3.694154
-2.572150
-1.125790
-1.588233
-1.643983
-2.950864
-4.583678
-0.971846
-0.266667
-2.955087
-1.206952
-1.048990
-3.559679
-0.931829
-3.473428
-3.243601
-2.431201
-2.487689
-2.111898
-2.666976
-4.724944
-1.812555
-0.500000
-3.689200
-3.919494
-3.935504
-3.261495
-0.150000
-0.500000
-3.915285
-0.142593
-3.686793
-4.688965
-0.782273
-0.588939
-1.893025
-2.366594
-0.200000
-3.575168
-3.944058
-1.261800
-2.675372
-1.578242
-2.625248
-0.956984
-1.787878
-0.725455
-2.017689
-2.722966
-3.123682
-1.136688
-1.961498
-3.696897
-4.872960
-3.783356
-2.761672
-4.430839
-0.892752
-0.718763
-0.784828
-0.866190
-3.470568
-4.463174
-1.850026
-0.916565
-2.239437
-5.126394
-1.072529
-2.060994
-0.583391
-1.264363
-1.500156
-0.343333
-1.855194
-2.872724
-1.106592
-1.318556
-1.231310
-0.628669
-3.686057
-1.910747
-3.953994
-0.749935
-0.040000
-3.588730
-3.522416
-3.001065
-2.333280
-4.148444
-1.919862
-2.340061
-2.636249
-3.234560
-0.221212
-5.084603
-3.277360
-3.796152
-1.694567
-1.458467
-2.694097
-4.727049
-0.212500
-3.481944
-2.983245
-4.092428
-2.280205
-2.932818
-2.738388
-4.983842
-0.860314
-0.062500
-0.157407
-0.000000
-3.228878
-3.048151
-0.025000
-0.028571
-1.665513
-0.952952
-0.000000
-3.533758
-3.169005
-2.193558
-4.085212
-1.375228
-3.713617
-3.075738
-2.402218
-3.163711
-2.236672
-0.200000
-1.551405
-0.289583
-3.224609
-0.706667
-3.421890
-0.322727
-0.426515
-1.989556
-0.336667
-1.449909
-0.817900
-6.220705
-5.762767
-1.038699
-3.426699
-3.286808
-2.565393
-1.858607
-1.161064
-2.849983
-2.861127
-1.881691
-4.130083
-0.646667
-4.015729
-2.667534
-4.253848
-4.478003
-3.725085
-0.214815
-0.737273
-3.801501
-3.105608
-0.165000
-1.591020
-1.394644
-1.824994
-3.893694
-2.998015
-2.930966
-3.375357
-0.718262
-2.834601
-2.413374
-1.105149
-1.193527
-1.655595
-0.627202
-0.000000
-3.481892
-2.212355
-0.651970
-0.044444
-2.734565
-2.249915
-4.269036
-2.365086
-0.673000
-3.325351
-4.681478
-0.283333
-2.118667
-2.217433
-2.229882
-3.599974
-0.200000
-0.300000
-2.169208
-1.566241
-1.010363
-0.000000
-3.749978
-1.882713
-4.007672
-1.397248
-2.404561
-1.019897
-0.804259
-3.183193
-1.436506
-2.650570
-1.836007
-3.842931
-0.635000
-3.511646
-3.095689
-2.148466
-2.839821
-3.495669
-0.549545
-0.598810
-0.402273
-3.016349
-3.902661
-0.100000
-0.844809
-4.397240
-1.570218
-2.924756
-2.950058
-1.246772
-2.954777
-3.734497
-1.895746
-0.057143
-0.634329
-3.462774
-2.294361
-3.869559
-4.232937
-2.596025
-0.245455
-3.157107
-0.195208
-0.173148
-0.641667
-1.615795
-3.157400
-0.936437
-1.006800
-2.850494
-0.699264
-2.650652
-0.062500
-0.355000
-0.746324
-1.436023
-3.583758
-2.687697
-2.230284
-2.460244
-1.821016
-1.215104
-0.763485
-3.643967
-2.404045
-3.526499
-2.042606
-2.347031
-2.262918
-3.441336
-1.613763
-5.513488
-3.900100
-1.861188
-2.691993
-1.465854
-2.771502
-0.676450
-2.095146
-1.128896
-2.249587
-0.370000
-0.334848
-3.719151
-4.195458
-1.664941
-0.971729
-2.248392
-1.262641
-1.711157
-1.044206
-0.000000
-1.729612
-2.186140
-2.892316
-1.746492
-1.148972
-3.172201
-2.970267
-2.419310
-0.172222
-2.849890
-3.394249
-1.802794
-2.059704
-2.942592
-2.226517
-3.064932
-1.102815
-0.999429
-1.770694
-1.432342
-3.469440
-4.022363
-0.162833
-1.968842
-0.652121
-0.266667
-0.693810
-2.215017
-3.620315
-0.244444
-0.403030
-0.686515
-1.951853
-5.061586
-2.618720
-3.385732
-4.615871
-2.099106
-0.323333
-2.839477
-0.521905
-1.279266
-0.766475
-3.724452
-0.087500
-3.623102
-0.050000
-1.477394
-3.054631
-0.748059
-1.796955
-1.586531
-0.244167
-2.899149
-2.848816
-0.790152
-4.545105
-4.988392
-1.938305
-2.442352
-1.699908
-2.009939
-0.598571
-1.735398
-2.238101
-1.668629
-2.433855
-3.113091
-1.789761
-2.251489
-2.730457
-3.049148
-2.721797
-1.101976
-3.856259
-3.677545
-0.100000
-0.564481
-1.683004
-0.531088
-3.743552
-0.464500
-1.148406
-1.268801
-1.700058
-1.628944
-0.699177
-2.585814
-1.207683
-2.211818
-2.428441
-4.134217
-0.641021
-1.043994
-2.238616
-2.852346
-5.428571
-1.957039
-3.643966
-2.773608
-0.066667
-3.266476
-3.156921
-1.996933
-3.512824
-1.591803
-1.880322
-6.189116
-4.860056
-3.904492
-2.708776
-3.430158
-0.778175
-3.719062
-0.730909
-1.871224
-0.567167
-3.435440
-2.548389
-3.758735
-0.457121
-5.428047
-0.541970
-0.346212
-0.994291
-1.068778
-1.473530
-3.927184
-0.490909
-4.700005
-3.949830
-1.857737
-0.490758
-0.622273
-2.022232
-1.764691
-0.000000
-2.010419
-0.890541
-1.314028
-0.249000
-0.894870
-1.602358
-1.663011
-0.709583
-1.330325
-2.908524
-0.198333
-3.455909
-1.130219
-2.025442
-1.512131
-2.433797
-1.572426
-1.830877
-0.937850
-1.714524
-3.053257
-0.000000
-0.660249
-2.061003
-1.312389
-0.791970
-1.315475
-1.381798
-4.020457
-0.225758
-1.956809
-1.420060
-2.603561
-2.932543
-4.792727
-0.261905
-2.197987
-0.541970
-3.360229
-1.201596
-0.171429
-1.009718
-3.056404
-4.754863
-1.186734
-1.247651
-3.144110
-2.637390
-1.834227
-5.382281
-1.578054
-5.581558
-4.556175
-1.514082
-4.804915
-4.304707
-2.147591
-0.281667
-3.105783
-0.100000
-2.948012
-1.738651
-4.598109
-3.599908
-0.819697
-3.629424
-0.678268
-0.050000
-1.312527
-1.915005
-2.015964
-0.977821
-1.228323
-4.064366
-0.190000
-0.974990
-1.598423
-2.917572
-4.550738
-0.972111
-2.751643
-2.249382
-0.554091
-2.367968
-0.846898
-1.220433
-0.612273
-3.124505
-1.246716
-0.983506
-1.733668
-1.857376
-0.185714
-0.075000
-3.361173
-3.541772
-1.825566
-3.228008
-1.310941
-0.066667
-0.000000
-2.215907
-1.188452
-0.968238
-0.000000
-2.416089
-2.567887
-1.787488
-2.763990
-1.074062
-0.866217
-0.262121
-0.554848
-3.384612
-0.000000
-3.234689
-2.860217
-0.366667
-1.583054
-2.776942
-3.745270
-2.950982
-1.867902
-2.072190
-2.112346
-1.388083
-2.757313
-1.556085
-1.876974
-0.300000
-1.704692
-2.985724
-2.388961
-4.851317
-0.640152
-0.233333
-0.589211
-1.074676
-1.399859
-3.339264
-0.612727
-2.625454
-4.994492
-3.286435
-1.393012
-2.951176
-0.493571
-1.504943
-0.927374
-3.776024
-0.160000
-1.591855
-5.689806
-1.800147
-1.901425
-2.744106
-1.737892
-3.285105
-0.918452
-3.742029
-0.878939
-3.949616
-0.446212
-3.793240
-1.677626
-1.793863
-4.657122
-5.053293
-0.926335
-1.369049
-0.142857
-4.023664
-3.627788
-2.206346
-1.828164
-3.395498
-0.316667
-1.832876
-4.144184
-3.100857
-1.948205
-3.414164
-1.604714
-2.963665
-2.050278
-1.120051
-0.285000
-1.402347
-4.420062
-5.554882
-1.901601
-1.586305
-1.884611
-1.837178
-0.397619
-3.738154
-1.612759
-1.901839
-4.102211
-0.183333
-2.552791
-1.593421
-0.206667
-4.319065
-1.419212
-1.212435
-1.057483
-0.772357
-3.609031
-2.660112
-0.908972
-0.210417
-4.500809
-1.815436
-2.024724
-2.636457
-3.527673
-3.817189
-3.948110
-2.014896
-4.559924
-2.381959
-3.368219
-2.513791
-2.307667
-4.875055
-1.539154
-2.531803
-3.894593
-3.657831
-1.213313
-2.065823
-3.406918
-0.748723
-0.391667
-0.135000
-3.377360
-3.956897
-1.025159
-4.714757
-3.610916
-3.759616
-3.754181
-4.307083
-0.619167
-2.499241
-1.992848
-4.732585
-0.187500
-0.255556
-3.133990
-2.543540
-1.877788
-2.788462
-4.532255
-4.018287
-2.722696
-4.496671
-1.374767
-1.375191
-1.009030
-1.903690
-4.227923
-0.571515
-3.048855
-0.640909
-0.413636
-1.947571
-1.914214
-0.678344
-4.889461
-0.794444
-4.080717
-3.176756
-3.339446
-2.027267
-0.185714
-2.028891
-0.900866
-0.894190
-2.452569
-4.895612
-1.682221
-3.415068
-3.438798
-2.314488
-1.136055
-1.850571
-4.091807
-3.051733
-1.551194
-2.510479
-2.664831
-0.016667
-1.079965
-2.453214
-1.661247
-1.804575
-1.312939
-0.612995
-3.742580
-1.604742
-2.590860
-0.234848
-1.299450
-5.063080
-3.337104
-1.921224
-2.247699
-3.127241
-0.643595
-2.043209
-2.036928
-1.172970
-4.380817
-0.852738
-1.698342
-3.762808
-1.844111
-0.630909
-2.179287
-1.569579
-1.775795
-1.305250
-0.646475
-3.050715
-3.262670
-4.532707
-1.853203
-2.762354
-1.815020
-6.000262
-4.641488
-4.010135
-2.325739
-2.797781
-4.753915
-0.066667
-1.402765
-3.646763
-1.686043
-1.151817
-0.395455
-3.091422
-0.959592
-0.562917
-1.417615
-4.421385
-3.155250
-3.882978
-3.065752
-2.605146
-1.923600
-1.922016
-2.591217
-2.962340
-2.842173
-3.816400
-2.894276
-3.333114
-4.495006
-1.517402
-0.169048
-3.144221
-3.101513
-4.194623
-4.979321
-0.837095
-2.069995
-4.985409
-2.303994
-0.772121
-2.257443
-4.505234
-3.615223
-3.917704
-2.996878
-0.472833
-3.697218
-4.331593
-2.293198
-1.286892
-0.411364
-3.981999
-3.756174
-4.088055
-0.679583
-0.663333
-0.567273
-0.488542
-0.200000
-2.945607
-2.303326
-3.417107
-2.363567
-1.593357
-0.760556
-1.926224
-4.155896
-1.999270
-2.298865
-1.810609
-2.685562
-0.000000
-0.000000
-1.798067
-5.047097
-1.765114
-0.093333
-4.661996
-1.642103
-0.127778
-3.383329
-1.562362
-3.213452
-2.878912
-2.714058
-3.949342
-0.647381
-3.362175
-1.207696
-3.502008
-0.953366
-0.935692
-3.709078
-2.940775
-3.229751
-3.332098
-4.647862
-2.098114
-2.112920
-2.562174
-2.681657
-1.454930
-3.204644
-2.567240
-1.130033
-1.826623
-1.883600
-3.639808
-0.942966
-0.781212
-4.084929
-1.171433
-3.073798
-2.982407
-3.872359
-1.609202
-4.022220
-1.940996
-1.491479
-2.956790
-4.671191
-3.370425
-2.921950
-3.037279
-2.438585
-0.177778
-1.546088
-0.844138
-0.133333
-3.431071
-2.697613
-3.211269
-3.187870
-3.174794
-2.614338
-3.533430
-3.940795
-1.912780
-4.574317
-2.099042
-2.847286
-0.664091
-1.878325
-0.114286
-3.170788
-2.944694
-0.236364
-2.054234
-1.237576
-2.019428
-0.275000
-3.518198
-3.324835
-2.785245
-1.549336
-2.497122
-0.389762
-3.614124
-0.722833
-0.622121
-3.406018
-3.169376
-3.066739
-0.722512
-3.896616
-2.913498
-4.283167
-1.742988
-0.275000
-3.503355
-2.932842
-0.886095
-2.651181
-3.947167
-2.203248
-0.203333
-3.718055
-2.959536
-2.597297
-1.485956
-0.293939
-0.915590
-2.521570
-3.057198
-0.214583
-1.426927
-0.191667
-2.339866
-1.981305
-3.928561
-2.862783
-1.716717
-1.796653
-3.660306
-3.601559
-3.665479
-3.711146
-1.060176
-2.536803
-1.307391
-2.785401
-1.458777
-3.908199
-3.618523
-1.903908
-4.262414
-2.684906
-1.789769
-1.069668
-3.890760
-2.033751
-1.984358
-5.002681
-1.511332
-2.781851
-4.636499
-1.563433
-0.840655
-2.516514
-2.849749
-4.186771
-3.061344
-3.151925
-0.125000
-3.075513
-4.559951
-1.437610
-2.260778
-3.077244
-3.400684
-1.080642
-0.265000
-0.000000
-1.828331
-3.426464
-2.368961
-3.153895
-0.090909
-5.373099
-0.156250
-0.033333
-2.011966
-3.420131
-0.170000
-2.705492
-0.185000
-2.421501
-0.612991
-2.840915
-2.035001
-1.362211
-0.057143
-3.386726
-2.750146
-3.334926
-1.505073
-1.758643
-2.690978
-1.755216
-1.682870
-1.093077
