-4.117517
-2.277667
-0.519167
-0.118750
-3.278224
-2.225457
-1.740676
-0.293939
-2.769122
-2.260318
-1.282281
-0.806183
-0.768347
-2.395437
-2.742165
-3.331622
-3.442421
-1.699067
-0.728929
-0.160000
-4.129302
-2.690418
-0.723810
-3.584892
-1.433795
-2.021912
-2.808299
-1.009946
-3.827665
-0.997504
-3.870436
-0.194792
-3.999826
-0.799406
-0.748658
-3.326651
-0.804506
-0.799819
-0.234848
-3.193846
-1.322560
-0.833647
-7.263738
-0.125000
-2.995251
-3.774775
-1.473803
-0.248485
-1.058508
-1.245596
-1.717706
-1.835826
-3.197266
-0.033333
-3.765965
-3.065370
-4.176605
-0.426667
-1.886457
-3.701319
-1.356651
-3.125438
-1.244791
-1.271202
-2.440238
-0.212963
-0.198148
-3.383475
-3.466495
-2.580938
-3.161763
-0.887897
-1.428034
-0.813517
-0.233333
-0.525333
-3.782844
-2.168950
-3.976713
-3.878010
-2.087351
-1.721162
-2.562340
-1.672085
-1.913029
-0.608636
-2.251118
-1.450269
-3.211490
-0.283333
-0.465455
-3.838467
-0.753246
-0.042857
-0.223958
-1.426104
-1.749317
-0.832595
-0.521818
-3.900920
-2.227356
-1.808103
-3.113843
-1.086169
-2.868181
-0.782576
-1.082969
-1.409716
-0.501852
-4.861975
-0.575238
-1.012035
-3.860511
-2.398514
-2.311314
-0.155000
-2.090959
-1.219179
-5.226791
-1.918786
-0.902214
-4.657527
-3.158842
-0.470000
-3.458157
-3.462711
-0.268750
-0.100000
-3.302941
-0.813445
-1.430636
-1.567284
-0.310000
-3.790498
-3.168592
-2.215117
-0.707597
-2.325635
-1.568428
-3.264538
-0.839870
-0.951461
-2.834391
-2.943484
-4.501538
-6.202572
-2.469774
-1.258811
-0.893214
-3.311922
-2.223463
-4.269993
-0.328704
-1.514162
-1.218373
-0.100000
-5.304791
-2.265040
-5.429487
-1.297907
-2.046624
-0.897583
-0.178571
-4.070607
-2.857103
-0.998236
-1.928827
-2.107586
-3.351414
-3.112195
-1.332077
-1.127857
-1.055051
-0.050000
-3.305274
-2.737033
-2.925499
-0.687262
-1.435176
-0.237500
-3.932678
-0.927885
-3.646099
-2.110695
-0.817174
-1.713158
-2.564944
-4.128515
-3.276073
-0.307121
-0.033333
-3.909363
-1.919237
-2.034413
-1.915339
-1.659668
-0.131818
-3.517068
-3.302935
-0.896212
-2.023732
-3.873928
-2.728043
-1.417795
-2.738325
-1.650779
-3.747893
-3.780371
-0.923333
-3.359262
-2.739768
-2.211169
-3.457829
-1.707219
-4.505368
-1.179762
-1.572528
-0.250000
-3.352509
-0.641042
-1.034815
-1.766696
-5.168122
-3.648095
-2.966130
-2.699986
-2.660118
-4.427484
-0.436905
-3.206006
-1.155778
-1.535998
-1.938726
-2.279919
-3.441324
-1.154345
-1.706875
-2.361909
-2.012337
-0.537000
-0.571970
-3.871256
-1.595567
-0.250000
-1.632124
-1.359893
-0.957471
-0.422222
-3.811145
-3.733680
-2.527633
-0.186667
-3.621656
-1.133409
-1.641022
-2.441152
-1.437002
-2.744467
-0.728961
-2.614885
-4.009007
-2.132734
-2.452814
-3.819211
-0.532000
-3.907746
-2.171471
-1.010729
-4.294473
-1.702425
-2.381929
-4.064711
-0.999325
-0.311111
-3.063514
-1.136603
-3.949152
-2.914529
-5.011681
-2.063258
-0.949709
-2.196242
-3.572797
-2.363843
-0.478788
-0.050000
-2.252954
-1.528474
-3.615588
-0.697619
-1.912508
-2.241437
-6.440495
-3.919564
-2.644641
-3.241739
-0.870794
-1.431085
-0.081481
-0.541753
-2.105815
-2.294476
-1.807158
-3.310239
-1.699576
-4.773583
-4.180327
-1.454189
-1.493627
-0.000000
-3.341546
-1.411960
-0.630000
-0.933704
-0.635541
-3.617357
-2.563815
-1.213242
-2.269084
-2.799751
-2.190032
-0.223333
-3.355918
-1.874269
-0.981778
-1.354462
-1.497448
-4.178290
-3.165826
-1.358905
-4.399949
-0.345833
-0.397500
-4.130662
-3.138505
-2.922033
-0.959352
-0.075000
-3.686912
-3.561248
-0.902543
-1.910088
-1.857432
-1.362208
-1.613802
-0.285000
-3.813756
-0.763744
-3.905145
-2.892523
-2.333947
-3.690935
-0.434792
-2.829960
-2.997415
-0.732202
-4.059386
-2.179574
-2.745701
-1.590483
-0.927595
-0.200000
-3.335648
-3.039972
-0.720000
-1.213699
-2.702288
-0.434259
-0.338889
-0.844102
-2.427186
-2.820946
-0.335417
-1.656816
-2.725754
-1.460112
-1.831380
-1.809664
-0.825390
-0.532667
-4.115327
-4.503815
-3.429751
-2.739278
-1.256156
-5.642103
-1.900919
-0.433333
-3.680883
-1.194444
-3.174368
-3.607262
-0.630455
-3.903622
-2.901271
-1.505643
-4.176871
-0.080000
-3.320685
-1.562504
-1.368346
-3.254675
-1.249929
-4.189353
-3.512463
-2.964325
-1.303642
-0.266667
-3.881740
-1.318682
-1.387534
-4.273600
-3.572086
-1.433908
-0.609000
-0.109259
-3.832248
-2.196053
-3.334444
-3.646233
-2.573189
-0.400000
-3.750274
-2.699252
-2.175099
-2.308080
-0.183333
-2.108381
-2.828076
-0.787012
-0.451042
-0.087500
-1.701505
-3.300668
-1.597860
-1.911820
-0.557333
-2.280012
-0.000000
-3.362754
-1.933459
-0.365000
-0.363333
-3.853497
-3.563066
-1.267064
-0.533939
-2.012475
-3.006842
-2.084299
-0.120833
-0.347727
-3.087678
-3.152936
-2.485947
-3.592681
-3.922444
-1.849735
-1.947187
-2.229689
-0.287500
-1.569680
-0.376667
-3.934959
-0.589821
-0.458333
-0.907633
-2.598853
-0.994077
-1.756603
-4.200554
-3.344576
-4.856572
-1.741590
-3.033920
-0.713439
-0.804702
-2.194611
-0.931511
-0.934188
-0.825740
-3.980094
-1.326854
-3.444134
-2.726661
-4.098635
-2.143757
-3.062870
-4.240719
-3.182779
-0.459091
-0.232407
-0.433762
-3.071003
-3.244515
-2.350519
-2.180873
-1.806316
-2.200206
-1.580577
-3.515561
-2.626919
-1.729405
-4.231477
-3.087965
-1.528961
-7.177653
-0.085714
-3.671434
-1.244271
-2.757496
-0.675741
-3.412149
-3.053862
-2.777524
-3.159018
-1.973444
-3.461048
-3.409286
-0.449242
-0.443750
-1.815188
-0.794203
-2.152031
-0.597456
-3.888574
-2.302856
-2.572604
-0.621667
-3.617063
-4.249229
-3.624282
-1.535409
-4.463802
-1.094464
-2.740941
-0.594708
-3.353478
-3.954891
-2.733908
-1.562687
-4.034853
-1.354297
-0.316667
-2.604707
-0.491167
-2.181502
-3.189840
-3.515892
-3.571841
-4.208386
-1.082269
-1.467728
-2.083347
-2.309002
-2.106584
-4.606720
-2.997467
-3.606552
-3.396531
-3.967153
-3.488917
-1.037734
-2.028782
-3.193562
-0.264815
-4.446722
-3.924264
-3.311723
-2.496983
-2.319661
-2.756332
-0.581667
-2.776390
-0.175000
-3.192832
-1.827807
-1.652907
-3.034424
-0.927669
-2.396009
-1.425341
-1.616101
-1.457482
-0.605238
-2.272572
-4.551469
-2.493851
-4.362607
-3.087735
-1.938728
-2.073201
-2.425581
-3.779436
-1.725498
-3.480078
-3.601336
-4.467019
-2.745168
-3.362695
-2.352409
-3.610762
-2.747180
-0.125000
-3.811722
-0.315741
-1.626927
-3.230639
-1.522080
-3.786939
-1.535714
-0.100000
-3.585751
-0.982749
-3.369462
-0.375000
-2.075795
-3.568098
-1.879380
-2.760007
-1.038452
-3.235244
-1.458108
-3.001137
-1.820237
-0.286458
-2.656157
-3.415662
-2.581599
-0.675880
-0.604426
-1.404780
-4.110074
-4.029938
-1.566687
-3.252775
-0.366667
-1.777725
-1.287925
-1.222769
-1.260594
-3.014270
-7.055909
-1.501730
-4.845148
-0.969805
-1.209917
-5.376555
-5.759908
-2.735576
-3.815175
-4.236410
-3.481586
-3.253423
-2.218419
-2.209637
-2.602141
-3.340927
-1.677668
-4.969999
-1.830171
-3.680797
-2.014323
-3.700095
-3.349649
-1.382985
-4.687452
-1.682573
-0.523148
-4.051678
-4.001991
-1.542034
-3.905106
-1.068099
-3.326151
-1.480070
-0.694394
-4.012363
-4.746607
-2.923030
-4.396547
-3.155232
-3.550372
-2.168779
-0.502576
-3.991725
-4.263442
-1.547029
-4.322658
-3.871741
-1.491078
-3.638897
-3.296410
-2.076501
-3.816670
-2.409766
-1.036284
-5.051132
-2.001152
-4.142930
-4.650173
-3.888198
-2.337269
-0.159091
-3.982332
-2.161162
-3.719566
-3.876601
-2.256965
-0.330952
-2.544726
-3.003396
-3.270215
-3.936177
-2.464010
-4.645411
-2.080424
-0.310000
-3.534141
-4.374282
-2.094210
-3.979057
-1.712488
-0.415455
-0.454632
-1.848786
-3.378754
-3.972439
-0.057143
-1.867485
-3.002932
-3.073198
-2.365042
-0.311905
-2.220882
-1.017219
-0.000000
-3.305557
-1.934185
-2.520413
-4.068083
-3.845066
-4.309545
-4.518293
-2.550058
-2.501805
-4.169058
-3.365480
-5.166865
-3.396648
-0.687121
-0.792302
-2.053637
-2.141156
-2.633320
-0.306667
-1.870117
-1.925780
-2.193856
-2.520788
-1.621948
-2.548618
-2.948666
-1.665232
-0.650606
-0.111111
-3.336388
-1.932729
-1.706830
-2.027346
-3.853834
-5.202553
-4.996073
-1.666341
-3.726376
-0.617727
-0.282576
-3.775628
-1.855861
-1.444871
-1.492928
-1.468925
-1.239203
-0.000000
-3.272512
-1.506180
-3.165758
-4.934125
-1.704105
-3.928134
-3.565935
-1.746085
-4.665759
-0.634697
-5.495238
-0.441667
-0.190741
-3.273890
-3.316997
-3.537842
-1.383087
-0.189394
-1.880045
-2.687558
-2.488379
-0.401042
-2.336836
-3.724934
-2.204843
-1.517039
-0.235417
-1.118095
-2.701671
-1.831893
-2.947197
-3.123971
-0.185714
-2.064679
-4.498093
-3.965741
-1.854859
-2.193359
-4.684565
-3.611497
-2.843294
-2.177734
-2.867109
-3.510771
-4.885785
-1.437971
-1.993602
-1.476770
-1.384569
-1.232352
-3.117619
-0.439394
-2.830899
-1.219608
-2.296789
-3.243282
-2.085985
-3.037894
-3.197627
-2.298071
-2.316305
-3.884284
-3.903245
-4.375250
-3.914551
-3.777153
-1.622210
-3.686652
-1.267376
-2.230682
-1.900931
-2.188707
-2.446103
-3.828955
-3.174432
-4.047486
-1.104005
-3.030755
-2.871025
-0.157143
-4.306235
-3.027602
-3.512143
-1.130330
-1.127612
-3.279624
-4.307525
-1.730741
-1.024365
-2.215653
-0.707424
-4.759118
-0.187500
-1.104830
-0.000000
-3.852051
-2.616263
-2.838019
-2.466657
-0.686167
-0.220000
-3.854405
-1.753111
-3.481664
-2.451055
-0.292500
-1.480974
-2.620326
-4.289809
-3.172876
-2.343415
-2.147492
-1.913492
-0.254167
-3.697878
-3.022078
-1.700442
-0.125000
-3.234073
-1.389070
-1.888875
-2.362000
-0.953565
-1.382582
-0.083333
-3.350986
-6.201649
-3.175360
-2.699421
-0.830909
-0.238542
-2.767654
-0.257576
-2.284901
-0.200000
-4.261607
-0.000000
-4.110995
-0.190909
-0.062500
-2.706703
-0.638030
-2.989719
-1.683904
-1.776203
-2.034449
-0.081250
-1.689013
-3.458888
-0.390152
-2.231144
-3.241835
-4.626363
-4.553464
-2.814972
-0.316667
-1.880141
-3.536234
-4.435886
-3.328036
-0.133333
-2.698020
-0.070000
-0.178571
-0.893704
-1.725081
-0.000000
-2.266276
-1.538748
-0.164815
-1.066781
-1.777528
-0.924838
-0.100000
-3.909856
-3.577076
-2.304896
-0.575432
-6.488655
-0.000000
-0.429762
-0.671602
-0.442424
-2.713825
-1.527232
-2.652713
-2.694831
-1.419148
-2.796121
-4.880531
-0.050000
-0.100000
-0.183333
-1.616823
-0.280833
-0.050000
-3.346113
-3.796535
-1.810095
-2.317833
-2.091264
-3.359033
-1.071100
-0.162121
-0.044444
-4.301528
-0.210833
-0.303788
-0.043750
-0.105556
-4.093358
-2.797050
-3.139574
-0.353333
-1.403711
-2.160890
-4.434383
-2.831654
-2.055293
-2.267880
-1.526834
-0.266667
-2.209076
-3.098072
-0.190909
-1.128579
-0.559491
-0.016667
-3.098400
-3.979187
-2.026042
-2.376580
-1.135755
-1.322939
-2.052431
-1.982535
-3.185683
-1.705634
-1.103752
-2.744663
-2.321189
-0.100000
-0.968319
-1.435983
-1.398379
-0.749120
-1.721813
-2.454053
-0.135000
-0.904159
-3.322820
-0.118750
-1.960694
-2.536694
-3.162677
-0.044444
-0.962558
-0.050000
-0.038889
-1.639002
-2.442492
-1.630614
-1.237798
-0.000000
-3.558460
-1.699864
-2.067582
-2.186109
-0.393939
-4.160384
-1.094724
-3.640162
-0.961356
-2.789417
-0.215000
-0.150000
-4.945509
-3.911845
-2.364000
-3.224677
-3.903710
-1.155525
-1.039762
-0.745942
-0.337963
-3.402378
-3.156637
-0.225000
-2.326015
-3.539501
-0.365152
-0.230303
-3.085894
-2.791158
-2.438185
-2.556217
-0.283333
-0.854506
-2.500899
-0.113636
-2.817688
-0.042857
-3.256481
-0.148333
-2.198844
-0.598500
-2.073942
-1.876842
-1.422560
-1.263950
-0.647738
-3.917665
-1.341425
-0.150000
-3.952880
-3.228801
-0.243750
-0.158333
-0.150000
-0.085714
-0.083333
-2.525826
-2.475869
-0.342593
-0.800047
-3.958482
-2.846953
-3.105156
-3.411827
-0.054545
-3.516515
-3.219530
-2.933031
-2.238840
-1.646296
-1.908639
-6.352119
-1.102879
-1.645103
-2.724538
-3.594469
-2.059092
-2.886430
-4.391319
-1.118661
-1.196324
-0.589500
-4.070395
-1.216328
-0.240833
-2.561996
-0.348958
-1.665346
-4.133314
-0.680095
-1.624948
-3.125226
-4.343250
-0.957720
-3.608210
-0.259091
-0.066667
-0.100000
-5.820194
-3.460940
-1.424605
-1.983248
-0.304630
-0.779833
-0.364167
-1.569034
-2.838850
-3.700579
-1.099470
-0.130000
-3.392819
-1.872658
-0.150000
-0.902284
-1.901790
-1.149166
-0.000000
-3.353669
-4.668445
-0.865617
-2.853548
-3.466457
-3.750852
-3.368656
-2.281731
-1.074549
-3.220690
-4.486551
-3.934637
-2.313279
-0.939654
-1.645173
-2.854243
-1.961291
-0.558644
-0.050000
-3.582057
-1.637694
-0.037500
-2.954255
-3.366661
-0.496190
-0.214815
-2.469004
-0.194444
-0.105000
-2.965984
-0.104545
-2.671167
-3.425345
-0.200000
-0.198148
-2.522035
-0.000000
-3.520512
-0.836569
-1.715691
-2.154786
-3.953447
-3.934730
-1.601234
-2.780277
-3.173168
-3.249653
-1.953473
-0.000000
-0.200000
-0.406667
-0.553125
-1.462592
-1.968695
-1.951359
-4.645630
-1.325000
-0.786578
-2.570432
-2.333771
-0.289167
-0.218333
-1.632439
-3.098935
-0.504630
-1.975937
-2.284060
-2.361691
-1.982375
-1.176735
-0.707424
-1.818517
-2.829379
-3.465914
-4.817325
-1.672049
-0.200000
-3.748359
-2.559645
-0.100000
-3.289085
-3.432407
-3.323400
-1.060263
-2.255892
-3.185463
-5.173539
-2.995195
-2.901879
-1.081090
-1.195013
-2.130062
-2.721992
-2.876272
-3.323472
-5.924051
-3.266060
-4.517692
-1.523885
-4.695166
-2.459590
-0.062500
-1.650092
-4.159797
-0.150000
-3.496443
-4.898707
-1.281432
-1.941853
-4.261308
-2.607947
-3.766922
-0.130000
-2.830707
-0.125926
-2.058013
-0.100000
-3.047320
-2.400377
-0.000000
-0.000000
-1.077493
-1.189480
-0.000000
-1.446253
-1.266138
-3.437173
-1.737458
-2.973707
-0.271429
-1.094019
-1.522483
-0.216667
-2.020716
-1.710496
-0.367708
-0.300000
-1.501145
-1.702517
-1.458185
-3.764203
-4.146697
-4.030790
-3.208660
-0.925693
-1.235834
-0.638030
-0.743254
-1.126706
-2.976132
-1.496441
-2.657308
-0.946063
-3.850837
-2.422212
-0.269167
-0.000000
-1.109095
-0.917576
-0.421212
-1.334836
-3.207215
-2.164749
-2.560600
-0.100000
-1.432293
-2.962249
-1.939566
-6.094410
-2.117581
-2.840739
-0.214394
-3.126475
-0.651364
-1.788205
-0.581667
-3.508722
-1.421173
-0.714289
-2.605415
-2.145692
-0.995502
-2.053581
-0.775880
-2.820496
-1.739151
-3.384576
-0.094444
-3.883429
-1.572128
-2.007467
-0.651500
-2.660555
-2.748503
-0.383667
-2.125054
-3.055348
-0.589091
-2.024747
-0.583788
-1.365382
-2.562632
-0.648788
-0.223810
-0.568889
-2.952568
-1.962138
-0.371667
-1.300747
-0.170370
-1.441036
-1.586376
-2.703365
-0.787857
-1.184664
-0.740097
-3.090291
-0.206250
-1.431976
-3.311833
-2.690345
-1.282367
-1.593996
-0.764138
-0.552965
-3.262501
-0.213889
-3.628743
-1.946388
-0.229167
-2.741035
-0.281818
-0.163636
-0.942388
-0.050000
-1.549073
-1.284899
-0.720000
-0.166667
-1.688735
-2.910317
-0.000000
-0.216667
-1.167669
-0.983629
-0.863604
-1.416822
-2.305380
-3.123863
-0.756429
-2.975652
-2.451486
-3.176998
-0.365909
-0.929308
-0.676818
-1.624766
-0.899632
-0.816345
-1.387851
-0.127778
-4.307459
-2.458112
-4.836873
-1.002905
-4.442145
-0.309167
-0.205556
-0.380333
-0.980655
-3.241201
-1.406404
-1.136191
-1.191405
-1.522194
-0.216667
-0.705909
-2.397008
-0.231481
-0.265000
-2.182587
-1.547685
-1.093749
-1.378893
-4.626731
-0.177273
-1.337707
-0.143750
-2.876285
-0.979791
-2.350210
-0.012500
-0.100000
-1.563880
-1.802278
-1.572227
-1.746640
-1.379259
-0.782576
-3.245825
-1.441024
-0.439815
-0.335000
-2.990059
-1.820282
-1.688499
-1.372064
-4.241230
-1.437354
-3.187238
-0.262037
-0.576877
-1.044734
-1.802103
-0.114286
-0.066667
-1.637889
-2.120174
-0.066667
-1.273969
-0.037500
-1.371853
-1.424755
-3.054236
-0.960007
-0.158333
-3.427596
-0.205000
-1.596474
-1.302724
-3.700618
-1.130204
-1.721939
-0.293333
-1.290571
-3.091048
-1.417138
-2.527578
-1.422164
-1.137160
-2.670044
-2.014999
-3.093664
-3.275969
-3.291727
-2.475606
-2.688050
-3.836600
-0.337500
-3.711183
-1.367358
-1.511298
-2.374757
-0.000000
-1.566734
-0.942132
-1.587172
-0.237833
-1.527340
-0.158333
-0.000000
-3.012253
-3.335250
-1.750334
-0.240909
-1.526000
-1.268858
-3.511256
-1.482743
-5.261392
-0.834988
-0.000000
-1.583876
-2.066762
-2.059622
-0.473958
-1.269481
-2.535032
-2.912686
-1.872226
-1.571965
-0.282121
-4.411903
-4.287493
-1.408809
-2.400163
-4.262780
-0.287879
-0.421212
-0.282879
-0.230000
-0.081250
-0.044444
-2.777322
-2.033536
-2.266400
-2.262163
-1.947609
-1.577352
-0.920812
-0.000000
-1.468096
-1.670991
-1.022756
-4.116312
-2.032584
-4.118335
-1.281176
-0.792395
-2.773960
-4.144218
-1.469332
-1.724688
-1.585121
-1.113191
-1.031760
-1.176024
-2.165393
-3.142067
-2.345878
-1.450153
-2.810589
-1.337107
-1.725566
-4.093773
-0.120000
-1.574209
-1.706346
-2.628002
-1.347418
-1.283546
-3.666333
-0.395000
-1.305692
-0.150000
-2.548975
-0.779961
-2.530822
-3.545212
-3.754514
-2.513799
-1.282886
-1.498748
-1.191455
-1.475610
-3.411819
-0.552833
-5.224269
-0.585152
-0.965952
-1.774754
-2.107242
-1.291758
-0.300000
-1.586588
-1.755496
-3.711297
-2.735763
-3.163439
-2.106466
-0.050000
-0.765758
-1.114847
-1.224948
-1.675668
-3.264815
-0.000000
-1.632254
-3.134053
-4.203093
-4.196606
-4.817217
-1.629656
-0.847511
-1.972047
-1.605907
-3.110851
-1.816580
-0.653344
-0.963045
-2.038858
-2.052286
-1.751585
-0.412500
-2.753231
-0.254167
-0.141667
-2.133957
-4.587690
-2.481000
-1.174974
-1.842642
-0.050000
-2.145600
-0.325000
-2.512578
-3.292119
-1.628123
-1.925732
-1.851990
-2.643013
-0.941418
-2.446478
-3.088609
-1.928390
-3.214375
-1.415003
-1.089239
-0.787446
-3.065135
-2.312495
-2.038124
-0.324242
-1.563073
-3.402268
-1.497411
-1.164211
-3.036652
-1.367731
-0.477576
-0.375000
-3.168142
-1.335957
-3.242459
-1.458071
-0.250000
-2.729883
-4.523564
-2.849212
-0.644091
-0.100000
-3.302180
-3.021567
-0.289583
-6.010468
-4.830908
-2.066790
-0.526167
-3.158930
-1.639362
-2.030363
-2.702740
-1.327730
-0.228571
-3.541313
-1.307468
-2.453090
-0.514167
-1.983258
-2.739871
-0.423485
-1.735204
-3.000488
-1.145340
-1.476865
-0.050000
-2.356697
-3.242697
-0.781818
-4.239916
-2.990678
-1.351014
-2.870856
-3.839352
-0.430000
-2.106557
-0.150000
-4.421367
-0.142857
-0.438182
-5.676422
-3.468876
-2.281578
-0.768788
-0.396667
-3.297769
-1.583479
-1.292904
-0.133333
-3.375050
-1.435267
-2.888830
-0.160000
-2.756376
-3.213831
-5.592569
-4.314281
-4.044792
-0.821068
-3.166617
-1.295915
-2.820523
-3.956188
-1.222730
-1.216187
-3.420702
-1.363921
-4.409096
-0.268333
-2.678110
-1.412513
-3.111466
-1.926520
-0.763279
-0.735249
-3.727827
-1.377540
-1.220516
-0.085714
-3.614337
-3.450867
-2.576734
-5.797331
-0.025000
-3.602324
-1.692125
-3.100682
-3.424393
-1.576346
-2.971834
-1.812798
-0.504123
-1.575752
-0.265000
-3.302551
-1.378214
-1.233145
-0.050000
-3.454682
-3.625795
-1.921181
-0.042857
-5.280311
-0.706061
-3.257062
-1.275636
-0.195455
-3.399045
-3.880485
-1.496836
-3.588318
-1.470782
-1.253662
-0.783571
-2.943971
-1.007690
-2.246926
-0.465909
-7.186660
-0.382778
-2.998668
-0.360556
-0.353788
-3.378823
-1.358673
-5.763276
-3.316918
-0.800173
-0.281818
-3.398775
-1.093481
-0.193750
-5.418703
-0.071429
-0.040000
-5.590347
-0.309167
-3.559501
-1.633494
-1.273131
-0.066667
-2.555249
-3.793634
-0.926573
-0.180000
-1.542324
-5.715185
-3.559930
-1.588197
-3.388722
-0.615787
-0.226190
-3.267529
-1.785570
-4.593163
-3.114411
-1.418869
-3.542898
-1.316859
-3.215884
-1.462205
-0.595667
-0.090000
-2.810073
-3.537433
-2.308093
-0.383333
-3.386063
-4.343946
-1.879191
-3.406415
-0.333333
-3.947485
-2.856942
-2.537249
-3.117180
-3.149112
-1.078372
-3.996110
-1.658479
-2.014446
-0.439394
-0.178788
-0.465625
-1.082197
-3.668776
-4.338937
-2.624499
-0.460185
-1.584851
-0.504394
-0.645291
-0.150000
-2.338730
-2.308856
-2.406666
-0.547333
-3.190864
-1.388498
-1.475547
-0.474242
-3.479647
-1.781854
-1.222057
-4.978827
-3.365170
-3.146612
-2.806629
-3.852268
-0.122727
-0.465909
-3.889232
-1.100733
-3.865137
-0.205000
-3.288377
-0.307407
-5.396698
-3.395112
-1.451039
-3.584762
-0.236364
-0.894177
-0.050000
-4.217916
-2.255054
-5.036020
-3.453637
-2.566796
-3.238555
-0.266667
-3.509915
-1.268252
-0.116667
-3.312191
-1.386028
-3.869957
-1.834593
-0.261111
-1.639816
-3.511647
-1.538230
-2.528010
-2.636920
-1.083584
-0.150000
-3.678370
-0.967056
-0.238333
-4.697583
-2.614452
-0.906209
-0.224242
-0.489394
-1.310040
-2.546593
-5.079436
-5.484481
-1.234707
-3.627430
-5.418786
-1.823722
-1.952345
-1.500837
-3.563222
-3.167489
-0.550000
-0.885599
-1.990404
-2.369706
-2.019324
-2.885672
-6.444646
-2.238018
-1.400868
-0.479394
-0.133333
-3.363104
-1.799005
-0.042857
-2.494067
-0.705465
-1.547106
-3.550073
-5.610476
-3.525816
-1.339291
-1.360612
-0.180000
-3.481786
-1.171214
-2.242359
-1.256586
-0.430390
-2.775431
-4.385334
-3.523064
-1.548676
-1.121486
-7.034436
-6.942964
-4.024851
-1.176749
-0.313333
-3.629052
-0.932019
-1.003804
-0.674253
-3.040223
-1.148219
-3.265823
-0.213636
-1.495771
-1.268347
-0.566262
-3.475638
-3.215099
-0.451667
-0.140909
-3.931123
-1.528413
-3.280427
-3.812398
-0.602727
-0.328788
-3.913817
-2.626195
-2.591292
-3.612874
-0.316667
-0.581667
-1.186368
-3.466144
-1.471364
-2.921059
-4.779963
-1.234538
-3.472950
-0.937540
-0.285000
-3.685953
-1.134111
-0.440476
-0.265909
-0.327778
-0.163889
-1.141378
-1.883419
-0.968077
-2.450073
-1.082591
-0.869960
-1.637623
-1.073103
-0.000000
-3.066787
-4.017116
-1.443916
-2.113464
-1.232187
-0.323148
-3.928550
-0.230000
-2.995844
-1.815367
-1.389497
-5.006725
-0.448958
-1.191328
-2.231183
-2.327882
-1.409362
-0.714444
-3.680792
-0.954239
-3.581049
-1.054675
-1.082861
-0.908874
-2.618641
-3.495809
-1.511382
-2.405780
-1.850432
-0.361111
-1.814160
-3.637049
-2.384571
-4.422925
-0.469167
-0.365909
-3.757758
-4.485555
-2.879613
-3.666574
-0.908500
-1.013373
-0.580314
-3.710574
-2.186568
-1.665345
-3.292241
-3.782447
-2.109609
-2.299772
-1.461673
-1.770654
-0.166667
-3.800728
-1.712801
-3.140950
-1.783732
-1.696205
-2.593301
-0.050000
-2.612755
-2.716394
-1.720146
-3.518572
-1.364278
-3.042358
-0.260000
-1.964063
-2.206597
-1.184236
-3.311682
-3.832744
-1.515806
-0.557576
-0.250000
-0.993917
-1.733795
-3.352206
-1.221047
-3.742029
-2.328875
-1.763701
-1.085719
-0.956448
-3.914693
-3.910145
-3.098755
-1.158651
-0.197619
-2.175756
-2.124948
-4.271021
-4.560135
-3.621670
-1.515231
-3.548453
-1.269908
-0.070000
-0.138333
-3.914068
-1.158215
-4.308723
-1.173225
-0.412121
-0.827208
-2.015253
-1.811088
-0.849921
-1.236056
-2.196404
-2.316390
-3.057840
-0.089394
-2.087400
-4.856103
-0.712000
-0.393519
-1.559713
-3.687779
-0.166667
-0.000000
-0.591970
-3.229273
-2.933201
-2.669447
-1.681173
-3.093590
-3.348756
-2.878160
-2.973636
-0.000000
-1.446378
-3.063693
-3.302107
-4.067266
-2.320917
-1.599621
-2.890577
-4.818473
-2.389565
-1.889513
-1.179059
-1.136187
-0.535152
-3.023847
-2.004102
-0.539242
-1.264924
-2.944242
-0.881476
-2.672846
-2.148181
-2.292780
-1.022042
-1.904239
-2.416391
-1.685651
-4.226134
-2.876495
-1.666827
-2.882220
-1.065980
-2.833587
-2.267326
-2.502521
-1.185919
-2.427446
-2.653124
-2.335844
-1.854993
-3.078696
-2.204127
-0.343750
-0.348333
-3.677103
-0.841602
-2.741066
-1.293824
-5.296698
-0.165000
-2.224639
-0.240476
-4.582750
-2.325676
-2.490238
-0.000000
-4.217736
-0.998554
-0.106250
-2.559094
-2.510987
-0.153030
-0.166667
-0.100000
-4.080963
-3.030056
-0.743571
-2.094222
-1.898883
-2.755898
-0.188889
-2.961628
-1.876560
-4.470410
-2.335990
-0.263095
-0.786090
-4.101518
-1.740564
-3.540766
-2.524513
-0.479848
-0.387121
-2.781623
-3.708184
-2.336635
-1.352088
-0.822208
-0.848182
-0.280000
-2.417493
-5.143854
-0.368182
-0.000000
-0.133333
-3.026381
-3.416948
-1.707329
-3.384612
-0.444048
-0.306667
-3.831690
-3.625895
-3.104670
-0.322833
-1.700268
-1.484012
-4.140245
-1.719328
-3.477502
-3.713176
-2.981090
-1.543766
-2.294092
-2.522929
-4.230135
-2.331023
-2.644815
-2.030079
-0.135714
-3.121002
-0.465000
-0.180303
-3.156679
-1.622603
-0.717429
-0.485000
-0.208333
-0.100000
-1.967448
-1.267832
-1.150220
-1.741504
-1.377812
-2.366232
-1.365334
-1.458824
-0.292593
-3.141733
-0.815020
-0.072727
-4.566589
-0.164286
-2.127153
-0.000000
-4.336043
-1.609804
-1.460733
-1.708872
-3.314492
-1.806481
-0.425370
-1.626752
-0.330556
-2.294153
-1.028762
-3.065410
-0.453542
-0.920606
-0.378704
-0.595455
-0.063636
-2.400253
-1.563272
-3.121975
-0.906108
-0.619848
-0.718788
-3.443875
-1.446980
-1.818153
-0.305556
-1.833976
-0.175000
-0.695541
-1.216921
-2.381950
-0.116667
-1.059758
-0.168750
-0.750859
-1.967881
-1.824477
-1.552543
-1.078171
-0.000000
-3.972305
-2.431813
-2.835619
-1.790643
-0.513485
-2.346726
-3.720177
-3.009577
-1.367397
-3.928746
-0.880415
-4.401632
-0.734329
-3.029653
-0.956528
-3.108651
-1.940631
-1.803869
-2.509237
-2.364947
-2.562221
-1.705014
-0.251515
-4.403756
-1.571508
-1.564162
-0.723874
-0.366667
-1.020036
-1.647265
-4.671296
-0.749784
-3.304544
-3.339787
-4.000232
-2.505395
-3.628843
-3.370846
-5.093578
-1.644083
-2.910389
-2.711376
-2.494200
-1.200614
-2.158404
-2.052219
-0.507333
-2.042521
-1.040750
-1.566444
-0.397222
-1.482853
-2.594883
-2.927369
-0.384848
-0.529545
-1.220063
-4.039611
-1.327348
-2.418434
-2.752334
-1.624419
-0.520095
-0.188095
-3.947320
-1.194547
-1.313793
-2.162611
-0.100000
-3.190420
-0.615844
-2.391546
-1.872912
-2.933911
-0.934730
-0.266667
-1.960273
-2.011089
-0.248148
-2.176749
-5.401790
-2.718016
-3.377584
-1.958875
-2.175647
-2.360841
-0.800058
-0.664545
-1.963971
-1.964938
-1.490828
-2.065367
-1.702626
-0.872973
-3.968375
-1.249080
-2.573011
-3.071841
-1.187128
-1.863689
-1.382171
-1.364943
-0.348333
-2.133347
-1.569571
-3.622267
-0.680714
-0.454500
-0.175000
-2.159637
-1.030635
-0.050000
-2.965939
-0.866497
-2.614165
-0.125000
-1.314019
-0.998099
-1.720637
-1.946932
-3.606083
-0.492083
-1.529211
-2.275499
-2.865293
-2.391509
-0.000000
-1.531191
-1.382648
-0.605844
-3.450330
-2.136480
-4.631298
-0.543333
-0.843001
-0.923699
-1.673784
-3.033635
-0.346970
-1.586762
-0.183333
-2.039903
-1.050538
-1.409878
-0.423030
-0.273333
-1.096075
-0.100000
-1.038275
-0.958437
-0.382000
-3.063553
-2.578144
-1.242067
-0.303333
-2.988704
-0.975051
-0.640606
-3.506018
-0.642667
-0.577273
-0.088889
-1.436974
-3.788904
-0.133333
-2.611815
-3.200885
-0.066667
-0.161111
-1.548663
-3.995622
-1.593935
-2.881331
-0.240152
-3.589644
-0.371402
-4.497987
-2.590277
-0.650152
-2.448777
-3.389648
-1.715683
-3.989851
-0.085000
-1.536085
-2.039378
-1.871803
-0.175303
-3.594189
-1.974438
-2.094641
-4.764278
-4.222799
-0.150000
-3.154777
-2.486354
-4.348881
-3.570099
-0.946501
-3.731634
-0.747511
-2.560748
-1.725098
-4.115085
-1.911279
-2.507158
-0.263889
-2.647560
-0.955477
-2.141097
-3.640566
-2.479800
-0.472000
-5.413858
-3.299737
-3.527889
-3.926060
-3.501134
-0.646667
-3.473468
-4.260382
-2.722502
-2.127790
-3.609892
-6.947736
-2.993032
-3.370618
-2.687896
-4.832501
-2.039399
-3.193403
-3.698457
-1.961150
-1.552430
-1.642694
-1.592916
-3.368752
-4.246635
-3.371389
-0.054545
-5.495054
-4.186344
-1.604963
-2.855713
-2.342651
-2.767902
-2.215008
-0.372500
-5.002360
-0.130000
-1.705917
-0.062500
-3.028347
-0.725566
-3.076059
-0.060000
-0.672762
-1.217757
-0.000000
-3.123879
-3.819478
-2.541381
-3.747245
-2.906954
-6.431631
-3.266081
-2.076066
-0.012500
-3.050967
-4.275287
-1.680969
-0.105556
-0.899461
-2.466736
-3.843044
-3.465420
-2.913269
-4.609294
-3.062843
-1.432857
-2.470525
-1.214680
-1.961156
-0.720741
-0.163333
-0.112500
-0.854163
-0.326667
-3.725180
-1.064897
-0.207121
-2.586434
-0.724929
-1.301661
-4.436627
-2.775632
-4.461220
-4.095604
-0.454167
-2.268321
-1.981622
-2.002184
-0.315625
-3.462840
-4.041324
-1.830014
-0.684550
-2.299217
-4.503355
-4.256890
-2.895006
-3.244716
-3.402149
-3.429123
-3.980533
-0.437879
-1.247933
-1.199888
-4.083998
-3.642442
-4.706506
-0.595541
-2.019703
-1.433295
-3.377672
-3.940867
-4.111728
-0.395000
-0.399500
-0.100000
-3.755457
-2.866567
-1.788679
-0.172917
-3.682362
-2.174400
-3.333690
-0.337037
-1.039502
-0.297917
-3.890650
-1.530862
-1.461451
-1.589761
-1.440475
-0.527729
-0.800500
-3.338383
-4.491074
-2.860887
-3.363281
-3.521673
-5.287493
-1.750853
-3.057304
-0.198333
-0.485455
-4.469278
-3.269831
-1.167660
-1.914733
-1.392407
-0.240000
-2.164782
-0.726916
-2.665529
-1.431679
-0.880714
-0.000000
-3.260156
-2.666062
-0.648889
-0.162500
-3.663081
-0.938734
-0.557222
-1.425447
-0.607000
-0.480000
-0.880929
-3.877160
-0.886111
-2.820558
-3.465896
-2.555564
-0.025000
-2.811276
-3.931971
-0.573667
-3.432107
-2.523749
-2.067653
-1.781041
-2.941137
-3.590287
-5.044124
-3.357957
-3.136674
-0.681374
-0.260000
-4.266653
-2.754454
-3.211557
-3.180892
-2.715517
-2.075776
-4.519963
-2.090747
-0.588542
-2.638283
-2.900472
-3.343002
-3.379518
-2.057763
-2.835781
-2.791089
-0.386364
-0.198148
-0.531515
-0.245000
-1.078556
-2.739122
-3.421989
-2.011038
-4.527534
-4.273475
-0.541515
-1.494777
-1.700077
-2.487653
-0.288889
-0.187500
-3.708238
-3.453453
-2.303070
-0.158333
-2.797621
-0.450857
-2.403071
-2.403139
-3.814819
-3.374676
-3.233231
-0.593788
-0.741108
-3.681771
-1.484886
-3.867287
-2.999491
-1.397599
-4.003778
-2.237961
-2.833454
-0.300000
-3.345307
-0.504848
-0.887627
-3.761746
-4.063164
-2.766053
-0.692357
-1.098605
-2.319116
-1.857195
-1.238269
-0.225758
-3.318948
-2.725953
-1.822434
-1.897489
-0.935058
-1.784958
-2.601258
-0.183333
-3.208234
-0.285714
-1.306742
-2.374258
-2.035655
-1.341786
-1.338224
-1.840105
-1.344888
-0.536172
-3.707418
-3.456709
-3.970390
-1.850868
-1.396227
-3.833789
-4.547414
-3.630817
-4.252459
-3.867558
-3.773169
-0.669365
-2.813487
-0.365833
-4.011995
-1.531839
-0.426500
-3.684898
-3.205262
-2.618612
-0.300000
-0.772874
-3.322378
-3.484556
-0.271167
-0.613304
-3.334501
-2.810091
-2.517421
-0.771032
-2.737071
-1.178135
-4.314871
-2.902831
-2.985814
-4.406536
-1.000577
-0.272222
-3.593525
-1.927004
-4.469868
-0.961414
-1.985579
-2.494127
-3.655654
-3.633942
-3.737763
-1.273983
-4.013534
-0.929737
-3.514288
-3.600120
-4.154263
-0.588279
-0.583333
-2.415812
-0.732879
-3.809054
-2.501843
-3.920027
-3.393317
-1.948733
-1.200072
-1.310349
-4.235020
-3.300429
-0.632385
-0.319697
-2.263844
-3.639707
-1.509029
-1.984112
-2.095439
-0.214286
-3.831365
-2.807533
-2.160243
-3.346419
-3.105590
-0.335417
-0.000000
-3.683286
-4.674081
-2.458367
-0.407407
-2.896327
-5.415676
-0.380952
-0.087500
-0.600000
-0.668167
-1.372385
-2.220858
-2.870318
-2.316648
-1.795897
-2.302835
-1.084907
-0.000000
-3.216747
-3.191024
-0.463333
-0.000000
-3.071866
-0.902208
-1.386667
-3.824333
-0.708333
-0.647576
-1.155150
-3.872118
-3.405595
-3.008830
-2.251708
-1.116667
-0.794228
-3.430710
-1.918353
-3.840677
-3.331757
-2.346021
-0.277273
-3.232794
-0.769657
-3.856460
-2.713798
-2.505955
-2.630163
-0.329000
-0.586071
-3.839182
-0.436364
-1.911922
-3.421625
-0.934769
-3.320417
-4.566204
-3.165559
-0.378030
-0.994756
-2.287612
-1.885538
-2.822458
-1.227988
-0.825105
-3.668055
-3.567107
-3.506889
-4.201290
-3.367051
-2.399970
-3.988168
-3.956380
-2.126289
-4.451209
-2.120343
-0.260606
-3.270709
-3.070683
-2.606373
-1.139626
-1.992477
-0.387500
-3.867250
-4.325548
-1.114683
-2.928901
-4.712583
-1.290613
-0.857248
-0.183333
-2.837303
-0.386875
-3.723468
-3.245083
-4.376412
-4.378818
-0.317500
-2.160870
-3.439498
-0.520833
-2.381986
-1.312991
-1.133351
-3.578838
-1.614263
-0.864618
-3.076117
-1.837975
-3.584301
-4.216996
-4.174585
-3.569932
-3.430726
-4.041472
-0.622963
-1.959371
-0.268750
-3.450204
-2.749831
-2.333343
-0.457500
-1.685809
-0.470013
-2.525245
-0.746299
-3.172392
-1.799111
-1.108590
-1.966933
-2.327681
-0.265000
-3.059327
-1.482644
-3.299395
-1.858976
-0.601262
-0.564762
-4.830966
-2.190546
-3.718450
-3.589216
-3.527453
-1.704406
-0.233333
-3.638343
-4.121939
-3.806366
-3.746459
-2.944412
-0.355556
-3.186845
-3.863426
-4.642357
-2.801947
-0.454074
-0.050000
-3.138173
-3.953853
-4.655339
-1.427579
-3.123757
-3.658112
-4.209937
-3.732581
-1.066992
-6.240969
-1.848846
-4.062010
-4.202862
-2.998958
-5.007145
-1.080902
-1.681441
-3.935994
-3.863678
-3.369022
-3.174288
-1.791910
-0.095000
-3.040039
-3.576013
-3.719633
-1.700869
-3.283275
-2.908101
-4.810940
-1.268472
-1.789319
-2.912009
-3.246202
-0.566667
-2.037813
-0.389394
-3.020374
-0.261111
-3.010298
-3.763468
-5.909612
-1.263590
-1.676417
-3.846557
-3.660499
-1.990455
-1.805293
-0.100000
-3.275799
-3.554873
-3.914090
-0.504500
-2.545842
-2.308879
-1.741944
-3.460923
-3.661659
-3.400388
-3.221694
-1.667825
-2.096537
-2.032303
-2.797554
-2.309314
-4.979726
-3.160736
-2.914392
-2.030653
-0.646667
-4.232455
-0.286111
-0.591667
-3.538291
-2.465115
-3.570459
-1.155382
-4.174206
-4.576332
-0.311667
-1.947488
-3.752189
-1.740661
-3.610037
-4.021954
-0.724026
-3.056519
-4.048781
-5.157380
-3.573539
-2.925177
-0.142857
-3.571773
-2.630704
-2.726267
-3.937109
-2.743648
-2.359415
-0.471212
-0.071429
-0.950682
-3.382996
-1.393533
-0.140000
-0.621970
-3.981941
-4.610243
-3.298136
-4.464867
-1.140088
-2.291190
-1.794439
-0.997785
-0.305556
-3.643450
-2.397836
-2.806873
-2.642412
-0.370833
-2.680665
-4.340338
-0.869416
-0.016667
-3.465393
-3.802335
-4.025339
-3.761158
-0.711515
-1.832267
-4.395530
-1.467543
-5.602490
-3.423233
-1.600857
-1.838626
-2.486320
-2.189274
-1.871455
-1.727843
-1.144920
-0.585758
-3.281519
-1.610028
-2.120707
-1.200560
-3.636220
-4.125003
-3.568129
-2.564450
-2.508710
-2.222685
-0.527833
-3.844645
-4.643935
-4.539901
-2.538568
-0.175000
-3.371952
-3.721742
-3.988418
-2.334196
-3.973959
-3.683914
-2.365216
-0.781310
-3.962498
-2.540647
-1.172996
-3.420532
-3.476145
-1.012052
-3.952807
-1.215656
-0.522500
-3.236586
-3.862682
-3.765926
-4.513310
-2.866953
-2.386227
-0.474167
-0.640087
-3.353079
-4.757283
-3.425485
-3.017843
-1.388354
-2.410279
-0.338889
-1.580299
-5.006437
-3.542503
-2.782851
-2.348646
-1.415245
-1.132690
-1.489427
-0.993279
-2.574235
-1.429061
-1.403670
-1.391321
-0.887075
-2.957379
-2.186273
-0.939841
-1.081980
-1.497742
-0.783275
-0.000000
-3.141103
-2.474472
-4.772114
-1.915278
-0.240000
-3.558293
-3.696637
-1.455695
-4.785624
-0.487963
-2.106397
-1.033543
-2.861940
-3.039572
-2.625710
-2.541099
-1.938538
-0.229545
-3.235441
-3.433389
-4.673773
-1.297967
-0.188889
-3.283701
-3.710947
-1.697644
-3.583774
-3.018147
-3.671828
-1.759884
-3.306279
-5.150629
-1.419155
-0.642778
-2.746388
-3.943669
-1.960250
-1.929589
-4.200082
-0.611450
-2.210107
-3.759092
-3.259346
-1.766981
-0.373095
-3.707091
-3.499767
-4.783875
-2.074409
-0.507500
-2.278043
-1.330162
-4.104170
-1.137659
-1.165112
-3.078561
-2.954105
-3.154385
-2.212357
-2.375092
-4.649837
-6.275923
-3.811327
-3.491843
-3.705717
-4.911744
-1.805408
-0.243939
-3.436507
-4.055085
-4.434723
-1.813123
-3.461064
-3.330373
-4.190650
-2.188826
-2.594317
-0.926564
-3.147933
-3.559645
-4.360300
-1.668111
-3.660297
-4.076603
-1.119448
-3.863767
-1.860927
-3.977215
-2.989858
-2.619596
-1.022691
-0.755370
-3.430564
-4.287775
-1.569551
-0.328704
-4.327550
-3.415891
-3.829758
-1.698554
-4.489969
-0.385185
-1.482235
-3.542450
-1.625457
-0.523810
-2.977326
-0.870476
-0.140000
-3.454988
-1.367054
-4.880358
-1.939232
-0.675000
-0.400000
-0.414815
-3.030151
-2.521266
-4.809633
-1.434346
-0.682000
-3.406537
-2.810273
-3.445885
-4.236713
-1.117807
-2.189115
-2.351321
-1.575039
-3.129677
-1.832938
-0.551667
-0.718030
-3.360010
-4.746671
-1.629426
-0.163889
-4.067545
-4.059101
-3.373551
-1.263687
-2.024698
-0.116667
-0.722576
-2.596242
-2.997900
-1.093640
-0.309722
-1.175659
-3.363354
-2.619898
-3.306702
-3.627030
-4.335686
-2.537289
-2.071116
-1.454213
-4.937253
-3.271016
-3.444641
-0.918833
-0.216667
-3.352798
-3.806329
-1.216754
-3.290655
-1.444211
-1.803422
-3.567377
-4.840837
-0.647667
-3.128186
-1.430296
-2.618445
-2.756238
-3.360951
-1.234877
-1.840570
-1.979091
-3.116333
-2.961779
-2.261065
-3.575259
-3.465849
-2.126373
-0.340741
-3.613742
-3.566657
-1.608004
-5.380782
-0.366667
-0.350000
-3.991067
-3.199754
-2.319463
-1.009120
-5.053260
-2.615011
-4.046006
-3.336376
-1.733189
-3.310808
-1.371003
-2.219839
-1.711313
-4.717490
-4.259369
-3.476460
-4.077918
-2.486705
-4.022716
-2.247209
-2.791207
-0.105556
-4.933480
-3.433046
-1.933511
-2.062333
-1.112449
-3.559401
-5.346411
-4.392956
-2.445878
-0.533885
-0.380833
-0.862833
-1.459018
-0.947698
-0.037500
-2.068006
-0.400000
-2.029996
-3.741504
-3.000748
-6.145055
-0.739394
-5.452306
-3.780997
-3.563511
-1.393339
-4.966619
-3.081599
-4.158891
-3.398438
-4.195363
-2.171891
-0.070000
-3.845572
-0.846991
-0.600000
-4.620242
-4.232935
-0.543182
-3.551807
-2.857124
-3.012174
-2.007317
-0.658750
-6.516256
-1.602829
-0.137500
-4.314935
-1.009347
-3.423163
-3.997954
-0.545667
-1.254067
-2.788645
-5.191751
-0.995703
-1.189210
-2.414154
-1.676790
-4.483764
-3.516627
-0.551061
-4.744438
-0.257143
-1.608187
-2.575223
-1.914404
-2.490723
-1.790156
-0.400000
-3.167591
-4.087343
-1.194304
-2.344846
-2.059672
-0.016667
-0.168750
-2.893794
-3.235459
-1.221613
-0.787926
-0.000000
-1.797681
-4.629519
-4.477990
-1.347760
-0.359091
-2.455114
-0.233333
-4.411724
-4.305618
-1.361406
-2.755807
-1.006329
-1.100740
-3.128693
-1.696524
-1.793087
-1.116772
-0.912684
-0.872688
-2.805149
-0.950711
-2.799964
-0.743939
-1.087904
-3.367271
-3.819365
-0.410833
-1.884649
-1.184842
-0.905072
-0.582000
-2.930883
-0.988571
-1.127579
-0.125000
-3.254389
-2.687611
-0.731667
-0.770173
-2.435354
-0.602879
-3.584649
-1.608799
-2.203285
-0.701813
-1.434297
-4.326939
-1.114545
-0.150000
-3.302493
-2.184005
-0.200000
-4.589298
-2.627395
-2.948995
-3.416139
-3.561921
-3.387066
-2.917762
-0.543788
-0.261111
-3.877755
-3.529767
-0.760833
-2.736877
-0.071429
-3.350836
-2.950303
-3.783882
-0.954289
-2.615754
-2.485803
-1.822356
-1.052418
-3.078684
-3.752446
-1.130728
-1.745474
-1.624580
-1.898598
-2.967859
-0.767576
-0.040000
-0.875386
-3.602554
-1.150096
-0.531481
-0.606970
-1.927834
-2.019597
-1.598824
-0.016667
-2.161337
-2.023754
-0.834990
-1.701268
-1.355313
-4.729903
-5.126687
-0.262500
-0.279167
-3.574226
-1.653093
-0.135000
-3.227526
-4.270435
-1.606030
-1.647809
-3.180492
-1.304224
-2.423732
-1.759000
-0.505152
-2.942704
-1.670055
-3.514824
-3.088046
-2.419179
-0.340741
-0.160000
-0.413636
-3.490881
-3.695388
-1.750286
-1.319400
-1.333943
-3.008220
-5.052216
-1.447286
-4.057846
-1.827139
-3.555251
-1.356739
-1.605730
-0.348485
-0.602167
-3.593201
-1.807837
-3.907224
-0.378333
-0.107143
-2.739803
-4.612507
-2.194236
-0.225000
-2.387280
-1.758845
-3.419842
-3.179603
-2.803214
-0.241667
-0.854546
-3.102512
-1.020642
-0.135714
-1.689547
-1.928222
-4.412693
-3.648324
-1.735819
-1.546967
-1.589065
-1.198373
-3.657684
-1.105650
-1.107715
-2.700735
-4.119476
-0.257576
-4.459835
-4.028094
-0.373485
-1.721564
-2.032905
-4.271631
-0.366667
-1.353873
-1.836754
-3.757305
-1.462826
-0.143750
-3.434719
-0.779755
-0.669848
-0.066667
-1.490961
-1.569644
-3.466648
-0.993102
-3.437371
-3.931680
-3.448476
-1.723070
-3.385466
-4.048609
-3.339023
-2.118661
-0.426944
-0.120000
-3.320612
-1.150000
-1.898140
-0.327500
-1.616351
-5.068241
-2.883685
-3.401530
-1.706339
-2.538177
-0.601190
-0.223333
-1.468514
-3.554923
-3.911826
-1.662219
-2.711734
-0.534375
-4.414161
-1.920013
-2.369564
-2.148843
-1.193001
-2.764056
-3.734782
-4.645848
-5.709800
-3.359645
-0.646667
-2.842788
-1.205539
-2.970214
-0.554091
-3.474390
-0.396875
-2.464657
-3.090630
-3.007218
-1.317754
-1.122523
-0.644643
-2.825043
-1.340667
-2.127205
-0.678032
-2.059238
-0.720552
-1.467564
-0.128571
-2.025194
-2.968858
-1.529394
-1.527232
-0.972727
-2.175273
-4.034596
-5.383694
-2.319407
-3.719917
-1.830286
-2.202117
-4.733604
-1.022912
-1.139888
-2.737911
-2.247495
-0.366667
-0.432121
-1.252346
-2.959322
-2.541828
-0.200000
-3.199351
-1.025234
-2.365373
-3.005348
-3.104170
-3.919761
-4.219538
-4.069152
-0.426667
-4.331405
-0.427963
-3.033884
-0.016667
-0.334375
-5.226828
-4.591352
-2.994575
-1.110786
-2.883927
-0.260000
-2.611035
-5.064204
-1.334402
-1.545408
-2.321125
-2.652640
-1.704698
-2.966497
-3.374818
-0.292593
-5.187955
-0.690162
-0.106250
-3.002560
-1.898363
-3.259166
-4.284823
-4.382782
-3.688643
-3.046702
-4.819551
-4.622695
-6.005092
-1.502159
-4.261633
-0.992947
-0.704661
-1.303544
-0.181250
-3.925024
-1.187579
-0.820152
-3.418802
-3.767456
-0.458182
-2.239161
-0.116667
-1.491857
-2.948647
-0.599792
-1.364721
-1.224802
-0.071429
-1.968040
-3.123769
-0.523030
-0.197619
-2.084149
-3.150298
-1.477370
-0.708734
-0.269167
-2.495090
-0.823203
-1.187766
-3.089170
-0.250000
-0.100000
-0.086364
-0.538723
-1.670880
-3.037796
-1.504738
-4.287503
-3.526210
-3.356369
-0.825679
-1.640625
-1.810917
-5.030066
-3.407324
-2.394317
-1.119759
-1.297768
-1.814799
-3.631119
-2.298158
-0.332833
-2.051383
-0.215000
-2.051379
-4.774912
-1.164719
-0.811813
-4.847110
-1.667507
-1.248571
-0.719026
-2.795545
-2.762018
-1.055325
-1.434808
-0.634630
-0.380000
-0.217857
-2.775539
-3.275980
-3.478196
-1.124668
-1.639739
-4.706467
-1.069750
-3.078369
-1.379220
-0.070000
-3.385912
-1.444079
-2.864911
-0.405000
-3.344481
-0.175000
-1.814160
-3.866746
-2.422233
-2.706486
-3.072771
-2.390412
-2.541948
-2.920603
-2.942819
-2.076717
-1.958013
-2.222821
-2.044503
-0.233333
-1.135094
-0.807056
-3.253165
-0.865974
-1.730510
-1.387139
-0.848322
-1.192191
-4.215437
-2.975036
-1.930121
-2.706912
-2.886261
-1.261521
-5.214104
-0.674635
-3.356922
-0.708333
-3.895551
-1.191959
-0.790661
-2.992023
-0.240476
-6.440274
-0.554971
-4.419085
-3.766511
-2.997186
-0.972518
-4.617099
-0.646667
-3.190301
-1.199127
-1.283406
-0.645992
-2.138433
-0.435000
-1.728619
-1.844452
-1.992343
-0.168056
-3.071115
-1.171377
-1.943894
-3.743141
-3.693485
-3.856486
-2.465587
-0.255833
-3.237973
-3.403222
-4.269765
-3.215362
-2.200438
-4.014767
-2.553301
-0.682524
-3.129345
-1.264420
-0.277083
-4.037403
-2.621572
-4.145420
-0.359259
-0.449545
-1.039621
-3.040108
-4.597585
-3.172602
-3.990295
-2.249864
-3.215619
-2.403126
-4.796406
-2.506566
-1.357252
-2.564979
-1.736991
-0.050000
-0.273485
-0.802121
-4.059637
-2.601930
-3.557063
-2.190258
-4.278502
-1.186141
-3.755467
-1.720942
-4.126603
-2.173785
-3.612669
-2.497294
-3.731562
-1.396273
-4.096592
-0.334091
-0.821433
-0.735833
-2.092059
-1.506733
-1.085726
-1.416509
-1.774649
-0.341667
-2.321180
-1.246482
-0.620000
-1.557194
-0.311458
-4.924531
-3.403042
-1.392644
-3.539381
-3.799155
-1.374053
-2.258074
-1.286000
-0.453874
-1.005214
-2.131588
-2.285546
-0.336667
-1.284599
-2.444765
-0.795303
-1.182811
-1.241758
-0.718041
-3.221396
-2.143730
-1.487439
-2.625274
-4.493202
-3.236454
-1.450367
-2.792743
-1.554936
-2.469497
-2.128559
-3.929197
-1.227109
-2.227207
-1.011346
-1.936870
-3.266263
-1.568524
-0.319697
-0.116667
-2.504866
-0.072222
-0.240000
-5.408850
-0.025000
-0.080000
-2.301219
-2.012311
-1.356806
-1.019369
-0.000000
-2.142371
-2.013713
-0.842886
-0.300000
-3.258424
-3.370629
-1.218842
-3.023012
-3.317787
-1.860123
-0.291667
-4.294536
-4.707146
-2.580959
-1.991187
-3.092802
-2.865959
-1.573014
-1.311731
-0.450000
-2.624695
-3.179646
-4.614725
-4.523463
-4.165175
-1.727372
-3.272755
-3.105759
-2.845241
-1.788503
-3.713745
-2.144544
-3.274167
-3.120305
-3.032042
-0.231481
-2.146402
-2.220751
-1.297063
-4.147967
-0.589500
-1.456985
-0.150000
-2.881317
-6.756049
-3.740520
-1.388409
-1.502320
-0.577037
-4.415489
-2.808310
-1.651471
-0.000000
-3.290402
-2.481019
-4.577240
-1.977775
-0.899885
-3.817976
-4.014051
-3.555182
-4.156396
-2.446247
-3.480713
-2.081068
-0.413889
-0.285714
-3.369576
-2.551922
-0.687199
-1.291229
-0.972828
-3.955347
-1.021017
-4.462304
-4.751111
-0.649026
-0.389697
-1.337544
-0.000000
-3.104592
-4.894470
-1.988937
-2.411807
-1.107862
-1.451623
-3.942515
-3.111893
-3.051838
-0.677500
-1.303138
-0.081250
-2.419267
-1.233531
-2.910302
-2.024814
-3.600831
-1.930055
-2.471273
-0.575370
-1.996977
-0.377778
-1.868528
-2.516852
-0.979598
-2.473057
-1.013165
-0.423333
-4.291528
-2.521197
-5.612303
-2.632952
-2.949719
-1.266323
-4.566762
-0.309091
-1.529492
-0.211667
-0.839481
-2.034870
-0.361905
-0.626515
-4.024950
-4.019008
-3.436119
-2.090488
-0.540952
-5.821411
-5.056423
-1.434870
-1.465477
-1.542697
-0.000000
-1.494764
-1.803007
-3.535739
-0.896111
-0.350000
-1.591420
-4.082334
-1.791451
-1.482051
-3.653488
-2.471448
-2.538158
-3.392459
-2.366807
-4.252738
-1.035350
-0.233333
-3.761912
-1.039096
-0.395000
-1.551536
-1.375970
-1.687631
-0.185000
-2.194042
-2.613467
-2.774464
-0.644556
-1.607555
-3.309331
-1.730734
-2.183173
-1.820316
-3.387777
-0.884718
-1.847928
-3.540258
-3.184216
-0.526167
-2.126142
-3.999123
-1.370046
-0.280952
-3.314197
-1.064005
-2.911347
-3.192726
-3.377256
-0.821147
-4.115578
-0.780465
-4.229589
-0.973607
-1.373761
-3.017678
-3.429433
-2.562459
-0.976699
-0.200000
-2.934245
-3.479355
-2.261990
-1.638232
-0.542037
-0.277778
-4.498087
-0.333704
-2.058256
-4.180924
-2.969293
-3.786875
-4.198453
-2.507636
-1.197002
-3.325801
-1.867984
-1.845300
-4.260880
-0.495333
-0.512963
-0.904968
-1.876843
-0.106250
-4.275873
-2.189739
-0.851688
-0.465741
-3.779560
-2.154518
-2.544095
-1.967809
-6.112404
-1.283037
-2.109968
-2.334939
-4.983792
-3.793696
-2.557182
-1.165132
-1.570485
-0.576667
-6.341882
-4.009667
-2.572371
-5.494441
-0.552284
-1.195131
-1.520873
-3.455953
-2.369711
-4.894693
-0.378030
-4.587397
-4.472042
-4.143514
-1.784814
-0.290476
-3.167564
-4.449937
-2.023895
-2.423282
-2.155559
-0.239394
-1.859770
-0.137500
-2.613049
-2.044470
-0.960097
-1.753123
-0.605000
-1.386952
-2.007620
-1.428009
-0.917699
-0.000000
-2.881261
-1.356748
-3.091073
-1.487890
-1.621897
-5.293719
-1.341355
-0.700000
-1.525617
-5.117628
-0.000000
-2.072999
-1.860906
-1.038247
-2.118157
-0.973929
-1.068071
-0.768496
-3.568496
-0.689051
-1.907479
-0.325926
-0.218750
-3.216011
-3.811288
-3.076169
-1.165296
-2.999920
-0.614333
-3.951303
-1.983685
-0.720087
-3.722671
-3.031023
-2.816068
-0.207143
-0.162500
-2.652556
-2.854169
-0.500000
-0.000000
-2.843190
-1.911780
-2.995122
-0.296212
-2.520268
-2.441898
-0.487879
-0.080000
-0.080556
-3.461220
-3.394438
-3.174703
-0.286458
-0.328030
-3.719624
-0.532522
-3.605261
-0.098485
-1.536969
-2.757141
-0.527000
-0.709286
-2.010729
-3.174981
-2.249439
-0.500238
-0.737121
-3.362501
-3.585298
-0.284167
-0.205000
-2.721611
-3.351621
-1.308124
-1.039379
-0.170000
-3.224712
-1.373000
-2.258886
-0.472222
-0.000000
-3.186081
-3.468980
-1.074932
-3.546258
-0.266667
-3.419125
-0.756429
-2.710394
-0.233333
-4.475860
-0.380303
-0.796667
-0.100000
-2.519276
-3.469874
-2.585178
-1.505171
-0.817576
-3.577330
-4.524106
-3.134339
-3.514731
-1.464290
-0.277273
-4.039250
-1.706676
-0.309091
-0.452273
-0.263636
-1.243050
-3.545966
-2.727005
-2.069551
-0.667536
-1.277677
-2.180791
-0.185000
-3.454092
-1.168964
-1.874243
-0.138889
-0.113636
-2.378782
-0.100000
-3.706128
-1.021667
-4.216440
-4.170893
-1.687962
-1.165085
-1.789604
-2.885741
-4.018190
-2.759822
-0.104167
-1.477454
-0.185000
-3.767439
-1.510616
-2.948493
-4.268302
-0.584394
-1.668827
-2.963622
-3.398783
-0.320455
-2.132563
-0.556595
-0.106250
-3.816040
-0.720938
-4.250207
-1.875335
-3.679349
-0.861940
-0.472963
-0.000000
-3.698112
-2.891835
-1.891850
-0.042857
-0.503333
-3.484242
-1.233413
-0.495185
-0.552095
-3.216039
-0.695167
-1.615067
-0.414500
-0.266667
-1.617111
-0.200000
-1.419746
-0.285185
-0.811147
-1.505910
-1.264949
-1.587432
-0.597222
-2.722254
-0.960779
-0.712219
-0.000000
-3.546534
-1.218388
-3.009755
-2.064422
-0.100000
-0.158333
-2.911997
-0.335000
-0.242593
-0.702121
-0.106250
-2.161570
-3.824602
-0.959596
-1.546469
-0.439481
-0.329500
-0.461111
-1.152187
-4.136559
-1.719816
-1.344742
-2.397559
-2.468545
-0.403636
-0.500833
-2.183870
-3.271160
-1.023597
-1.345346
-0.773431
-0.385833
-0.647833
-0.235417
-2.173992
-3.229448
-2.461056
-2.179314
-2.350560
-3.549273
-0.504091
-0.540541
-3.436139
-0.945217
-2.815582
-2.400159
-0.137500
-0.531364
-2.209520
-0.273333
-1.843500
-2.537355
-2.608402
-1.305676
-3.200735
-3.288108
-0.636667
-0.230000
-3.423215
-1.755977
-2.408478
-0.060000
-0.496970
-3.587502
-0.428788
-1.368681
-1.414194
-3.459481
-0.850927
-2.843071
-0.521167
-0.416167
-3.730104
-1.614001
-1.700085
-4.772007
-0.525000
-1.839232
-3.789500
-0.839416
-1.964834
-0.310000
-4.367111
-2.233294
-2.523386
-1.417828
-2.722186
-0.579848
-0.300000
-2.040926
-2.758039
-3.152441
-3.332734
-1.516384
-0.100000
-3.227925
-2.510814
-3.663385
-0.114286
-3.219215
-0.553182
-0.175000
-4.498952
-0.195833
-0.150000
-0.140000
-0.148333
-2.106571
-1.134665
-0.474500
-1.737041
-1.244094
-0.765512
-2.113774
-1.908394
-1.537966
-0.083333
-1.887732
-1.116987
-3.946770
-1.557046
-0.323333
-0.000000
-3.121098
-0.763485
-0.000000
-0.452778
-1.729830
-0.574697
-0.300000
-2.960914
-2.511173
-1.656595
-0.243333
-1.037846
-0.215000
-2.592901
-0.436833
-4.274742
-1.262800
-1.999421
-1.212490
-0.762092
-2.413465
-1.961238
-1.224877
-1.415722
-0.574259
-4.039678
-4.565187
-2.109426
-4.022852
-3.867000
-3.637782
-0.757937
-4.288229
-1.309926
-2.541772
-3.892833
-3.369040
-2.618170
-1.788770
-1.270159
-1.316933
-2.237435
-3.666572
-1.950089
-3.822704
-3.365075
-2.076764
-3.939549
-1.743062
-0.767619
-3.526331
-4.441912
-0.741998
-2.334529
-1.941614
-1.692942
-4.591045
-3.047833
-1.097413
-3.804256
-3.571261
-3.278885
-1.198910
-1.143544
-2.648480
-4.209238
-0.683827
-4.011322
-1.137567
-3.188507
-3.653190
-5.480052
-1.136295
-2.062604
-2.178003
-2.021557
-1.309724
-0.699951
-3.119651
-3.493286
-3.548524
-1.906032
-3.217688
-0.448333
-1.210952
-3.570149
-3.460254
-2.108835
-0.649657
-3.189133
-0.979881
-0.595322
-0.996418
-0.933651
-1.384775
-1.440503
-0.761364
-1.639789
-3.981116
-1.689960
-0.341667
-1.373982
-0.000000
-3.971552
-3.659240
-2.316690
-4.009155
-3.028695
-2.910074
-2.692595
-0.801512
-1.999794
-1.008348
-3.867305
-4.874196
-1.113539
-3.918792
-2.672062
-2.750975
-3.068000
-0.710625
-2.448069
-3.054103
-0.601270
-2.100381
-0.808723
-3.749749
-2.842321
-3.655116
-1.816436
-3.632393
-1.521945
-0.480767
-3.588580
-2.855745
-4.095865
-2.690545
-4.420672
-4.847881
-4.737544
-1.538583
-3.807087
-3.381549
-4.235761
-3.822206
-3.368346
-2.927603
-0.258333
-3.744240
-4.121351
-3.803082
-0.512037
-0.247159
-3.339479
-2.456648
-3.344493
-3.711799
-3.871929
-1.911940
-4.044603
-3.881329
-0.000000
-3.801591
-2.467137
-2.375579
-3.901880
-1.135238
-5.508400
-1.899422
-0.698512
-1.649978
-3.324151
-1.986861
-0.878795
-3.208984
-3.884170
-1.271160
-3.215569
-1.999524
-3.960827
-1.368793
-3.066849
-1.625156
-3.287879
-4.250467
-3.655497
-2.793814
-5.075506
-1.951231
-0.140909
-2.700227
-3.265786
-1.098636
-1.929163
-2.488927
-3.734030
-3.072975
-1.194254
-0.209091
-3.499420
-3.741192
-3.362142
-3.787679
-1.445597
-1.276155
-3.372493
-1.450615
-0.303333
-3.377433
-2.759493
-2.412005
-1.739379
-3.278653
-1.250985
-1.654622
-3.649856
-2.966675
-0.556667
-3.468196
-2.137401
-2.499782
-3.917147
-4.485873
-2.968874
-1.671088
-4.612414
-3.193661
-3.223660
-1.622128
-1.721899
-1.184123
-0.763810
-0.000000
-4.381622
-3.852394
-2.345923
-1.453271
-1.536149
-6.254209
-1.087218
-3.384361
-2.902175
-1.732925
-2.024575
-3.779690
-2.087057
-2.475392
-3.857086
-4.014015
-1.782858
-0.452222
-1.914078
-0.734784
-4.109236
-0.278571
-2.730435
-3.048103
-2.131686
-3.077320
-0.293750
-0.506944
-2.041641
-1.794977
-1.370663
-0.648874
-3.125765
-1.604891
-3.259416
-3.292111
-5.698008
-5.536546
-5.062667
-1.306469
-2.008983
-3.055591
-0.433333
-3.202281
-4.301873
-2.721602
-2.289834
-1.784701
-0.836071
-2.368964
-3.912147
-4.257047
-3.166643
-4.279345
-2.330603
-3.978265
-2.620470
-2.465922
-0.690744
-1.321983
-0.475000
-0.784290
-2.362557
-4.511486
-0.875205
-2.990665
-1.200820
-0.355208
-3.950256
-2.857196
-4.079558
-3.288354
-4.535611
-1.113741
-3.846052
-3.972784
-2.098547
-2.038186
-1.277403
-2.726870
-4.808709
-3.578629
-3.503608
-4.644190
-2.568481
-2.221297
-5.683060
-0.979246
-3.536751
-3.828686
-1.953092
-1.022720
-2.162537
-3.394353
-3.107623
-2.939224
-2.577508
-3.924289
-3.619226
-3.353230
-3.851233
-3.964067
-0.937774
-3.161977
-2.560860
-3.620295
-2.614863
-1.571670
-3.951837
-1.443038
-1.594193
-0.850767
-2.150574
-1.010755
-4.109627
-2.256295
-2.934573
-3.306216
-2.107194
-4.217722
-0.813333
-4.723401
-4.294725
-1.215426
-1.437837
-0.345370
-2.676084
-1.093021
-0.166667
-2.399123
-3.017203
-0.949026
-1.792116
-0.782738
-0.988948
-3.974171
-2.372934
-4.273325
-0.272917
-3.562859
-1.554463
-0.590929
-0.692056
-2.890602
-2.603726
-1.052886
-3.939795
-4.318645
-1.168655
-4.050888
-4.329916
-3.396668
-4.762420
-0.726857
-0.718788
-3.380887
-2.901172
-4.611311
-4.601288
-1.414553
-3.215977
-1.724131
-3.093583
-4.383194
-2.444977
-3.327936
-2.963450
-0.967163
-2.709043
-2.153131
-3.434777
-2.655730
-2.986651
-3.289365
-1.898181
-2.515060
-3.611991
-2.119373
-0.608420
-3.112371
-1.751600
-3.760429
-3.364148
-1.955402
-0.809365
-5.258459
-0.860325
-6.334751
-4.367932
-1.435306
-4.113831
-4.089067
-3.856124
-4.097482
-4.798264
-3.951886
-2.133837
-1.295944
-4.488049
-2.471367
-4.191641
-2.406638
-2.194450
-4.792601
-2.781256
-2.348275
-1.169293
-1.603159
-3.777180
-3.141808
-4.614525
-2.242946
-3.150671
-3.752593
-1.286052
-3.284683
-4.099823
-0.352879
-3.836517
-4.797013
-2.979361
-4.391917
-1.534597
-0.681667
-2.890636
-1.255607
-3.190744
-1.725282
-2.705531
-1.744138
-2.727260
-0.180303
-1.431697
-0.750426
-1.420583
-4.361828
-3.979008
-4.483051
-2.743244
-0.000000
-3.477078
-1.777282
-2.168947
-1.294179
-4.126116
-2.368615
-0.793315
-0.119048
-0.520314
-0.391111
-4.136904
-3.838169
-3.266577
-1.871441
-2.899992
-0.825869
-1.057966
-2.201355
-1.303734
-3.821799
-3.021962
-2.490634
-1.665216
-0.385714
-3.162579
-3.236008
-3.788334
-1.375943
-3.423348
-3.545209
-0.884618
-4.242850
-0.743254
-1.135917
-2.295531
-1.680820
-2.079134
-3.528015
-1.686195
-5.111370
-3.151571
-2.115578
-1.013079
-3.993571
-4.323139
-3.389433
-2.117008
-2.872934
-0.799167
-1.935234
-1.637699
-2.831991
-2.115158
-3.286308
-4.569876
-1.406543
-0.694112
-0.896369
-0.451667
-1.248930
-0.390000
-3.720771
-1.318169
-2.895252
-2.133086
-0.508810
-4.238861
-2.444512
-2.592873
-3.057116
-1.884625
-1.949789
-2.452801
-2.915921
-4.003985
-1.711689
-3.747115
-1.399761
-3.271092
-5.185544
-3.985483
-1.877025
-1.758746
-4.767243
-3.297491
-3.732584
-3.506355
-3.094886
-0.214815
-1.121494
-1.859097
-1.637214
-0.293519
-1.191224
-0.950461
-0.855446
-0.826840
-3.204512
-0.690617
-2.512024
-2.286552
-3.353575
-5.689747
-4.966664
-3.306018
-3.313579
-3.404515
-2.500985
-4.760923
-0.200000
-1.865496
-4.260642
-1.392122
-2.699803
-0.576167
-0.371212
-5.047242
-1.997185
-1.953082
-0.695617
-4.490675
-2.468619
-4.517351
-1.440224
-2.638550
-3.298207
-2.804750
-0.413333
-0.113889
-3.428381
-0.552879
-1.895439
-1.046721
-1.614605
-0.700617
-3.694725
-0.734762
-3.499609
-4.012607
-3.751797
-3.185395
-1.831718
-0.000000
-3.539479
-2.677815
-1.629384
-1.249857
-1.843661
-0.856475
-2.608332
-2.576776
-2.916716
-2.480848
-0.180000
-0.651875
-3.517839
-2.201965
-0.060000
-4.882632
-3.458191
-2.098516
-2.509518
-3.713653
-1.559332
-1.806346
-1.889754
-3.226201
-1.716030
-3.513551
-3.430362
-1.991035
-1.980826
-2.917691
-1.997152
-2.391060
-0.943857
-0.506458
-1.877015
-1.893198
-0.728786
-1.101326
-0.257708
-2.029551
-2.098075
-2.041551
-3.898325
-3.798711
-1.776357
-1.007637
-4.657235
-3.490891
-4.331672
-1.258184
-0.166667
-4.065314
-1.911780
-2.032122
-1.268084
-2.695969
-1.975612
-1.449154
-1.138752
-3.461386
-3.338960
-1.113062
-1.448385
-0.377381
-2.106911
-1.153658
-1.755384
-4.777392
-1.804652
-3.864854
-1.954656
-4.121814
-4.124613
-1.942630
-2.145513
-1.068305
-0.996634
-0.235833
-1.867902
-2.042076
-1.206152
-3.021746
-3.601813
-1.960692
-1.864421
-3.567545
-3.019071
-3.084035
-3.896461
-2.657930
-6.034964
-6.414152
-3.400902
-3.654369
-1.318364
-3.016253
-2.444389
-2.641906
-3.950233
-0.564372
-1.817928
-0.460417
-2.743357
-3.677358
-2.458661
-1.825297
-3.967149
-2.622388
-2.253513
-1.919790
-0.693519
-1.405194
-0.345833
-4.176762
-1.117529
-1.342070
-0.290000
-1.825394
-1.577322
-1.893941
-3.942840
-2.936013
-0.772273
-3.752921
-1.525309
-3.365010
-3.412168
-4.093741
-2.546331
-1.001111
-2.076156
-4.360582
-2.437742
-0.942032
-1.021261
-1.857215
-0.791916
-3.555695
-5.662248
-1.882397
-4.423189
-3.431845
-1.773068
-0.953788
-3.489634
-2.365139
-1.802518
-0.620000
-2.406729
-4.403150
-3.613498
-1.062882
-1.766470
-0.000000
-3.370456
-2.336572
-1.056109
-2.346256
-3.297902
-1.911251
-1.388536
-2.061938
-3.492521
-1.349305
-1.822557
-3.450075
-1.779021
-1.542980
-3.668163
-1.309614
-1.643243
-1.150611
-0.367857
-3.448684
-3.834917
-1.462283
-4.895325
-4.032312
-2.526459
-1.886834
-2.199337
-1.253112
-1.251893
-0.338333
-3.446108
-2.479193
-3.652795
-4.696356
-1.681570
-1.812865
-2.902840
-0.100000
-2.830404
-4.402353
-0.788182
-1.450517
-0.100000
-1.753533
-3.620490
-6.046014
-2.994569
-1.162913
-2.867681
-1.436014
-0.916024
-0.357576
-3.400916
-0.849167
-0.590000
-1.900168
-3.389900
-2.807307
-2.276212
-3.402003
-2.445021
-3.041041
-2.249156
-3.744522
-3.265897
-2.147609
-3.989313
-1.366564
-0.678311
-1.709925
-3.565546
-0.391667
-0.000000
-1.592515
-3.547128
-4.535913
-3.302932
-3.319135
-1.980975
-0.439762
-1.880757
-5.616857
-1.943766
-4.549995
-4.126283
-2.699912
-3.638390
-1.925337
-1.658249
-4.745104
-0.422500
-0.436364
-0.088889
-2.402225
-2.266101
-0.145000
-1.960211
-4.052483
-4.326442
-4.282153
-1.766636
-1.810203
-1.948283
-3.791172
-4.544927
-3.498262
-3.254034
-2.433586
-0.314286
-1.912366
-4.421457
-3.814417
-2.725342
-0.263636
-2.665761
-5.168597
-1.501336
-4.623951
-3.171417
-1.384565
-3.590825
-1.510649
-0.000000
-1.744320
-3.281599
-2.040554
-1.830323
-5.863010
-3.465279
-3.735244
-0.428148
-1.211722
-3.628197
-0.509357
-0.898323
-4.710349
-1.231259
-1.832515
-4.011788
-3.748936
-1.139034
-2.072607
-3.770435
-2.444771
-2.798049
-1.722062
-5.471031
-2.447621
-0.100000
-2.881983
-3.004366
-1.791210
-4.595102
-3.120672
-2.503944
-1.035335
-1.358948
-2.427479
-2.294252
-3.417537
-1.252059
-2.755569
-2.355675
-0.952825
-1.375376
-2.797565
-2.820352
-2.584756
-2.984064
-1.533937
-1.727671
-1.319081
-0.942132
-1.959957
-2.861651
-3.160830
-0.916608
-0.604000
-0.634500
-0.635833
-6.227184
-2.049569
-4.271452
-1.551781
-4.977228
-1.926108
-2.120033
-2.585213
-4.124567
-1.374440
-5.412566
-0.448030
-0.235714
-0.042857
-1.421919
-2.174162
-6.515827
-5.535651
-1.630114
-3.243355
-0.404091
-1.730062
-0.131818
-0.764000
-0.546994
-3.903247
-1.973998
-1.492850
-3.361058
-4.304524
-1.530424
-4.456483
-3.876788
-0.172222
-3.165468
-5.063690
-2.649613
-4.088528
-3.041876
-1.373118
-1.464193
-0.305556
-2.853853
-2.248204
-0.819968
-0.197917
-4.015391
-2.705816
-4.405182
-0.811234
-1.255984
-0.878333
-3.832860
-1.221885
-0.306481
-2.744047
-2.291813
-3.051475
-0.801082
-1.366667
-1.296624
-2.389988
-0.740873
-2.435219
-3.876428
-2.554083
-5.381386
-5.326024
-1.832587
-2.542942
-1.392460
-1.438068
-1.797441
-1.516405
-0.697963
-0.220000
-3.034740
-1.107457
-0.940179
-1.555913
-3.214413
-0.542037
-0.470833
-0.293750
-2.845087
-1.543774
-3.106541
-1.791898
-2.619138
-0.416667
-2.410662
-1.538241
-2.360458
-1.341035
-2.800188
-0.433750
-4.715771
-3.220919
-3.123431
-1.682902
-2.337904
-0.681667
-4.085889
-2.096715
-1.954353
-6.633986
-0.000000
-3.189090
-1.763238
-1.664196
-1.680046
-0.703900
-0.792381
-3.125725
-2.500141
-1.538886
-1.195661
-1.485039
-2.278231
-3.637336
-1.927252
-0.050000
-0.200000
-1.127178
-0.000000
-3.837950
-1.225632
-1.437904
-3.188073
-0.615087
-3.718039
-2.637992
-1.276191
-0.209524
-3.266541
-1.566355
-1.486882
-0.497833
-0.651865
-0.708244
-2.100923
-4.922504
-3.864770
-1.901327
-3.654434
-2.137049
-0.357292
-4.111938
-2.097668
-1.436250
-1.088031
-3.375898
-4.016131
-3.448704
-1.978200
-1.716912
-2.326214
-3.175176
-2.061952
-0.633717
-2.696267
-2.868899
-4.123231
-1.836917
-3.995915
-1.729850
-0.340476
-3.604831
-1.929639
-3.241591
-0.000000
-4.088920
-1.406678
-1.843407
-2.495088
-4.041364
-1.374070
-2.116921
-2.793570
-2.673353
-4.879338
-1.103268
-4.059733
-4.044325
-0.535000
-2.241680
-3.638237
-2.534285
-2.809856
-2.669455
-5.350351
-3.490878
-1.211405
-0.800167
-0.142857
-3.200646
-4.941342
-5.477058
-0.565162
-0.577000
-0.619262
-3.099900
-0.900469
-1.034617
-0.967684
-3.792697
-1.449980
-1.599833
-0.437037
-4.073786
-1.717112
-2.005249
-2.518466
-1.048105
-0.816595
-1.867754
-1.173449
-4.640874
-4.231518
-3.443467
-4.395901
-1.277033
-0.814870
-0.258333
-0.262500
-3.423532
-0.547500
-3.075072
-1.952277
-2.210965
-3.187461
-2.677037
-1.937935
-0.258333
-0.241667
-2.783217
-0.723467
-1.599595
-2.337523
-1.860525
-3.980572
-3.449279
-3.291966
-2.204917
-3.963787
-2.861452
-1.343970
-2.246404
-0.708536
-0.786212
-4.160581
-1.296496
-1.868942
-1.694047
-0.633182
-0.210000
-3.260985
-2.160007
-0.535909
-2.428912
-2.260161
-3.608085
-3.729565
-1.944595
-1.341188
-1.269595
-0.316667
-3.014169
-1.396328
-2.867462
-0.509259
-0.100000
-3.650830
-4.271705
-2.167794
-0.144444
-0.591667
-2.994972
-2.256554
-1.200645
-0.308333
-4.243615
-1.989639
-1.849112
-1.834159
-0.457143
-5.048460
-0.200000
-0.601167
-1.687766
-3.418310
-1.208113
-0.587333
-0.497833
-0.548889
-1.908375
-3.946135
-2.576938
-3.341269
-1.552976
-4.836748
-0.550926
-1.668612
-0.100000
-3.717530
-1.845681
-0.987446
-2.060532
-3.190229
-0.624048
-0.473788
-1.719816
-1.751277
-1.799303
-1.036736
-5.217462
-1.234259
-3.414559
-2.124861
-3.020108
-0.813788
-1.303843
-2.481750
-3.383852
-4.926673
-1.135488
-5.298152
-1.614267
-3.719252
-2.959891
-1.042558
-5.827824
-0.806804
-0.680152
-3.965704
-0.385714
-2.744179
-4.655290
-3.051080
-0.183333
-3.315823
-0.906674
-1.341928
-5.417219
-0.976701
-1.112271
-1.760254
-3.797326
-1.290403
-1.134564
-1.378180
-2.336455
-3.289705
-4.284772
-0.175000
-1.541662
-2.488294
-3.758828
-1.486859
-0.000000
-3.742114
-1.705554
-0.620185
-0.446970
-2.851152
-2.334011
-3.178125
-1.400195
-0.312963
-5.488770
-4.008018
-1.942615
-0.445833
-0.138889
-3.353628
-1.905755
-0.402500
-2.020454
-2.043291
-2.892596
-1.074793
-2.660021
-1.107721
-1.875386
-0.818874
-0.748041
-3.039225
-1.284527
-2.603594
-0.710996
-3.028642
-0.100000
-3.102998
-0.627738
-1.708788
-3.996793
-0.804578
-1.475634
-5.819452
-1.750066
-2.074913
-2.206980
-0.000000
-0.482576
-2.927250
-4.165947
-2.659051
-0.558333
-0.466111
-3.118230
-2.647016
-0.265909
-0.962891
-2.225383
-1.773764
-0.485667
-2.812594
-2.426675
-1.934908
-0.000000
-1.054570
-1.302958
-2.289154
-1.972932
-1.648419
-1.189514
-0.000000
-3.826606
-1.504276
-2.251734
-1.017802
-3.569684
-1.985839
-1.409986
-0.511071
-3.103180
-2.401935
-1.441370
-2.494500
-0.720575
-0.175000
-2.722382
-4.084569
-1.789943
-1.922347
-1.639740
-3.317593
-3.021217
-2.258715
-3.086196
-0.893787
-0.445833
-1.497682
-1.316667
-0.800000
-1.454116
-3.788364
-4.605477
-4.022971
-2.585447
-1.937390
-1.622448
-3.026452
-2.262374
-0.898831
-4.221637
-1.916628
-1.435179
-0.400000
-3.188925
-2.461446
-0.329848
-0.497273
-4.549585
-3.372003
-2.790165
-3.113192
-2.249475
-2.254570
-0.406167
-0.000000
-0.300000
-3.578137
-2.127136
-1.997487
-1.613165
-0.496167
-0.797167
-3.357521
-4.395916
-3.905572
-2.657617
-1.198442
-0.258333
-4.724125
-4.405339
-1.313066
-0.181250
-2.207580
-0.454630
-3.441942
-3.756040
-1.962222
-2.012798
-0.494444
-1.555485
-1.942278
-2.471848
-3.553237
-3.331755
-1.872459
-1.054899
-4.096446
-1.837336
-1.307988
-3.567863
-0.379545
-1.258247
-4.018671
-3.572044
-0.783856
-2.962436
-2.347115
-1.712437
-1.737226
-0.407143
-2.931263
-3.861778
-3.410646
-1.758436
-0.219697
-3.658984
-3.327246
-1.316167
-2.209244
-0.891595
-0.250000
-2.343965
-0.324500
-2.085526
-1.747993
-1.175563
-6.031074
-0.100000
-1.054805
-2.321900
-1.812503
-0.831004
-0.000000
-3.365253
-2.682673
-1.334321
-0.541212
-0.456212
-3.119016
-0.162500
-0.503571
-1.805979
-3.904557
-0.453030
-2.905472
-1.162208
-1.263807
-1.103892
-1.537306
-1.196714
-0.000000
-3.537038
-3.604142
-1.272418
-2.921430
-0.571124
-2.155540
-1.237639
-3.982497
-0.190000
-4.819032
-3.378070
-1.512127
-0.090000
-1.787819
-0.588167
-1.407453
-0.250000
-3.544453
-3.228673
-4.516439
-3.270984
-2.173667
-1.715724
-1.564969
-2.163462
-0.383333
-4.510782
-0.050000
-2.349818
-0.656833
-6.060266
-3.709924
-1.075152
-2.793427
-0.973914
-2.260203
-3.911367
-0.318889
-0.629697
-1.265147
-0.237037
-3.515152
-2.768820
-1.757322
-2.501717
-4.709765
-0.402222
-1.284729
-2.448033
-3.116086
-1.531576
-1.401183
-0.903658
-3.075818
-1.699750
-0.016667
-1.785721
-1.494409
-0.703182
-3.262744
-1.730118
-4.573387
-3.924730
-3.639035
-2.742475
-3.702632
-2.764587
-1.928170
-2.151021
-0.250000
-2.876678
-0.221429
-0.014286
-3.956797
-3.437629
-0.390833
-4.619461
-1.633149
-3.446626
-5.561381
-1.801004
-0.480833
-1.505730
-1.424392
-3.013713
-0.278704
-1.971960
-1.540755
-1.438192
-2.621212
-0.188889
-3.350991
-3.189281
-1.832359
-3.312140
-0.645758
-3.520529
-4.091028
-0.552879
-1.007345
-4.471359
-0.941295
-1.665000
-0.599500
-0.064286
-4.012959
-2.462731
-0.512879
-2.743223
-1.722144
-1.730968
-1.647426
-1.492993
-0.808810
-3.567621
-4.973985
-1.519769
-3.259273
-3.516735
-3.390162
-1.598941
-1.724474
-0.413333
-2.555569
-3.576384
-0.632667
-3.495468
-3.984954
-3.248544
-0.166667
-2.533148
-0.830772
-3.221201
-3.121339
-2.904799
-4.125502
-1.326410
-0.309259
-1.886944
-0.375758
-3.318425
-0.315152
-0.050000
-2.685367
-0.385833
-2.406987
-1.945684
-1.487798
-0.735303
-0.100000
-3.788643
-3.327317
-3.926989
-1.726693
-1.822982
-3.056148
-3.754213
-1.044615
-0.635833
-1.466482
-1.172399
-1.832687
-0.310185
-4.591618
-0.792835
-2.304405
-0.256667
-0.000000
-1.867923
-1.959416
-1.377551
-0.592727
-4.256302
-0.721602
-1.727133
-4.792631
-0.291667
-0.200000
-0.166667
-3.633996
-2.306692
-0.641607
-1.747003
-1.633221
-0.537879
-3.915154
-1.233348
-0.260606
-2.899284
-1.577946
-0.952594
-4.114338
-1.097835
-3.227549
-3.097365
-3.367905
-1.955074
-2.348986
-1.709723
-4.230951
-2.431006
-1.034570
-1.733735
-3.950356
-3.688757
-3.843217
-0.388095
-0.856926
-2.930582
-0.399444
-3.466444
-3.867700
-0.900173
-1.288969
-2.322418
-2.238083
-0.243333
-3.453960
-4.370395
-1.090170
-2.744328
-1.731254
-2.647848
-1.654649
-1.552432
-0.972684
-2.310452
-3.204520
-2.297705
-1.162527
-2.009772
-4.454221
-5.428367
-3.707346
-2.413870
-4.190530
-0.971688
-0.591905
-1.343016
-0.749119
-3.583979
-3.664786
-2.126104
-2.157781
-1.293413
-4.445586
-1.516633
-2.262137
-0.867872
-1.229191
-1.186287
-0.040000
-1.788823
-2.766830
-1.289381
-1.421604
-1.227612
-0.628431
-3.614390
-2.489748
-1.979963
-0.584481
-0.020000
-3.188350
-3.556980
-2.709305
-3.131775
-4.394849
-1.397071
-2.313635
-3.234903
-2.890073
-0.545844
-4.755854
-3.355851
-3.789466
-1.006968
-1.420794
-2.075201
-3.923593
-0.212500
-3.529607
-3.351300
-3.502400
-2.038379
-3.042713
-2.453551
-5.368917
-0.783333
-0.220833
-0.241667
-0.000000
-2.940263
-3.575570
-0.050000
-0.042857
-1.603073
-0.817000
-0.000000
-3.587206
-3.444307
-2.289521
-4.738806
-0.768203
-3.344250
-3.651125
-1.990547
-3.002331
-1.873612
-0.100000
-1.008752
-0.112500
-3.383487
-0.537595
-3.695818
-0.578636
-0.698723
-1.336790
-0.294000
-1.929996
-1.286720
-5.072791
-5.094018
-1.349390
-3.100772
-3.067153
-2.386220
-2.309617
-1.371930
-2.971621
-1.810634
-1.436257
-3.731851
-0.310185
-3.892951
-2.292567
-3.781985
-4.017241
-2.860082
-0.208704
-1.007965
-2.925392
-2.907711
-0.255000
-1.684836
-3.592444
-1.611280
-2.165273
-3.152796
-2.639006
-2.401654
-0.797690
-2.927467
-2.562380
-1.135921
-1.304182
-1.611274
-1.108283
-0.000000
-3.430632
-2.150461
-0.813950
-0.022222
-3.387338
-2.708858
-4.291834
-2.616750
-0.587595
-3.576417
-4.505597
-0.449242
-2.304385
-1.665773
-2.211279
-3.296178
-0.000000
-0.000000
-2.054794
-1.642695
-1.048915
-0.000000
-3.489972
-1.824547
-3.385316
-1.058316
-2.822233
-1.583084
-1.196724
-3.035189
-1.683247
-2.719929
-1.913102
-4.065703
-0.780909
-3.814576
-3.762751
-1.155933
-1.967979
-3.513171
-0.333333
-0.470238
-0.162121
-2.344223
-3.246864
-0.066667
-0.791667
-4.466115
-3.259180
-3.069121
-3.450430
-1.525440
-2.983217
-2.954301
-2.086604
-0.130952
-0.684592
-3.051993
-2.011874
-3.509468
-3.067283
-1.412822
-0.236364
-3.277899
-0.112500
-0.545370
-0.650606
-2.005403
-3.429374
-0.850750
-1.098342
-3.321854
-0.248485
-2.858204
-0.172917
-0.447500
-0.887709
-1.561157
-4.008158
-2.313684
-2.182571
-2.560615
-2.139512
-1.504458
-0.686364
-3.626460
-1.377602
-3.693372
-1.617686
-2.220197
-2.049120
-2.995771
-1.548446
-6.247867
-4.433092
-1.643564
-2.295493
-1.479445
-1.996916
-0.301515
-1.807863
-1.514673
-3.013546
-0.175000
-0.377273
-3.638991
-4.313047
-1.328235
-1.236663
-1.780591
-0.492965
-1.751785
-1.248564
-0.000000
-1.563795
-1.422663
-3.777789
-1.651684
-1.233785
-2.390467
-3.169472
-1.907705
-0.296667
-2.801549
-4.062298
-1.691768
-2.495465
-2.193604
-1.962499
-2.751437
-1.153218
-0.943365
-2.174773
-1.414962
-3.693688
-3.398818
-0.085000
-1.597690
-0.700758
-0.272222
-1.221196
-2.176513
-2.964664
-0.471772
-0.297435
-0.869336
-1.511615
-6.055322
-3.307341
-2.704075
-4.440950
-1.737535
-0.481667
-3.140846
-0.384394
-1.502210
-0.661393
-2.956635
-0.050000
-2.661363
-0.000000
-1.348441
-2.592210
-0.718969
-1.955455
-1.575715
-0.170000
-3.075223
-2.902908
-0.906108
-5.207629
-5.379065
-1.758107
-2.425505
-1.642011
-2.070656
-0.240909
-1.778666
-1.242898
-1.600047
-3.480675
-4.290175
-1.259393
-2.325885
-1.943616
-3.817882
-3.034345
-1.801703
-3.410243
-4.087888
-0.164286
-0.310606
-1.660958
-0.400000
-2.602539
-0.343333
-1.125683
-1.761795
-1.781241
-1.358121
-0.804960
-2.288246
-0.757727
-2.776210
-2.538244
-3.441636
-0.706818
-0.362424
-1.753937
-2.104690
-6.064522
-2.233639
-4.348712
-1.564688
-0.125000
-4.364562
-3.203280
-3.530702
-2.633389
-1.502158
-1.474000
-6.388866
-5.351333
-3.378318
-1.775882
-4.596124
-1.397754
-3.329618
-0.783445
-0.925740
-0.330833
-3.749833
-2.567744
-4.332412
-0.503788
-5.268301
-0.700455
-0.418939
-0.471970
-0.949485
-1.979937
-3.843170
-0.696970
-6.040178
-4.337489
-2.841342
-0.100000
-0.992806
-1.242549
-2.407723
-0.200000
-2.718328
-0.668030
-1.482023
-0.060000
-0.753954
-1.789922
-1.721560
-1.576165
-1.453869
-2.983348
-0.277595
-3.385597
-1.267137
-2.734099
-1.678469
-2.505182
-1.459407
-1.286670
-1.351909
-1.420596
-2.445005
-0.000000
-0.838874
-1.352368
-1.775839
-1.458255
-1.908008
-1.363998
-3.631905
-0.472727
-1.601486
-1.660864
-2.391820
-3.734422
-5.597799
-0.278571
-1.605191
-0.628636
-3.413161
-1.313454
-0.028571
-1.739236
-2.405795
-5.359382
-1.385402
-1.777785
-2.388855
-2.635844
-1.993930
-5.274052
-1.688528
-5.121260
-4.903101
-1.616407
-4.333656
-3.696773
-1.114167
-0.356667
-4.133643
-0.075000
-1.999774
-1.361912
-5.025714
-3.679076
-1.261985
-4.800950
-0.283333
-0.075000
-1.034639
-1.752035
-2.201278
-0.921562
-1.675881
-4.153422
-0.334167
-1.591656
-2.411288
-2.410853
-5.217172
-1.280622
-2.713361
-2.110490
-0.817814
-2.321908
-1.396011
-1.329859
-0.696212
-3.310038
-1.471477
-0.922695
-1.947222
-2.107306
-0.178571
-0.180000
-4.132661
-3.221854
-1.967942
-3.550914
-1.412473
-0.133333
-0.066667
-2.087855
-1.216013
-0.885091
-0.000000
-1.704410
-2.220212
-2.239528
-1.875430
-1.049403
-1.501123
-0.207576
-0.901082
-4.512617
-0.328333
-3.323683
-2.574847
-0.118750
-2.260753
-1.958647
-3.741878
-2.887226
-2.089872
-1.926078
-2.151921
-1.605425
-2.491605
-1.528832
-1.068250
-0.200000
-1.520798
-3.024283
-3.153532
-5.157366
-0.440455
-0.298333
-0.829365
-1.224607
-1.428586
-2.974303
-0.671364
-2.347371
-5.354282
-3.273244
-1.467105
-2.589431
-0.262121
-1.747231
-0.926688
-4.028762
-0.140000
-1.815162
-5.587967
-1.397797
-2.063526
-2.644848
-1.593605
-3.115549
-2.279607
-4.034641
-0.973420
-4.310072
-0.315909
-2.728158
-1.202934
-1.779480
-4.768844
-5.718618
-1.064848
-1.652503
-0.157143
-3.820161
-3.358590
-1.771001
-1.686491
-3.266727
-0.358636
-1.503748
-4.123161
-3.388970
-1.616080
-2.861851
-1.424802
-2.629423
-2.782204
-1.207760
-0.250000
-1.432706
-4.203120
-6.140132
-2.126793
-1.939555
-1.939703
-2.284718
-0.333333
-3.596706
-2.984969
-2.052838
-4.590615
-0.105556
-2.317894
-1.795951
-0.258333
-4.933648
-0.959210
-1.313304
-0.759120
-0.340000
-3.485272
-2.258640
-0.952821
-0.266667
-4.039635
-1.972728
-2.239669
-3.392274
-3.903027
-4.324314
-3.956594
-2.317971
-3.725543
-2.035644
-3.795221
-2.280529
-2.673698
-4.542174
-0.850857
-1.440844
-3.621383
-3.552393
-1.426046
-1.843608
-2.550867
-1.223939
-0.565223
-0.125000
-3.113107
-2.914267
-1.227612
-5.374058
-4.005833
-3.100674
-3.830978
-2.935835
-0.905302
-2.265308
-1.832628
-5.108072
-0.154167
-0.311111
-3.726360
-3.401897
-3.077254
-2.188333
-4.541771
-3.128114
-2.532218
-5.778169
-1.320490
-1.986741
-0.940693
-2.555141
-4.394051
-0.822511
-3.323410
-0.689982
-0.340152
-2.762958
-1.961634
-0.941764
-4.759516
-0.411111
-4.675620
-2.973652
-4.209821
-1.202762
-0.335714
-2.240435
-0.677359
-1.067750
-2.591188
-5.143496
-1.784621
-3.942167
-3.169466
-2.127296
-2.416558
-1.679874
-4.833808
-2.586564
-2.341619
-2.169048
-2.352038
-0.100000
-1.718314
-2.399430
-1.817907
-1.742041
-1.179341
-0.778723
-3.188606
-2.104807
-2.062402
-0.250000
-1.269431
-6.404449
-2.879854
-1.971154
-1.768733
-2.752908
-1.200342
-2.198132
-2.040097
-1.535702
-4.530678
-1.274643
-1.851120
-3.064044
-1.619622
-0.957872
-2.308546
-1.873307
-1.894082
-1.218933
-0.789784
-3.246608
-3.402488
-4.691004
-1.904725
-3.142730
-2.012358
-5.560298
-4.131404
-4.159005
-3.328708
-2.763489
-5.020592
-0.105556
-0.955955
-3.750730
-1.272577
-1.851946
-0.437424
-3.042375
-0.397273
-0.204167
-1.440794
-4.547586
-4.054255
-3.938438
-2.954258
-2.683289
-1.828841
-2.466677
-2.020695
-2.844652
-2.783505
-4.190092
-2.954277
-3.234029
-4.666389
-1.552321
-0.408810
-3.222554
-3.354911
-3.905241
-5.265381
-0.626167
-1.811110
-3.537007
-1.434123
-0.981169
-1.564766
-4.674680
-3.744045
-4.177904
-2.793351
-0.483333
-3.730777
-4.140248
-0.673125
-1.000543
-0.804102
-3.926522
-3.362659
-3.688887
-1.146900
-0.399545
-0.417424
-0.445833
-0.251042
-3.556438
-2.586788
-3.848178
-2.428796
-1.499139
-2.312990
-0.688639
-4.486606
-2.559510
-3.738074
-2.180091
-3.681490
-0.200000
-0.050000
-2.162936
-5.600284
-1.162897
-0.185000
-4.735776
-1.632121
-0.220370
-3.973160
-2.497289
-3.577137
-2.447783
-3.327739
-5.449927
-0.235714
-2.795075
-0.825779
-3.888255
-0.738333
-2.106432
-3.588391
-2.360997
-2.890326
-3.190395
-4.384044
-1.367112
-2.753393
-2.098707
-2.803755
-1.337957
-2.982034
-2.699706
-1.643468
-1.823023
-1.748768
-3.251805
-1.001771
-0.697814
-4.177310
-1.159159
-3.622462
-2.085847
-3.974144
-2.594715
-2.226614
-2.447797
-1.579797
-4.002998
-4.826994
-3.241703
-2.903719
-2.442941
-2.636007
-0.386111
-1.989297
-1.275458
-0.000000
-3.195719
-1.897336
-2.741665
-2.753705
-3.382378
-2.290309
-3.673915
-4.105759
-2.695533
-4.352261
-1.482539
-2.845511
-0.230303
-1.129083
-0.078571
-3.628440
-3.710010
-0.228788
-2.368390
-1.134087
-1.679282
-0.688762
-3.631924
-3.669264
-3.091266
-1.357954
-2.729692
-0.209524
-3.278553
-0.654595
-1.069889
-3.285396
-3.779029
-3.440207
-0.966806
-2.413637
-3.153436
-3.953772
-2.379954
-0.143750
-3.086962
-2.856959
-0.577000
-2.527556
-4.012118
-2.018393
-0.523667
-3.616651
-3.084737
-2.942594
-1.912034
-0.566212
-1.282829
-3.201216
-2.989731
-0.237500
-1.281415
-0.105556
-2.396956
-0.949300
-4.117678
-3.251433
-2.429726
-2.333850
-3.313948
-3.805874
-3.905362
-3.481338
-1.455312
-2.374830
-1.141158
-2.889066
-1.350607
-3.610221
-4.020965
-2.794276
-3.913972
-4.172323
-1.907410
-2.073145
-4.329999
-2.248905
-1.611604
-5.738669
-1.946898
-2.262296
-3.376198
-2.001152
-0.409167
-2.308475
-2.911558
-3.503002
-3.360407
-2.355975
-0.175000
-3.590056
-4.421004
-1.149159
-1.743544
-2.893390
-3.499566
-0.921176
-0.250000
-0.200000
-2.529432
-3.791632
-2.129579
-2.971852
-0.281818
-5.714862
-0.150000
-0.050000
-1.537073
-4.048897
-0.390000
-3.011833
-0.080000
-1.358064
-0.800465
-3.631670
-2.173492
-1.267442
-0.142857
-3.676747
-2.374808
-3.023906
-1.598368
-1.465424
-2.175274
-2.302020
-1.674147
-0.848669
