-3.699486
-3.836372
-2.770862
-2.972884
-4.686196
-3.950875
-0.521065
-0.680000
-1.831857
-0.562361
-1.724392
-0.758690
-0.746158
-0.643347
-0.588636
-3.388388
-0.075000
-3.669425
-3.504345
-3.788786
-3.246507
-3.234088
-2.889706
-3.209290
-1.690755
-1.227692
-0.427778
-0.604051
-5.648023
-4.308536
-1.529056
-0.165000
-3.704576
-0.226852
-0.158333
-1.130486
-2.672961
-0.755000
-0.508102
-0.158333
-4.040832
-3.503209
-3.277939
-3.441504
-1.842860
-1.837105
-2.556884
-1.921524
-1.715726
-0.253030
-1.924583
-3.853806
-0.154514
-0.220833
-1.961716
-0.150000
-0.396465
-0.822917
-0.053030
-4.116945
-4.122658
-0.439394
-0.213194
-1.163509
-0.243056
-0.050000
-3.787666
-3.810991
-2.644526
-4.028111
-2.641415
-0.254630
-3.749748
-1.729046
-2.531795
-0.586806
-5.708096
-0.036458
-3.333808
-3.684697
-0.721892
-4.894540
-4.468980
-4.460953
-5.155016
-4.199867
-0.717336
-0.669242
-0.055556
-2.017476
-3.379672
-3.249500
-2.353846
-0.700139
-1.842532
-0.025000
-3.517691
-2.377702
-1.469190
-0.473333
-2.898740
-0.954941
-1.238711
-2.472766
-2.350942
-1.626322
-0.082176
-4.500220
-0.244048
-1.409942
-0.166667
-3.281144
-3.276677
-3.437271
-2.354833
-1.675502
-1.856469
-3.755719
-2.490090
-1.788861
-1.443687
-0.040000
-1.098647
-3.988444
-3.511982
-0.335000
-0.233586
-4.336482
-3.907211
-0.391515
-1.628306
-0.170000
-3.114046
-2.453574
-3.266283
-1.292981
-1.849144
-2.952658
-2.091058
-0.306944
-1.110532
-0.293056
-4.018642
-5.707154
-0.603277
-1.147097
-0.208333
-3.594791
-3.326058
-3.128610
-2.544241
-2.437884
-1.968204
-2.151367
-3.422840
-4.388140
-1.569754
-1.710222
-0.771571
-0.133333
-3.794011
-3.082508
-3.037070
-0.917884
-1.343680
-1.955296
-1.590086
-0.360833
-2.133843
-0.090000
-3.412600
-3.904699
-2.223103
-0.627361
-4.913786
-0.125000
-3.189177
-3.309036
-2.854773
-2.536988
-0.926382
-2.302806
-3.605285
-1.318093
-0.351389
-2.769869
-3.031012
-2.526878
-0.188333
-0.166667
-0.206667
-2.669924
-1.072003
-0.229167
-1.873930
-2.403316
-0.381061
-0.383838
-1.090724
-0.123457
-0.406944
-3.050873
-2.829224
-1.883822
-1.278867
-1.736582
-2.239303
-2.577009
-1.568389
-1.349517
-0.285694
-2.061805
-0.128571
-3.740997
-1.392394
-0.421429
-0.000000
-3.438363
-3.926158
-2.672213
-0.752517
-0.983300
-2.724999
-4.388833
-2.006858
-4.890443
-1.517319
-0.100926
-1.008430
-0.233333
-0.426736
-2.399595
-0.310957
-4.198389
-3.810815
-1.285275
-0.369697
-2.226847
-4.458257
-0.577399
-2.238040
-2.267703
-0.438889
-1.188033
-0.201515
-1.241108
-0.087500
-1.593783
-3.773675
-3.315836
-4.436179
-1.006953
-1.458378
-4.695697
-1.449034
-0.577356
-2.241851
-1.026681
-0.244697
-0.958508
-5.080370
-2.638247
-3.836558
-0.083333
-4.061272
-3.285624
-1.617830
-0.450000
-2.463387
-4.343274
-4.202821
-2.174855
-0.745089
-0.501746
-0.922390
-1.569876
-1.135262
-3.686585
-3.373700
-2.488785
-1.662115
-4.410690
-2.597495
-1.000509
-2.902894
-0.788496
-4.263260
-3.770727
-3.909657
-0.760010
-1.716228
-0.081818
-3.125825
-3.888726
-2.429635
-0.468333
-3.504993
-4.063454
-1.926506
-0.332576
-3.702143
-0.200000
-0.131944
-4.080384
-0.951365
-0.450833
-0.083333
-4.006697
-3.316923
-3.037006
-2.441415
-0.489167
-1.882018
-2.633085
-0.599369
-4.097854
-0.584144
-0.485333
-0.773333
-1.299373
-0.231481
-1.596323
-2.536820
-2.791677
-3.067957
-2.737565
-1.828811
-2.251345
-1.410841
-1.205191
-4.011382
-1.097230
-4.472105
-0.336458
-1.692370
-2.592635
-3.005676
-3.559979
-2.163084
-3.743357
-3.849707
-4.397322
-0.100000
-1.748821
-2.205232
-4.005186
-3.171109
-1.329857
-0.548552
-2.548397
-0.390152
-2.340131
-1.406529
-3.945920
-0.329167
-1.581844
-2.715366
-2.861841
-4.173839
-1.228630
-0.770284
-1.261601
-2.982605
-1.916421
-0.989552
-2.505736
-2.264916
-0.344524
-1.215148
-2.509628
-4.168973
-3.243914
-1.298557
-3.137566
-2.653879
-0.719074
-2.205391
-1.539399
-0.823268
-2.434784
-4.667267
-1.330816
-0.344697
-2.153829
-4.516805
-2.755525
-4.671861
-0.289500
-1.684726
-3.911761
-1.596537
-4.087635
-0.945890
-4.647261
-0.438182
-1.365380
-2.413654
-2.783113
-2.147167
-1.987806
-1.498243
-1.756400
-0.815225
-0.540844
-0.457576
-5.227816
-0.443519
-1.549185
-2.522576
-2.421781
-2.905978
-2.020744
-3.157076
-1.474264
-0.812603
-2.084891
-0.245833
-1.834325
-2.090571
-2.948890
-4.252593
-1.028932
-1.102900
-1.550905
-1.139554
-1.254176
-2.502405
-4.836057
-1.147672
-0.357292
-1.253790
-1.045881
-1.866802
-0.320370
-1.750847
-2.403865
-2.179247
-3.123024
-2.749663
-3.782702
-3.632621
-0.342857
-2.459454
-2.320798
-0.292037
-3.159308
-1.883140
-2.259611
-3.320258
-0.157143
-5.940876
-0.807222
-0.523194
-0.656061
-1.879809
-2.361079
-2.596932
-3.084319
-3.496250
-1.129423
-3.389034
-2.230581
-1.621988
-0.677371
-2.956684
-6.512242
-1.175189
-1.696553
-2.286812
-1.388127
-2.215590
-1.342814
-0.851842
-0.867471
-3.971566
-0.714203
-3.140339
-0.285417
-1.822660
-2.141484
-4.097295
-2.888497
-1.154311
-1.380046
-3.578793
-0.678355
-2.245831
-0.100000
-1.422470
-2.485080
-2.351153
-2.547006
-0.847537
-2.531393
-5.053096
-4.239580
-3.595919
-0.161905
-0.715000
-2.083521
-3.577685
-3.162007
-1.028612
-0.310417
-3.524375
-2.713298
-1.839868
-1.983380
-4.152049
-0.319048
-1.841835
-2.166843
-2.842071
-1.327346
-3.394503
-0.658194
-2.338105
-0.702728
-1.875873
-3.844341
-1.001944
-1.022540
-1.451651
-0.320833
-1.714092
-2.476270
-2.489256
-3.745772
-1.617736
-0.393939
-3.477582
-0.880278
-0.928095
-1.579700
-2.237632
-0.160000
-2.081328
-2.091288
-0.647576
-2.245593
-0.843333
-2.333577
-1.363079
-2.610657
-0.646667
-3.567886
-1.171477
-0.917927
-0.257576
-1.782869
-2.334108
-2.887373
-2.402706
-5.040455
-2.840812
-2.045726
-2.562003
-1.098994
-5.402749
-4.647542
-5.097912
-0.618889
-3.804236
-0.362500
-0.470000
-3.357681
-2.368711
-1.356219
-1.317848
-0.325000
-1.361424
-2.143901
-1.660397
-3.585654
-0.438889
-3.543413
-0.662778
-0.942856
-0.212500
-1.195275
-2.330566
-3.133076
-1.738078
-2.239153
-2.507803
-1.639460
-0.090909
-2.116502
-1.689274
-2.297852
-1.964932
-0.394792
-2.488959
-0.607943
-0.741071
-4.932355
-2.149729
-6.076092
-0.335000
-1.532110
-1.322698
-1.867208
-2.786047
-2.523231
-4.140551
-2.563537
-0.807917
-3.824211
-0.721310
-0.395833
-2.217869
-2.542065
-1.275307
-1.919359
-0.707908
-2.913842
-2.652937
-0.680000
-1.229291
-0.752587
-3.201178
-1.294463
-4.735189
-3.015648
-1.739617
-1.581384
-1.256441
-0.910631
-3.879207
-0.309494
-1.558796
-4.299108
-4.081320
-2.599123
-3.586695
-2.698088
-5.809995
-5.385752
-1.224059
-6.670619
-0.769315
-1.761058
-2.018962
-1.428689
-1.616064
-2.332658
-3.666140
-1.705597
-0.692917
-1.011197
-2.761850
-2.214765
-0.555152
-1.833455
-0.266667
-1.548804
-2.552511
-3.325352
-2.437743
-3.409740
-2.218718
-0.520455
-3.344314
-1.882453
-2.531709
-0.340741
-3.359090
-1.007182
-2.676792
-1.611089
-1.656832
-3.169519
-1.841451
-0.477778
-1.037296
-0.175000
-2.128739
-1.464615
-3.185833
-0.247222
-4.392740
-0.281250
-1.821046
-2.580279
-3.191854
-1.951875
-1.418521
-1.195007
-8.259853
-0.538636
-2.027982
-0.347222
-1.981619
-2.606638
-2.904963
-2.902327
-4.207210
-0.660694
-2.333142
-0.594306
-1.173582
-1.434838
-0.693095
-2.037128
-0.519365
-0.939990
-1.898256
-0.187500
-3.925559
-3.765949
-2.770846
-1.054878
-0.451852
-2.955677
-2.554021
-2.771268
-0.406944
-0.150000
-0.763333
-0.083333
-2.298622
-2.437785
-1.545244
-1.050827
-1.500437
-1.279292
-0.619306
-0.000000
-1.630351
-2.608042
-2.730315
-2.383270
-2.449776
-1.590564
-1.196118
-0.791601
-1.126254
-0.916027
-1.452627
-1.164663
-2.977792
-2.528839
-0.699481
-2.270862
-0.996215
-2.156469
-0.773562
-1.851124
-2.537775
-1.379123
-3.002708
-5.044877
-2.183862
-1.520665
-1.900997
-0.188056
-1.630372
-2.150094
-2.870066
-1.338591
-0.000000
-0.980017
-0.568829
-0.000000
-1.818709
-2.118041
-3.260115
-1.996130
-3.141181
-1.668592
-1.181329
-2.093148
-1.984939
-4.270830
-0.266667
-1.784534
-2.423497
-2.630150
-2.510079
-2.823016
-1.627575
-0.996229
-4.667059
-0.266667
-1.796916
-3.442915
-3.334368
-1.959127
-3.542099
-0.903664
-1.551807
-0.706339
-1.175432
-0.882040
-1.020425
-1.469991
-0.579722
-2.387913
-1.121803
-1.793987
-3.425973
-0.192857
-2.800279
-0.245833
-1.487236
-2.581246
-3.163855
-0.687536
-0.981486
-0.753160
-0.787244
-4.575526
-1.415894
-3.652748
-6.084590
-5.922767
-3.642056
-2.778050
-4.709967
-5.292918
-3.355609
-2.844912
-1.058344
-3.420822
-2.557750
-4.374719
-3.415050
-2.028389
-0.499091
-3.877407
-3.439892
-4.271671
-0.384722
-1.301302
-1.807875
-4.369564
-1.051805
-0.622500
-2.338864
-1.451599
-0.694861
-1.410561
-0.334259
-0.831617
-1.302013
-0.681617
-0.513095
-4.953516
-1.425083
-0.410556
-2.523652
-2.248595
-3.840568
-3.673138
-1.782107
-2.993968
-0.300000
-0.075000
-2.438757
-2.492152
-2.072417
-2.027876
-2.467631
-3.273061
-3.415521
-0.729167
-0.350000
-1.097828
-0.760635
-2.619695
-2.388453
-0.461667
-3.068988
-0.272222
-1.551133
-2.757824
-2.850357
-1.591046
-2.591105
-1.072626
-1.058559
-2.453013
-0.733333
-1.789459
-2.522360
-3.309308
-0.747976
-2.756395
-0.584583
-0.807832
-2.091554
-1.471270
-0.391667
-3.593385
-0.822798
-1.977867
-0.560185
-2.153468
-0.316042
-1.625167
-3.682942
-2.643138
-2.194590
-0.971412
-0.689074
-1.889354
-0.798019
-0.786829
-0.497778
-2.278992
-2.899593
-2.067785
-0.523333
-0.000000
-2.777108
-0.546806
-0.360185
-2.248180
-3.159443
-3.082911
-2.642499
-0.517639
-2.179627
-1.588923
-4.208489
-0.350000
-4.895956
-1.722563
-3.065595
-3.528977
-1.515888
-0.984415
-6.303053
-0.898543
-0.488552
-0.027273
-3.145880
-4.401029
-2.442463
-3.206063
-4.633662
-3.258969
-0.830698
-0.040000
-2.410623
-0.650865
-1.738640
-0.417500
-3.767258
-0.980602
-0.914405
-0.066667
-3.198076
-3.527807
-2.875808
-0.269444
-1.417378
-1.913723
-0.936698
-0.472222
-2.268522
-2.244570
-3.164730
-0.831905
-4.242841
-0.040000
-4.262913
-3.408391
-1.575737
-0.322778
-0.935379
-1.654479
-3.931565
-0.060000
-4.020439
-0.150000
-4.466885
-0.025000
-3.070071
-4.046091
-3.394381
-2.503553
-1.601634
-0.063636
-1.638403
-0.025000
-2.822584
-0.703135
-0.140278
-2.451290
-0.009091
-1.414462
-0.822057
-0.031818
-0.400000
-0.016667
-1.847145
-0.020000
-2.468510
-0.898863
-0.130000
-1.944821
-0.022222
-2.970677
-1.495089
-0.050000
-0.813492
-1.125827
-0.000000
-1.533153
-3.067939
-3.597165
-0.830149
-0.713472
-2.798589
-3.724051
-1.474188
-3.338377
-1.258903
-0.422727
-0.075000
-3.134930
-1.840964
-1.007798
-0.439583
-3.401658
-1.157759
-1.381570
-4.435753
-2.482802
-3.096974
-0.111111
-0.639833
-2.199690
-0.507667
-0.670278
-0.837456
-0.225000
-3.857807
-3.592253
-1.212563
-2.021351
-1.566475
-1.796473
-0.018182
-1.453493
-0.113636
-0.899663
-0.044444
-3.075542
-1.073776
-2.549313
-1.876512
-1.019862
-0.120833
-1.223892
-1.311428
-1.366987
-1.780998
-4.030271
-1.064243
-0.183333
-1.430356
-0.100000
-1.327186
-2.268999
-2.906252
-1.410775
-0.045455
-1.068853
-0.008333
-1.026292
-0.010000
-1.623942
-3.044583
-0.000000
-0.025000
-4.382325
-0.824540
-0.040000
-1.413726
-0.100000
-0.790325
-1.462909
-3.363097
-1.376294
-5.249698
-0.958360
-1.861379
-0.000000
-1.678478
-1.523156
-4.280118
-1.673531
-0.947648
-2.572813
-1.024805
-0.120833
-0.095833
-1.749355
-1.111190
-0.091667
-1.797188
-0.125000
-3.551100
-0.516667
-0.313889
-0.320000
-1.181957
-2.073649
-0.100000
-1.967931
-3.280186
-1.933119
-1.547180
-0.472778
-0.215278
-5.428903
-1.017409
-0.322917
-2.975582
-5.131535
-5.017861
-5.514263
-0.000000
-3.400394
-4.183946
-3.626369
-2.337018
-2.967283
-5.400362
-0.926660
-1.508592
-0.133333
-4.185506
-3.515064
-2.796286
-1.213082
-2.674933
-0.836794
-1.256676
-1.089259
-1.744893
-3.634879
-3.089328
-2.423478
-1.577699
-0.236111
-2.233337
-0.286667
-4.917098
-0.000000
-2.579425
-2.569208
-1.928164
-0.976446
-2.097343
-2.769207
-0.916372
-1.117299
-1.891472
-3.232456
-2.887858
-0.272727
-0.190476
-0.481250
-4.970205
-4.485569
-4.584278
-0.928889
-1.779080
-0.302083
-4.065019
-3.372363
-2.487621
-1.529730
-1.565860
-3.255048
-1.159087
-3.535814
-3.383417
-3.299219
-4.171542
-5.512066
-4.264533
-2.832002
-1.198530
-1.389660
-0.336167
-0.259028
-1.118350
-4.795113
-2.000253
-0.085000
-0.692520
-2.138612
-0.525000
-3.897480
-3.025774
-1.430513
-0.559091
-3.582935
-1.261635
-0.332576
-3.191379
-2.366311
-2.892677
-1.622214
-1.110022
-1.871539
-0.155000
-1.190231
-0.311806
-2.648185
-0.247222
-2.661800
-3.822136
-3.867098
-0.340741
-0.297778
-0.160000
-3.887982
-3.737565
-3.387729
-1.333935
-1.495568
-3.703206
-2.564974
-1.388299
-1.160981
-0.225000
-0.456088
-0.305556
-0.208333
-5.915482
-0.206667
-2.494976
-3.082306
-1.368474
-1.339124
-3.125796
-1.198290
-0.345000
-3.010873
-2.490095
-0.131250
-1.448901
-1.385779
-1.649860
-1.192797
-1.745496
-0.100000
-2.314773
-0.300000
-3.058383
-4.080445
-2.225106
-0.806472
-2.014593
-1.827473
-2.793055
-3.968944
-6.485132
-2.190762
-0.431905
-2.189979
-0.183333
-3.673053
-3.421540
-2.548464
-1.441695
-2.051050
-0.416667
-1.180112
-2.622741
-2.661462
-0.270000
-4.478813
-1.889314
-0.185714
-1.211291
-0.277778
-4.152763
-1.881921
-0.602639
-4.281463
-2.038139
-0.630556
-4.244736
-5.122394
-0.911940
-2.520629
-1.183696
-5.148755
-3.889809
-3.024753
-2.493879
-1.642983
-4.252890
-3.884098
-0.179167
-2.406729
-0.708750
-0.351389
-0.000000
-2.286740
-2.326762
-2.521299
-3.834684
-1.521522
-5.023604
-1.374330
-2.236416
-0.000000
-3.354581
-3.463129
-2.731744
-3.613741
-4.103362
-3.629333
-1.338112
-2.533746
-4.300381
-2.908186
-4.487218
-3.742354
-1.975881
-0.880575
-0.624848
-3.104195
-0.939256
-0.100000
-3.732039
-3.477244
-5.018952
-2.136613
-4.291464
-3.307511
-3.399872
-2.877830
-1.396840
-1.537228
-4.742404
-1.485924
-0.461111
-1.913701
-0.122619
-1.000000
-3.747476
-3.026594
-3.382783
-3.968142
-4.348579
-1.086396
-2.373981
-3.166341
-4.786399
-1.675613
-1.610135
-3.929901
-2.534959
-2.694427
-3.682191
-2.403550
-3.092987
-0.218182
-1.901805
-1.683727
-1.697344
-3.479380
-0.352361
-3.023300
-0.484848
-2.848531
-0.100000
-2.191649
-2.632611
-1.752447
-1.565320
-1.658852
-0.775179
-0.033333
-3.075139
-1.856125
-0.044444
-1.962701
-0.000000
-2.782080
-0.504861
-0.127778
-1.176530
-3.166315
-1.861811
-0.896783
-2.393184
-1.940874
-0.198611
-2.270132
-3.109798
-1.035473
-2.214120
-1.252421
-0.169444
-0.669289
-0.118750
-1.721404
-0.208333
-1.831040
-0.033333
-0.947488
-3.930883
-0.254167
-0.122222
-0.712149
-0.057143
-1.394579
-0.062500
-0.250000
-0.040000
-1.829869
-1.958908
-1.733825
-1.512669
-1.415609
-1.074306
-0.814524
-0.000000
-2.113017
-1.389886
-3.775050
-4.683247
-0.638647
-1.127615
-1.358547
-0.322222
-2.382645
-3.328207
-0.020000
-5.475231
-0.730303
-1.179041
-0.075000
-2.068701
-2.628041
-3.582059
-2.552245
-4.187640
-0.420833
-3.377336
-1.990175
-0.561212
-3.794346
-1.551821
-4.037928
-0.044444
-1.807071
-3.410894
-2.381311
-3.117933
-2.247605
-3.920956
-0.222222
-5.650663
-1.299294
-1.889335
-2.952926
-3.915833
-3.895264
-0.754583
-7.708209
-0.577273
-2.855868
-3.174653
-1.901794
-3.975331
-1.106146
-2.506881
-1.336202
-3.440879
-1.032905
-0.022222
-1.845477
-0.227273
-5.821480
-4.202291
-3.358702
-0.930308
-0.301852
-0.877371
-1.577585
-0.000000
-1.467103
-4.095702
-2.265053
-3.352532
-1.286854
-2.902135
-2.093372
-0.600000
-4.322419
-0.660139
-0.923730
-0.581905
-1.640232
-2.925288
-1.860175
-3.242079
-1.392040
-3.538643
-2.338424
-3.898231
-2.414501
-4.447665
-0.749762
-3.317011
-2.156502
-6.240271
-0.259259
-1.832802
-1.775032
-1.773757
-3.722690
-2.777242
-3.749779
-1.496877
-0.125000
-1.642013
-0.351515
-3.858935
-3.904312
-0.095000
-4.128055
-3.835322
-3.288725
-1.575677
-4.114178
-2.642743
-2.225422
-2.159210
-0.350000
-0.250000
-3.686327
-2.536469
-0.308333
-0.250000
-3.728099
-4.770233
-0.411190
-1.785742
-2.627577
-1.158898
-1.277834
-1.136555
-1.001961
-2.223284
-0.871216
-0.358333
-0.870982
-0.106250
-0.797771
-0.683790
-1.605781
-0.895931
-0.000000
-1.259229
-1.161429
-0.000000
-4.013581
-4.028898
-3.232914
-2.176671
-1.319143
-2.756291
-2.071905
-3.395455
-2.231498
-3.617149
-2.574508
-0.409722
-1.325224
-0.758333
-0.805380
-0.504861
-3.456659
-2.054982
-1.903641
-0.578056
-3.408425
-2.207362
-1.888164
-2.324918
-2.770253
-1.976495
-2.062839
-2.847035
-1.764525
-0.961849
-0.791111
-4.213092
-3.908491
-2.525311
-3.722106
-2.763053
-2.636565
-3.298688
-3.010748
-1.928321
-2.521130
-2.648552
-0.653333
-0.721673
-2.132087
-0.225000
-3.571304
-2.490768
-2.632692
-3.323036
-2.134996
-2.599161
-3.376313
-3.061180
-4.001101
-2.644008
-0.114286
-6.065023
-3.667993
-3.424627
-3.601563
-3.593282
-0.873439
-2.254976
-4.055245
-3.514319
-0.680541
-3.497484
-0.112500
-4.266498
-4.054474
-3.661928
-3.439055
-2.378948
-3.154220
-1.642043
-2.903692
-0.200000
-3.187870
-1.910139
-2.659412
-0.539028
-0.231250
-0.198148
-2.262958
-3.994152
-5.364857
-3.089199
-3.357191
-0.994207
-0.425000
-1.264068
-3.550416
-1.294518
-3.337146
-1.413273
-4.390933
-2.857308
-3.035852
-0.799507
-4.326675
-3.250927
-5.076413
-4.055655
-0.461667
-1.754053
-1.116365
-0.171429
-0.905996
-1.872286
-1.294157
-2.245435
-1.903866
-1.464938
-3.689324
-2.011664
-1.772327
-0.688142
-0.200000
-0.000000
-3.892756
-3.608868
-2.790484
-2.021064
-1.916516
-1.430937
-3.094720
-3.430638
-1.722904
-1.401032
-1.917860
-3.408824
-4.732357
-4.464133
-3.537104
-0.484901
-2.262988
-4.066084
-3.759577
-1.242846
-2.923873
-2.210312
-0.266667
-1.228576
-0.293611
-1.404716
-0.940824
-0.838853
-0.832345
-1.702129
-1.979244
-1.576091
-1.379882
-0.959326
-0.621389
-0.000000
-4.651902
-4.014860
-4.123406
-4.443884
-2.225032
-4.343563
-3.295752
-1.614459
-3.095101
-0.760390
-1.903341
-1.919070
-0.768829
-0.707083
-2.722402
-1.906883
-2.111513
-2.152599
-0.523194
-4.508919
-0.743487
-0.752173
-1.831515
-0.544815
-0.983333
-1.204379
-2.012469
-1.013535
-1.840854
-1.434559
-1.651941
-1.633126
-1.490738
-0.955102
-0.822510
-0.000000
-3.660164
-3.717720
-2.697752
-4.292536
-2.801572
-2.901489
-1.398087
-0.593750
-2.227033
-3.991152
-2.422953
-2.074947
-3.965812
-3.939292
-1.372994
-3.918680
-1.544944
-3.083322
-2.689646
-0.800000
-0.436167
-1.126978
-0.865595
-3.734028
-2.840829
-0.451667
-1.847616
-1.175007
-1.762029
-0.806617
-1.829390
-0.238889
-3.747179
-3.010175
-2.603727
-3.165910
-2.135610
-1.694105
-0.521167
-1.857231
-0.200000
-1.982531
-1.087219
-3.476103
-1.637310
-4.069723
-5.731048
-2.357739
-4.198619
-4.885745
-2.436320
-3.140735
-2.688814
-2.072459
-1.034906
-3.165974
-1.112465
-4.759270
-1.268479
-1.293832
-1.325194
-0.245833
-0.637996
-2.342288
-1.644078
-2.419235
-1.232060
-1.578787
-2.384974
-1.574685
-2.784850
-1.934008
-0.425000
-1.245000
-0.961714
-0.963770
-1.775857
-2.597313
-0.810010
-2.986494
-0.000000
-3.133969
-3.780785
-1.691095
-1.947249
-2.333793
-1.479712
-4.498188
-4.842327
-1.078641
-1.186416
-0.396677
-2.421666
-3.199796
-2.480886
-2.192494
-1.290572
-1.271731
-4.089038
-0.310833
-0.790357
-0.416250
-1.930803
-0.212500
-3.143640
-2.868514
-3.018642
-3.080211
-2.243697
-1.248197
-0.888274
-0.248333
-1.978961
-0.230000
-1.292350
-0.759524
-1.203148
-4.057917
-2.135981
-2.211742
-0.000000
-3.560580
-0.063636
-3.200070
-3.705569
-3.635546
-2.202889
-3.631772
-1.808181
-4.212938
-4.486394
-0.627946
-0.181944
-4.391033
-0.016667
-2.830270
-2.544575
-3.825226
-2.675605
-1.813655
-4.044005
-1.038424
-0.366970
-2.322779
-0.133333
-2.159837
-0.883333
-2.612948
-0.100000
-0.200000
-2.541810
-0.100000
-3.821808
-3.219479
-3.056790
-1.925902
-2.211467
-3.978368
-1.372869
-0.813794
-3.742775
-0.954279
-0.745238
-0.885807
-1.033496
-0.250000
-0.286364
-0.904484
-0.277778
-0.910923
-2.271447
-2.323787
-0.595333
-2.965451
-2.337605
-1.031703
-1.874464
-2.870493
-2.364601
-1.583610
-1.816547
-1.027122
-1.706840
-1.605100
-1.421728
-1.034606
-0.775992
-0.000000
-3.455012
-3.397882
-2.062475
-3.863943
-1.368327
-0.537511
-2.770976
-2.023505
-0.882705
-0.705357
-0.183333
-2.824348
-2.515981
-0.860182
-4.654970
-0.088889
-1.777681
-3.237953
-2.588471
-2.155090
-0.689167
-1.609865
-3.725258
-1.386641
-0.283333
-0.532917
-0.345000
-0.180303
-3.178938
-2.644361
-3.365497
-2.369272
-1.986331
-2.243750
-0.713167
-0.439167
-1.886265
-2.582016
-0.121429
-0.143750
-2.630873
-0.050000
-0.608968
-0.754663
-0.631389
-4.849705
-3.373034
-3.639627
-2.360321
-3.704964
-0.500972
-1.118432
-0.014286
-3.953644
-4.160262
-1.466140
-1.070873
-1.085370
-2.291506
-1.432203
-0.353030
-1.257903
-1.677931
-2.973776
-0.193750
-1.926505
-3.737301
-3.834085
-2.226171
-1.985689
-2.036882
-2.994524
-4.191349
-1.938292
-0.325000
-1.883721
-0.679187
-0.289815
-2.431702
-3.345661
-3.224662
-1.669441
-0.591970
-1.848041
-1.937622
-0.276667
-1.970990
-0.075000
-3.558368
-2.539093
-0.197222
-2.299050
-2.631959
-3.746169
-0.972622
-0.466667
-0.920956
-0.183333
-2.835775
-0.100000
-0.160000
-2.944705
-1.899875
-1.765627
-0.211905
-1.214369
-1.930861
-5.852665
-0.180556
-1.636749
-2.111961
-3.314509
-0.410694
-2.380086
-1.596949
-3.780720
-4.698726
-0.783135
-0.354167
-1.099753
-3.763078
-0.455208
-2.480321
-3.220618
-3.037149
-2.295610
-2.523881
-0.865139
-1.721106
-2.749735
-2.518138
-0.572273
-3.270941
-1.792769
-0.253704
-1.787980
-0.220833
-2.539233
-1.509145
-2.668745
-0.100000
-3.638879
-3.965105
-1.891936
-4.518640
-1.349532
-1.722425
-3.069181
-0.300000
-1.810152
-2.364834
-1.802254
-4.523487
-0.326389
-0.774819
-0.600000
-2.957980
-3.528126
-2.961227
-0.705833
-1.022073
-2.847537
-0.861280
-0.512727
-5.092461
-3.329973
-1.144606
-0.820931
-2.356936
-0.514583
-0.313095
-0.842778
-2.020039
-0.237500
-1.348253
-0.647083
-1.107826
-2.496292
-2.826658
-3.773597
-0.826944
-5.486361
-0.210000
-4.378415
-3.084708
-3.859806
-3.084887
-5.379494
-4.903441
-2.711171
-2.085772
-0.867216
-1.112447
-1.078299
-4.041682
-2.643198
-2.694417
-1.005066
-0.845344
-1.783082
-3.715019
-0.503333
-3.413291
-3.765088
-2.922283
-0.964632
-3.664528
-2.249712
-0.641970
-1.872107
-0.699394
-0.083333
-1.597088
-0.348333
-3.653489
-0.181481
-0.806190
-3.737734
-0.337037
-1.223480
-0.100000
-1.358290
-0.000000
-1.971710
-0.000000
-0.580926
-2.152026
-1.268586
-2.347560
-2.160592
-2.389936
-2.116361
-1.869939
-1.371241
-1.470125
-1.025751
-0.789708
-0.000000
-3.939573
-2.048956
-3.040618
-2.312923
-3.815166
-0.300000
-2.471509
-0.105000
-2.083771
-3.791333
-2.038486
-0.401667
-1.178567
-1.992364
-2.820671
-3.629840
-1.833815
-0.896399
-0.417593
-0.533297
-0.191667
-4.231587
-2.267547
-3.438279
-1.663883
-1.379479
-2.946046
-2.764876
-2.794594
-4.567206
-3.763314
-0.183333
-1.206369
-3.354663
-5.562892
-3.011836
-3.367102
-0.104167
-2.722566
-3.941842
-2.801522
-2.619112
-3.750960
-3.085623
-4.185164
-3.521857
-2.272738
-3.198010
-0.733069
-3.841601
-0.159091
-0.157143
-5.209513
-2.552311
-2.119540
-0.085714
-3.811861
-3.504005
-2.773876
-2.354423
-3.911736
-3.147796
-5.608018
-2.589299
-0.298611
-1.402571
-0.277273
-1.233073
-0.170833
-1.906277
-0.040000
-0.333333
-2.152098
-1.911116
-0.093750
-3.887252
-0.076667
-3.699702
-4.105097
-4.409930
-3.960333
-4.608798
-3.273423
-1.561834
-0.261111
-2.546476
-2.011538
-2.556770
-0.194444
-4.770543
-4.409356
-0.025000
-3.833899
-0.000000
-1.912486
-3.662995
-4.433154
-4.121537
-2.030888
-0.290000
-2.042359
-2.927672
-4.894497
-2.147971
-0.559394
-3.833007
-6.972717
-3.636506
-2.333847
-1.180443
-1.076887
-3.913624
-4.201488
-2.855723
-2.779615
-2.494783
-3.679873
-2.161069
-0.371970
-4.984365
-0.547083
-0.340000
-2.506018
-0.050000
-4.755886
-0.014286
-1.307561
-0.016667
-3.731081
-3.798804
-3.073470
-1.877145
-3.530616
-1.030420
-1.295496
-0.000000
-3.621935
-2.549826
-3.338375
-1.427958
-4.487687
-0.666183
-4.052923
-4.036290
-3.035225
-3.231384
-4.508914
-1.165787
-3.868439
-0.940797
-2.612603
-0.064286
-3.475533
-3.074936
-3.346016
-2.098166
-2.357208
-1.016111
-0.162963
-1.625654
-2.114945
-0.245370
-2.208810
-2.132122
-0.969818
-0.200000
-2.038677
-0.333333
-2.708391
-3.511000
-3.376621
-1.776862
-2.386866
-0.852222
-1.381733
-0.062500
-3.621900
-4.504521
-3.736408
-3.471726
-2.181962
-2.226106
-3.298703
-1.164940
-0.122222
-2.882008
-0.095000
-0.250000
-0.655996
-2.048794
-0.000000
-4.215968
-3.859380
-2.909890
-2.371884
-2.048749
-3.834378
-1.143619
-0.545000
-1.134208
-0.401818
-0.095455
-3.436431
-2.938988
-2.980603
-2.743907
-3.852485
-1.389523
-3.556206
-3.974498
-0.295741
-0.065000
-0.668472
-0.604000
-1.320176
-0.030000
-3.418992
-3.471036
-3.512658
-2.045108
-2.539852
-1.264343
-1.547547
-0.037500
-2.537196
-2.158622
-1.917523
-0.941800
-4.494922
-3.525954
-1.896909
-0.399464
-2.549369
-0.172222
-3.673591
-4.096573
-0.060000
-4.414396
-0.077778
-2.378210
-3.480758
-4.450675
-2.538961
-1.996961
-3.795249
-1.903540
-0.514697
-1.684571
-4.491115
-0.278571
-1.258266
-0.044444
-2.343733
-3.934243
-3.328557
-1.575520
-3.138155
-3.306677
-3.520457
-3.315205
-2.482051
-2.083865
-1.190885
-4.543647
-0.050000
-4.194958
-3.194066
-3.194470
-1.902763
-1.873610
-3.876813
-2.818214
-3.322013
-2.357594
-2.443244
-4.028749
-4.234185
-1.774364
-2.538509
-1.495878
-0.166667
-3.042178
-4.486461
-3.892838
-3.036122
-3.348058
-4.352817
-1.500144
-2.360767
-0.441212
-0.253030
-0.163636
-0.083333
-0.600417
-0.090909
-0.254861
-0.050000
-2.401296
-0.791930
-5.723100
-0.062500
-2.006694
-1.784585
-4.396296
-1.293736
-3.062807
-2.413646
-2.887013
-0.390833
-1.337042
-0.025000
-1.823137
-2.898621
-2.023484
-3.027448
-2.612381
-0.211111
-1.326440
-0.087500
-3.150855
-2.254569
-0.030000
-3.001194
-1.967724
-0.425694
-0.976230
-0.218056
-1.987004
-0.285000
-2.521718
-4.026705
-3.275201
-1.749829
-1.584311
-0.994882
-0.050000
-2.409543
-3.941985
-3.717253
-4.604388
-0.446528
-1.925601
-2.216096
-0.208333
-0.727103
-2.235424
-0.100000
-2.121067
-1.585874
-0.025000
-2.075033
-4.892972
-1.397670
-0.370833
-0.012500
-1.809037
-1.028813
-0.131667
-3.281158
-2.149166
-0.972784
-0.000000
-5.216769
-0.040000
-0.000000
-1.835183
-0.072727
-1.727005
-3.116556
-2.711864
-2.110291
-2.768695
-1.085209
-0.204167
-1.340401
-3.322501
-3.248908
-0.415909
-3.735465
-0.107143
-2.100822
-3.310099
-1.321093
-1.012633
-3.617678
-0.686667
-2.309766
-1.475398
-0.172222
-0.301389
-0.125000
-2.091309
-0.951829
-0.266667
-1.395946
-0.233333
-3.934189
-0.075000
-0.430833
-2.252239
-0.293333
-0.475000
-0.577639
-0.030000
-1.802912
-3.374264
-1.513721
-0.745909
-3.153488
-2.333082
-1.293080
-3.094555
-0.050000
-3.134347
-2.347191
-2.444467
-0.466667
-2.344302
-1.688293
-1.306536
-0.790278
-0.446528
-2.315159
-2.181820
-0.202778
-2.237795
-0.177273
-3.339367
-1.532342
-0.830390
-0.245455
-2.499961
-3.025842
-0.385714
-1.676226
-0.963391
-0.054545
-5.491152
-0.000000
-0.646528
-0.090476
-2.316431
-4.029732
-3.152536
-2.482659
-3.587816
-1.884148
-0.131481
-0.907708
-0.055000
-3.150746
-1.698180
-3.677732
-0.130000
-0.809019
-1.873988
-1.817834
-0.365972
-2.005972
-1.967392
-2.592089
-3.202454
-1.703565
-1.474235
-0.279167
-0.783413
-3.817585
-2.049414
-0.795899
-0.187500
-0.736061
-0.036364
-0.781806
-0.070833
-2.256752
-1.435339
-0.000000
-1.646114
-2.878810
-4.461467
-0.401389
-0.512121
-2.363449
-1.744383
-0.613889
-0.507778
-0.175000
-0.027273
-4.089365
-1.790233
-2.383670
-2.252975
-0.533636
-2.883455
-2.398866
-3.149371
-2.239625
-0.080000
-1.955120
-2.215943
-0.050000
-2.576782
-1.051380
-1.686772
-0.283333
-1.494490
-4.085231
-1.014971
-2.956048
-1.426990
-3.308248
-3.960108
-0.100000
-0.050000
-2.530044
-2.878334
-0.211111
-0.492639
-0.465556
-1.697614
-0.284722
-1.174064
-0.044444
-3.037536
-0.022222
-0.745079
-3.103197
-1.249256
-2.630412
-0.893409
-0.122222
-1.603235
-1.330159
-1.293429
-0.860460
-1.674895
-0.060000
-3.442843
-1.397899
-0.196212
-0.759496
-0.179167
-2.647016
-1.723740
-0.907854
-3.682062
-1.131025
-1.117375
-0.000000
-1.037720
-2.845302
-2.584033
-3.352377
-3.546956
-3.435666
-0.284722
-0.171528
-1.640617
-0.066667
-0.887391
-2.020082
-0.984614
-0.110000
-0.259722
-5.303669
-0.225758
-3.603567
-1.590363
-0.986458
-1.081012
-1.558073
-0.525556
-0.195000
-1.380028
-4.336510
-1.360092
-0.236364
-0.027273
-1.348496
-2.420870
-2.930451
-2.446932
-2.366093
-6.598582
-0.016667
-1.713938
-2.949283
-1.814573
-0.928552
-2.811085
-2.435828
-4.545481
-3.717412
-1.315562
-0.863268
-0.418056
-2.832422
-1.927924
-0.022222
-1.710729
-0.530667
-0.712464
-0.009091
-3.134169
-0.849315
-0.078571
-1.282575
-0.075000
-1.361530
-0.314500
-1.120988
-0.050000
-2.187667
-1.746028
-0.000000
-1.282711
-1.492520
-1.302385
-1.218399
-0.666512
-0.000000
-1.004507
-2.778709
-2.524577
-2.391039
-2.138611
-0.489697
-1.715117
-0.743532
-2.889641
-3.006316
-3.034807
-0.461389
-0.010000
-4.173794
-0.901718
-2.613967
-0.000000
-3.302864
-1.632639
-0.627917
-0.586970
-1.773310
-0.022222
-2.319357
-1.004203
-0.215000
-1.944979
-3.190510
-0.000000
-3.043126
-3.958189
-0.676399
-1.608542
-0.215152
-1.547808
-1.695853
-0.000000
-1.228820
-3.159591
-1.610737
-1.938292
-3.095140
-3.411488
-0.044444
-0.259306
-1.493599
-0.481818
-0.770972
-0.050000
-1.910582
-0.083333
-0.767968
-0.403704
-3.010981
-2.556736
-0.150000
-5.720206
-0.000000
-1.771792
-1.304388
-2.235555
-2.504244
-1.632140
-0.604861
-3.647791
-2.282649
-1.441748
-0.008333
-5.221034
-0.684167
-2.103675
-0.175000
-1.257454
-2.872296
-2.646064
-1.178294
-2.440747
-4.781798
-0.296667
-3.537432
-0.942810
-3.072682
-2.148871
-0.710333
-1.550005
-0.136364
-1.522927
-2.068688
-2.880774
-2.358484
-0.137500
-3.534333
-0.739792
-0.413750
-1.130779
-0.150000
-0.537000
-0.122727
-0.400000
-0.055556
-2.275900
-0.040000
-0.250000
-0.785577
-1.010477
-0.106250
-1.351984
-1.672676
-1.280567
-2.096875
-0.924599
-1.376833
-0.100000
-3.249066
-1.172111
-3.346664
-2.607391
-4.749327
-0.507639
-0.432000
-3.060867
-1.446634
-3.900349
-4.373269
-0.778140
-3.600075
-1.898446
-0.000000
-1.469526
-3.021250
-4.733765
-1.366829
-1.842020
-2.088770
-2.134983
-1.094360
-0.100000
-4.147775
-3.542931
-3.354997
-2.081595
-0.732095
-1.792101
-1.370943
-2.935064
-0.000000
-3.371619
-3.756071
-3.165540
-3.600560
-3.127088
-2.836545
-1.471788
-4.611606
-2.241556
-0.927889
-1.719856
-0.000000
-3.493830
-3.586517
-2.914920
-2.540012
-0.800599
-2.972958
-4.275565
-1.714480
-0.399167
-1.966330
-0.326515
-3.906230
-3.706929
-2.995615
-3.492321
-3.068148
-2.312459
-2.923770
-3.554218
-0.797272
-0.250000
-2.304743
-1.912307
-3.008345
-0.260000
-3.142971
-3.864984
-0.971675
-1.515802
-1.866848
-0.617833
-1.344644
-2.267022
-1.826768
-0.463542
-1.277815
-2.199111
-2.284156
-2.909452
-3.046005
-3.411660
-4.828740
-2.322917
-3.333756
-4.558564
-4.346572
-2.685290
-2.106262
-6.436997
-3.507444
-5.048632
-5.015973
-4.165960
-6.268536
-4.978187
-2.552635
-3.529655
-0.140000
-3.784971
-3.972434
-2.751888
-2.650077
-4.761638
-3.070205
-2.405384
-2.244316
-2.489099
-1.488558
-1.371664
-1.447701
-0.827500
-0.749306
-1.910644
-2.284452
-2.382447
-0.050000
-3.661218
-4.233246
-3.073692
-2.843490
-0.784719
-0.982034
-2.099617
-0.860298
-3.849402
-2.163665
-0.487857
-2.241962
-1.394693
-0.749575
-1.256478
-0.725417
-2.856857
-1.538671
-2.052566
-1.906080
-2.543066
-4.257692
-2.052820
-1.698280
-3.410947
-3.776473
-0.219792
-1.866345
-0.000000
-2.151990
-1.560038
-0.842666
-0.050000
-0.832424
-0.000000
-0.000000
-4.083959
-3.748532
-2.962479
-3.809181
-2.396929
-3.542313
-3.115659
-3.038559
-3.928397
-2.301310
-1.574291
-3.201297
-3.382762
-0.349074
-1.248897
-0.337500
-3.839802
-3.982127
-1.419302
-1.373191
-3.035718
-3.299775
-0.542424
-3.163259
-2.730038
-1.062775
-0.434792
-4.465742
-3.607717
-2.922050
-1.812197
-4.294700
-3.329694
-4.067774
-0.745546
-1.082720
-0.316667
-2.357352
-3.966730
-1.064870
-3.836401
-1.002900
-1.536415
-0.360417
-3.578406
-4.336888
-4.028341
-2.565648
-2.482403
-0.801917
-1.095640
-0.667186
-2.671436
-1.046670
-0.713363
-0.799676
-1.137139
-2.089612
-4.576775
-0.161111
-2.388939
-4.383040
-0.906270
-3.426779
-0.773294
-4.986007
-1.018614
-4.643952
-3.857245
-2.318981
-1.269600
-2.792163
-3.822024
-3.810424
-0.301389
-1.857559
-3.220931
-3.455020
-1.831884
-0.861667
-2.247860
-2.623280
-0.519242
-1.614062
-1.176140
-0.720833
-0.200000
-2.446767
-4.027468
-1.305687
-2.078444
-5.546295
-1.479897
-1.100441
-0.756000
-2.298398
-1.243506
-1.217310
-2.302210
-3.112160
-3.196419
-3.321180
-1.671671
-4.868420
-4.384078
-0.195455
-1.800587
-0.000000
-3.617001
-2.728897
-4.680723
-1.651926
-1.678082
-1.563063
-0.950357
-1.481934
-2.070093
-2.763614
-1.345188
-0.901310
-1.493605
-1.948749
-1.015629
-0.737113
-0.367857
-2.270614
-2.402990
-1.746529
-3.202226
-2.881787
-2.447773
-3.958593
-2.384273
-1.527285
-2.794930
-1.827039
-2.271798
-2.177918
-4.364733
-4.270551
-3.128925
-2.881940
-3.287713
-2.449859
-3.301920
-1.137908
-1.228312
-0.971859
-0.284028
-0.749825
-4.519067
-3.872050
-0.359167
-1.069520
-0.906210
-0.262500
-2.983176
-1.617915
-3.161005
-3.228623
-1.761994
-1.739906
-4.135009
-1.425810
-1.408072
-0.183333
-3.498825
-3.417982
-4.408911
-1.845447
-2.819686
-1.413128
-2.032320
-0.077778
-3.123976
-4.267943
-0.000000
-3.049598
-4.059569
-1.832055
-2.228483
-2.116853
-1.014782
-1.269852
-1.060946
-2.705108
-3.448003
-1.700645
-0.388333
-1.176654
-0.287500
-0.194444
-0.472273
-1.561160
-0.346667
-4.081717
-3.970463
-1.006840
-2.588184
-1.934093
-1.748123
-0.226190
-0.157143
-2.612739
-1.636003
-0.100000
-2.036392
-2.170384
-1.028142
-0.016667
-4.030785
-3.769878
-3.543112
-2.367019
-2.419159
-0.873841
-3.283859
-1.215270
-0.676524
-1.818701
-1.010351
-1.397615
-2.217072
-1.223889
-1.322415
-2.239463
-2.434213
-3.727128
-6.413516
-2.407906
-0.266667
-0.437500
-0.792947
-0.364500
-1.722959
-3.787830
-1.757908
-3.728748
-5.130827
-0.050000
-0.838736
-1.252087
-0.000000
-1.599012
-3.773081
-1.620433
-1.523851
-1.805974
-0.161111
-0.788016
-1.530509
-0.426667
-2.567821
-4.453850
-0.764193
-5.771166
-2.825808
-6.299550
-2.370750
-2.027600
-0.062500
-2.198569
-3.991333
-3.854614
-1.027979
-0.328472
-3.086077
-3.304089
-0.442778
-2.866512
-0.147619
-0.440909
-3.630738
-1.365441
-0.246389
-0.419792
-4.275446
-2.073499
-2.320290
-2.701683
-0.473788
-4.631009
-3.209446
-3.304670
-3.141860
-0.100000
-0.165000
-1.301060
-2.622510
-0.404306
-1.273904
-0.620000
-3.136985
-5.650204
-0.903492
-1.547146
-0.166667
-2.342586
-3.781025
-3.868517
-3.061050
-4.856191
-2.671536
-0.071429
-0.583333
-3.314335
-1.057284
-3.139271
-0.150000
-3.245612
-3.007376
-3.898556
-0.592778
-3.064824
-1.164776
-4.473090
-1.957886
-0.044444
-2.388216
-2.217946
-3.537322
-2.743258
-4.586630
-0.175000
-2.336337
-4.309987
-4.363279
-2.609044
-1.886553
-0.210000
-1.648388
-1.499079
-4.730309
-0.236111
-3.183162
-3.770375
-1.091789
-1.259435
-2.758631
-2.172132
-0.239394
-1.623263
-2.489878
-0.187500
-1.840488
-0.366042
-2.026376
-2.287024
-1.331402
-1.604236
-0.659028
-2.231537
-4.182050
-3.819902
-2.775005
-2.275601
-2.049066
-2.071892
-0.150000
-1.669023
-2.720585
-2.663004
-2.599407
-1.043254
-0.805000
-2.462140
-3.051493
-4.467149
-0.150000
-1.675379
-1.726730
-4.162702
-1.586964
-1.847782
-3.897760
-2.960462
-0.027273
-0.290278
-0.980942
-1.288434
-0.016667
-1.676398
-3.645292
-2.057636
-2.885616
-1.122620
-1.273170
-3.382640
-0.706667
-0.258333
-0.127778
-0.000000
-1.664250
-2.878781
-2.061399
-0.799394
-1.209922
-0.000000
-2.108714
-3.135355
-2.116288
-2.533556
-4.372647
-0.271212
-0.127778
-2.114907
-2.082775
-0.166667
-0.487083
-0.810565
-0.728365
-0.000000
-1.849284
-2.935949
-1.444750
-1.585032
-2.978360
-3.268722
-3.497061
-1.008051
-0.159091
-0.699028
-0.200000
-0.000000
-1.699508
-3.026249
-2.425694
-2.555498
-3.140862
-0.627833
-0.072727
-4.974473
-6.529654
-1.545735
-2.563278
-0.105000
-0.350000
-0.453704
-0.200000
-4.156778
-3.435428
-3.567972
-3.140990
-1.526493
-1.483659
-2.035810
-0.749184
-4.226749
-2.449472
-2.951586
-1.075916
-1.190062
-3.555319
-1.674299
-0.746111
-2.042753
-0.848297
-2.097523
-0.496061
-0.230000
-0.870095
-0.274074
-2.995139
-3.512100
-2.077727
-3.868039
-1.713557
-0.247222
-2.295110
-1.837843
-1.219432
-0.050000
-1.307156
-1.190784
-2.786702
-2.776562
-5.143337
-3.539280
-4.271324
-3.607954
-0.611111
-1.421877
-2.811756
-0.091667
-2.289947
-1.782384
-1.514347
-3.914923
-1.107930
-1.789660
-1.795959
-2.049213
-5.347593
-3.955311
-5.106000
-4.924906
-4.936421
-0.545496
-1.477598
-0.779940
-1.355646
-0.192857
-3.604305
-0.364286
-3.872301
-4.307639
-4.136681
-1.957646
-2.560328
-3.404413
-3.172920
-4.500126
-3.689802
-4.029335
-2.497995
-3.921491
-3.072947
-1.001149
-1.132346
-4.182404
-1.892878
-2.496704
-1.924194
-1.187642
-1.496711
-4.101106
-0.449848
-0.865580
-0.172222
-2.397847
-3.844243
-4.128710
-4.629339
-2.846215
-2.052672
-1.643657
-1.741619
-3.830865
-1.646919
-2.703318
-1.330116
-1.432154
-0.200000
-4.935273
-5.616307
-4.307246
-0.678030
-2.366952
-0.050000
-3.718613
-4.046499
-3.440244
-1.665846
-4.155381
-4.222645
-2.887440
-1.783009
-1.340135
-2.496802
-1.430375
-2.331377
-2.379346
-2.089135
-0.757778
-1.590771
-3.404617
-3.142763
-3.852797
-1.916945
-0.718194
-2.533074
-0.225000
-3.219327
-1.942100
-0.172917
-1.722293
-2.538253
-2.171406
-1.979119
-1.848171
-2.083248
-1.036592
-0.150000
-0.746806
-0.000000
-4.148325
-3.737546
-4.523668
-3.955831
-3.809768
-2.769984
-3.249497
-3.706107
-3.456440
-1.683623
-3.366302
-3.076941
-3.650939
-1.752259
-3.316387
-0.822517
-0.734474
-2.668026
-2.258818
-0.281364
-4.056513
-2.668186
-2.052158
-1.430217
-1.958860
-1.958886
-0.931158
-3.395767
-3.406258
-1.019820
-2.078487
-2.680181
-3.592653
-3.155464
-2.526005
-3.188163
-3.947267
-1.274080
-0.204762
-2.323554
-1.792883
-3.158017
-0.220000
-2.507893
-3.258914
-2.782374
-3.736510
-2.516295
-1.682873
-3.250037
-2.262828
-2.752639
-0.918734
-4.575586
-1.505478
-3.960718
-0.768333
-0.836052
-0.244444
-3.604979
-2.480187
-2.421331
-2.016455
-1.972624
-2.936088
-3.286954
-2.006695
-2.586085
-2.589205
-2.377168
-3.473966
-0.641756
-3.205784
-2.765165
-3.526849
-3.826642
-3.538528
-2.337239
-3.498182
-3.946177
-2.193035
-0.121429
-1.970067
-1.177911
-2.380272
-2.306536
-2.872434
-1.955274
-0.108333
-1.643371
-1.483650
-3.899265
-2.507786
-4.005845
-3.528474
-2.205981
-0.729471
-3.972294
-3.767673
-2.127069
-2.606737
-3.058122
-3.685996
-1.120959
-0.452576
-3.435623
-4.269007
-1.598881
-4.099283
-0.332500
-2.472784
-3.882505
-2.936809
-4.582629
-1.222508
-1.397550
-0.266667
-3.252829
-3.502269
-3.922574
-3.812709
-2.978823
-1.387029
-3.067011
-0.775298
-2.620369
-0.875364
-4.176905
-3.625760
-3.617240
-4.580079
-2.272004
-1.565267
-3.916493
-2.198848
-0.481429
-0.510278
-0.650390
-1.243119
-1.294292
-0.100000
-3.124835
-3.389977
-2.651029
-1.227886
-2.718693
-1.821856
-0.904825
-1.332864
-1.053793
-2.655170
-3.694954
-3.770370
-2.705215
-5.055590
-0.321528
-4.341591
-3.002622
-4.192266
-3.014568
-2.698256
-2.994151
-3.224535
-6.138082
-2.693872
-3.063337
-3.707908
-1.134645
-0.857738
-1.510892
-0.756131
-0.630417
-2.053950
-1.881880
-3.158576
-2.655917
-0.563333
-4.965033
-4.149642
-0.245833
-0.844266
-5.249538
-0.166667
-1.449434
-3.192062
-1.181947
-0.790556
-1.709191
-1.400035
-3.382459
-4.092188
-3.573058
-2.651084
-5.180272
-4.527364
-2.632717
-0.536250
-1.865382
-2.489983
-1.022406
-3.850898
-1.518092
-1.857257
-0.950061
-2.635589
-0.836944
-1.718802
-0.100000
-4.302425
-3.124146
-3.565003
-2.741126
-2.076551
-3.060777
-2.169469
-1.361027
-4.224991
-2.176799
-1.259963
-5.483376
-1.257381
-2.298213
-3.383858
-1.688236
-2.013102
-3.840215
-2.374298
-2.599951
-2.529656
-1.162569
-2.665824
-0.368056
-2.207906
-0.050000
-2.461290
-2.575123
-1.809942
-0.000000
-1.833212
-2.126498
-1.382514
-1.473131
-0.917067
-0.737464
-0.000000
-3.616254
-3.111152
-3.772897
-2.763800
-2.341246
-2.964737
-1.478398
-1.771377
-1.586850
-3.865814
-1.491119
-2.294696
-0.210000
-2.875805
-1.837539
-3.231276
-0.063636
-1.080931
-4.441338
-2.729694
-0.030000
-3.390506
-0.057143
-0.637576
-0.000000
-1.182104
-2.285439
-1.612853
-1.572693
-1.661229
-0.045833
-2.958879
-2.713576
-1.787088
-0.402361
-0.175000
-0.864015
-0.000000
-1.821155
-1.406980
-1.467862
-0.932249
-2.541767
-0.689154
-1.210186
-0.828879
-0.145455
-1.268728
-0.386667
-1.995091
-1.293117
-0.290278
-0.306944
-1.356050
-3.460864
-1.863043
-0.560417
-2.916901
-0.917970
-0.030000
-0.696818
-1.377075
-1.167781
-0.040000
-0.681061
-1.432233
-0.104167
-0.045455
-4.058988
-0.000000
-3.148397
-1.094841
-1.051502
-1.149683
-4.740287
-1.457704
-0.118182
-2.162510
-0.569306
-0.104545
-1.910624
-0.080000
-2.032158
-0.041667
-2.764658
-0.392424
-1.383252
-0.179167
-4.185497
-0.012500
-0.327273
-0.100000
-1.329915
-2.385782
-0.574583
-1.377417
-1.797512
-1.898410
-4.823022
-0.050000
-2.296965
-0.250926
-0.479861
-0.256061
-1.069606
-0.133333
-3.247573
-1.189622
-1.189617
-2.535761
-1.426805
-0.570694
-1.172863
-0.050000
-3.060321
-2.030872
-0.256667
-0.122727
-0.630774
-2.102818
-0.050000
-2.072396
-1.027424
-0.036364
-1.247242
-0.150000
-1.604710
-0.063636
-2.037548
-1.118119
-2.559697
-2.284107
-3.091961
-0.346528
-0.639113
-1.785288
-0.145833
-1.690781
-0.334028
-0.100000
-1.659004
-2.152006
-1.575208
-0.133333
-1.883290
-0.262500
-0.095000
-1.624706
-0.020000
-1.708587
-2.401778
-2.200712
-3.511291
-2.319745
-0.122222
-1.454819
-0.250000
-3.587103
-1.606537
-0.329861
-0.545139
-0.050000
-1.085283
-0.270139
-2.305954
-0.065000
-2.695550
-1.911239
-0.622440
-0.172222
-2.288296
-1.672229
-1.546592
-2.532939
-2.826731
-4.264112
-4.903741
-1.830853
-0.770218
-1.982421
-3.301923
-0.164286
-0.087500
-0.251389
-0.688135
-0.223611
-3.905764
-1.723548
-1.050278
-0.100000
-1.931120
-2.871442
-3.976818
-2.253678
-1.287982
-0.822718
-1.851080
-0.050000
-2.345683
-0.699643
-0.410606
-0.503636
-0.303030
-1.334528
-0.462500
-2.965817
-0.395238
-1.117240
-5.759432
-0.000000
-2.521396
-1.259222
-2.649199
-2.587738
-3.718115
-3.926398
-2.441244
-2.472068
-2.984975
-1.687409
-0.342361
-0.343056
-0.471818
-0.000000
-1.764593
-2.561875
-4.383049
-0.488636
-1.721154
-2.124633
-1.073889
-1.820588
-1.818953
-3.409548
-2.110801
-2.218066
-3.189034
-0.033333
-2.183230
-0.037500
-1.844730
-1.411726
-0.624167
-2.187382
-0.081944
-1.426885
-0.075000
-1.306144
-2.478777
-2.943379
-3.064641
-3.353602
-0.261111
-1.231753
-0.154167
-2.827746
-1.534416
-1.346602
-1.065080
-1.621189
-0.475694
-1.718787
-0.302778
-1.034718
-0.215278
-0.524583
-0.641161
-1.107244
-1.108370
-1.930093
-2.667742
-4.115469
-0.598485
-1.680395
-2.141839
-1.064941
-2.000460
-1.387189
-0.155556
-0.938853
-0.033333
-0.502778
-0.119444
-1.516845
-0.016667
-1.798189
-1.422716
-0.912057
-0.060000
-1.156653
-5.650393
-2.565986
-0.045000
-3.625623
-4.764993
-3.089141
-3.453263
-3.212232
-3.843495
-0.833826
-0.000000
-3.931243
-0.170833
-0.162500
-0.714315
-0.306944
-1.964041
-2.604876
-0.109091
-3.104567
-3.516270
-1.710791
-2.196527
-0.743194
-0.564262
-0.384306
-0.480011
-0.185000
-3.782562
-1.206187
-6.645128
-0.702612
-3.941632
-3.598716
-3.109153
-1.580888
-3.096323
-2.461908
-0.521212
-3.556678
-0.426667
-2.032435
-1.277913
-0.529167
-1.067369
-1.573345
-0.150000
-1.228936
-3.684612
-1.322080
-0.781944
-1.809095
-2.511588
-1.307090
-0.443611
-2.464577
-4.387244
-1.217061
-0.236111
-0.204861
-1.063354
-0.050000
-4.074078
-3.037970
-2.839575
-1.201861
-1.852719
-3.032839
-3.258628
-4.703695
-0.200000
-2.049028
-1.727735
-0.063636
-1.814140
-2.125239
-3.113734
-4.933010
-0.273611
-0.090909
-0.156250
-2.644893
-2.042648
-0.341944
-0.164286
-1.480785
-0.284167
-0.977420
-0.320000
-1.495481
-0.682791
-1.231411
-1.593231
-1.136862
-1.064601
-0.817222
-2.940461
-1.672280
-2.758377
-1.111845
-2.210005
-0.168182
-1.212560
-3.370643
-2.212591
-2.790482
-0.137500
-3.620926
-1.237898
-2.602920
-3.421470
-2.192834
-2.596711
-1.360865
-0.075000
-1.742101
-0.395833
-1.076102
-3.580339
-0.311111
-0.709940
-0.888653
-1.240802
-0.407333
-0.777890
-1.716800
-2.827719
-2.991315
-2.216426
-3.744135
-0.100000
-2.981653
-1.342493
-0.826907
-2.834182
-1.856599
-0.225000
-0.154545
-1.056244
-0.633472
-1.418922
-2.156025
-1.870446
-0.234848
-1.565781
-1.697927
-1.205242
-0.122222
-4.539064
-1.774239
-3.189800
-1.514283
-0.965845
-0.100000
-3.534941
-1.055757
-2.273418
-0.154545
-1.101054
-2.350387
-1.229740
-0.490784
-1.747202
-0.633770
-0.163636
-3.786658
-0.666806
-3.714830
-0.191667
-3.710619
-2.918841
-1.768879
-1.837965
-1.568731
-0.083333
-2.300622
-0.286111
-0.902354
-2.241680
-4.162963
-3.910125
-1.055749
-0.100000
-0.630000
-0.105000
-1.870703
-1.908214
-2.008716
-1.299932
-0.515625
-1.872217
-3.114322
-3.903021
-0.805033
-1.871025
-1.126494
-1.606806
-3.680403
-1.737427
-0.616528
-2.470970
-0.639833
-0.469444
-1.844465
-0.519697
-3.174834
-0.138889
-3.883094
-1.235502
-2.850073
-1.662133
-1.885976
-0.190972
-3.095956
-1.083439
-1.890233
-0.190909
-1.327909
-3.890421
-1.668651
-2.843483
-2.059905
-0.905966
-0.188333
-3.914099
-0.113636
-2.171884
-0.698006
-2.218861
-1.377717
-1.511547
-2.816602
-0.638496
-0.799845
-0.383333
-1.568030
-3.447909
-1.619509
-1.007358
-1.306320
-0.751389
-4.039066
-0.517037
-0.867846
-0.845119
-0.014286
-0.284722
-0.265000
-2.932362
-3.791065
-0.209091
-2.130621
-2.706622
-1.865376
-0.903511
-2.421729
-0.380303
-3.392650
-2.614176
-2.853579
-3.063677
-1.052753
-0.177273
-1.307250
-0.704667
-1.234990
-0.125758
-0.622273
-3.024338
-0.137500
-0.100000
-2.497924
-0.105556
-0.638333
-1.323013
-0.412083
-0.111111
-1.751147
-4.220005
-0.254167
-1.494006
-3.319202
-1.462442
-0.794679
-1.164564
-0.535000
-0.352778
-3.495511
-0.876685
-3.084714
-0.109259
-3.711380
-1.464798
-2.578000
-2.649429
-1.737760
-2.021434
-1.300145
-0.129167
-0.245833
-0.133333
-0.208333
-1.294047
-3.678845
-2.503576
-0.842381
-3.187747
-6.740346
-0.448611
-1.954711
-0.200000
-1.760574
-1.115848
-2.686530
-1.508170
-1.225690
-0.118182
-2.520482
-4.608527
-1.095548
-0.284848
-0.700758
-0.320139
-1.698944
-1.592516
-0.289394
-2.157827
-2.845484
-0.911552
-1.724993
-0.308333
-2.599980
-2.150972
-0.359722
-4.273872
-1.178455
-0.000000
-5.589238
-0.441667
-0.939385
-0.025000
-1.537878
-3.266182
-0.944560
-1.645324
-2.733536
-0.333333
-1.193862
-2.778492
-1.567388
-0.306061
-6.297488
-0.086111
-1.274970
-0.122222
-3.055028
-2.505807
-2.832687
-1.749681
-1.834260
-3.790270
-0.257708
-1.488518
-2.976544
-0.588135
-1.364783
-1.255155
-1.045404
-0.273611
-1.268409
-0.839421
-0.312963
-2.773304
-1.365343
-0.304167
-1.421604
-6.477114
-7.034528
-0.657083
-0.704708
-0.984623
-0.490278
-1.799537
-0.932265
-2.601343
-1.223464
-0.185000
-0.397917
-0.000000
-2.579492
-1.913884
-0.871270
-3.200628
-2.047651
-2.844467
-1.355756
-0.353030
-0.200000
-2.540633
-0.723333
-4.105493
-3.587093
-1.185411
-0.088889
-1.454953
-3.185405
-1.585193
-2.795731
-0.686389
-1.733085
-0.100000
-1.583190
-3.027704
-1.720415
-3.078692
-1.440567
-0.906940
-0.164286
-1.584664
-1.759525
-1.721979
-1.344238
-1.849985
-2.877777
-2.031320
-6.496215
-0.000000
-1.645408
-2.748195
-1.406102
-1.518380
-2.159418
-3.105178
-2.603245
-2.738920
-1.915453
-1.340403
-1.596847
-0.213333
-1.468718
-0.122222
-2.425567
-3.397865
-1.529012
-0.000000
-0.760443
-2.306114
-1.440598
-0.000000
-3.459489
-3.687750
-2.294650
-0.846450
-2.126016
-1.348834
-3.617126
-1.002008
-0.709272
-0.770422
-2.822377
-0.131944
-3.325980
-2.029008
-1.216988
-1.625698
-1.537802
-3.132238
-0.578194
-0.131818
-4.400607
-0.396528
-0.133333
-0.939514
-3.113563
-0.050000
-0.000000
-1.263672
-0.783939
-0.071429
-1.677235
-1.691991
-1.711360
-0.100000
-2.351918
-1.501401
-0.156250
-3.284035
-1.385804
-0.057143
-1.534328
-3.053094
-3.232352
-0.881478
-0.848285
-1.362549
-1.960225
-0.611818
-0.183333
-0.486970
-0.028571
-3.220643
-1.689059
-1.211389
-3.894413
-1.002652
-2.359168
-0.016667
-1.513558
-2.408645
-4.222772
-1.489789
-4.001488
-1.652935
-0.266212
-2.273300
-2.028424
-1.164944
-0.542727
-2.795841
-0.025000
-0.891905
-2.911119
-0.000000
-3.505835
-3.050571
-1.161434
-2.124065
-1.578637
-0.360000
-1.717585
-1.980560
-0.739048
-0.897530
-3.166902
-3.761684
-1.722253
-1.873975
-1.172793
-0.000000
-0.540667
-0.329630
-2.080579
-1.796610
-1.696155
-1.180266
-2.850943
-3.579912
-3.808288
-1.802050
-1.047980
-2.523304
-2.124219
-0.917734
-2.789471
-3.316796
-2.062237
-0.804395
-4.728056
-1.005112
-0.397727
-3.785968
-1.420824
-0.025000
-3.397343
-1.934481
-1.286945
-1.260300
-2.416697
-3.521144
-0.104167
-0.748262
-0.380833
-0.122917
-1.209647
-0.446528
-3.540062
-1.638475
-0.869868
-0.150000
-1.722148
-0.359848
-0.529028
-0.873597
-1.403387
-3.164911
-1.831681
-0.000000
-2.972819
-3.613448
-0.460774
-1.621916
-1.569297
-1.152670
-0.623889
-0.045833
-0.929524
-1.071425
-0.706075
-0.094444
-3.732106
-0.000000
-0.384028
-2.731185
-0.189815
-4.604462
-1.999010
-0.779306
-0.000000
-1.107392
-3.109700
-3.299721
-1.004343
-0.900322
-0.750617
-1.593210
-3.268267
-1.650500
-3.226236
-4.052141
-2.241444
-1.838591
-1.925761
-3.881218
-3.986463
-1.277014
-0.077273
-0.496528
-0.050000
-0.368056
-0.112500
-4.718310
-1.293198
-0.000000
-2.081282
-0.365152
-0.871819
-0.120833
-2.304349
-0.275000
-1.615086
-3.142155
-0.020000
-3.472429
-3.399769
-1.381483
-1.967319
-2.139596
-4.215805
-6.804711
-0.389167
-0.236364
-1.717674
-0.492361
-2.317179
-0.000000
-3.384300
-3.660023
-3.650743
-1.736188
-2.014274
-4.357130
-2.739565
-0.068750
-1.488793
-0.085714
-3.508134
-0.299306
-0.250000
-2.906900
-0.390972
-3.550533
-0.372273
-6.010749
-2.416576
-2.967468
-0.100000
-3.576215
-3.584975
-0.978274
-1.847199
-3.302743
-4.283399
-2.237594
-4.159020
-0.100000
-1.532329
-3.443159
-2.201387
-3.005390
-3.756255
-1.698691
-2.189592
-4.966668
-2.233163
-0.150000
-1.942275
-1.323710
-0.080000
-1.868504
-4.486717
-1.708437
-1.892204
-0.207576
-3.560926
-3.613180
-3.061616
-4.061495
-3.957325
-2.897069
-3.646337
-3.139583
-3.537533
-0.115000
-3.312184
-3.404651
-2.450769
-3.881408
-2.144437
-0.623552
-3.753591
-3.773175
-2.481443
-3.496517
-1.189066
-0.412500
-2.192013
-2.237787
-2.783188
-0.237500
-3.615318
-3.976456
-3.737586
-4.205475
-5.505966
-3.348904
-2.546841
-2.414158
-3.477452
-2.413931
-0.449242
-4.294446
-3.788948
-0.544815
-5.140074
-0.168182
-3.769823
-3.514964
-3.998556
-4.215002
-2.445064
-0.961495
-2.746766
-3.297580
-3.481838
-3.476556
-3.185849
-0.133333
-1.631644
-0.191667
-3.530913
-3.419005
-3.828569
-2.555376
-1.067069
-1.591069
-2.586408
-2.294229
-0.327778
-2.784462
-2.405101
-3.196275
-1.814677
-1.746398
-0.437464
-0.812857
-0.450000
-3.586625
-4.272832
-3.881079
-3.292550
-2.005428
-3.357470
-2.136624
-0.724429
-2.448047
-2.281440
-1.926087
-0.463889
-2.667110
-4.218787
-1.762774
-0.925718
-1.993723
-0.293750
-1.639380
-0.871944
-2.992842
-3.564129
-2.227126
-1.544454
-1.555958
-0.171212
-3.760694
-3.877515
-3.788555
-3.446049
-3.101819
-2.914251
-3.616594
-4.090669
-1.584217
-0.468750
-3.668716
-1.347882
-2.825832
-4.566351
-1.203578
-2.090846
-1.970240
-4.216570
-0.393939
-1.887796
-0.549500
-0.118056
-0.397917
-2.911107
-0.228704
-3.937810
-4.526924
-0.901306
-0.422500
-0.170000
-3.299092
-3.236717
-2.191437
-2.235332
-1.841756
-0.843264
-2.004909
-1.314467
-2.956698
-3.004157
-4.334235
-2.572452
-1.555428
-0.582371
-2.178861
-0.802167
-0.859237
-2.629132
-0.230833
-3.682626
-3.602975
-3.460957
-1.882509
-1.238059
-2.060434
-2.742238
-2.666253
-0.974019
-3.169522
-1.861799
-4.729963
-5.326891
-0.137500
-0.180000
-0.540333
-2.093441
-0.657576
-1.595051
-0.192857
-2.556033
-1.462986
-3.191940
-2.477127
-1.468151
-1.320894
-1.202057
-3.784909
-2.995046
-2.130469
-3.934181
-1.958170
-0.696111
-0.000000
-3.260031
-3.840404
-2.524394
-1.315990
-4.269185
-4.456324
-4.760737
-3.887044
-2.323148
-1.636006
-4.053652
-1.930330
-0.524848
-1.438956
-0.455972
-0.931739
-1.396460
-0.429762
-0.175000
-2.697741
-0.113333
-1.991348
-2.123364
-5.633038
-0.187500
-3.262256
-4.067405
-3.640025
-2.358215
-1.402940
-3.290008
-4.410369
-5.084266
-3.277866
-3.170907
-3.451832
-3.073353
-2.586836
-0.982662
-0.331667
-0.584722
-0.340741
-1.924328
-0.393056
-0.431481
-3.667713
-3.486821
-4.461953
-3.157580
-2.428077
-3.016735
-1.227671
-1.302510
-1.997503
-3.143823
-3.415148
-0.479861
-2.723939
-7.196123
-0.350000
-4.375956
-3.917166
-2.831702
-2.889451
-2.651934
-2.308930
-3.386953
-3.360723
-3.329732
-2.050337
-2.719124
-2.208404
-0.198958
-0.472500
-2.857351
-1.467336
-1.044636
-0.262500
-3.670640
-0.895714
-2.110519
-0.255556
-3.803582
-3.413669
-2.298277
-1.608741
-1.758551
-2.161439
-2.649436
-2.169767
-3.078769
-0.275000
-0.654861
-3.117915
-0.177778
-0.710982
-3.892673
-4.410070
-0.163636
-4.142713
-3.459818
-2.436105
-2.576234
-2.678129
-1.470080
-2.626175
-2.410661
-1.957101
-2.999892
-0.242593
-0.621818
-0.798607
-1.341652
-1.918106
-0.915527
-0.100000
-3.090205
-3.761409
-1.864650
-1.455567
-2.824610
-1.830326
-3.155550
-1.822052
-3.251287
-0.810139
-1.434290
-1.685289
-0.362333
-2.284129
-3.752928
-1.587397
-0.524722
-0.289167
-2.890617
-1.207503
-2.064185
-1.251187
-0.633333
-1.009735
-2.514226
-0.412083
-0.150000
-1.545269
-0.000000
-1.807485
-2.129748
-1.579069
-1.450803
-0.783006
-0.633297
-0.000000
-3.970843
-3.465371
-2.886852
-2.820280
-2.372148
-1.981994
-2.273930
-0.518790
-3.563871
-4.070702
-1.341142
-4.397160
-5.656619
-2.965075
-1.108698
-4.487573
-4.668264
-3.325022
-5.052112
-2.069558
-0.370000
-1.786828
-0.268056
-2.946899
-3.838667
-1.908996
-0.596779
-4.113569
-3.436431
-3.299197
-1.669199
-3.776959
-1.526653
-1.005858
-0.050000
-3.303118
-3.051802
-3.162862
-2.988823
-2.643395
-2.660582
-2.598913
-0.636500
-1.654724
-1.743291
-0.260417
-3.074517
-3.763350
-0.844246
-3.815711
-2.492882
-3.207168
-1.222733
-2.404306
-1.402702
-6.301415
-1.457323
-2.680284
-0.656021
-3.946211
-4.688630
-2.270837
-2.236889
-2.604467
-0.602302
-3.545897
-2.182143
-1.576533
-0.077778
-4.759215
-3.201995
-5.420810
-3.390669
-4.363272
-4.121210
-3.758653
-3.088381
-2.163770
-2.553009
-3.836689
-2.362249
-2.043112
-0.000000
-2.430057
-4.037421
-1.417803
-1.346614
-4.939037
-5.362161
-5.017110
-2.582699
-4.575686
-2.656520
-0.025000
-0.313704
-0.693939
-2.654897
-0.000000
-3.828246
-3.136390
-3.263111
-1.359028
-4.029373
-1.295527
-1.499119
-0.280000
-1.903433
-2.553523
-4.165664
-1.428795
-2.426750
-2.822698
-3.388238
-1.232130
-1.059851
-3.279510
-0.324242
-4.317366
-0.541667
-0.257143
-1.216619
-0.100000
-2.989252
-3.707598
-1.921244
-3.395797
-2.840850
-4.629476
-1.219895
-0.393333
-0.316667
-3.509881
-3.371532
-1.082428
-1.254045
-4.413545
-2.705316
-1.575999
-2.149291
-1.301200
-0.601916
-0.540303
-0.379167
-1.374933
-0.820577
-0.000000
-3.327917
-3.895311
-2.192117
-0.776548
-2.686275
-0.739471
-1.375003
-1.282748
-0.490833
-2.541220
-2.642926
-0.727333
-0.363636
-3.456774
-0.112500
-3.608225
-2.329151
-1.376566
-1.306845
-1.546418
-1.432266
-0.000000
-1.982257
-3.990111
-1.783228
-1.703655
-2.563941
-3.133163
-1.654440
-2.533735
-3.767543
-0.071429
-1.116305
-1.120201
-1.754709
-0.175000
-3.389696
-1.893539
-2.433229
-0.638611
-5.151273
-1.082667
-0.946537
-2.520442
-0.186364
-0.520565
-0.175000
-1.355912
-0.118182
-1.006418
-0.200000
-3.135623
-1.860583
-0.863604
-4.982252
-2.700043
-0.200000
-0.142424
-1.851940
-3.121623
-2.319524
-1.502945
-0.012500
-0.041667
-0.841776
-0.000000
-1.794580
-3.679641
-2.253698
-0.864762
-2.029058
-1.957472
-4.572175
-2.709346
-1.031369
-0.300000
-2.851792
-3.601286
-2.052678
-0.932937
-4.230965
-2.777351
-0.320139
-1.281172
-4.379129
-0.620833
-0.332917
-2.015575
-0.220000
-3.959981
-0.044444
-1.035110
-1.853594
-0.507639
-2.932639
-0.881498
-2.916450
-3.271185
-2.753696
-0.813773
-0.760502
-2.312203
-0.033333
