-3.768674
-3.523187
-3.553111
-3.433556
-2.891034
-3.315478
-1.410476
-1.665414
-1.549470
-3.227044
-3.472329
-3.519522
-3.422791
-3.304350
-2.643253
-3.163403
-3.593787
-3.341736
-3.556802
-3.248612
-4.333800
-2.772109
-1.637552
-2.970169
-2.473689
-1.861145
-4.174580
-3.193230
-3.295609
-3.371239
-3.227762
-3.329820
-2.948103
-2.566749
-1.552824
-3.618910
-3.775258
-3.525387
-3.603835
-2.554652
-2.648493
-1.264104
-4.946856
-0.196759
-3.287887
-3.364075
-3.530826
-3.469973
-3.277517
-3.116570
-3.136484
-3.018479
-2.682876
-2.960862
-2.764129
-2.745477
-3.685803
-1.557442
-2.452971
-3.211562
-2.435165
-3.706138
-3.634155
-3.475890
-3.581604
-3.176086
-3.233120
-2.846325
-2.312788
-3.093333
-3.497653
-3.467616
-3.417798
-3.151847
-3.210198
-3.084108
-3.043774
-3.278208
-3.779901
-2.624575
-2.724977
-3.734881
-3.641527
-3.562402
-3.367525
-3.360841
-3.443810
-3.105744
-2.998422
-3.019548
-2.903389
-2.696131
-2.735133
-2.613533
-2.508661
-1.921998
-1.792701
-1.461710
-0.572896
-3.568124
-2.471981
-1.859217
-3.246553
-3.422967
-3.062379
-3.276093
-3.485882
-3.338511
-2.981243
-2.793720
-2.887481
-2.854114
-2.989644
-2.670460
-2.042455
-0.172222
-3.628862
-3.630639
-3.685216
-3.499022
-3.517299
-2.989303
-3.256173
-2.927766
-2.955871
-2.372692
-1.410753
-0.611111
-3.596913
-3.529251
-3.533557
-3.529447
-2.932314
-2.989230
-2.545969
-2.838474
-2.141938
-3.474962
-3.587171
-3.504007
-3.364942
-3.278872
-3.322447
-3.153692
-2.819504
-3.041072
-3.354474
-1.933284
-1.623138
-3.325788
-1.787478
-3.848651
-1.903729
-2.420436
-2.304623
-1.005247
-3.765620
-3.858305
-3.505872
-3.368076
-3.422464
-3.387891
-3.170966
-3.421714
-3.032956
-2.780226
-2.369702
-3.812756
-4.027411
-3.980748
-3.562225
-3.433218
-3.183352
-3.756235
-2.981807
-2.820254
-2.659982
-1.791019
-1.917703
-0.627910
-3.311888
-3.477676
-3.621611
-3.228521
-3.255764
-3.148586
-3.065960
-4.300017
-2.588597
-1.183740
-0.612654
-3.515341
-3.775639
-3.514382
-3.647700
-3.364582
-3.316465
-4.018221
-2.771318
-1.160247
-1.053458
-3.479628
-3.575419
-3.507710
-3.629101
-3.097634
-4.234721
-3.667912
-2.428930
-3.647689
-3.790881
-3.356083
-3.233865
-3.345901
-3.046952
-3.242134
-3.120820
-3.355810
-2.977714
-2.173340
-2.099555
-2.046727
-2.387226
-3.520260
-3.272287
-3.204444
-3.190212
-3.049600
-3.145878
-2.942053
-2.833537
-2.981787
-2.258157
-2.155112
-3.680796
-3.357623
-3.686885
-3.300201
-3.326151
-3.300968
-3.215577
-3.780275
-2.958175
-1.505238
-2.198369
-1.396253
-1.957730
-0.932657
-3.934487
-3.662587
-3.481442
-3.339452
-3.019629
-2.354477
-2.087415
-3.292914
-2.861429
-2.928494
-2.644269
-2.946789
-3.662896
-3.563869
-3.180681
-3.626202
-3.272468
-3.090546
-3.307540
-3.111479
-3.725893
-2.130039
-3.309367
-4.046575
-0.939427
-0.848917
-3.414795
-3.494349
-3.644040
-3.504954
-3.376142
-3.051208
-3.141091
-2.841658
-2.936280
-2.257951
-1.244886
-0.000000
-3.747855
-3.507278
-3.570364
-3.475872
-3.484281
-3.366924
-3.227564
-3.011249
-2.315051
-2.413451
-1.887622
-2.328820
-1.324136
-1.461683
-1.731524
-2.590550
-1.615459
-2.637544
-1.389555
-2.169130
-3.664515
-3.395895
-3.575156
-4.217673
-3.662159
-2.139053
-2.561394
-1.640297
-2.856395
-3.393366
-3.290173
-3.660115
-3.398882
-3.133007
-3.491861
-3.230971
-3.233904
-2.810530
-1.939159
-1.714231
-1.324501
-3.631647
-3.590821
-3.266123
-3.428281
-3.516298
-3.418582
-4.350561
-4.075890
-3.550557
-1.317868
-0.321759
-3.347590
-3.966826
-3.442428
-3.460164
-3.276020
-3.320861
-3.132510
-3.078698
-3.431118
-2.314809
-3.755152
-3.341393
-3.532140
-3.661017
-3.369420
-3.219655
-3.442832
-3.138437
-4.144280
-2.897682
-2.485209
-2.601810
-0.857884
-0.157407
-3.776283
-3.339097
-3.627318
-3.257266
-3.217735
-3.115263
-2.987961
-2.931017
-3.099153
-2.627724
-2.761253
-2.730807
-2.392482
-2.299794
-2.236598
-1.841810
-1.477883
-0.828519
-3.084574
-3.054056
-2.228085
-3.397264
-3.359900
-3.705981
-3.438055
-3.341027
-3.333478
-1.870943
-3.026562
-2.743957
-3.602154
-3.699890
-3.224949
-3.428208
-3.235133
-3.319890
-3.410938
-2.687301
-1.404286
-2.169055
-2.179119
-2.154744
-3.964876
-3.207549
-3.222859
-3.201525
-2.921324
-2.452786
-1.815048
-2.565118
-3.772864
-3.550886
-3.540552
-3.257656
-3.508313
-2.055406
-3.080839
-2.316586
-1.695981
-0.988889
-3.497529
-3.698967
-3.429608
-3.444747
-3.461082
-3.166161
-3.112194
-3.076049
-3.133763
-2.931220
-3.658682
-3.640427
-3.490262
-3.761627
-3.494765
-3.315816
-3.136271
-3.449280
-2.000237
-1.630665
-0.533519
-3.348523
-3.403271
-3.175039
-3.440750
-3.420136
-3.121886
-2.900412
-1.516523
-1.582194
-3.481504
-3.881595
-3.653890
-3.293868
-3.378324
-3.535955
-3.467472
-3.312644
-3.259126
-3.391223
-3.322581
-3.566021
-2.811081
-2.509193
-1.436934
-2.573409
-1.646262
-2.668287
-3.577886
-3.083481
-3.125650
-3.459939
-3.390014
-3.198222
-3.288529
-3.417424
-2.330463
-1.628348
-1.419290
-3.889674
-2.530977
-3.075813
-2.665488
-2.336774
-3.378683
-3.095380
-3.606395
-3.544973
-3.543029
-3.201536
-3.216299
-3.215875
-3.113975
-2.754610
-2.701620
-2.502263
-3.345389
-2.927479
-3.876903
-2.674824
-1.772446
-3.638885
-3.033610
-3.294174
-2.451712
-3.223352
-3.008428
-2.464276
-2.433953
-1.991667
-2.108936
-4.607853
-3.066449
-2.703990
-3.558118
-3.400260
-3.771355
-3.424249
-3.189697
-3.229402
-3.286132
-3.122990
-3.240797
-2.844282
-2.555671
-2.144125
-2.343501
-2.491630
-2.153811
-2.986958
-2.385377
-1.634304
-2.637580
-1.464558
-0.573265
-3.597564
-3.245554
-3.396698
-3.640690
-3.702047
-2.486132
-1.587719
-3.287142
-1.478254
-2.303957
-3.138899
-3.534899
-3.684573
-3.311814
-3.299041
-3.572709
-3.181723
-3.152373
-3.252404
-3.313055
-2.858792
-2.486049
-2.992288
-3.533490
-2.604169
-2.155759
-2.828871
-3.346347
-1.574991
-3.394898
-3.243154
-3.319665
-3.288439
-3.614615
-3.277301
-3.119485
-3.112178
-3.108968
-3.140561
-2.903632
-2.783842
-2.473419
-2.257163
-2.330481
-1.995959
-1.691679
-1.386209
-0.722150
-3.241982
-4.366487
-2.296864
-3.470653
-2.079586
-1.928979
-3.517976
-3.598570
-3.641812
-3.481209
-3.033975
-3.471978
-3.455390
-3.270745
-3.707005
-1.611803
-3.076587
-1.848167
-2.082556
-2.965819
-0.281893
-3.395164
-3.609814
-3.402204
-3.272220
-3.500130
-3.430767
-2.758114
-1.774176
-2.763338
-0.474537
-3.749145
-3.523487
-3.295820
-3.583428
-3.489946
-3.767206
-3.249238
-3.123122
-3.170483
-2.817166
-3.255164
-2.790195
-2.404217
-1.451103
-0.642929
-3.584499
-3.523576
-3.409878
-3.406060
-3.187767
-3.345838
-2.951362
-2.458862
-2.491326
-1.656652
-3.323029
-4.310843
-3.558363
-3.175032
-3.496793
-3.153284
-3.075899
-3.877858
-3.481689
-4.038725
-3.678305
-3.326672
-3.269972
-1.980019
-1.259890
-3.091644
-4.186688
-1.608125
-2.567528
-3.443307
-3.694611
-3.618924
-3.388220
-3.533861
-3.331142
-3.186303
-2.995692
-3.114093
-4.766501
-2.977832
-2.554898
-3.064860
-1.615221
-2.419134
-2.421813
-1.021485
-3.741229
-4.526749
-2.097069
-2.887241
-3.199183
-2.930604
-2.304141
-2.661011
-2.863370
-3.834334
-1.961578
-4.017921
-3.393146
-2.255311
-2.898295
-2.527914
-2.537920
-2.519299
-2.328758
-1.146542
-2.662372
-3.367497
-3.980410
-3.768813
-3.245556
-3.101516
-3.133503
-3.029267
-3.020632
-4.011627
-3.223339
-1.760870
-0.698942
-3.516427
-3.664625
-3.303170
-2.881183
-3.592072
-2.996796
-3.289702
-2.881268
-3.036663
-3.527722
-1.537590
-1.851623
-2.639083
-2.408967
-1.917228
-2.000551
-1.883927
-2.593008
-0.174603
-3.538518
-3.414412
-3.704307
-3.313412
-3.342247
-3.305905
-3.004132
-3.239604
-3.218995
-2.497223
-2.812703
-3.970125
-3.755870
-4.165180
-5.203033
-1.955228
-3.426992
-3.486361
-3.552712
-3.355487
-3.484342
-3.247053
-3.194056
-3.256349
-3.167370
-2.405184
-0.672593
-3.333274
-3.259264
-3.315386
-3.404536
-3.212584
-3.679865
-3.101764
-3.258803
-2.957351
-3.055889
-3.598710
-3.132809
-3.390596
-3.192021
-3.824712
-3.842120
-4.181811
-2.507108
-3.252885
-2.551048
-1.722715
-2.297153
-2.406512
-1.816102
-1.372988
-1.598228
-1.039933
-0.000000
-3.506617
-3.656568
-3.493177
-3.883929
-3.360900
-3.073747
-2.641041
-2.217859
-3.019831
-2.242437
-2.836847
-1.614866
-0.501852
-3.028358
-3.704679
-2.303335
-2.263947
-0.167508
-3.304289
-3.428780
-3.531668
-3.464536
-3.221506
-3.150774
-1.319080
-2.324644
-2.825367
-2.399547
-2.000878
-3.550287
-3.585064
-3.831961
-3.446546
-3.101344
-3.814852
-3.311573
-1.888547
-3.700130
-3.864705
-3.669272
-3.383354
-3.131222
-3.088673
-3.803462
-3.344550
-2.231597
-3.454755
-3.415716
-3.516968
-3.271808
-3.526230
-3.098465
-3.567927
-3.071493
-2.964647
-2.747905
-3.333850
-2.766675
-2.723317
-2.615371
-2.374814
-3.201461
-4.097495
-3.942313
-3.048960
-3.520467
-2.288548
-3.836503
-3.296764
-3.591079
-3.206251
-3.194790
-3.262492
-3.627101
-3.033139
-4.532757
-2.394200
-3.322821
-2.107797
-0.627513
-3.685609
-3.167840
-3.608702
-3.452302
-3.560499
-3.588746
-3.893530
-2.810168
-1.254769
-1.792632
-2.099112
-4.312155
-1.937938
-1.544714
-0.000000
-3.482460
-3.355386
-3.422568
-3.223342
-3.070010
-3.300236
-4.956631
-2.999943
-2.749876
-2.795455
-1.496781
-2.223298
-2.969505
-4.045048
-3.393333
-3.526220
-3.432732
-3.355068
-3.642023
-3.198330
-2.908087
-1.524275
-0.072222
-3.711528
-3.436714
-3.598393
-3.517334
-3.159509
-3.121980
-3.201416
-3.126958
-3.067853
-3.007181
-2.419894
-2.444584
-1.780590
-3.293902
-1.902184
-1.813846
-1.327285
-3.152089
-1.074074
-3.270813
-1.422317
-0.351852
-1.913312
-1.961520
-3.421450
-3.529922
-3.422787
-3.176389
-3.392511
-3.003995
-3.191839
-3.033370
-3.060795
-3.248936
-4.373638
-3.002440
-2.133085
-1.550747
-2.798139
-3.405688
-3.190048
-3.273439
-3.435471
-3.409713
-3.290241
-3.305111
-2.983029
-2.984237
-3.113562
-3.205197
-2.665401
-1.383220
-1.941532
-2.895963
-1.547917
-0.633951
-3.522280
-3.347490
-3.514253
-3.293680
-3.716544
-4.072431
-2.941127
-3.145534
-2.901100
-2.888974
-2.636449
-3.015903
-3.033352
-1.723540
-1.996504
-2.044302
-2.638617
-2.259395
-2.111063
-2.010960
-1.352604
-0.605556
-3.899816
-3.772304
-3.545810
-3.687636
-3.231653
-3.166604
-3.093195
-3.115277
-3.176188
-2.920749
-2.643496
-2.850190
-2.513101
-2.441610
-4.386279
-2.915696
-1.734849
-1.389525
-1.870730
-3.702052
-3.605500
-3.433720
-3.528057
-3.218102
-2.302957
-1.969879
-1.369718
-2.635122
-1.888512
-1.213885
-1.293211
-0.491689
-3.301812
-3.451799
-3.589033
-3.407425
-3.463653
-3.380496
-3.149176
-3.139412
-2.718142
-2.753952
-2.772298
-2.593585
-2.447607
-2.331695
-2.139969
-1.808450
-1.244748
-0.724675
-3.120661
-3.064384
-1.342069
-2.270631
-1.973004
-1.369514
-2.510679
-2.145993
-2.592005
-1.143230
-1.286981
-1.055395
-0.404321
-2.221551
-2.043860
-1.744675
-1.098792
-0.000000
-2.733804
-3.505982
-3.487065
-3.170966
-3.270147
-3.516000
-3.093394
-3.337128
-2.498353
-2.992582
-1.752567
-2.130225
-3.469856
-2.901727
-3.569419
-3.656128
-3.314699
-3.679506
-3.319415
-3.228389
-2.819395
-3.289261
-3.177016
-1.785839
-2.683383
-3.369667
-1.797770
-1.864776
-2.345860
-3.783444
-3.508456
-3.525002
-3.353867
-3.637205
-3.288030
-3.160902
-3.167025
-2.728586
-2.968989
-2.649073
-2.858156
-2.382170
-2.530530
-1.984037
-1.836708
-1.540489
-0.713805
-2.945995
-2.342650
-1.969729
-3.031956
-2.701388
-2.412366
-1.366613
-1.975494
-1.350796
-0.952650
-2.569809
-2.432330
-1.134837
-2.071862
-3.883915
-3.291151
-3.543466
-3.572891
-3.219581
-3.298367
-3.009933
-3.112913
-2.791670
-2.694839
-2.793033
-2.554232
-2.439929
-3.420898
-2.474249
-2.149332
-2.012356
-3.682692
-3.672700
-3.634863
-3.375988
-3.585011
-3.029656
-2.806227
-1.872434
-2.387299
-2.724605
-1.594874
-3.612908
-1.718323
-1.643660
-3.592755
-3.664233
-3.467618
-3.153936
-3.275292
-3.263001
-3.518495
-3.560673
-3.481363
-2.831561
-3.173087
-1.711123
-2.863857
-1.034710
-1.395622
-3.051225
-3.454248
-1.966113
-0.977989
-3.176301
-1.801021
-0.458333
-1.376264
-1.672293
-1.077357
-0.000000
-3.606537
-3.485721
-3.649566
-3.368025
-3.291363
-3.335380
-3.171385
-2.188042
-2.724267
-3.572128
-3.352131
-3.247241
-3.451696
-3.375333
-3.321866
-3.409702
-3.324229
-3.058486
-2.832677
-2.952117
-2.821038
-2.764995
-3.335835
-3.041011
-2.657579
-1.671350
-3.760805
-2.097248
-1.092409
-2.653059
-1.052225
-2.458679
-4.146380
-1.164815
-1.604860
-2.645847
-1.066308
-3.562987
-3.309000
-3.539671
-3.391550
-3.426197
-3.608834
-3.443530
-2.733020
-3.023117
-4.053360
-2.834660
-1.511111
-1.174736
-1.518106
-1.127310
-2.631019
-3.771769
-3.289881
-3.693705
-2.925818
-3.264320
-3.114918
-3.029567
-3.310546
-2.912118
-3.067121
-2.504099
-2.866175
-2.554553
-2.386024
-1.974669
-1.759933
-1.390601
-0.808081
-3.044286
-3.470596
-3.300553
-3.297477
-2.093174
-1.818034
-2.985403
-1.972970
-1.106380
-3.216386
-3.336238
-3.420006
-3.390787
-3.439535
-3.038390
-3.264161
-3.145780
-3.492542
-3.074869
-3.005233
-3.174013
-2.526415
-2.869163
-2.339763
-2.751912
-3.340641
-3.477565
-3.472967
-3.218027
-3.507490
-3.381746
-3.175990
-2.934336
-2.681104
-2.692789
-4.857207
-3.366344
-2.485335
-3.306292
-2.413229
-3.724029
-2.280737
-3.923360
-1.225020
-2.470585
-1.043834
-3.397251
-2.049856
-0.453704
-0.111111
-1.372268
-1.019639
-0.000000
-3.585492
-3.492417
-3.630154
-3.438794
-3.060683
-3.041901
-3.306061
-2.500182
-1.477702
-2.043227
-3.048156
-2.325881
-0.769885
-1.483461
-3.482965
-3.569115
-3.590286
-3.503683
-2.746507
-2.869588
-2.371668
-2.730758
-2.689581
-2.734467
-2.427408
-2.605019
-3.356673
-3.449099
-3.536242
-3.052140
-3.532139
-3.131626
-3.782874
-2.996148
-3.245325
-2.727593
-2.514338
-4.067492
-1.419390
-1.822583
-0.142857
-3.438851
-3.513305
-3.359211
-3.701756
-3.146816
-3.137513
-3.204135
-3.164040
-2.812173
-1.235178
-0.829076
-3.539233
-3.496946
-3.568946
-3.314423
-3.398905
-3.175213
-3.273670
-2.948199
-3.124632
-2.577400
-3.621252
-1.075197
-2.727051
-3.486232
-3.581134
-3.306611
-3.267675
-3.396011
-3.392052
-3.339382
-2.896814
-2.937202
-3.159538
-2.436169
-1.299691
-3.493196
-1.724879
-1.833623
-1.626969
-3.223511
-2.901574
-1.588419
-1.508631
-0.901333
-3.550988
-3.695043
-3.430977
-3.327677
-3.240469
-3.236994
-3.277477
-2.874566
-3.130654
-2.936356
-2.655808
-2.473884
-3.255390
-2.364907
-1.709657
-4.118797
-1.305504
-1.937070
-2.410710
-1.726558
-3.084701
-1.640430
-1.780120
-1.259832
-0.455144
-3.617876
-3.408967
-3.580256
-3.413699
-3.314261
-3.431631
-3.648529
-3.394009
-3.231971
-2.060647
-1.528171
-2.542864
-2.933995
-2.123182
-1.974369
-3.654771
-2.879293
-3.838567
-3.275454
-3.488787
-3.191921
-3.217085
-2.066181
-2.455991
-1.771463
-0.141975
-3.502939
-3.521087
-3.593265
-3.554549
-2.939794
-3.075215
-3.011786
-3.223460
-2.942682
-3.067210
-2.067982
-3.043853
-1.655131
-1.728469
-2.130186
-1.581954
-4.129274
-1.901160
-1.635846
-1.646277
-3.575301
-3.416800
-3.663320
-3.548176
-3.395666
-3.504936
-3.246323
-3.234854
-2.822802
-2.767033
-2.720328
-3.058625
-2.651745
-2.327718
-2.132866
-2.019870
-1.432047
-0.798316
-3.131891
-2.662931
-1.730112
-2.068982
-2.519328
-2.199212
-3.765959
-3.430414
-3.404280
-3.499571
-3.371646
-3.296178
-3.245987
-2.844409
-2.829026
-2.788379
-2.815518
-2.798245
-2.600681
-2.374400
-1.952666
-1.937887
-3.018132
-2.669462
-2.829164
-2.344019
-1.701205
-1.902217
-0.290185
-3.549869
-3.424433
-3.270531
-3.298892
-3.216762
-3.236212
-3.012181
-2.771624
-2.424621
-3.097719
-3.562938
-3.658101
-3.434383
-3.668597
-3.646573
-3.263509
-3.175557
-3.264383
-2.972510
-3.202516
-2.632694
-2.358816
-3.167024
-2.457042
-1.909014
-0.111111
-3.642502
-3.324183
-3.215824
-3.446919
-3.279699
-2.861434
-3.614387
-2.830763
-2.384689
-2.291108
-1.272288
-3.562174
-3.363969
-3.448071
-3.230848
-3.834149
-3.218790
-3.496246
-3.264470
-2.323540
-1.715539
-0.767763
-3.497939
-3.530214
-3.469368
-3.326581
-3.111700
-3.180794
-3.077921
-2.912667
-2.807959
-2.149236
-2.030668
-1.999608
-1.216340
-1.526557
-1.814013
-1.141248
-0.796223
-2.624947
-1.722857
-2.122236
-2.048526
-1.707828
-1.425642
-1.059729
-0.000000
-3.359048
-3.378962
-3.517802
-3.661987
-3.262447
-3.375993
-2.010906
-2.182047
-3.018163
-3.773370
-2.004214
-3.347746
-3.499293
-3.472504
-3.454966
-3.188479
-2.593760
-3.103937
-2.476548
-3.649743
-3.341230
-3.487627
-3.359684
-3.073903
-3.289313
-2.977270
-2.087756
-2.637878
-3.605109
-3.415431
-3.172647
-3.165324
-3.406676
-3.235325
-3.144072
-3.088160
-2.836275
-2.901120
-2.841479
-2.427601
-2.501393
-2.539795
-2.979996
-2.058286
-2.469760
-2.223473
-3.974904
-1.684315
-2.369260
-3.552419
-3.435554
-3.281514
-2.946638
-3.411171
-2.213844
-2.022498
-3.650932
-3.720322
-3.207947
-3.403950
-3.257188
-2.950508
-3.133917
-3.072865
-2.950722
-2.821694
-3.226490
-3.813067
-3.781839
-2.412489
-3.508498
-3.537853
-3.286116
-3.602638
-3.312652
-3.200769
-3.050060
-3.043223
-2.987989
-3.041560
-2.741723
-2.186955
-2.444553
-3.739533
-1.906140
-1.615351
-2.282916
-3.397428
-2.479778
-1.934799
-1.589601
-0.415509
-2.370383
-1.776628
-3.622531
-3.767626
-3.700664
-3.319363
-3.231212
-3.344350
-3.163596
-3.178407
-2.548730
-3.201164
-2.994386
-3.385644
-3.513384
-3.431877
-3.160717
-2.524462
-2.030561
-1.725039
-1.686759
-3.192126
-1.781896
-1.500333
-3.618216
-3.572406
-3.493082
-3.288659
-3.067668
-2.334380
-3.475301
-1.975435
-0.111111
-3.576914
-3.570178
-3.270589
-3.453651
-3.595991
-2.874270
-2.539442
-2.494725
-4.743754
-3.313527
-2.668587
-1.314038
-3.367892
-3.327881
-3.556387
-3.123184
-3.472006
-3.364556
-2.783041
-2.207391
-2.475687
-2.084326
-1.276813
-1.993536
-1.946542
-2.602809
-3.754226
-3.488057
-3.327855
-3.834312
-3.432941
-2.376306
-2.077767
-3.375114
-3.520329
-3.440678
-3.765605
-3.131853
-3.483976
-3.492632
-3.166727
-2.855333
-2.960028
-2.702733
-2.790463
-2.872952
-2.276847
-1.249319
-1.171215
-3.266068
-3.011695
-3.426041
-3.319845
-2.930890
-2.273779
-3.418904
-1.848196
-2.198478
-2.616575
-4.584154
-3.247924
-3.628141
-1.400378
-3.504607
-3.534265
-3.347283
-3.409691
-3.343993
-3.386038
-2.760550
-2.045974
-2.215415
-1.398721
-3.274369
-1.603128
-3.612274
-3.431654
-3.429339
-3.450430
-3.201576
-2.383407
-1.453135
-0.206349
-3.511961
-3.307927
-3.484905
-3.458178
-3.527063
-2.624517
-1.931378
-2.901317
-3.549154
-3.374067
-3.220489
-3.425474
-3.447277
-3.474762
-3.185065
-3.301783
-2.388409
-1.477558
-0.203704
-3.281243
-3.354908
-3.454642
-3.364711
-3.635765
-3.309657
-3.191216
-2.568276
-1.164050
-2.508853
-2.102534
-1.352053
-3.538445
-3.421684
-3.331925
-3.341043
-2.810975
-2.505669
-2.043430
-1.247020
-3.584490
-1.651447
-2.849288
-1.796845
-1.164426
-3.391424
-3.539824
-2.877655
-3.512683
-3.136583
-3.174778
-3.081565
-2.453574
-1.256564
-4.299852
-0.924880
-1.194471
-3.393432
-1.134140
-3.312965
-3.480954
-3.486593
-3.257523
-3.294026
-3.996666
-2.811550
-2.470947
-2.580650
-3.845421
-3.467500
-3.473261
-3.208276
-3.422146
-3.137835
-3.129082
-2.056543
-3.384896
-2.894130
-2.769576
-3.445071
-3.485452
-3.496787
-3.292422
-3.447800
-3.382598
-3.272989
-2.932918
-3.113853
-1.856320
-3.733411
-3.596880
-3.531158
-3.305267
-3.038726
-3.681090
-2.900194
-2.301826
-3.869616
-3.274864
-3.581370
-3.355376
-3.398647
-3.462465
-3.285538
-3.279967
-3.298414
-3.116504
-2.823260
-3.379940
-2.817672
-1.014422
-2.844684
-2.163403
-2.274759
-1.402910
-2.360404
-2.501465
-2.053789
-0.885855
-3.604372
-3.279959
-3.503063
-3.395884
-2.779795
-2.644328
-2.638288
-3.619787
-3.381217
-3.617748
-3.571231
-3.896047
-3.136316
-3.233989
-3.593320
-2.559228
-3.898645
-2.677775
-3.105341
-1.983585
-1.226912
-3.623352
-3.418215
-3.061648
-3.382298
-3.478391
-3.215245
-3.094331
-1.671622
-3.984821
-3.605088
-3.630297
-3.215855
-3.530727
-3.518857
-3.570491
-3.135261
-3.035396
-2.594200
-3.122243
-3.025602
-1.967925
-1.268058
-4.271984
-3.301597
-3.494614
-3.298117
-3.204481
-3.350054
-3.239970
-2.752399
-1.252522
-3.157798
-2.596671
-2.515838
-1.232905
-1.415233
-1.831210
-2.525122
-3.526953
-3.390938
-1.262748
-3.350923
-3.969769
-3.629104
-3.193241
-3.498400
-3.163484
-2.535106
-2.739285
-1.349984
-2.886388
-1.484751
-2.734870
-1.547937
-3.948553
-3.634344
-3.477207
-3.366935
-3.319859
-2.962129
-2.478570
-0.853823
-2.777334
-1.731777
-2.964279
-2.501747
-3.175744
-3.734524
-3.681765
-3.508832
-3.328013
-3.240089
-1.793651
-3.475643
-2.667181
-2.441334
-3.764816
-2.481745
-3.620222
-3.623973
-3.625857
-3.740954
-3.196015
-3.309803
-3.179095
-3.155019
-3.155883
-2.280171
-1.229982
-1.291515
-3.566372
-3.603843
-3.520536
-3.228866
-3.093902
-3.350410
-3.237754
-2.972865
-2.703709
-0.955009
-0.888127
-3.264399
-3.511936
-3.235296
-3.489512
-3.587354
-3.322733
-3.061796
-3.094574
-3.637803
-3.328117
-1.077665
-1.691867
-1.597417
-3.753509
-3.300498
-3.142079
-3.775366
-3.434551
-2.784549
-2.469541
-1.251329
-3.251149
-2.313919
-1.650409
-1.714516
-1.994792
-1.443424
-1.907552
-2.481138
-1.738711
-2.548404
-1.422607
-1.377787
-1.554925
-0.986645
-0.000000
-3.561439
-3.504934
-3.550911
-3.568091
-3.611421
-3.247199
-3.366803
-2.981254
-3.034448
-2.627510
-2.758816
-2.902535
-2.461535
-2.477225
-2.055908
-1.854689
-1.500978
-0.746708
-3.014804
-2.669882
-2.726450
-2.931241
-2.088423
-1.908884
-2.515830
-3.923928
-3.604988
-3.404520
-3.212583
-3.469965
-3.123221
-2.926145
-3.003050
-2.975214
-2.747401
-2.723277
-2.896206
-2.815077
-2.472533
-2.066691
-1.561498
-1.299949
-0.667861
-2.802839
-1.913553
-2.377385
-3.489210
-3.603012
-3.664656
-3.376730
-3.334095
-3.150886
-3.110138
-2.895877
-2.474433
-2.515694
-2.417498
-2.506041
-3.268311
-0.952778
-3.198818
-2.919137
-1.382856
-3.751522
-3.639667
-3.458244
-3.443726
-3.224820
-3.271901
-3.114798
-3.392347
-3.360188
-2.731234
-1.683951
-1.314559
-2.427689
-1.931339
-3.443029
-3.299231
-3.894172
-3.263717
-3.391757
-3.231572
-3.220951
-3.193648
-3.514485
-2.848141
-1.818198
-1.052355
-3.103638
-1.391428
-2.733352
-3.385979
-3.903791
-3.683436
-3.551608
-3.499172
-3.387870
-3.220452
-2.795305
-2.504975
-2.982667
-2.977243
-2.406187
-1.243957
-3.438426
-3.509330
-3.331295
-3.379366
-3.261895
-3.176012
-3.094047
-3.131413
-3.399900
-3.067423
-0.970119
-1.607893
-3.032004
-3.795574
-1.084116
-1.478968
-1.026503
-2.909516
-2.963279
-2.722078
-2.690860
-2.417782
-2.615328
-1.996585
-1.078415
-0.000000
-3.637782
-3.883852
-3.310295
-3.500189
-3.620894
-3.055259
-3.050295
-2.615703
-3.115768
-3.394345
-3.454976
-3.450143
-3.266293
-3.564157
-3.478817
-2.193120
-2.470062
-2.342863
-1.837116
-3.449250
-3.493805
-3.166661
-3.451175
-3.363745
-3.146802
-3.075385
-3.750327
-3.629472
-2.898124
-2.689448
-4.841374
-2.449441
-1.785521
-1.815955
-2.612144
-2.058875
-2.635994
-2.849118
-1.440948
-3.688076
-3.694671
-3.381449
-3.429854
-2.767225
-2.257610
-2.600241
-1.721184
-3.641926
-0.956801
-2.545245
-0.847534
-3.854226
-3.815829
-3.315664
-3.237539
-3.323758
-2.063981
-1.649224
-2.517880
-3.342279
-1.100962
-1.817727
-1.457788
-2.350793
-3.670580
-3.623753
-3.233942
-3.490265
-3.137761
-3.231498
-3.097740
-2.081860
-3.789798
-3.114071
-1.044350
-1.145374
-3.887056
-3.688772
-3.163930
-3.470132
-3.270274
-3.228151
-3.285501
-2.902429
-2.838720
-1.219639
-1.702878
-1.413765
-1.589626
-2.546169
-3.010867
-1.657332
-0.706834
-2.398597
-3.733028
-3.624507
-3.258450
-3.737092
-3.197085
-3.332302
-3.248744
-3.651773
-3.161837
-1.530468
-2.737212
-2.912415
-3.970794
-3.753517
-3.489593
-3.161245
-2.592262
-2.264234
-2.333930
-2.602939
-4.136420
-3.586483
-3.524056
-3.350625
-3.323774
-2.880514
-2.109094
-1.911966
-3.161050
-3.076566
-1.966010
-1.466828
-1.658693
-1.100761
-2.312293
-2.573977
-2.829598
-2.170078
-1.144038
-3.749751
-3.586319
-3.584486
-3.351780
-2.781353
-2.182713
-1.834811
-2.996995
-0.985387
-1.941291
-0.675926
-4.007151
-3.530459
-3.256331
-3.383625
-3.157669
-3.349016
-3.313544
-3.074945
-3.141291
-3.033202
-2.573766
-3.086732
-1.854413
-2.628797
-2.071321
-1.525972
-1.160706
-2.585325
-2.136908
-3.955371
-3.708161
-3.371184
-3.693733
-2.695855
-2.296068
-3.013022
-1.437762
-2.098455
-1.322479
-1.566112
-1.268442
-1.936640
-0.889583
-1.957906
-0.498847
-1.222125
-2.112397
-1.789385
-1.688023
-1.004781
-0.000000
-3.590403
-3.509200
-3.307369
-3.797108
-3.316384
-3.233347
-3.111546
-2.915423
-2.011028
-3.219314
-1.618320
-4.060936
-1.102913
-3.561268
-3.492749
-3.462452
-3.422157
-3.408731
-3.110410
-3.170440
-3.191257
-3.271427
-1.371342
-2.463381
-2.229355
-2.388386
-2.141752
-0.972594
-1.967965
-2.016308
-3.954158
-1.424485
-2.732430
-2.449421
-3.894034
-3.664211
-3.739348
-3.592131
-3.698730
-3.209163
-3.221464
-3.236449
-3.232110
-3.003574
-2.536633
-1.781786
-0.487500
-3.375605
-3.508394
-3.634693
-3.365892
-3.405137
-3.081568
-2.851587
-2.298205
-2.033941
-2.251588
-3.736461
-3.500258
-3.362749
-3.540704
-3.398336
-3.206191
-3.184239
-3.001471
-2.352645
-1.922664
-1.790675
-0.166667
-3.536890
-3.587147
-3.320220
-3.266304
-2.999201
-3.300890
-3.212544
-3.262926
-3.077854
-2.569751
-2.508169
-2.823537
-2.281037
-3.121991
-2.191631
-2.593897
-3.256555
-1.416306
-1.547109
-1.096863
-3.730388
-3.415299
-3.230064
-3.214471
-3.411335
-3.175831
-2.557718
-2.468283
-2.705821
-2.151051
-3.512258
-3.271789
-3.403004
-3.261711
-3.314062
-2.435791
-2.967581
-2.744210
-2.089602
-1.440037
-2.668571
-1.389521
-0.194444
-3.581106
-3.873132
-3.583737
-3.250090
-3.390978
-2.981608
-3.229867
-2.856029
-3.239769
-2.963274
-2.953947
-2.788867
-2.658617
-2.363871
-2.047414
-1.813734
-1.587902
-0.617803
-2.836833
-1.971762
-4.279402
-2.403189
-1.927630
-1.780880
-1.868639
-3.718163
-3.745325
-3.548439
-3.441073
-3.163614
-2.479697
-1.771074
-2.493030
-1.998171
-1.402674
-0.770833
-1.540174
-1.476492
-1.042892
-3.365020
-3.476504
-3.404393
-3.311094
-3.529756
-3.446253
-3.085956
-3.128312
-1.990536
-1.237821
-1.977519
-1.807901
-2.955521
-1.606848
-2.155233
-3.195873
-1.178919
-0.898114
-1.436982
-3.348311
-3.366938
-3.491557
-3.321355
-3.431203
-3.351473
-2.969513
-3.189947
-3.117236
-2.919166
-2.801715
-1.544149
-3.125698
-1.944130
-2.600954
-3.408205
-2.403519
-0.174242
-3.302491
-3.386096
-3.289175
-3.503266
-3.495256
-3.268408
-3.487776
-2.571859
-4.004514
-3.547821
-1.675120
-1.915203
-1.470829
-3.491760
-3.367611
-3.441175
-3.483723
-3.425853
-3.443417
-3.140391
-2.164233
-1.938459
-4.202055
-3.679554
-1.613507
-3.762885
-3.708159
-3.403460
-3.403320
-3.548875
-3.452221
-3.012620
-3.289375
-3.025758
-3.205847
-3.043783
-4.304682
-2.471808
-3.278892
-3.395274
-3.508322
-3.295241
-3.384601
-3.066362
-3.374415
-3.144133
-3.074047
-2.910626
-2.628867
-2.728899
-2.452151
-2.168353
-2.296432
-4.015689
-2.824461
-2.926638
-2.525954
-3.010883
-2.192213
-1.888245
-3.310646
-1.469758
-2.265332
-0.676823
-2.854300
-1.950645
-2.443751
-0.387500
-1.539296
-1.180809
-0.000000
-3.637171
-3.683600
-3.439440
-3.369906
-3.715481
-3.814089
-3.143003
-3.205235
-2.934056
-3.206742
-3.716366
-2.872598
-1.714257
-1.662290
-2.311232
-2.992127
-3.145053
-3.080278
-3.908741
-3.844691
-3.535113
-3.589347
-3.394491
-3.684974
-3.075496
-3.216325
-2.911391
-2.884889
-2.432293
-3.631766
-2.254612
-1.931885
-2.739347
-2.194865
-2.592596
-4.371644
-3.719695
-3.301611
-3.183492
-3.279453
-3.299833
-3.200405
-3.235222
-3.062496
-3.996991
-3.817390
-2.880134
-1.870062
-2.556792
-2.815059
-4.518418
-4.522856
-3.510587
-3.600107
-3.500034
-3.840146
-3.151033
-3.119866
-3.282349
-4.078091
-3.884939
-4.019223
-2.423718
-3.499316
-2.892574
-3.885293
-3.190272
-3.751638
-3.509219
-3.515698
-3.059771
-2.640307
-3.707511
-2.265300
-0.341146
-3.447542
-3.687027
-3.478595
-3.424049
-3.381266
-3.311023
-3.727462
-2.187136
-1.967696
-2.509731
-2.304788
-1.743995
-1.071567
-3.533459
-4.206919
-3.132551
-3.121318
-3.110725
-5.121253
-3.012215
-3.609439
-1.341555
-1.931228
-2.781306
-2.934897
-2.747639
-2.447428
-2.170427
-0.960973
-2.530549
-1.520053
-2.155796
-1.496740
-1.042169
-0.000000
-3.926485
-3.522181
-3.552161
-3.471950
-3.022677
-2.557347
-1.842739
-2.797979
-1.941465
-1.606212
-1.245818
-3.026179
-1.883385
-2.631376
-2.757694
-2.614347
-1.397781
-3.588919
-3.345473
-3.641096
-3.556931
-3.397308
-3.191804
-3.187454
-2.918420
-3.321143
-3.012266
-2.773788
-3.325916
-1.276505
-0.100000
-4.019892
-3.724345
-3.337047
-3.929733
-3.342028
-3.264369
-3.011417
-3.082764
-3.078316
-2.744886
-2.834832
-2.320054
-3.018103
-2.686272
-2.383938
-3.322685
-2.432043
-2.297226
-1.986533
-1.599465
-1.873649
-1.785423
-3.857529
-3.314924
-3.094944
-3.527071
-3.378909
-3.136739
-3.181054
-3.166234
-2.725186
-2.639938
-2.949947
-3.324756
-2.735582
-1.666168
-3.042747
-2.249735
-2.725745
-2.693503
-2.386132
-3.533918
-3.557093
-3.695730
-3.581196
-3.165019
-2.428873
-3.063797
-3.147067
-2.533022
-3.267864
-3.118081
-3.848745
-3.348561
-3.203196
-3.373865
-3.118450
-3.260437
-4.376778
-2.488485
-2.633898
-1.714775
-4.178289
-2.152467
-2.378442
-1.200586
-3.543328
-3.548680
-3.500579
-3.384500
-3.286661
-3.113663
-3.082909
-3.101583
-2.976228
-2.698715
-2.647873
-2.558414
-2.544625
-2.518208
-2.011750
-1.869023
-1.393082
-0.820644
-3.029710
-2.803260
-3.698220
-2.730760
-2.790570
-3.664161
-3.490937
-3.554811
-3.595666
-3.438491
-3.195164
-3.215622
-2.837753
-3.096924
-2.757391
-2.618178
-2.659807
-2.995393
-2.850496
-3.317935
-1.681845
-0.871096
-3.799268
-3.525548
-3.446912
-3.552168
-3.085398
-2.993783
-2.311512
-2.110821
-2.795152
-2.273977
-3.923514
-3.752581
-3.577229
-3.293215
-3.363405
-3.219100
-2.823889
-2.482805
-4.286812
-2.183951
-3.236691
-1.926123
-2.141142
-3.840612
-3.287158
-3.508512
-3.465397
-3.297210
-3.401427
-3.271954
-4.148499
-2.679029
-1.856520
-2.610460
-2.452086
-2.957027
-3.452001
-3.262358
-3.559802
-3.376505
-3.267096
-3.222364
-3.973986
-3.466647
-2.228955
-1.934686
-2.803863
-2.380028
-3.811675
-3.450168
-3.447858
-3.455688
-4.066079
-2.579508
-2.786883
-3.751616
-3.467673
-3.099361
-3.295699
-2.966873
-3.963771
-2.628411
-1.763261
-3.115190
-4.296911
-1.368575
-1.320288
-1.664038
-1.293771
-1.442759
-1.719849
-2.285555
-2.085328
-1.740830
-1.617835
-1.216408
-0.000000
-3.510160
-3.778858
-3.538907
-3.438138
-3.293545
-2.229613
-2.129866
-3.284401
-2.622043
-2.288663
-1.533809
-3.010479
-3.050855
-3.652655
-3.320470
-3.658896
-3.394169
-2.697511
-3.043076
-3.347636
-3.020011
-2.440337
-1.487199
-3.568116
-1.629473
-3.530227
-3.475867
-3.338552
-3.544133
-3.283665
-3.347350
-3.350156
-3.039505
-2.926513
-2.801825
-2.664573
-3.281775
-3.063014
-1.975599
-1.843644
-2.316075
-2.984269
-2.469273
-2.401237
-1.340356
-1.164668
-4.080226
-3.726355
-3.711877
-3.537762
-3.085462
-2.778703
-3.331543
-4.032025
-2.844197
-3.921213
-3.181432
-1.529979
-4.128238
-3.543338
-3.334652
-3.379269
-3.237879
-3.298205
-3.447764
-4.043554
-2.862585
-2.810625
-2.943691
-2.673689
-2.072076
-1.214429
-2.964265
-1.496530
-3.887765
-3.505230
-3.082126
-3.126016
-3.191799
-3.363752
-3.269233
-2.944355
-2.962125
-2.900083
-2.781346
-3.172148
-2.506932
-1.641672
-2.462400
-2.749080
-2.898942
-4.845168
-3.649725
-3.567798
-3.579399
-3.433546
-3.438610
-3.121880
-3.478828
-3.248232
-2.483639
-1.338834
-1.851696
-2.716598
-2.261068
-3.137692
-1.304203
-3.614307
-3.622725
-3.361920
-3.195335
-3.566804
-3.377739
-3.267029
-1.938745
-2.951676
-1.966790
-1.951184
-1.331927
-3.333502
-2.236764
-3.547119
-4.127075
-3.013626
-3.447722
-3.551015
-2.961842
-3.443001
-2.794423
-3.438025
-2.285093
-0.118056
-3.841716
-2.572391
-3.094854
-3.115986
-3.301805
-3.396100
-2.974206
-3.719446
-4.422927
-2.573006
-3.538322
-3.510321
-3.538422
-3.704736
-3.265053
-3.361853
-3.465048
-3.635234
-3.336618
-2.006630
-3.958925
-1.992407
-3.811746
-3.568375
-3.282595
-3.207641
-3.232965
-2.764577
-3.197748
-3.300562
-3.195827
-3.563052
-1.992741
-3.579521
-3.497760
-2.613704
-3.375810
-3.288131
-3.533518
-3.225510
-2.851436
-2.840028
-2.884421
-2.943279
-2.346983
-3.086298
-3.088677
-4.487279
-2.282599
-3.511614
-3.645808
-2.744380
-3.168151
-3.425694
-3.103745
-3.115071
-3.107662
-3.511526
-1.294906
-2.256591
-3.161668
-2.342680
-3.702419
-3.570510
-3.526262
-3.388161
-3.507414
-3.419213
-3.148375
-2.977286
-3.216287
-2.931386
-3.121066
-2.944120
-2.663769
-1.499329
-2.691196
-1.402282
-0.907440
-3.578470
-3.650673
-3.353116
-3.172556
-2.967065
-3.098596
-3.170007
-2.742387
-3.242072
-2.576684
-3.350460
-2.859859
-2.150090
-3.769448
-3.934524
-3.388084
-3.120136
-3.217485
-2.974522
-3.654541
-3.038997
-2.413749
-3.442700
-2.486226
-2.410147
-2.067803
-1.177544
-1.766043
-3.754303
-1.827086
-0.881250
-1.343510
-2.511011
-2.326850
-4.066776
-3.154595
-3.244115
-3.534147
-3.380178
-3.077521
-3.308918
-3.095945
-3.059295
-3.101362
-2.969439
-2.294327
-2.764036
-2.627298
-1.192397
-0.483333
-3.895520
-3.044298
-3.563389
-3.640705
-3.327978
-3.010413
-3.456220
-3.065053
-3.115142
-3.087334
-2.594610
-2.759877
-2.576753
-2.120173
-1.905801
-1.810133
-1.605777
-0.738447
-4.198226
-2.585422
-2.114120
-1.598013
-3.530002
-3.998863
-3.321924
-2.430285
-3.631789
-1.524698
-1.905494
-2.815203
-2.697361
-3.581270
-1.874823
-1.328505
-3.351096
-3.650882
-3.244322
-3.302143
-3.224354
-3.401390
-3.468923
-3.162904
-2.788316
-2.985815
-2.793833
-3.085612
-3.046565
-2.947008
-2.879919
-1.241207
-0.593750
-3.665775
-3.892181
-3.486201
-3.001218
-3.345605
-3.325372
-3.097758
-2.968836
-3.008162
-3.120348
-2.870550
-2.944184
-1.899474
-2.916994
-2.262730
-2.012698
-3.663142
-2.977601
-3.658752
-3.601696
-3.593218
-3.549179
-3.084456
-3.198556
-3.029699
-3.084051
-3.072902
-2.806770
-2.771367
-3.059547
-2.627375
-2.501190
-2.044742
-1.779791
-1.255460
-0.541667
-2.729334
-3.103909
-5.026395
-1.908765
-0.376042
-3.504241
-3.689012
-3.336524
-3.120649
-2.988603
-3.140254
-3.201023
-2.769057
-3.546098
-3.239175
-2.755327
-2.260116
-0.641996
-3.554358
-3.413967
-4.039714
-3.405931
-3.335006
-3.068444
-2.980326
-1.949516
-3.322334
-3.189841
-3.910591
-3.306539
-3.232098
-3.941936
-3.086740
-3.094299
-2.852882
-3.145473
-2.673736
-2.721808
-2.012074
-2.210580
-2.150422
-3.045739
-3.096591
-1.918120
-0.151786
-3.884650
-3.627054
-3.752844
-3.410104
-3.238934
-3.441683
-3.075221
-2.853198
-2.984405
-2.794801
-2.594093
-2.154700
-1.756775
-2.168981
-1.986242
-3.588329
-4.462753
-3.314209
-3.142088
-2.739529
-3.265972
-3.084649
-3.054187
-3.010099
-3.016065
-3.108235
-2.444638
-3.363638
-3.600073
-3.531423
-3.560810
-3.490636
-3.175242
-3.024699
-2.899779
-3.909837
-2.359289
-3.466372
-2.840397
-3.528462
-3.265671
-3.190629
-2.956988
-3.201470
-3.136262
-3.001897
-2.900807
-2.964486
-2.785541
-2.891493
-2.074415
-2.683163
-3.828195
-3.542058
-3.424888
-3.651415
-3.402925
-3.262150
-3.237844
-3.182558
-2.890136
-3.076458
-2.913443
-2.581256
-3.365654
-2.403107
-2.490650
-3.690303
-2.034681
-1.565713
-1.973678
-2.473422
-3.415531
-3.045253
-3.676965
-2.988871
-3.012642
-2.735294
-2.986490
-3.234720
-1.454503
-2.375199
-1.698361
-2.197649
-3.538491
-3.363279
-2.080477
-1.945150
-3.495153
-3.109519
-3.345273
-3.337384
-3.973442
-3.907752
-2.674583
-1.471531
-2.953581
-1.584365
-1.994111
-2.745815
-3.605075
-1.650012
-0.524702
-1.805197
-3.670965
-2.752348
-1.819387
-3.032487
-3.510332
-3.293366
-3.120833
-3.275819
-3.096514
-3.053415
-2.802237
-1.686112
-0.453170
-3.379336
-3.660091
-3.371846
-3.603913
-3.247758
-3.059660
-3.175669
-2.980417
-3.140180
-2.810207
-3.031670
-2.870315
-3.679658
-3.473244
-3.553682
-3.342446
-3.278439
-3.069854
-3.184101
-2.906014
-3.563114
-2.697537
-1.767634
-0.443287
-3.706872
-3.615279
-3.463715
-2.780182
-2.905860
-3.465467
-3.250830
-2.557814
-3.084612
-2.592475
-4.256499
-3.017140
-3.094457
-3.121808
-1.859269
-3.091263
-1.655503
-1.866613
-1.640014
-3.632723
-3.906155
-3.841351
-3.528044
-3.324414
-2.780766
-3.027459
-2.989534
-2.950272
-2.731799
-2.916540
-2.867277
-3.273334
-2.655682
-3.924575
-5.277576
-3.792174
-1.754340
-2.455987
-2.461701
-2.284973
-1.848469
-1.556142
-1.129105
-2.629492
-1.707788
-3.394319
-3.694462
-3.019142
-3.483198
-3.368296
-3.236303
-3.207711
-3.130258
-2.976333
-3.823100
-3.158181
-2.212103
-3.126706
-3.310965
-3.203384
-3.522662
-3.594332
-3.145855
-3.297127
-4.300059
-2.859646
-2.083798
-3.637830
-3.653449
-3.575097
-3.245220
-3.273788
-3.299033
-3.316806
-2.803662
-3.943346
-2.211615
-3.327560
-3.707355
-2.628931
-1.853902
-2.198155
-4.069825
-2.193652
-2.887159
-2.771186
-3.642933
-3.533590
-3.360370
-3.345861
-3.659444
-3.354179
-3.416040
-3.111477
-2.720178
-1.990740
-2.945818
-1.068951
-2.268720
-3.231710
-1.277354
-3.490641
-2.158174
-1.174381
-0.907031
-2.416070
-2.145602
-2.055170
-1.192325
-0.000000
-3.359610
-2.972658
-3.566064
-3.377659
-3.281160
-3.394074
-3.580655
-3.691630
-2.757327
-2.878380
-2.021556
-2.634522
-2.327763
-3.473735
-3.847198
-3.363357
-3.581191
-3.339247
-3.260440
-2.808115
-2.814199
-2.554536
-2.216778
-2.739394
-1.883001
-3.352354
-1.459418
-3.584530
-3.739131
-3.443710
-3.359127
-2.865918
-3.493531
-3.163186
-3.028557
-3.603848
-2.192946
-2.938907
-1.844670
-3.039315
-1.353914
-3.364020
-3.470732
-3.525414
-3.371947
-3.466289
-3.017050
-3.167290
-3.052378
-2.835379
-2.886315
-1.037649
-2.966687
-2.189160
-3.086838
-3.381886
-3.277618
-3.647721
-3.039808
-3.193084
-3.234534
-3.071760
-3.197863
-1.923370
-1.636377
-0.125000
-3.666144
-3.730813
-3.815743
-3.422293
-3.410584
-3.218881
-2.946646
-3.196262
-3.176982
-3.612512
-2.423427
-3.675899
-3.476542
-3.484815
-3.100864
-3.529722
-3.359639
-3.169531
-2.831553
-2.656003
-1.643714
-1.449761
-3.409445
-3.513995
-3.552781
-3.866896
-3.154938
-2.342497
-1.610141
-3.732027
-3.574931
-3.246127
-3.657544
-3.303480
-3.305978
-2.999695
-3.304086
-1.439387
-2.688187
-2.279865
-3.566059
-3.455019
-3.204602
-3.570591
-3.529427
-3.330319
-3.149146
-3.024437
-3.023419
-3.210520
-2.439579
-1.403597
-3.429677
-2.527942
-1.912988
-2.164568
-3.368966
-3.438598
-3.482643
-3.592179
-3.650253
-3.288263
-3.443950
-4.019337
-2.862478
-2.622786
-1.791136
-2.804775
-1.363987
-1.216146
-3.155600
-3.535424
-3.087119
-3.273926
-3.267623
-2.727676
-2.968247
-3.054191
-1.445668
-3.136068
-3.635626
-3.602930
-3.717636
-3.319062
-3.406988
-3.324658
-3.058807
-2.558869
-1.344682
-2.009108
-4.057356
-2.914968
-3.501734
-3.524493
-3.372971
-3.597991
-3.469751
-3.050923
-2.684065
-2.224629
-3.019438
-3.267446
-1.858913
-3.029277
-2.772869
-0.164773
-3.676517
-3.536704
-3.430654
-3.340003
-3.605248
-3.385012
-2.909417
-3.008883
-2.865559
-3.297420
-2.353298
-1.203225
-0.125000
-3.572308
-3.429311
-3.431126
-3.249044
-3.131304
-3.103078
-2.881381
-2.115247
-1.654824
-3.636199
-3.635402
-3.117146
-3.050563
-3.456182
-3.165637
-2.853592
-2.442237
-1.662201
-2.190679
-3.531345
-3.504939
-3.492480
-3.396158
-3.323067
-3.107641
-3.334866
-2.954183
-2.452945
-3.885190
-3.262580
-3.383864
-1.840616
-2.865472
-3.709231
-3.596804
-3.110452
-3.295746
-3.296180
-3.235523
-3.477665
-3.123803
-2.963506
-2.373225
-3.504357
-2.321207
-3.373163
-1.720236
-2.037517
-0.278646
-3.535373
-3.586529
-2.965010
-3.493942
-3.365660
-3.311904
-3.045410
-2.359788
-2.239397
-2.019624
-2.150011
-2.428139
-1.434984
-0.318452
-3.323629
-3.454458
-3.460433
-3.432858
-3.302186
-3.233959
-3.322039
-3.809153
-2.274656
-3.553688
-3.420585
-3.330752
-3.579547
-3.124589
-3.329737
-3.047934
-3.343980
-2.787741
-2.997207
-2.977999
-2.767695
-2.726632
-2.461714
-2.906895
-2.189041
-2.915185
-3.059786
-1.950369
-3.498989
-3.311471
-3.006740
-3.584138
-3.386188
-3.283988
-3.128173
-3.000738
-3.034462
-2.823500
-3.214314
-3.110631
-2.547542
-3.090341
-2.123804
-1.832805
-4.218120
-2.812227
-3.460133
-3.183786
-3.511473
-3.705812
-3.211169
-3.031601
-3.401994
-2.773952
-2.913460
-2.967866
-2.908916
-3.397347
-2.865791
-3.331633
-2.967662
-3.759265
-2.516656
-2.943818
-3.706421
-3.583428
-3.443488
-3.483032
-3.219004
-3.321997
-3.312026
-3.175533
-3.824442
-2.454045
-2.461210
-3.343683
-2.919601
-1.951032
-1.804569
-0.358102
-3.357895
-3.466942
-3.090268
-3.467238
-3.542793
-3.287792
-3.386523
-2.794008
-1.486011
-0.250000
-3.294769
-3.784656
-3.412444
-3.584169
-3.397413
-3.037390
-2.330196
-1.502351
-3.067003
-0.339732
-1.088344
-1.416692
-1.379860
-2.120037
-2.323863
-0.999782
-3.660125
-3.913555
-3.504440
-3.389211
-3.628843
-3.359606
-3.494394
-3.130495
-2.998836
-2.931898
-2.890069
-2.671393
-4.390808
-2.739636
-2.207036
-1.670752
-0.304583
-3.582235
-3.376259
-3.600049
-3.457239
-3.511836
-3.312431
-3.174400
-3.130158
-3.765001
-2.724674
-1.479124
-1.714419
-2.140567
-1.800669
-1.259275
-2.313601
-3.736212
-3.633660
-3.494532
-3.523393
-3.026474
-3.251495
-3.466704
-3.144295
-2.792615
-3.421641
-2.026012
-4.011701
-2.344424
-3.209603
-1.129588
-3.872435
-3.416519
-3.365678
-3.439141
-3.003979
-2.604596
-2.847500
-3.642680
-2.668282
-2.123665
-3.449372
-3.565676
-3.161997
-3.471884
-3.005285
-3.017516
-3.134133
-1.938598
-1.973631
-1.730637
-1.600812
-1.850799
-3.063036
-2.494021
-3.552967
-3.816589
-3.421022
-3.531284
-3.567723
-3.346112
-3.537024
-3.104343
-4.063879
-1.460501
-1.323577
-1.932940
-1.296171
-3.926802
-1.090138
-3.197848
-3.896608
-3.098679
-3.484053
-3.246177
-3.360157
-2.942532
-2.538185
-2.728865
-2.025560
-2.024135
-0.370833
-3.657035
-3.591008
-3.211305
-3.472708
-3.086091
-2.735808
-2.673304
-3.590769
-3.450346
-3.979215
-3.148185
-3.256121
-3.163940
-3.107743
-1.888164
-3.391787
-2.038380
-3.420445
-3.488373
-3.605405
-3.800151
-3.375191
-3.349133
-3.400805
-2.988089
-5.345014
-1.718543
-1.700462
-1.853970
-2.241794
-3.825605
-3.813768
-3.555786
-3.354182
-3.590040
-3.248309
-4.541719
-3.116516
-1.678382
-2.545957
-1.780287
-1.953078
-1.459688
-1.590055
-3.733078
-3.650521
-3.276802
-3.582203
-4.234882
-2.379297
-3.458742
-2.267653
-1.319263
-1.990750
-3.699087
-3.413259
-3.700936
-3.326339
-2.898832
-3.262089
-3.144653
-3.182387
-2.974612
-3.279454
-2.348688
-2.356074
-2.026451
-2.109598
-1.922149
-2.462444
-1.915365
-1.845549
-1.310292
-2.635675
-2.980896
-3.575882
-3.012671
-3.451051
-3.371563
-3.321827
-3.427219
-2.975398
-3.103473
-2.576861
-2.809525
-2.304465
-2.541867
-2.151816
-1.962408
-1.724469
-1.385407
-0.725406
-3.182419
-2.894547
-2.670419
-2.149173
-2.467159
-3.526992
-3.565725
-3.475441
-3.337456
-3.323181
-3.348827
-3.106505
-3.022718
-3.188419
-3.039597
-2.768482
-1.768533
-2.636374
-1.119390
-1.394996
-2.489101
-0.873280
-0.872510
-4.271625
-0.568750
-0.312500
-2.259161
-2.127880
-1.580187
-1.286711
-0.000000
-3.414189
-3.484029
-3.679150
-3.346745
-2.849215
-3.567626
-1.302737
-2.742878
-2.635614
-1.842229
-0.297917
-3.690146
-3.538779
-3.515096
-3.265343
-3.639696
-3.312613
-3.256082
-3.175250
-3.780707
-2.937981
-2.737998
-2.847145
-2.582270
-3.977371
-3.308092
-3.636715
-3.351403
-3.639708
-3.281231
-3.315953
-2.102885
-4.083469
-3.705096
-3.148896
-0.879415
-3.680406
-3.732554
-3.474195
-3.565728
-3.244220
-3.179758
-3.219840
-2.799065
-3.516200
-2.595945
-2.850374
-2.728273
-2.916692
-2.499990
-2.220056
-1.889143
-0.806250
-2.824754
-2.541209
-4.943743
-2.236718
-1.174712
-2.811811
-2.028993
-3.277627
-3.669886
-3.484955
-3.712113
-3.629450
-3.049099
-3.336082
-2.638406
-2.795393
-1.788914
-2.114143
-0.113095
-3.734357
-3.622130
-3.351776
-3.378383
-3.363703
-3.214322
-3.356254
-1.904010
-3.240042
-2.975386
-2.234781
-3.394523
-3.633792
-3.660048
-3.439404
-3.716784
-2.590728
-2.166981
-1.588971
-1.505876
-3.399000
-1.853978
-1.259264
-3.459851
-3.341815
-3.399888
-3.435469
-3.306396
-3.084392
-3.343002
-3.390059
-3.139021
-1.281888
-2.210675
-1.503390
-0.250000
-3.340902
-3.439007
-2.887531
-3.374895
-3.122264
-1.984586
-3.936530
-1.750281
-2.687500
-1.179054
-1.213006
-3.893519
-2.046532
-1.643174
-3.372258
-3.479104
-2.907603
-3.872292
-3.000267
-3.736877
-3.382202
-3.039988
-2.995497
-2.818176
-2.329357
-2.749493
-2.533589
-2.457739
-2.166046
-1.924367
-3.454887
-3.396892
-3.244458
-2.610413
-2.691317
-2.916047
-1.683585
-3.283434
-3.623278
-3.677840
-3.318180
-3.197963
-3.077325
-2.470111
-1.203729
-2.515667
-2.605120
-2.655905
-0.968701
-3.624373
-3.702174
-2.825227
-3.214437
-3.294850
-3.174701
-2.892330
-3.288124
-3.213368
-3.077038
-2.318094
-2.732201
-3.820256
-2.648517
-1.218135
-2.513121
-3.700263
-0.833080
-0.575595
-3.637399
-3.598252
-3.392511
-3.309632
-3.443484
-3.385827
-3.116198
-2.791496
-4.116031
-2.030847
-2.052243
-2.909647
-3.137832
-3.470911
-3.432806
-3.016853
-2.919768
-3.708069
-2.278687
-2.428000
-1.592321
-2.158237
-2.949634
-0.872570
-3.479701
-3.594803
-3.421811
-3.638976
-4.143955
-2.101669
-1.853951
-3.268098
-1.719724
-1.494929
-2.509862
-2.134969
-1.304517
-2.472328
-2.762684
-1.028385
-4.014230
-3.727850
-3.497951
-3.289068
-3.178610
-3.241445
-2.517960
-1.666677
-3.718582
-2.808390
-3.065260
-2.596565
-4.114096
-3.831960
-3.464217
-3.496772
-3.611538
-3.468601
-2.956511
-3.531057
-3.149373
-3.917470
-1.892965
-2.578043
-3.286474
-2.738413
-2.297376
-4.135691
-1.737753
-3.446994
-3.217259
-4.038398
-2.961008
-3.237490
-3.187536
-4.349097
-1.783358
-1.994809
-4.299622
-1.401998
-1.640029
-0.865104
-2.426794
-2.783430
-1.512998
-2.381416
-1.258224
-1.428484
-1.672708
-1.663876
-1.156210
-0.000000
-3.444539
-3.406001
-3.863024
-3.327742
-3.332629
-3.113367
-3.015491
-3.246164
-2.788625
-3.091828
-3.032194
-2.752551
-2.559510
-2.349630
-1.876643
-1.862075
-1.431899
-0.563826
-3.026290
-2.189099
-2.613253
-1.280153
-0.085938
-3.490238
-3.106683
-3.217861
-3.193584
-3.442043
-3.273301
-3.417938
-2.801790
-2.818071
-3.190594
-2.883449
-2.355089
-1.357901
-0.062500
-3.564924
-3.615739
-3.142469
-3.342763
-3.245856
-3.077138
-2.642195
-1.843364
-2.217915
-2.780111
-2.123602
-1.971959
-1.520973
-2.714117
-3.449624
-3.332473
-3.647887
-3.253327
-2.718476
-2.186628
-1.696195
-1.352320
-1.471547
-2.308439
-3.210526
-2.485003
-2.542786
-3.506890
-3.334036
-3.283445
-3.632536
-3.039667
-3.675228
-1.103497
-0.900635
-3.417974
-3.688243
-3.593701
-3.665644
-3.449071
-2.863230
-2.192972
-2.221891
-0.912756
-0.151042
-3.708929
-3.171379
-3.540083
-3.314571
-3.103348
-3.386929
-1.973458
-3.654182
-2.129239
-4.304810
-2.707664
-2.337536
-2.373883
-2.157285
-3.909804
-3.600099
-3.453723
-3.524304
-3.310665
-3.346887
-2.774561
-3.058795
-2.267084
-1.511767
-2.992717
-2.931539
-2.226923
-0.986251
-1.776857
-1.431956
-3.779806
-3.702628
-3.409822
-3.432415
-3.374809
-3.396559
-3.145971
-2.694122
-2.040507
-1.608871
-1.382811
-1.706476
-3.499896
-0.743750
-3.527744
-1.418789
-3.172653
-3.779095
-3.522213
-3.354655
-3.379647
-3.038917
-3.528088
-2.331464
-1.802006
-1.604419
-0.143750
-3.860328
-3.502860
-3.513655
-3.088605
-3.356461
-3.272430
-3.227658
-3.021620
-2.215417
-2.445895
-2.004007
-1.086521
-2.929838
-1.927405
-3.858791
-2.778045
-3.652451
-3.561920
-3.126774
-3.755781
-3.462734
-2.304097
-2.382499
-1.217674
-0.762500
-3.445053
-3.790897
-3.579776
-3.118163
-3.146323
-2.149276
-2.208904
-2.418450
-1.360125
-3.165980
-1.501333
-2.382595
-1.057938
-1.979454
-1.940735
-2.741928
-2.590275
-1.322422
-2.255584
-1.354888
-0.875176
-0.000000
-3.711763
-3.621640
-3.238427
-3.147299
-3.167921
-3.423158
-3.135162
-2.834733
-3.086056
-3.019574
-2.779825
-2.654720
-4.115031
-1.815809
-2.574170
-2.458702
-2.126124
-2.255268
-1.954667
-3.586708
-3.574204
-3.148061
-3.144784
-3.005203
-3.366208
-3.447775
-2.927312
-3.008563
-2.215803
-1.347845
-1.586499
-1.467973
-1.888595
-1.424338
-1.918215
-3.599756
-3.547616
-3.282473
-3.567497
-3.386248
-3.143565
-3.065823
-3.079449
-2.199399
-3.268450
-3.314691
-2.562474
-2.262760
-2.054628
-0.304167
-3.557254
-3.529463
-3.480343
-3.144779
-2.647552
-3.222020
-1.271354
-0.894583
-4.058145
-3.459171
-3.410614
-3.362141
-3.442547
-3.135907
-3.404075
-2.990138
-2.947692
-3.016365
-2.378345
-3.486537
-1.330456
-0.752426
-3.431763
-3.488807
-3.571841
-3.560585
-3.361285
-3.058942
-3.242248
-2.462597
-2.294430
-1.839695
-3.143072
-3.516530
-3.386675
-3.515822
-3.555294
-3.285013
-3.346149
-3.144404
-3.282062
-3.205494
-2.324239
-2.252820
-0.000000
-3.517572
-3.708757
-3.304413
-3.450169
-3.421141
-3.116945
-3.115941
-3.232248
-3.258034
-3.233721
-2.624042
-2.635719
-2.478794
-2.029617
-1.993211
-1.786432
-1.494421
-0.710430
-3.203874
-2.252288
-2.995413
-1.228472
-2.786765
-1.221204
-3.622651
-3.482689
-3.355014
-3.959331
-2.812686
-2.236571
-1.181250
-1.714702
-1.263745
-1.498522
-0.500000
-3.403609
-3.517890
-3.528018
-3.305784
-3.487225
-3.347751
-3.247901
-2.916183
-2.972754
-3.122443
-3.045033
-2.540190
-2.371349
-2.344732
-2.136854
-1.763523
-1.280708
-0.803604
-3.637072
-3.746018
-3.522666
-2.871494
-3.257527
-2.934240
-2.539278
-3.493007
-2.129643
-3.102869
-4.000525
-3.854280
-3.512791
-3.619276
-3.351700
-3.316956
-2.804589
-2.979611
-3.068018
-2.837324
-2.570924
-2.745634
-4.207541
-2.884028
-1.460352
-2.952379
-3.782989
-1.031191
-4.065053
-1.419675
-3.106997
-4.944858
-3.842628
-1.242098
-3.677564
-3.764071
-3.693073
-3.310835
-3.161884
-3.227229
-2.787349
-2.059356
-3.175930
-2.243132
-3.673661
-2.954885
-3.866761
-3.386954
-3.284183
-3.391928
-3.270475
-3.362582
-2.782838
-2.653826
-3.071116
-2.801971
-2.570600
-2.113213
-1.981922
-1.805365
-3.893339
-3.289373
-3.164054
-2.595515
-2.894006
-2.137942
-1.287738
-2.323880
-1.109921
-1.371168
-1.486749
-1.521924
-1.996497
-3.658494
-1.123537
-0.942708
-1.141587
-0.000000
-3.220863
-3.525467
-3.674682
-3.637027
-3.664471
-2.956587
-3.325504
-2.866315
-3.120577
-3.046952
-3.354599
-3.476253
-1.647100
-3.180471
-3.291444
-2.936313
-3.439450
-3.544650
-3.235417
-3.093006
-3.151749
-2.974711
-2.856639
-3.782055
-2.694961
-3.526891
-2.306435
-2.721406
-1.953750
-0.379630
-3.760609
-3.383748
-2.957977
-3.140564
-3.349040
-3.296023
-3.850016
-2.488668
-3.706263
-3.662106
-3.482040
-3.097900
-3.082998
-3.207562
-3.140377
-3.274438
-3.451587
-3.729187
-2.236060
-1.146236
-2.860073
-2.200048
-2.524996
-3.666288
-3.520555
-3.605344
-3.580574
-3.461861
-3.351382
-4.928943
-2.569923
-2.572341
-3.039019
-2.031930
-5.317831
-2.679473
-2.131466
-1.960318
-2.225192
-2.423157
-1.076331
-2.527567
-2.934741
-1.754103
-3.666937
-3.574447
-3.439248
-3.576078
-3.329556
-2.651618
-3.869472
-4.373491
-3.372677
-3.524898
-3.810605
-3.307811
-3.521561
-3.169795
-3.142451
-3.220290
-3.179496
-2.653456
-3.090400
-2.638075
-3.122885
-2.271521
-3.167073
-3.615504
-3.988977
-3.681750
-1.972924
-2.517395
-2.397844
-2.254113
-1.902187
-3.351298
-3.596319
-3.169452
-3.465718
-3.295031
-3.349278
-3.323542
-3.288632
-3.082000
-2.144280
-4.567414
-1.662555
-2.634131
-3.546641
-2.568500
-2.583759
-1.697966
-4.218719
-2.717038
-2.114391
-1.919827
-2.411834
-1.275441
-1.071201
-0.000000
-3.543113
-3.705139
-3.540548
-3.310162
-3.237019
-3.402322
-3.160859
-2.780916
-2.768412
-3.024898
-2.332285
-3.637659
-2.199165
-2.070598
-3.688692
-3.388912
-3.401918
-3.395301
-3.528977
-3.513452
-2.641327
-3.326715
-2.677674
-2.662637
-2.909364
-2.631043
-2.586566
-2.603462
-2.177929
-1.888005
-1.370857
-0.512689
-3.431261
-2.968959
-3.717918
-3.558710
-3.887788
-3.253715
-3.295036
-3.131103
-3.194209
-3.130351
-3.156523
-3.898158
-3.622934
-2.766549
-3.521150
-2.059216
-1.779140
-2.624128
-3.906276
-3.708634
-3.266592
-3.383951
-3.318773
-4.330532
-3.155211
-2.683807
-1.827118
-2.060074
-2.056661
-1.584276
-2.664935
-3.617030
-1.029886
-2.462419
-1.343051
-2.316315
-4.137072
-3.641824
-3.737960
-3.555034
-3.476436
-3.218416
-3.917871
-3.048264
-2.083518
-3.318609
-2.504870
-2.233268
-3.850450
-3.705398
-3.381132
-2.997280
-3.143473
-3.223643
-2.742432
-3.090808
-4.664681
-3.721504
-2.745738
-2.647260
-3.564790
-2.507786
-2.516735
-2.152221
-1.459618
-3.477405
-3.642969
-3.211474
-3.459181
-3.223250
-3.209229
-3.212655
-3.436301
-2.783304
-3.173116
-2.840149
-3.677422
-1.635423
-3.210001
-1.920590
-2.035377
-1.939087
-2.748329
-2.334025
-2.558282
-3.851528
-3.598983
-3.376693
-3.339642
-3.247791
-3.859270
-3.035888
-3.387058
-3.215269
-2.671476
-2.696654
-2.912655
-2.532012
-2.534102
-2.077514
-1.651266
-1.385110
-0.752083
-3.711737
-2.846365
-4.882138
-1.912005
-3.320236
-3.249676
-2.298674
-2.165981
-2.252550
-3.010235
-2.034837
-2.711073
-3.381773
-1.144221
-3.590723
-3.378024
-3.553588
-3.365196
-3.324663
-3.140449
-2.923506
-3.258914
-2.740381
-4.320743
-2.760206
-3.291776
-2.388922
-2.747584
-2.896385
-3.490430
-3.486018
-3.804177
-3.446595
-3.304403
-3.188350
-2.813352
-3.343109
-3.035300
-2.634201
-2.721728
-2.543665
-2.206036
-2.240200
-2.038111
-1.692236
-3.057499
-3.931495
-3.201430
-3.259667
-1.016341
-3.599102
-1.773416
-2.742030
-2.734985
-2.417067
-3.611112
-3.433088
-3.414850
-3.569355
-3.551029
-4.516424
-2.803643
-2.611479
-3.512591
-2.920149
-3.332099
-3.504065
-3.522068
-2.916766
-3.562316
-3.821512
-3.237288
-3.030102
-3.833102
-3.417967
-3.390554
-3.143251
-3.054771
-3.866879
-2.046212
-2.996757
-3.290273
-1.382109
-3.562591
-3.525689
-3.409252
-3.815187
-3.369494
-3.155058
-3.398765
-3.133766
-3.223900
-3.541457
-3.473106
-3.424627
-3.356397
-3.166468
-3.292484
-3.196074
-2.943567
-2.734717
-3.131847
-2.839079
-2.887031
-2.487671
-3.413069
-2.901803
-3.026786
-1.832969
-2.602948
-2.030376
-2.191522
-0.585417
-2.524372
-1.714508
-4.001015
-3.168551
-3.314015
-3.522313
-2.927265
-2.318465
-2.388006
-1.872434
-3.033441
-3.733315
-3.413700
-3.771825
-3.467742
-3.355712
-2.994333
-2.490034
-3.521226
-2.859746
-3.216878
-3.354780
-3.586154
-3.270296
-3.269806
-3.368165
-3.189997
-2.714776
-2.681459
-3.120644
-2.726765
-4.316992
-2.802808
-2.015440
-0.178571
-3.418262
-3.359614
-3.253353
-3.177184
-3.443759
-3.346471
-3.254314
-3.043665
-3.017695
-2.822607
-2.961378
-3.105607
-3.356632
-1.203894
-1.412259
-0.884891
-2.709038
-1.017956
-3.613977
-3.299917
-3.490640
-3.554220
-3.342816
-4.675396
-3.537831
-2.952298
-2.714763
-0.832341
-1.899960
-2.314874
-1.593469
-3.406999
-3.590213
-3.256332
-3.542463
-3.234359
-2.743898
-2.921079
-2.530541
-1.890178
-4.298722
-2.897315
-3.812499
-3.422104
-3.405485
-3.211386
-3.376662
-3.225013
-2.722584
-1.928293
-2.316981
-2.248327
-1.898626
-1.559485
-2.571622
-1.894899
-2.966565
-1.967903
-3.327802
-2.594501
-3.167747
-3.701989
-3.700567
-3.401421
-3.589703
-3.238468
-3.306721
-3.314093
-3.876330
-2.437592
-3.103462
-2.469485
-1.789699
-4.472364
-3.497160
-3.307631
-3.256217
-3.001044
-3.467134
-3.144698
-3.340400
-2.777813
-3.114511
-2.991883
-2.745016
-2.503614
-2.524547
-2.243383
-2.203655
-1.796780
-1.287079
-0.723864
-3.041526
-2.587271
-3.050599
-3.437506
-2.954837
-2.321145
-2.423850
-0.895833
-2.970301
-3.762089
-3.477142
-3.477010
-3.480591
-2.978360
-3.092423
-3.251428
-3.096122
-2.875915
-2.819815
-2.746033
-2.509955
-2.176985
-2.456225
-1.737052
-3.104165
-4.031770
-2.676799
-3.239145
-3.015126
-3.761235
-3.598695
-3.470264
-3.380114
-3.386518
-3.085730
-3.108120
-3.217723
-2.858134
-3.066588
-2.812513
-1.392927
-0.367188
-3.621794
-3.472693
-3.492330
-3.385407
-3.333940
-3.099396
-2.475382
-1.504023
-3.039988
-3.531101
-2.292251
-1.785351
-4.292626
-2.978677
-3.227519
-1.350527
-0.326389
-3.789366
-3.421522
-3.719401
-3.456615
-3.573545
-3.288551
-2.852005
-3.014261
-3.103993
-3.009511
-1.514519
-2.225715
-1.810269
-2.232308
-1.434910
-2.883178
-3.916500
-3.462539
-3.982944
-3.572687
-3.377597
-3.508963
-3.001171
-2.214413
-2.223937
-1.474141
-0.287500
-3.526624
-3.486170
-3.615320
-3.443043
-3.624704
-3.356947
-3.544881
-3.018218
-2.850020
-2.853246
-3.292235
-2.116506
-4.504296
-4.281033
-3.493638
-3.665925
-3.484074
-3.485674
-3.017134
-2.638039
-2.786248
-3.220623
-3.568069
-2.364554
-1.518254
-3.811433
-2.755976
-3.592193
-3.836447
-3.510097
-3.417752
-3.263438
-3.312283
-3.273272
-3.292215
-2.592794
-2.326248
-1.348723
-0.101562
-3.543645
-3.523699
-3.209823
-3.219295
-3.418172
-3.449900
-3.226820
-3.115669
-3.365152
-2.942356
-1.602768
-2.483275
-1.600396
-3.694643
-3.446837
-3.249775
-3.487763
-3.054476
-3.250006
-2.272754
-3.492127
-4.110616
-3.465895
-3.332741
-3.816031
-3.466441
-3.511441
-2.580835
-3.197795
-3.127754
-2.909631
-3.069163
-3.848983
-3.099113
-2.858150
-1.706152
-0.093750
-3.634107
-3.491757
-3.396138
-2.799254
-3.239865
-3.481817
-3.165092
-3.036341
-3.746209
-2.200827
-3.412185
-3.482869
-3.475137
-3.539680
-3.445156
-3.284295
-3.116225
-2.926023
-3.186913
-3.388363
-2.818182
-2.545079
-2.193371
-3.433628
-3.410238
-3.445090
-3.360992
-3.286651
-3.241490
-2.901640
-2.964641
-2.209494
-3.002040
-2.306020
-3.816094
-3.407774
-3.468358
-2.885348
-3.119698
-3.763556
-1.469339
-1.847401
-0.250000
-3.582714
-3.354874
-3.355947
-3.187657
-3.487386
-3.367203
-2.924147
-1.478752
-1.906465
-3.043634
-2.460175
-1.223382
-3.389139
-3.582685
-3.347635
-3.581061
-3.097337
-3.413540
-3.119581
-2.949078
-2.972307
-3.439446
-3.507255
-3.710071
-1.958620
-0.276753
-3.158881
-3.365973
-3.938244
-3.408300
-3.517749
-3.130464
-4.441945
-2.601896
-3.828403
-2.033918
-0.142857
-3.607769
-4.003108
-3.544102
-3.573249
-3.772566
-3.255869
-2.961863
-2.874407
-2.321449
-2.530665
-1.557965
-1.626697
-1.029630
-2.430903
-2.534986
-1.054434
-3.610256
-3.658526
-3.357521
-3.553541
-3.530143
-3.042294
-3.099620
-2.382657
-3.571908
-3.528258
-3.776999
-3.219347
-3.464762
-3.438599
-4.689163
-3.895607
-2.958515
-1.862822
-2.838039
-4.124740
-3.687319
-4.011010
-3.303947
-3.405246
-3.293196
-3.238237
-3.081491
-3.320788
-2.849420
-2.028278
-2.461899
-4.672547
-3.090601
-3.535723
-3.429573
-3.306813
-2.905397
-2.428333
-1.692396
-4.071076
-1.972460
-3.553413
-3.614774
-3.257214
-3.311521
-3.119689
-2.651202
-4.008029
-3.364624
-2.963680
-3.571409
-2.099913
-3.285139
-2.174155
-3.288766
-1.831414
-3.718620
-3.342535
-3.585448
-3.374175
-3.332831
-3.320862
-3.136168
-2.846261
-2.628581
-3.043433
-3.031865
-2.182197
-1.952287
-1.564684
-3.303676
-3.562423
-3.601004
-3.304689
-3.246241
-3.229547
-3.194172
-3.187464
-2.682895
-3.250104
-2.368823
-1.907600
-1.666170
-1.532707
-3.672481
-3.589676
-3.369195
-3.627116
-3.173866
-3.409780
-3.235663
-3.114703
-2.418582
-2.696206
-3.701855
-1.692528
-1.415238
-0.945578
-1.622508
-2.577986
-3.220785
-3.796072
-3.688714
-3.641163
-3.561416
-3.434076
-3.314697
-3.441399
-3.379402
-2.891280
-2.588246
-1.343745
-3.483083
-4.530736
-2.455790
-3.441886
-2.665994
-1.275216
-2.531994
-3.724932
-2.044483
-3.515157
-3.600996
-3.593243
-3.320417
-3.393229
-2.770434
-3.287962
-1.237604
-1.410842
-3.614192
-3.594239
-2.974017
-3.583932
-3.384065
-3.530388
-2.985587
-2.991622
-3.000762
-2.962535
-1.988967
-1.798970
-2.360299
-2.286265
-2.220543
-2.176131
-1.014123
-3.225547
-3.984394
-3.204288
-3.689167
-3.382346
-3.207897
-3.314513
-2.928488
-3.013110
-3.041289
-2.756625
-2.800062
-2.815841
-3.016755
-2.260279
-1.765706
-1.623663
-2.044372
-2.393046
-1.398462
-0.496615
-3.183430
-3.668489
-3.534566
-3.570834
-3.375310
-3.372641
-2.854587
-3.057105
-3.019179
-2.882433
-2.699283
-2.673863
-2.604285
-3.588540
-2.806269
-3.211063
-3.473546
-1.323561
-3.628036
-3.182491
-3.431879
-2.916726
-4.017676
-3.162352
-3.700141
-1.629002
-2.428079
-1.283852
-3.191055
-3.127330
-2.345560
-2.523559
-1.972005
-2.589394
-2.083178
-3.014983
-1.939780
-0.598958
-0.000000
-1.272168
-0.000000
-3.232201
-3.562020
-3.437521
-3.358488
-3.484723
-3.188318
-3.096247
-3.056690
-2.952332
-3.040706
-3.252852
-2.998742
-2.563664
-1.519804
-1.410330
-1.790448
-2.945395
-3.482426
-3.483258
-3.419082
-3.339808
-3.282937
-3.121245
-1.857542
-2.948034
-2.943360
-2.333246
-3.799752
-3.589687
-3.409874
-3.524173
-3.391204
-2.865187
-2.036745
-1.889909
-3.286135
-1.899184
-3.107506
-3.512618
-3.229797
-3.594711
-3.260842
-3.531294
-2.775679
-3.249537
-1.909871
-2.311432
-1.826392
-1.472410
-2.459501
-3.277594
-3.308469
-3.480401
-3.691955
-3.372868
-2.672120
-2.913914
-3.673893
-2.992903
-2.189422
-2.348678
-1.695554
-3.089219
-3.190348
-3.880587
-4.675090
-3.773290
-3.496900
-3.540654
-3.498770
-3.333903
-2.512744
-3.609008
-1.639886
-2.165199
-1.159062
-3.803965
-3.554655
-3.381179
-3.373162
-3.261271
-1.830993
-1.700103
-0.187500
-3.488165
-3.542288
-3.571344
-3.228584
-3.451361
-3.416701
-3.017104
-3.092277
-2.802953
-2.987838
-2.821282
-3.118225
-2.656650
-1.024671
-1.724271
-1.294791
-3.537128
-1.717595
-3.402328
-3.355288
-3.003269
-3.505280
-3.076529
-3.423990
-3.367766
-2.702677
-2.847466
-2.406915
-1.516232
-2.469297
-1.660085
-3.610128
-3.492700
-3.243259
-3.324167
-3.410879
-3.200726
-2.024877
-2.640638
-1.362324
-0.957087
-3.149435
-3.114889
-3.576931
-3.328027
-3.387155
-3.188818
-3.178056
-1.969184
-1.861154
-3.044199
-1.595418
-3.457433
-3.630631
-3.364070
-3.452350
-3.376310
-3.058940
-3.126057
-2.731530
-2.903136
-1.254233
-2.617694
-3.476296
-3.615135
-3.487141
-3.329944
-3.242389
-2.570445
-2.091256
-1.192492
-0.989840
-3.302987
-3.663508
-3.458783
-3.583739
-3.703955
-3.573923
-3.118375
-3.207462
-2.917520
-2.871035
-2.217448
-1.714281
-2.120533
-2.396096
-1.629152
-3.464101
-3.342576
-3.308094
-3.355745
-2.940082
-3.263675
-3.168598
-3.582111
-3.253361
-2.309749
-2.471008
-2.137552
-2.659964
-1.451104
-1.583280
-3.772753
-3.735544
-3.417802
-3.514159
-3.479800
-3.309568
-3.132026
-3.245137
-2.894584
-2.943719
-2.726566
-2.543114
-2.916011
-4.094064
-2.019466
-2.591247
-1.692222
-3.573974
-3.350172
-3.483902
-3.500313
-3.195830
-3.321022
-3.186009
-3.427576
-3.225876
-3.128665
-2.632554
-2.356731
-2.833823
-2.668441
-1.443487
-3.955428
-2.532336
-2.177453
-2.299243
-3.545464
-3.290997
-3.570641
-3.364229
-3.101541
-3.219869
-2.213865
-2.997982
-3.082545
-2.547083
-2.915080
-2.160685
-0.125000
-3.556631
-3.457498
-3.420760
-3.525448
-3.292719
-3.625407
-3.030618
-2.604824
-1.987281
-3.285610
-2.995181
-3.617267
-3.274525
-3.364346
-2.712635
-3.394967
-1.780065
-1.785441
-3.458295
-3.680985
-3.722401
-3.459898
-3.447093
-3.328977
-3.394855
-3.297828
-3.238950
-2.671998
-2.371943
-2.046103
-1.788031
-0.562500
-3.402400
-3.597172
-3.600741
-3.915032
-3.110308
-3.215736
-2.603855
-2.876272
-3.029922
-1.814738
-1.558735
-0.777083
-3.389934
-3.220189
-3.300318
-3.058648
-3.338949
-2.900001
-2.737504
-2.020624
-1.800134
-1.881981
-3.624687
-1.531779
-2.815856
-1.945712
-1.849920
-1.126947
-1.097627
-1.507788
-2.249225
-1.655456
-1.660370
-1.078441
-0.000000
-3.240026
-3.425889
-3.523975
-3.555592
-3.437097
-3.440679
-3.243655
-3.033040
-3.159038
-2.496326
-1.437289
-2.510999
-2.166684
-1.303514
-2.506903
-3.493463
-3.436595
-3.688769
-3.528676
-3.699372
-3.184263
-3.237818
-2.989434
-2.368353
-2.134749
-3.059000
-1.427728
-2.483941
-1.376429
-1.750248
-2.265004
-3.293503
-3.597417
-3.315921
-3.236422
-2.932902
-2.272099
-2.362888
-3.780940
-3.493288
-3.583225
-3.943843
-2.743332
-2.326798
-1.382918
-0.955046
-3.364126
-3.487213
-3.266676
-3.601535
-3.361097
-3.376585
-3.243514
-2.848514
-3.070222
-3.671615
-2.791317
-1.888933
-2.039284
-2.177542
-1.814139
-3.125870
-4.074572
-3.705431
-3.635645
-3.324041
-3.534355
-4.341507
-3.631779
-2.538844
-2.147687
-2.204073
-1.919794
-3.113686
-3.525285
-3.601707
-3.468686
-3.396873
-3.262009
-3.158866
-3.339300
-3.390300
-3.300499
-2.862495
-1.781170
-2.650333
-3.485890
-2.164587
-2.933897
-2.058974
-2.137748
-3.527745
-3.515642
-3.578767
-3.509267
-3.311983
-3.202399
-3.102783
-2.681851
-3.253298
-2.781656
-3.416837
-2.255118
-0.757008
-3.510895
-3.192086
-3.387404
-3.403515
-3.454719
-3.310988
-3.247608
-3.096722
-2.602741
-2.990324
-3.124924
-2.124275
-2.531122
-2.210546
-2.089663
-1.721475
-1.406476
-0.834524
-2.712401
-2.567109
-1.968006
-1.744966
-1.579396
-3.389139
-1.370195
-0.953012
-2.507550
-2.729977
-1.332288
-2.376346
-1.546276
-1.517808
-1.528219
-1.699454
-1.134573
-0.000000
-3.424831
-3.797864
-3.484338
-3.500288
-3.329030
-3.456104
-3.144000
-2.989508
-2.944805
-2.676086
-3.029805
-2.482245
-1.904127
-2.662694
-1.996106
-1.936262
-0.229167
-3.649358
-3.266242
-3.449790
-3.424345
-3.642561
-3.592445
-3.173131
-3.060637
-2.907154
-2.406333
-2.654023
-2.629719
-2.682707
-2.590256
-3.265730
-2.472160
-2.928456
-1.928093
-3.390326
-3.680968
-1.717183
-2.023943
-2.138613
-0.289352
-3.422927
-3.017376
-3.434351
-3.373252
-2.891517
-3.042581
-3.381489
-2.917857
-3.249624
-2.992598
-2.725534
-2.560693
-2.697369
-2.456974
-2.021317
-1.293513
-1.242128
-0.652002
-3.147202
-2.415209
-3.316126
-2.737983
-3.875741
-3.670530
-3.299601
-2.974503
-3.358619
-3.197153
-3.030405
-3.204275
-3.075834
-2.580806
-2.811411
-3.135971
-1.337207
-3.544577
-2.040238
-3.776402
-3.627361
-3.564175
-3.380669
-3.307376
-3.366439
-3.228051
-3.079520
-2.984529
-2.706644
-2.672839
-2.923004
-2.586571
-3.341202
-2.749935
-3.303941
-2.623667
-1.547933
-3.772743
-3.539076
-3.468739
-3.380101
-2.998575
-3.423839
-3.375237
-3.147926
-3.124068
-2.994787
-2.979157
-2.726674
-2.452154
-2.325152
-2.225403
-1.716075
-1.200150
-0.647159
-3.069920
-2.607376
-1.771394
-3.950381
-3.933475
-3.668519
-3.428866
-3.286082
-3.438554
-3.013199
-3.223255
-1.635752
-2.353323
-2.836953
-2.073666
-0.986508
-3.109441
-1.369641
-3.632285
-3.660901
-3.498432
-3.618326
-3.300464
-3.098997
-2.974229
-3.194998
-2.585369
-2.907605
-2.616722
-2.389101
-2.613598
-2.249051
-2.237675
-1.797309
-1.252065
-0.354167
-2.905088
-3.469869
-2.864035
-2.184066
-3.636037
-3.194844
-3.798746
-3.397343
-3.451819
-3.296902
-3.300142
-3.027518
-3.237836
-2.816201
-2.764344
-2.662651
-2.450624
-2.132063
-2.225007
-1.953737
-1.422807
-0.664015
-4.492796
-2.559012
-2.619444
-4.027656
-1.480688
-1.475000
-0.724653
-3.459979
-3.451924
-3.277911
-3.335686
-3.640527
-3.116502
-4.248331
-2.523683
-1.647173
-2.942167
-1.699998
-2.008049
-3.078832
-1.482872
-3.495154
-3.453826
-3.647083
-3.347119
-3.087967
-3.203758
-3.476097
-2.942018
-2.837495
-2.988649
-3.273888
-3.940253
-3.260710
-2.109792
-2.566513
-2.770608
-0.219907
-3.079939
-3.395968
-3.478190
-3.466113
-3.374784
-3.335131
-3.141903
-3.100283
-3.914008
-2.145427
-3.618733
-3.618565
-3.926554
-3.441851
-3.185818
-3.402333
-3.118529
-3.335412
-3.060549
-2.818454
-2.958611
-2.708150
-2.259746
-3.264654
-3.268458
-3.089980
-2.226937
-2.546342
-2.722891
-1.524406
-3.670842
-3.685822
-3.523358
-3.371326
-3.479804
-3.555914
-3.422843
-2.867567
-3.003968
-2.935918
-2.817972
-2.878770
-2.480886
-2.796596
-2.086287
-1.849701
-1.291252
-0.782210
-2.780024
-2.943167
-2.982856
-2.067026
-0.150000
-3.827252
-3.542036
-3.450660
-4.014519
-3.328279
-3.092992
-3.272367
-3.083627
-2.965555
-2.824000
-2.955666
-3.102819
-3.113968
-2.632072
-2.064097
-3.557791
-2.660948
-0.266927
-3.415592
-3.669613
-3.915565
-3.371549
-3.728127
-3.162830
-3.327697
-3.079779
-3.420263
-2.885275
-3.132540
-2.621238
-2.674685
-2.708523
-2.312698
-1.778007
-1.472104
-0.447917
-3.499237
-3.393297
-2.617072
-3.766076
-2.576040
-3.774952
-2.800921
-3.207232
-3.760411
-3.247974
-3.438467
-3.084712
-3.064672
-3.415734
-2.440061
-4.405437
-1.808966
-1.514258
-2.539969
-2.135558
-2.274862
-1.434949
-3.485786
-2.041272
-2.147041
-3.470683
-3.215275
-3.474637
-3.577580
-3.207875
-3.236710
-3.288164
-2.446464
-2.939079
-1.242505
-3.570675
-3.079829
-4.073675
-3.444349
-3.545767
-3.428399
-3.320540
-4.277913
-3.247576
-1.060070
-2.414269
-3.269948
-2.237257
-3.379162
-3.349253
-2.896447
-2.090108
-1.429732
-2.796271
-2.591363
-1.571666
-1.234016
-1.627014
-1.099907
-0.000000
-3.512432
-3.357389
-3.501318
-3.033410
-2.947547
-2.764689
-4.055172
-2.731313
-2.210506
-3.405234
-3.788210
-1.064016
-2.483280
-2.359472
-1.879585
-3.202557
-0.541667
-0.958333
-1.724077
-1.569484
-1.120585
-0.000000
-3.591592
-3.472355
-3.726864
-3.444222
-3.468940
-3.387973
-3.259691
-3.191772
-3.614141
-2.439605
-2.093800
-2.619134
-1.142023
-3.646497
-3.853510
-3.671282
-3.388585
-3.419714
-3.093272
-3.214729
-3.238841
-2.970935
-2.905636
-2.330673
-2.669986
-4.169232
-3.467538
-3.176410
-2.723830
-2.382753
-3.767021
-3.481290
-3.254692
-3.177903
-3.281047
-3.281141
-2.396740
-2.441058
-2.602587
-2.432421
-1.835547
-3.317445
-1.084381
-1.158906
-1.917954
-3.691374
-3.347739
-3.592399
-3.319252
-3.677475
-3.015653
-2.989756
-3.131702
-2.864791
-2.651227
-2.711792
-2.628933
-2.880567
-2.213760
-2.214018
-1.860851
-1.127553
-0.792817
-2.850527
-2.499995
-3.469150
-2.156188
-2.556245
-3.500141
-3.220500
-3.771822
-3.834036
-3.278375
-3.229702
-3.023336
-3.279112
-2.591176
-1.516340
-2.746526
-1.692600
-2.507671
-1.289459
-1.320052
-2.544674
-1.911671
-1.661616
-1.552966
-2.091818
-1.814869
-1.868056
-1.160783
-0.000000
-3.675594
-3.852427
-3.423225
-3.094096
-3.132352
-3.327997
-3.266118
-3.291007
-3.102902
-3.027119
-3.388389
-1.940505
-1.432719
-3.479963
-2.685269
-2.867452
-1.799444
-1.532527
-3.601910
-3.623414
-3.307197
-3.410150
-3.404646
-3.084999
-2.294307
-1.906935
-1.764167
-3.463733
-3.104633
-1.518159
-2.070590
-1.567401
-3.568425
-3.749547
-3.607539
-3.379066
-3.114218
-3.298435
-3.044743
-3.230806
-2.991815
-3.011090
-2.659862
-2.738010
-2.370665
-2.259226
-2.208509
-1.554346
-1.320792
-0.736742
-3.242567
-3.057131
-1.728360
-2.909899
-2.883519
-1.878396
-3.732128
-4.104039
-3.499073
-3.310455
-3.325321
-3.518081
-3.425831
-3.262851
-3.412607
-3.471801
-3.577945
-1.778764
-2.375171
-3.467083
-3.366163
-3.824699
-3.617066
-3.473670
-3.239222
-3.433034
-2.881000
-3.035343
-3.193551
-2.938464
-2.759708
-2.480938
-2.322092
-2.109297
-1.767307
-1.341788
-0.689773
-3.545790
-2.263834
-3.442454
-2.566305
-3.879255
-1.885676
-1.433957
-2.530413
-3.663365
-3.000930
-3.665969
-3.121198
-3.280536
-3.235213
-3.436150
-2.870464
-2.905284
-3.357790
-1.860229
-2.174459
-2.644738
-4.002991
-2.555148
-3.489829
-3.609901
-3.759146
-3.402802
-3.411377
-2.947876
-3.150407
-2.970241
-2.759980
-2.862965
-1.485107
-3.641907
-1.764741
-1.222394
-1.588163
-1.140293
-3.647974
-3.564824
-3.409791
-3.384167
-3.374490
-3.296014
-3.123550
-2.788733
-3.173667
-3.096448
-2.460114
-2.949212
-2.781686
-2.311729
-0.836330
-0.970685
-3.567507
-3.207934
-3.275094
-3.580661
-3.352320
-3.295276
-3.027002
-3.062843
-2.945056
-2.730107
-2.736515
-2.725743
-2.638990
-2.280552
-2.327534
-1.914381
-1.359524
-0.502841
-3.009626
-2.789072
-2.170215
-2.467669
-2.260520
-4.435664
-2.087212
-1.874581
-3.734987
-3.667173
-3.856446
-3.189569
-3.300228
-2.908150
-2.145524
-1.858780
-2.785408
-1.741549
-1.926808
-3.108315
-4.230971
-1.706754
-2.183935
-2.338666
-2.195676
-2.407352
-3.173109
-3.593580
-3.592700
-3.456262
-3.503700
-3.632397
-3.516368
-3.162479
-3.237101
-2.842506
-2.996516
-3.018988
-2.100293
-3.578699
-3.052195
-1.674012
-4.138974
-1.749725
-0.541667
-2.071863
-3.551207
-3.649719
-3.404847
-3.202068
-3.419681
-3.409175
-3.438381
-2.966098
-3.020973
-3.122337
-2.778937
-2.678050
-2.560694
-2.445325
-1.902777
-1.908604
-1.335235
-0.582824
-3.269127
-3.162628
-2.862552
-3.040227
-3.152532
-1.855254
-1.359285
-3.371332
-3.672160
-1.837264
-3.682139
-1.522724
-0.946404
-0.517361
-2.282458
-1.360643
-1.203140
-0.000000
-3.630287
-3.163712
-3.567513
-3.420544
-3.185637
-2.971959
-3.102199
-3.269646
-3.017682
-2.529498
-3.139667
-2.887029
-1.311186
-3.225357
-1.878760
-3.696287
-2.883450
-3.763283
-3.414908
-3.398573
-3.289670
-3.587063
-3.207661
-3.165154
-3.985416
-3.081512
-2.581967
-2.945359
-4.792049
-2.573199
-2.216567
-1.272768
-1.365977
-3.388092
-3.552453
-3.539232
-3.332055
-3.377271
-2.798776
-1.985645
-2.487954
-2.014436
-3.307461
-2.310015
-3.161669
-1.291025
-1.675700
-3.998777
-3.416050
-3.203804
-3.603297
-3.221790
-3.831693
-3.459461
-3.178672
-2.239362
-3.371728
-1.907981
-2.505147
-1.658783
-3.457083
-3.072181
-3.722829
-3.466448
-3.170504
-3.181287
-4.181227
-2.899206
-2.846608
-1.263344
-3.076864
-1.770351
-2.458467
-3.610920
-3.740474
-3.461620
-3.093768
-3.289139
-3.639830
-3.013966
-3.066832
-2.994529
-3.083374
-2.951269
-3.024440
-3.542621
-2.696215
-2.181105
-2.242696
-0.258929
-3.654927
-3.749838
-3.534175
-3.587413
-3.329342
-3.182443
-3.029453
-3.147098
-4.931603
-2.707519
-2.193306
-1.839840
-0.087500
-3.707666
-3.455951
-3.413474
-3.754783
-4.775073
-2.197746
-2.388600
-3.467088
-3.130908
-3.326211
-3.568952
-3.494742
-3.472166
-3.341985
-3.096123
-2.547589
-2.902656
-3.866320
-1.991756
-2.207254
-3.225889
-3.464045
-3.475719
-3.622296
-3.225460
-3.292396
-3.190161
-2.873532
-2.912744
-3.217761
-2.021145
-3.416519
-3.301734
-3.341641
-3.595389
-3.420744
-3.339876
-3.107779
-3.152513
-3.402945
-2.722052
-3.152357
-3.299563
-2.677815
-2.286325
-3.065449
-3.151036
-3.566425
-3.422121
-3.748758
-3.481145
-3.316650
-3.086057
-3.252797
-3.136037
-3.049768
-3.180014
-2.460924
-1.638583
-3.290879
-3.097388
-1.728858
-3.800765
-1.032639
-3.685808
-3.549837
-3.642705
-3.190423
-3.583888
-3.211955
-2.061225
-2.765504
-3.140757
-3.947664
-3.483446
-3.104830
-3.372646
-3.379947
-2.955769
-3.186537
-3.646420
-2.887987
-3.100565
-2.606307
-3.193895
-2.428993
-2.359276
-2.275827
-2.172021
-1.853564
-1.536960
-0.634091
-2.763568
-2.633502
-2.701124
-1.587111
-3.022519
-4.980488
-2.295792
-3.675466
-3.389414
-3.360533
-3.251686
-3.458866
-3.030758
-2.963953
-3.618011
-2.849875
-2.898636
-3.077285
-2.821525
-2.424149
-2.321528
-2.119179
-1.660813
-1.226340
-0.681250
-2.594956
-2.957190
-3.839910
-2.576546
-2.681649
-1.853333
-4.190768
-3.575876
-3.600311
-3.807486
-3.668842
-3.246229
-3.256619
-3.025803
-3.113043
-2.537957
-2.171617
-1.654500
-2.712407
-1.484748
-1.480622
-1.717085
-3.273101
-3.560754
-3.503380
-3.405484
-3.692039
-3.016760
-3.314402
-3.304642
-2.759177
-2.726722
-4.496634
-2.120551
-3.144908
-4.860715
-1.648183
-0.395833
-3.566955
-3.583915
-3.635047
-3.389822
-3.092668
-3.281887
-3.201631
-3.066071
-3.153937
-2.786436
-3.068596
-4.606257
-4.120751
-3.972355
-1.616731
-3.742806
-3.627128
-2.700864
-1.984081
-2.464447
-3.495232
-3.581222
-3.256373
-3.397851
-3.377264
-3.358132
-3.234031
-3.022804
-4.170935
-3.012318
-3.056594
-2.897692
-1.611889
-3.414899
-1.148867
-3.413848
-3.456626
-3.758699
-3.371201
-3.863572
-2.453188
-2.922685
-3.100606
-3.705829
-1.895903
-1.441925
-3.421095
-2.147236
-0.145833
-3.524596
-3.538070
-3.712758
-3.620932
-3.112325
-3.082067
-3.242851
-3.355196
-2.353886
-3.836516
-2.013105
-1.483212
-3.506522
-3.523330
-3.448294
-3.653307
-3.310177
-3.315087
-3.257398
-3.131870
-2.945276
-2.877441
-2.736314
-2.803312
-2.318058
-2.533479
-2.191566
-1.639959
-1.420086
-0.679356
-4.134647
-2.415139
-3.915847
-2.305164
-3.244664
-1.761989
-3.565612
-3.806167
-3.486794
-3.172246
-3.514399
-3.237697
-3.573746
-3.579257
-2.019393
-1.063265
-3.105411
-1.932174
-0.166667
-3.137186
-2.960584
-3.287295
-2.631293
-2.499693
-3.597309
-3.810936
-3.485708
-3.370147
-3.135182
-3.443621
-3.395917
-3.141430
-3.107989
-3.010569
-3.163609
-3.673596
-2.098894
-3.233386
-2.576767
-1.220044
-0.846265
-3.493087
-3.629831
-3.434382
-3.565555
-3.252489
-3.272076
-2.949038
-3.077923
-2.854105
-3.827974
-2.456476
-3.031865
-1.945969
-3.910490
-3.405520
-3.120460
-3.282355
-3.129530
-3.139500
-3.177945
-2.452440
-3.113474
-3.835408
-2.390245
-0.170833
-3.978395
-3.739113
-3.600989
-3.444528
-3.322857
-2.944453
-3.301015
-2.890140
-2.661786
-3.073984
-2.679124
-3.356611
-2.509176
-3.542221
-2.931609
-2.163970
-3.065917
-3.523205
-3.659218
-3.467035
-3.331986
-3.583427
-3.368845
-1.947019
-2.858420
-1.884432
-3.592301
-3.524518
-3.453647
-3.693104
-3.346291
-3.034000
-3.173579
-4.188959
-2.445568
-3.050893
-4.614024
-1.912260
-2.294680
-3.350830
-1.877809
-0.324219
-3.424295
-3.925344
-2.966721
-3.328571
-3.434696
-3.515791
-2.994813
-3.668885
-2.386079
-2.613936
-2.643492
-2.840807
-1.756034
-1.305048
-0.375000
-3.715530
-3.270912
-3.512561
-3.680180
-3.221863
-2.990093
-3.276259
-3.109913
-3.402582
-3.195643
-3.501281
-3.394714
-3.402338
-3.324185
-3.129490
-3.705170
-3.646867
-3.571942
-3.282997
-2.818991
-3.137296
-3.424796
-2.765222
-1.908863
-3.645976
-3.732197
-3.807133
-3.459253
