-3.201831
-2.487785
-5.824512
-4.317799
-3.864306
-0.928992
-0.784253
-0.312500
-3.522903
-3.085840
-2.888040
-1.231644
-3.612875
-0.698167
-1.043220
-3.526247
-3.159413
-3.193610
-3.632206
-2.926208
-0.481250
-2.118175
-1.155606
-2.816563
-0.736052
-1.464370
-0.111111
-1.199943
-1.829466
-3.480781
-4.311191
-0.000000
-1.675793
-0.954859
-1.288381
-2.091976
-1.719136
-1.087027
-0.000000
-4.761902
-3.692922
-1.851093
-3.312943
-1.979720
-4.541906
-1.678601
-4.603309
-1.432739
-2.543783
-0.977612
-4.674671
-0.373333
-3.943705
-1.945158
-1.674034
-2.905401
-2.327695
-0.708939
-3.319597
-0.200000
-4.442135
-2.947321
-3.027890
-3.510628
-0.057143
-4.280028
-4.160175
-2.559538
-2.123267
-4.506226
-2.550291
-3.417564
-0.216667
-0.304762
-0.585238
-2.439335
-1.607596
-2.717965
-4.934253
-1.424998
-0.961536
-3.974293
-1.550461
-3.367310
-2.476862
-1.945370
-3.332272
-2.457624
-0.112500
-0.050000
-3.626881
-1.305203
-3.663203
-0.289500
-1.153525
-0.761217
-1.388929
-3.461907
-1.672358
-0.723810
-4.454306
-0.000000
-4.532902
-0.170000
-1.209153
-3.382498
-0.822910
-1.080770
-0.608167
-2.816480
-1.260444
-3.738015
-0.430000
-1.064034
-3.368112
-1.701961
-2.994978
-1.580421
-1.249451
-3.048331
-1.449492
-1.834817
-0.780415
-3.265022
-2.435923
-1.398383
-0.205000
-3.650484
-3.138697
-1.439630
-3.408451
-2.385486
-3.260052
-1.092881
-0.442727
-0.169444
-3.956076
-3.876117
-0.407708
-3.090008
-3.497079
-2.525387
-2.719587
-1.346499
-1.862051
-3.808640
-4.197515
-1.683620
-2.634009
-1.144575
-3.695972
-2.971727
-2.632514
-4.584784
-0.913123
-4.474672
-3.747067
-4.065880
-1.404998
-3.773728
-1.673077
-1.051675
-4.432790
-1.082529
-4.186178
-1.677257
-0.841095
-0.428571
-1.628980
-1.817534
-0.908056
-0.773788
-1.531714
-3.920354
-4.113071
-2.675977
-2.821841
-3.388803
-6.623674
-3.786846
-1.956344
-2.264304
-0.809623
-1.732378
-2.314380
-2.417109
-3.904516
-1.740839
-3.541302
-2.991730
-4.616084
-6.102808
-1.470952
-0.330000
-0.250000
-1.841046
-0.000000
-1.665336
-1.478076
-1.633161
-4.272698
-3.657606
-0.985209
-1.776649
-0.214583
-3.860777
-3.346915
-3.069080
-1.319764
-1.347924
-1.706053
-0.340741
-3.628966
-0.829975
-0.960289
-0.463095
-3.147174
-2.123691
-1.450617
-2.447315
-2.550352
-0.225000
-3.373408
-1.740306
-0.971462
-0.991770
-0.611212
-0.443056
-3.501452
-3.555996
-3.289198
-1.096742
-1.654019
-0.100000
-1.699645
-3.857729
-3.349925
-0.583333
-3.588307
-2.293293
-3.518885
-1.525847
-1.090203
-1.958291
-2.724850
-3.664256
-1.320358
-1.446429
-1.816612
-2.631681
-3.649039
-2.065898
-1.052293
-0.768636
-0.254762
-3.984726
-2.850175
-2.464379
-2.729397
-4.018834
-4.526124
-4.117056
-0.949773
-0.180303
-4.046039
-2.059114
-2.678008
-3.775595
-2.008539
-0.998665
-2.067411
-1.470045
-2.325056
-1.955016
-5.298715
-2.353595
-0.380303
-1.989385
-0.250758
-2.877484
-3.659969
-2.043846
-1.641799
-1.050901
-5.090082
-1.405937
-0.992424
-3.717932
-1.249432
-2.293181
-0.168750
-1.856774
-5.425359
-3.435119
-1.053280
-1.853579
-3.060573
-1.383639
-2.413486
-1.264052
-1.114845
-3.709732
-0.893919
-5.907109
-3.235368
-0.897471
-0.993636
-2.302914
-1.630172
-1.707961
-3.387365
-1.111226
-0.899702
-3.556214
-1.176489
-3.635386
-3.332739
-1.182911
-0.877891
-0.897328
-3.466628
-3.572717
-1.611124
-1.868324
-4.382483
-1.716899
-1.871747
-3.105753
-3.530632
-0.665541
-0.421429
-3.702045
-1.063135
-0.877349
-0.294444
-3.040642
-1.614529
-1.190904
-2.063048
-1.972309
-1.403601
-3.407848
-0.999295
-0.991905
-1.045963
-3.665915
-5.232251
-0.768753
-3.483022
-0.771021
-0.901250
-0.344444
-2.837958
-1.045382
-1.649055
-1.041836
-2.296854
-4.054326
-2.851200
-2.306616
-0.585667
-4.346252
-3.324462
-1.492832
-1.432390
-2.614764
-2.210894
-1.939831
-0.125000
-3.432732
-1.505119
-1.792582
-0.616667
-2.562494
-2.271561
-0.825575
-2.831780
-2.185891
-4.082579
-2.917345
-2.658750
-4.515724
-3.006029
-3.174844
-0.980897
-0.875612
-2.216475
-3.620741
-1.071878
-2.627912
-1.730133
-2.973215
-2.078015
-1.989439
-6.224419
-3.902666
-3.477690
-1.949917
-1.232878
-3.782908
-3.206703
-1.058969
-0.790853
-2.258693
-1.208497
-1.702361
-0.000000
-3.591582
-0.874786
-1.489336
-1.557927
-3.249018
-5.742475
-0.654167
-0.175000
-2.426256
-1.871533
-1.221129
-1.271126
-1.501512
-0.839332
-3.799198
-2.396445
-1.582654
-3.406030
-1.911110
-3.122907
-3.965288
-1.579902
-0.663958
-3.184432
-2.807136
-2.582393
-0.979651
-2.389638
-2.125319
-3.572153
-4.871911
-2.700112
-1.106387
-3.375994
-2.439230
-2.639459
-2.740590
-1.743776
-0.912730
-0.738788
-3.786736
-3.018947
-1.022103
-1.856756
-2.474716
-3.757013
-2.186985
-1.208537
-0.897595
-3.962942
-2.560380
-1.610699
-0.116667
-3.593299
-3.118524
-1.459086
-7.918193
-3.941738
-3.096012
-0.301061
-0.783333
-3.567467
-1.124542
-0.889381
-0.391667
-1.727159
-2.055715
-1.429961
-1.734642
-2.538848
-1.213667
-3.218141
-1.828065
-1.622778
-2.668667
-2.870249
-0.236667
-0.631667
-3.603595
-2.990054
-1.462823
-1.410844
-0.665661
-4.233919
-2.215819
-2.888413
-0.400000
-1.169857
-4.647151
-3.318789
-1.176581
-3.376040
-1.059087
-0.175000
-1.422071
-2.659003
-0.834000
-2.122568
-0.456818
-2.067951
-7.115370
-4.048513
-3.573445
-2.837747
-6.603682
-1.756570
-1.867339
-1.222628
-0.887468
-1.810310
-1.354610
-0.685333
-0.179167
-3.778488
-2.576670
-1.237408
-0.311111
-3.836698
-1.853739
-3.939896
-1.212347
-1.523361
-0.956645
-2.249016
-2.451412
-1.324297
-2.372582
-0.403704
-4.035481
-2.217684
-4.088950
-1.423803
-3.484233
-3.957790
-3.178354
-2.939156
-1.946074
-1.220782
-3.079492
-3.027470
-4.242913
-4.069150
-1.465825
-5.402880
-4.972700
-5.369789
-4.390642
-3.103474
-1.601760
-1.323319
-1.744519
-0.133333
-3.446979
-3.183372
-0.747595
-1.315172
-6.827298
-1.093550
-4.536580
-5.244141
-3.443839
-2.672927
-1.896806
-1.044636
-0.125370
-3.946183
-2.355542
-2.594460
-0.300000
-4.032496
-3.222072
-2.592626
-1.869735
-1.255391
-3.080779
-3.584897
-3.525221
-0.755938
-1.212019
-0.325833
-2.038366
-1.381472
-1.446816
-0.000000
-3.075261
-3.578429
-1.433595
-2.677908
-0.228571
-3.875954
-4.275585
-2.112035
-2.382009
-1.194294
-3.269623
-3.947660
-3.268874
-0.567623
-0.200000
-2.819127
-2.294822
-1.722164
-0.128571
-3.288410
-0.081250
-0.354167
-0.225758
-0.499242
-1.213597
-1.914602
-2.107747
-2.160414
-1.045877
-1.589722
-1.219351
-0.728380
-0.000000
-3.560311
-1.904876
-1.412916
-0.743167
-2.230525
-0.490661
-2.044868
-2.774526
-0.495833
-0.168750
-4.282145
-0.567778
-0.926750
-3.744425
-0.983399
-2.643430
-1.208851
-1.089372
-2.987024
-4.009146
-2.506404
-3.800098
-4.321081
-3.236156
-0.800296
-5.009394
-0.342593
-3.062178
-2.303914
-1.063480
-2.907077
-2.365899
-1.342343
-3.977856
-2.865320
-4.219139
-3.498739
-3.688475
-0.445000
-0.767107
-0.336667
-3.938053
-2.988462
-1.334569
-0.547121
-1.990325
-3.533683
-1.838500
-1.763263
-4.767815
-3.095209
-0.486500
-0.120000
-3.990270
-3.306773
-2.483901
-3.413020
-2.819883
-3.416655
-3.024845
-1.885876
-0.393182
-1.188298
-0.254545
-3.674062
-2.445040
-2.094680
-2.344324
-0.569500
-2.339990
-0.612667
-3.384057
-2.175834
-3.300101
-3.910414
-1.192706
-0.421667
-3.123720
-0.278788
-0.762835
-0.143750
-4.293098
-2.153530
-1.141661
-3.296292
-0.418519
-2.969297
-2.922304
-4.983074
-0.748788
-0.200000
-3.128677
-2.235098
-2.464076
-0.809158
-0.836526
-1.526754
-1.838882
-0.028571
-0.185185
-1.792319
-0.250926
-3.989806
-3.659383
-1.667342
-2.462741
-2.382014
-1.139679
-2.969659
-0.033333
-3.187763
-2.524377
-1.488485
-0.368333
-0.183333
-0.514583
-0.166667
-3.551003
-3.986351
-1.437886
-1.251393
-0.734405
-0.371212
-0.156250
-0.213636
-0.110000
-2.792582
-0.471818
-2.866058
-1.246325
-3.218343
-0.111111
-0.000000
-0.091667
-3.530858
-0.337879
-0.200000
-0.697292
-1.691116
-2.243380
-2.337968
-1.371918
-2.003998
-1.640187
-0.781760
-0.000000
-3.565126
-4.339366
-2.587565
-3.663396
-3.775097
-4.753617
-2.632936
-0.831905
-3.349859
-0.040000
-0.095455
-4.868777
-4.009767
-1.630029
-5.332615
-0.760034
-3.434203
-4.752232
-1.149531
-1.316102
-3.192994
-1.946993
-0.060000
-3.809932
-2.127718
-3.053720
-0.235000
-3.469949
-2.010335
-1.254679
-2.287990
-5.709111
-3.395275
-0.953449
-2.949316
-1.589260
-0.455303
-2.097411
-0.095000
-1.746900
-5.762027
-4.284887
-3.671404
-0.671515
-2.702121
-1.498241
-3.389776
-1.165161
-2.002312
-3.736505
-0.364167
-2.217757
-3.399940
-4.896857
-5.947409
-1.903290
-3.836890
-4.707520
-0.133333
-2.998609
-0.561032
-3.491008
-3.006008
-0.042857
-3.210666
-3.652834
-0.033333
-0.033333
-0.758128
-0.000000
-3.721676
-2.555193
-3.199679
-5.070627
-1.000851
-3.678179
-0.277273
-4.001353
-1.885401
-3.695043
-0.070000
-3.511623
-4.661159
-0.315741
-2.444564
-1.467041
-3.708071
-4.228842
-3.064557
-2.073577
-1.349824
-0.100000
-0.596061
-0.190000
-2.904543
-4.651070
-1.330707
-0.982179
-0.100000
-3.557519
-2.474213
-1.504713
-0.818532
-0.936043
-0.087500
-3.985264
-2.403730
-2.747533
-0.156481
-0.999901
-2.914363
-0.581333
-0.448667
-4.211307
-2.140277
-4.014035
-1.355458
-0.100000
-4.244515
-5.663047
-3.362788
-3.287537
-0.146296
-0.578857
-3.652067
-0.753667
-0.716500
-1.123340
-0.104545
-1.665418
-0.125000
-3.219838
-2.939801
-2.281052
-0.265000
-3.869134
-1.567086
-0.065000
-2.817834
-4.472874
-1.852414
-1.937024
-2.989525
-2.641685
-3.433135
-0.156250
-4.444065
-0.403125
-0.163636
-0.997677
-0.000000
-3.793815
-1.166901
-3.034275
-0.934978
-0.760679
-0.346212
-4.122003
-2.662048
-2.872060
-0.263636
-1.493149
-1.255389
-1.377972
-3.495089
-0.000000
-0.110000
-0.050000
-3.774116
-0.050000
-2.562436
-0.000000
-1.694563
-1.404811
-0.662911
-4.216344
-0.987389
-0.125000
-2.928609
-0.812254
-0.343182
-3.556440
-4.111083
-2.095436
-5.235948
-1.563465
-0.115000
-3.628222
-1.158747
-2.660047
-2.086755
-1.423685
-0.050000
-3.916282
-2.777205
-1.923996
-0.346515
-2.547294
-0.510909
-0.000000
-3.642656
-1.539575
-0.066667
-2.143748
-0.211111
-2.077385
-3.379992
-0.271429
-0.241667
-1.973364
-3.629297
-4.342240
-1.525410
-1.199159
-3.606255
-0.382121
-0.452833
-3.428055
-0.433333
-0.773095
-2.418239
-4.177115
-4.122753
-2.109141
-3.992038
-2.583116
-2.806032
-3.697329
-0.182407
-4.472944
-0.487000
-4.091882
-1.253196
-3.066548
-4.361126
-0.609500
-4.069956
-2.791627
-3.160045
-0.000000
-3.796842
-1.381341
-0.523889
-2.674673
-4.851963
-0.869947
-1.564264
-4.254877
-4.337343
-2.708209
-1.396518
-0.254167
-0.931332
-0.450000
-3.397670
-0.953193
-2.368750
-0.055556
-0.090000
-0.150000
-2.896365
-1.387136
-0.033333
-4.151199
-4.104928
-2.359036
-4.769520
-2.472196
-2.984462
-4.683322
-2.823931
-1.761884
-2.105639
-0.250000
-1.529645
-1.008294
-1.680218
-0.100000
-1.437889
-2.054470
-2.428727
-5.898321
-3.795928
-3.905625
-4.534851
-1.506185
-3.867648
-3.692372
-2.908309
-1.912445
-4.411108
-0.599286
-3.471671
-0.373810
-2.794670
-3.541640
-2.721624
-3.687214
-3.871149
-3.770128
-2.902334
-2.374601
-2.059693
-4.835370
-4.106964
-3.599746
-3.018255
-2.175668
-2.335601
-4.479480
-0.501875
-3.752438
-3.572394
-4.082254
-3.202276
-2.309454
-1.219183
-3.062062
-1.671166
-3.309505
-2.484306
-2.524731
-0.544444
-0.200000
-4.299624
-3.769877
-2.791186
-3.284082
-1.947454
-2.154341
-0.600000
-3.044780
-4.662934
-3.925489
-3.943399
-2.223016
-0.109091
-3.633500
-4.053649
-3.436341
-3.644476
-3.534700
-2.388199
-3.572338
-4.876715
-0.442708
-1.940246
-4.358935
-0.485455
-2.606535
-2.416671
-2.367847
-2.508064
-0.295714
-2.755959
-0.116667
-1.620151
-5.187558
-4.527227
-3.590634
-4.311653
-3.996458
-3.736136
-0.673123
-2.233014
-0.590417
-0.762056
-3.171381
-3.161949
-4.212260
-3.238879
-2.779233
-2.833892
-0.458704
-2.796852
-1.680120
-4.245266
-0.400000
-3.059984
-3.341513
-4.079803
-4.449001
-3.078160
-1.482727
-0.080000
-3.206665
-2.618935
-2.499385
-0.383333
-3.554949
-1.511350
-1.688560
-0.860617
-3.420484
-3.562839
-3.073685
-3.255442
-3.540282
-1.460374
-2.358924
-0.027778
-3.533581
-3.367019
-2.830648
-1.188669
-1.137937
-0.160000
-3.246514
-0.831140
-3.970337
-2.667394
-3.693829
-0.633333
-1.344690
-4.408462
-4.919122
-3.739645
-2.173201
-1.492841
-2.468156
-1.366491
-1.411527
-2.850857
-2.217995
-3.379821
-0.524792
-3.392985
-4.028888
-0.449167
-2.576660
-3.919898
-1.462599
-2.494783
-3.464511
-2.411433
-2.286214
-3.617687
-4.262612
-3.241216
-3.627458
-3.981857
-3.425144
-3.601860
-4.341310
-0.359259
-3.585915
-4.550080
-3.245847
-2.667229
-3.881181
-3.555348
-3.823342
-3.608850
-3.329427
-2.765914
-2.307138
-3.993114
-2.354763
-1.966234
-0.715000
-3.513905
-1.501707
-3.080926
-3.646537
-4.622862
-4.729024
-3.152583
-3.228698
-3.114885
-3.955173
-4.918566
-0.325000
-3.619251
-4.495106
-3.892872
-4.158261
-1.880571
-0.000000
-3.168496
-3.485099
-1.049271
-4.034505
-3.633521
-1.011488
-2.728627
-4.637098
-3.385433
-0.237037
-4.184154
-3.619662
-4.440676
-3.592753
-1.409903
-1.435952
-1.389466
-3.725351
-3.955063
-3.286826
-1.765220
-0.589762
-3.667689
-3.887182
-4.269943
-4.059536
-3.611353
-4.032773
-3.552041
-3.748822
-0.861335
-0.125000
-3.450547
-1.585170
-2.010913
-0.314583
-3.452410
-1.399841
-3.940772
-3.693384
-2.464260
-3.222537
-4.071315
-3.264019
-2.649553
-3.330391
-4.097766
-3.616907
-4.234080
-2.500244
-2.116055
-1.989250
-4.805483
-2.299305
-3.312375
-3.587521
-3.060215
-2.030256
-3.223751
-2.713718
-2.002747
-0.290000
-4.120761
-1.296955
-2.864992
-4.745378
-4.029607
-3.360184
-1.782496
-3.423762
-1.652829
-2.319663
-3.086303
-3.130358
-2.855815
-3.658235
-3.427122
-3.718709
-3.719131
-1.713046
-1.073691
-0.128571
-3.769295
-3.513746
-2.677232
-1.501682
-3.578628
-3.353586
-2.261226
-3.252499
-5.193340
-1.075413
-3.594046
-4.183149
-2.865533
-3.002375
-3.902755
-3.742394
-0.888790
-3.257607
-1.203547
-1.448489
-4.415481
-3.682252
-3.692141
-4.014131
-0.997103
-3.570417
-3.859180
-3.717905
-3.130566
-3.408573
-0.204545
-3.574130
-3.665768
-3.067206
-0.280000
-3.496966
-2.801285
-2.475941
-1.947357
-4.193849
-4.955340
-4.072674
-2.940232
-0.087500
-3.988927
-2.758278
-2.520638
-0.090000
-3.227409
-2.970555
-3.444265
-0.233333
-1.991900
-2.052976
-3.046391
-1.585152
-3.911579
-4.512651
-3.583876
-3.339935
-2.789887
-2.253149
-2.431486
-3.678040
-3.644218
-3.286691
-2.024850
-2.140279
-4.516218
-4.332971
-2.795930
-3.179109
-3.144082
-2.467390
-2.674450
-3.307307
-3.610140
-3.965772
-3.059741
-1.962888
-2.956399
-4.018026
-3.529129
-3.428823
-2.136881
-3.919419
-4.306775
-2.547013
-4.766642
-3.451536
-1.735963
-1.345410
-2.862003
-0.025000
-3.983611
-0.693333
-4.265728
-0.561364
-5.365151
-0.480000
-3.101261
-0.665303
-0.732814
-0.040000
-2.342010
-0.735106
-1.133532
-1.125630
-1.072282
-0.552333
-1.903840
-1.915914
-1.619756
-0.000000
-1.477411
-2.435153
-1.138121
-1.670245
-1.280806
-2.831235
-2.093661
-3.890007
-1.467526
-3.612162
-1.228455
-2.611951
-0.722667
-0.923059
-1.540909
-2.463736
-0.200000
-0.183333
-0.191667
-3.593065
-4.870462
-5.679823
-1.573979
-1.753005
-2.234147
-0.626818
-0.193750
-3.882654
-0.195455
-0.100000
-0.376515
-1.524083
-0.091667
-3.546820
-0.000000
-1.933397
-1.978886
-1.653043
-1.603690
-0.854354
-3.127665
-2.053497
-1.812604
-2.823542
-5.065792
-3.247736
-3.946045
-3.213779
-1.096573
-1.243167
-0.315152
-0.060000
-0.204545
-3.664860
-0.380833
-0.450758
-1.069656
-0.627000
-0.481818
-0.684262
-3.989966
-1.191531
-1.854294
-1.876943
-0.050000
-3.539227
-0.273148
-2.836873
-0.937150
-2.384861
-3.127684
-3.485248
-1.710828
-3.449419
-1.859991
-0.899517
-0.033333
-3.182612
-3.530676
-2.238993
-3.724239
-0.698344
-0.556212
-3.423510
-3.214107
-1.155001
-0.183333
-1.780925
-0.379091
-5.855069
-0.882179
-3.955215
-1.091876
-4.305520
-1.119787
-0.410000
-1.578956
-7.227668
-0.493193
-2.114105
-4.665486
-0.959674
-0.266667
-1.587839
-3.800571
-1.072944
-2.195171
-0.415455
-0.335000
-1.970898
-0.868667
-0.752892
-2.844113
-1.588953
-3.108025
-3.474796
-1.593856
-2.246099
-0.057143
-1.493503
-0.075000
-3.760264
-1.103668
-3.226069
-2.069791
-2.594365
-0.346296
-1.530474
-0.714935
-0.000000
-3.710623
-2.187429
-1.521923
-0.120000
-0.541667
-0.262037
-2.149902
-0.188889
-0.357121
-0.988366
-1.632279
-3.549742
-0.100000
-2.797980
-1.154740
-1.107096
-1.601423
-0.783669
-3.859934
-4.367703
-5.450683
-2.316281
-0.106250
-1.117478
-0.000000
-3.548784
-4.485776
-0.928683
-5.280661
-0.510417
-0.508636
-3.105546
-0.050000
-3.988000
-3.606423
-0.515152
-0.424242
-1.885488
-0.739859
-0.220000
-3.601707
-1.762675
-1.277814
-1.428659
-3.474406
-0.629630
-0.366667
-0.225000
-0.432576
-4.378940
-3.724890
-5.008916
-1.581353
-2.337607
-1.992579
-0.495000
-0.576762
-0.629848
-3.349686
-1.185935
-1.516669
-0.262121
-4.438946
-2.992116
-0.050000
-2.885160
-2.996484
-1.120813
-4.556702
-0.260833
-0.622500
-0.236364
-4.679740
-0.168182
-3.628402
-3.147518
-2.722301
-0.204545
-4.178238
-4.004089
-3.382235
-3.706918
-0.434394
-1.869208
-0.497292
-3.885847
-3.274070
-1.576658
-0.224074
-0.350000
-1.278028
-2.908277
-1.592747
-0.083333
-3.216500
-0.057143
-3.228728
-0.128333
-0.062500
-0.110000
-2.314943
-0.647121
-2.240671
-4.664023
-3.480072
-2.559490
-1.180619
-0.188889
-1.377454
-0.158333
-2.054173
-0.166667
-3.870197
-1.250507
-0.515095
-0.687597
-3.640046
-1.586313
-2.535097
-4.632774
-3.683676
-6.960239
-3.812937
-1.468486
-1.531355
-3.080644
-0.292333
-0.309848
-1.956549
-0.161111
-0.770455
-1.698085
-2.086280
-3.147337
-1.810223
-1.330554
-2.408315
-2.456993
-1.688338
-4.062050
-0.112833
-3.955385
-1.027861
-3.684104
-2.269733
-0.066667
-0.227273
-0.290000
-4.083284
-2.127696
-3.649971
-1.436473
-1.566276
-1.205458
-0.000000
-3.147715
-3.155123
-0.390185
-1.067966
-0.780152
-0.305556
-2.925803
-0.094444
-0.100000
-3.539337
-1.954494
-3.511399
-0.185000
-1.011634
-3.829250
-2.135842
-1.385094
-2.804947
-6.092307
-3.696847
-1.537817
-1.553079
-4.519130
-0.173485
-0.334848
-5.802426
-5.278877
-3.639785
-2.007150
-1.940723
-1.464178
-2.417503
-0.093750
-0.050000
-3.829143
-3.073980
-0.619242
-3.258534
-2.255274
-0.333333
-3.577602
-5.164650
-5.138948
-1.035224
-0.350000
-3.321422
-1.266956
-1.902839
-3.589224
-0.145000
-0.621515
-0.181250
-1.680521
-1.842152
-3.225795
-0.317727
-0.066667
-1.416141
-1.711289
-0.350758
-3.759781
-0.520758
-0.239394
-4.269200
-1.802197
-3.844064
-1.609468
-0.799784
-0.913968
-2.238523
-0.000000
-1.456285
-0.710556
-0.996804
-2.611704
-0.244444
-3.479999
-2.153524
-0.737760
-0.050000
-0.011111
-3.145289
-1.288874
-1.694141
-4.405938
-0.305000
-3.682473
-0.318182
-0.559167
-2.265210
-0.150000
-3.286081
-1.646606
-2.419251
-0.275000
-4.399318
-4.959579
-0.000000
-0.066667
-2.616794
-0.858799
-1.645571
-0.100000
-1.794864
-2.271036
-2.261051
-1.864182
-0.794119
-0.020000
-2.163461
-2.211341
-1.604066
-2.994115
-0.175926
-0.460314
-0.637890
-1.223568
-3.894538
-2.302388
-5.316026
-0.192857
-3.729293
-0.165000
-0.150000
-5.949906
-2.557243
-3.297107
-1.468246
-3.076608
-2.665951
-2.033397
-3.386161
-2.719677
-1.338478
-3.312407
-2.100554
-0.311111
-3.770008
-0.966667
-0.000000
-4.571976
-3.179700
-2.134464
-1.236473
-0.623182
-0.407407
-2.720017
-1.028510
-4.777579
-1.752825
-0.603597
-4.949613
-2.314675
-2.227658
-2.480958
-0.245238
-4.933895
-2.513452
-1.697530
-0.298810
-1.472620
-1.436946
-1.567782
-1.566282
-4.562933
-3.040625
-1.000891
-0.297222
-0.470455
-1.512985
-2.184664
-3.116102
-1.514546
-2.027297
-2.946018
-3.189886
-1.635122
-1.469027
-0.157292
-2.840285
-1.142694
-1.615893
-0.992095
-1.342128
-1.135828
-0.220000
-3.294570
-1.345231
-1.639899
-0.328333
-1.287545
-3.057319
-4.545992
-0.471167
-2.379768
-0.075000
-5.882509
-0.154762
-1.594295
-1.957830
-1.606667
-1.853961
-1.293364
-1.329002
-0.239394
-1.846389
-6.043295
-1.003100
-3.118596
-4.108164
-1.694783
-3.334623
-0.736223
-1.347299
-0.450000
-3.764925
-2.571937
-4.009516
-3.479670
-0.855857
-1.363814
-1.875424
-1.640901
-2.815287
-0.550303
-0.434259
-1.099472
-0.662833
-1.692607
-2.065385
-0.333333
-1.450071
-0.737564
-2.245043
-1.254938
-1.439513
-0.800108
-0.915808
-1.472705
-1.182000
-1.642183
-0.769117
-3.257533
-0.409091
-2.478078
-0.000000
-3.304698
-2.336175
-3.678246
-2.228948
-0.770929
-1.197012
-2.878793
-0.470303
-0.820610
-0.813635
-1.597175
-0.583182
-3.037994
-3.183467
-3.132753
-0.742287
-1.395385
-1.267333
-1.004989
-1.009048
-1.504323
-2.896172
-0.145455
-1.116914
-5.251120
-0.607424
-0.463636
-3.973382
-0.130000
-1.652096
-1.304655
-1.690712
-0.186364
-2.580017
-0.553214
-3.157489
-1.859126
-3.177052
-1.250697
-2.674765
-2.727996
-0.515429
-0.661333
-6.668080
-1.744854
-2.116722
-4.734898
-0.536667
-0.246667
-0.717956
-0.836623
-0.222917
-3.420599
-0.479253
-1.617511
-0.674079
-4.614534
-3.485111
-1.572630
-2.442197
-0.663285
-1.500736
-1.013683
-0.631526
-2.657157
-1.852149
-5.040062
-1.165737
-3.004852
-1.655964
-1.385678
-0.755000
-0.276667
-0.622833
-0.827219
-0.788788
-3.144103
-0.395455
-1.239005
-0.100000
-1.017505
-2.327444
-0.853182
-6.352928
-1.006789
-0.760833
-0.390152
-1.197753
-0.831929
-0.673667
-0.876515
-1.333757
-0.000000
-3.532383
-3.752525
-0.666667
-1.574640
-2.073218
-1.135611
-0.750000
-2.961987
-1.338199
-0.380303
-4.010791
-2.454610
-1.465784
-1.531748
-4.335347
-1.647391
-2.716030
-1.049240
-1.659591
-1.611978
-2.782148
-1.407493
-1.363767
-1.141473
-1.384160
-0.250000
-1.573888
-0.685390
-0.203704
-1.583102
-2.254010
-3.365714
-5.385198
-0.457121
-2.277945
-0.170000
-1.329938
-0.252381
-1.140583
-1.623476
-0.879968
-0.000000
-1.480261
-2.908492
-0.967879
-1.335888
-0.127273
-0.464394
-1.301709
-1.229326
-4.859426
-1.209723
-0.533667
-0.100000
-3.311982
-0.914527
-1.680787
-0.247222
-3.051030
-1.071786
-1.763955
-1.302667
-1.867080
-2.663556
-1.235290
-1.282063
-1.900043
-1.479973
-2.055036
-2.809289
-3.626090
-1.502419
-3.041027
-1.757460
-1.686373
-5.903794
-2.133822
-1.392877
-1.157395
-0.562000
-0.469583
-2.562692
-2.484585
-0.643380
-2.382558
-0.193333
-0.250000
-1.236283
-1.376667
-1.604916
-1.098448
-0.908214
-0.244444
-3.223685
-0.857695
-1.158743
-2.043632
-0.130000
-1.606412
-2.186838
-1.672769
-1.534231
-3.807311
-3.268152
-1.573329
-2.498205
-0.638333
-3.515709
-0.307833
-1.469254
-1.855165
-1.135966
-0.444167
-1.842837
-2.741847
-0.968031
-0.313095
-2.987482
-3.237016
-2.618747
-5.409143
-0.877814
-0.288333
-0.506481
-4.618471
-1.560337
-5.730612
-2.516942
-5.348160
-0.330926
-1.235126
-2.147738
-0.611212
-0.160417
-1.175607
-3.386831
-5.108667
-1.377625
-1.221700
-2.193499
-3.551965
-3.580703
-4.061916
-1.205392
-2.600452
-3.004519
-2.058986
-1.713714
-2.051639
-3.414954
-1.407524
-2.261415
-3.736405
-1.480725
-1.625007
-2.221654
-3.895741
-4.188043
-1.947946
-3.066581
-0.513052
-1.540578
-1.925957
-1.635114
-1.124659
-5.257209
-1.455032
-0.411364
-3.455566
-0.890357
-3.250848
-0.350303
-3.929687
-1.415521
-5.066459
-6.319893
-1.659269
-1.283472
-3.276584
-5.612835
-4.509285
-2.338067
-3.119532
-0.185278
-3.124371
-6.451282
-5.544352
-4.472192
-3.908882
-2.174309
-1.669448
-0.163333
-0.183333
-0.233333
-3.599467
-5.988411
-1.885717
-5.015768
-4.997909
-1.108628
-4.006291
-2.446983
-3.023405
-0.565000
-2.018152
-2.203048
-1.989092
-3.462083
-2.168415
-1.684939
-1.881806
-1.743847
-3.211482
-4.268945
-3.850221
-2.422294
-2.672302
-3.078545
-0.100000
-2.907336
-4.048230
-4.149119
-1.179859
-4.016307
-3.528139
-1.262576
-0.040000
-5.229413
-2.947851
-0.505238
-0.216667
-4.091892
-2.801493
-1.967513
-3.262458
-4.556709
-1.053023
-1.872415
-2.411650
-3.089564
-2.033011
-1.536823
-1.011494
-1.905719
-2.267059
-4.613382
-0.106250
-0.125000
-1.021320
-2.601688
-1.744565
-3.736803
-1.553066
-0.000000
-0.000000
-4.151452
-1.483057
-1.144182
-0.000000
-4.909894
-1.053041
-1.114539
-0.111111
-2.319623
-3.320322
-1.344650
-1.713948
-4.038518
-1.294365
-1.694477
-2.669216
-2.755275
-0.917435
-3.541845
-0.861512
-0.210000
-3.559283
-3.351007
-0.088889
-0.697381
-3.930948
-2.334102
-2.217747
-0.502381
-0.525000
-1.595221
-0.516667
-3.484095
-2.964777
-1.221760
-0.824242
-2.791895
-4.266832
-0.083333
-4.532920
-0.430000
-0.715909
-2.937451
-1.610565
-3.874577
-1.366031
-0.252273
-0.214815
-1.489044
-4.088770
-2.051652
-1.109028
-3.119771
-0.204762
-1.594074
-3.479202
-1.206870
-0.044444
-1.706684
-1.704359
-0.807083
-0.538485
-3.095243
-1.110127
-1.815003
-0.994466
-1.202327
-0.125000
-4.156147
-1.371088
-1.057668
-0.080000
-2.887552
-3.384816
-0.903180
-2.907374
-4.701027
-2.875334
-0.467833
-0.526296
-1.262094
-2.013370
-1.792351
-0.635333
-0.924542
-2.351485
-3.213577
-2.009261
-0.703885
-2.049643
-1.731432
-1.321638
-0.617273
-3.573842
-0.612596
-2.385674
-2.355013
-0.100000
-2.411274
-5.380006
-3.430462
-2.127450
-0.455833
-0.000000
-2.779095
-1.197906
-0.930428
-0.974806
-1.373394
-1.320253
-1.062915
-1.033854
-1.916836
-3.655968
-1.489009
-2.931873
-0.260556
-1.797009
-3.024793
-0.757082
-0.162500
-3.824319
-2.594866
-2.806743
-0.090909
-3.424294
-3.184587
-1.343095
-3.263691
-1.390460
-2.267691
-1.894369
-0.319697
-0.526515
-0.012500
-3.014955
-0.144444
-0.416667
-0.000000
-4.225648
-2.803975
-0.634394
-1.597187
-3.798325
-2.183198
-4.128671
-1.808782
-0.978900
-0.901147
-4.310994
-1.900821
-0.454545
-1.075968
-1.989138
-3.013600
-2.760678
-3.969341
-1.222086
-4.473112
-1.958522
-0.966246
-1.461159
-1.364719
-4.394852
-1.479910
-0.360606
-3.412006
-1.510751
-0.220370
-2.982343
-1.731967
-0.739394
-3.869248
-0.748485
-0.719968
-0.891397
-0.600768
-2.625282
-2.154668
-1.009159
-1.676967
-1.818315
-1.143215
-0.000000
-3.824581
-3.580002
-1.992006
-2.841769
-2.335053
-0.266667
-0.172727
-1.557044
-0.660758
-0.040909
-1.197161
-2.819665
-1.867585
-0.590833
-1.472069
-2.479312
-0.712121
-1.423790
-2.388412
-1.792373
-0.672167
-0.451515
-3.689314
-3.184726
-1.868233
-3.962955
-3.003887
-0.926481
-0.746818
-0.916800
-4.092736
-2.106487
-2.702070
-0.105000
-2.451772
-0.300000
-1.116868
-0.040000
-3.940371
-3.022093
-1.736973
-2.716543
-0.210000
-3.967931
-1.417258
-1.205896
-1.384797
-2.012387
-3.017687
-1.819202
-1.438791
-2.592320
-4.367347
-1.425380
-0.432121
-0.531450
-2.875994
-2.645937
-0.869199
-2.053951
-3.455544
-2.611724
-4.362469
-4.170711
-3.215415
-3.520609
-1.269013
-3.376175
-1.222863
-0.552500
-3.651422
-1.226091
-0.676667
-1.003694
-0.710417
-0.910613
-2.024117
-0.980949
-1.612730
-1.038712
-0.736829
-1.006708
-3.083062
-3.653566
-0.000000
-2.375378
-2.789932
-0.000000
-3.961316
-1.629579
-0.287500
-0.990544
-3.859278
-2.104911
-1.487946
-4.085318
-3.659410
-1.017186
-0.100000
-3.342278
-2.440875
-0.926624
-1.874607
-2.605584
-0.402833
-0.100000
-3.739908
-0.545833
-2.556003
-3.731205
-0.150000
-2.016661
-0.651194
-4.198405
-2.829093
-1.014589
-1.706184
-2.448700
-1.903467
-0.257143
-4.036501
-2.644647
-1.945059
-5.246202
-0.495758
-3.687692
-1.100045
-0.000000
-1.286763
-2.277605
-2.005346
-0.081818
-0.365909
-0.887500
-0.351852
-3.797755
-3.841738
-1.753490
-2.821624
-4.024813
-2.492541
-3.455502
-4.532860
-1.557790
-2.711244
-3.788609
-1.931231
-3.805997
-3.823800
-2.015013
-0.151190
-3.070753
-1.326979
-3.030449
-2.009232
-4.173910
-3.802173
-3.078916
-1.668914
-2.132472
-2.148701
-2.340001
-1.590370
-1.218107
-0.731374
-3.763498
-1.494614
-1.011098
-3.367649
-1.321556
-2.732385
-3.067245
-3.286520
-1.192172
-2.772653
-2.556306
-0.000000
-3.359811
-1.622303
-3.872722
-4.005834
-1.439258
-0.150000
-2.317950
-3.689351
-0.164394
-0.452000
-0.466212
-0.369167
-3.350006
-4.413949
-1.070174
-4.045990
-3.662028
-2.783363
-3.687997
-2.143264
-2.439019
-1.241995
-4.313965
-3.194349
-3.561198
-1.155818
-0.100000
-0.600000
-0.415000
-2.362102
-0.000000
-2.234127
-0.040000
-0.150000
-0.636852
-1.340347
-1.970548
-1.559365
-1.075826
-0.000000
-4.154259
-4.137542
-1.911572
-3.766880
-2.550573
-1.728840
-3.673897
-3.080592
-1.580328
-0.290152
-3.576182
-3.314121
-2.825416
-1.529931
-0.483429
-3.647761
-3.648857
-2.331924
-3.036316
-0.028571
-3.874145
-2.347289
-1.701133
-0.477381
-2.922322
-2.577783
-1.183756
-3.597953
-2.664430
-2.185833
-3.071813
-4.139336
-2.329908
-3.344311
-0.672619
-1.180806
-3.447101
-1.031817
-2.637133
-2.088558
-1.697732
-2.267891
-1.556081
-2.904247
-0.358333
-0.674242
-3.666349
-3.322593
-1.318428
-2.212112
-0.439583
-2.969756
-4.135023
-1.469573
-2.043739
-3.770477
-0.170000
-1.611275
-0.088889
-2.831664
-4.162362
-5.090633
-4.650111
-4.061439
-2.382379
-3.006584
-0.347222
-1.147308
-0.460417
-4.421015
-3.406545
-1.262336
-0.333333
-4.340725
-3.950573
-0.531364
-0.011111
-3.269515
-3.358298
-1.633415
-0.226190
-4.208328
-3.651380
-2.927904
-2.771424
-3.574552
-2.229530
-4.236840
-1.016242
-2.001487
-2.416466
-4.664110
-3.618972
-3.086312
-3.679191
-3.278809
-0.919802
-0.404167
-4.137039
-3.094761
-3.373910
-0.180556
-4.426578
-4.448105
-3.828427
-2.908705
-3.323170
-3.280624
-2.082663
-3.928787
-0.758911
-2.673659
-0.369500
-4.145166
-0.525741
-2.534989
-1.859958
-2.345967
-0.100000
-3.486301
-3.415286
-2.352201
-3.534561
-2.370725
-0.487121
-0.910570
-0.310417
-3.722146
-3.408008
-2.879527
-2.794359
-0.075000
-2.419938
-2.902300
-1.971711
-1.091212
-0.693636
-4.201191
-3.328794
-3.373890
-3.318645
-0.326515
-0.390000
-2.876133
-4.055241
-3.572490
-1.742365
-3.725611
-1.663766
-0.172917
-1.387960
-0.000000
-3.957696
-1.409662
-3.492700
-0.801667
-2.122232
-0.012500
-3.724535
-2.231170
-3.597916
-3.772553
-1.122032
-0.000000
-3.938905
-3.303562
-4.229966
-0.708347
-2.882854
-4.053238
-2.390448
-0.033333
-4.786801
-0.061111
-2.043127
-2.893879
-0.025000
-3.297418
-3.772255
-4.511791
-2.949828
-2.222422
-0.209091
-3.931182
-1.410180
-3.876368
-4.090469
-4.246950
-4.724675
-4.123556
-3.426939
-4.117428
-3.206377
-2.586872
-1.859475
-0.124242
-4.278569
-3.737846
-1.714783
-0.062500
-3.958438
-3.038793
-4.722441
-1.027830
-3.912908
-2.092033
-0.406667
-4.438032
-1.275319
-4.509823
-4.978700
-3.596998
-3.309869
-0.526061
-0.271667
-3.607729
-2.685694
-4.211805
-1.984662
-0.296667
-3.023106
-4.290265
-2.339880
-0.231481
-5.364888
-3.834154
-3.503304
-4.691336
-3.026501
-4.785783
-2.241722
-4.096819
-1.694697
-1.291236
-2.245262
-0.365625
-3.623147
-1.128944
-3.721808
-3.101370
-2.978554
-2.355774
-0.518214
-3.781783
-1.640193
-0.088889
-2.712178
-3.513396
-1.398868
-1.375339
-3.990216
-0.088889
-3.561609
-4.100926
-3.031481
-3.446041
-1.342245
-2.947860
-2.358288
-1.863276
-0.681847
-3.221520
-2.296333
-1.119982
-1.259693
-3.900277
-2.107020
-1.503478
-2.447444
-4.441474
-2.119547
-1.509522
-0.160000
-4.088253
-3.085468
-3.499391
-2.056129
-1.489413
-0.598333
-1.958419
-1.024571
-0.407292
-3.344852
-4.125389
-2.500014
-2.474144
-0.200000
-3.016052
-1.521104
-1.507388
-0.100000
-4.056223
-4.079664
-0.990609
-2.309333
-2.161702
-4.954930
-2.826645
-0.819021
-1.931302
-0.211111
-5.738655
-1.053147
-3.621048
-2.877785
-1.872986
-1.739502
-0.521481
-0.552576
-0.466667
-3.238265
-3.613362
-2.663751
-1.749953
-3.546035
-3.149641
-0.144444
-4.532751
-1.105970
-3.067989
-3.778474
-0.464697
-2.881794
-2.823846
-1.234213
-0.346296
-3.098121
-2.885054
-1.496662
-1.825103
-0.993593
-2.063821
-1.150000
-0.650758
-0.974940
-4.026682
-2.948236
-2.268969
-0.100000
-3.532533
-1.885366
-3.668601
-1.920812
-0.745385
-0.261905
-0.164286
-3.976748
-2.752669
-1.986219
-0.107143
-4.747394
-4.293818
-3.994514
-1.359019
-0.112500
-3.544140
-0.766667
-4.591724
-0.559394
-0.905926
-3.714875
-2.832194
-1.681867
-1.984651
-4.235431
-0.256061
-4.286507
-3.721669
-3.259000
-1.935627
-0.000000
-3.305373
-3.227904
-3.154094
-0.337833
-0.283333
-2.374671
-2.114585
-0.000000
-3.978737
-3.446790
-0.931064
-4.597854
-4.674944
-1.243550
-4.692149
-3.259620
-2.241198
-2.214452
-3.509336
-1.614924
-4.553494
-1.890005
-5.528831
-3.158939
-0.457143
-0.345030
-0.895000
-0.075000
-1.815117
-1.887646
-1.350178
-0.596364
-4.011085
-2.370495
-1.813674
-3.421190
-0.714188
-0.111111
-4.388701
-3.468551
-3.593389
-2.108412
-0.193750
-3.467350
-3.792596
-1.052419
-0.083333
-1.029536
-1.200963
-1.789968
-3.219680
-1.771824
-0.066667
-3.542374
-0.900952
-1.384353
-0.168939
-3.285950
-0.090000
-0.945409
-2.507480
-2.883014
-2.843629
-4.017427
-2.060336
-3.777627
-1.583451
-0.140000
-2.923347
-3.136800
-4.447936
-0.610333
-3.117064
-1.294338
-2.445295
-4.609982
-0.037500
-3.432900
-3.123066
-2.877619
-0.756677
-3.553803
-1.851531
-3.131266
-6.909178
-0.447512
-0.300000
-2.965249
-3.860172
-4.344592
-3.009120
-2.599410
-0.493182
-0.216667
-3.862627
-1.259466
-1.827334
-3.672024
-0.000000
-3.783123
-5.113007
-5.563498
-3.220018
-1.995587
-0.649545
-0.550833
-3.255332
-2.823592
-4.662764
-3.070237
-3.459070
-2.312355
-3.736321
-1.592607
-3.492156
-0.732908
-1.816757
-0.206667
-3.677685
-3.262837
-1.206500
-0.556926
-2.839311
-4.214680
-0.423958
-2.048077
-3.681287
-3.912633
-2.053615
-4.874825
-3.057983
-1.391318
-0.412424
-0.206250
-3.262294
-3.428441
-2.525221
-3.592248
-3.387707
-1.011782
-3.536782
-2.474504
-2.016806
-1.457962
-2.526104
-2.741399
-2.625206
-4.448497
-1.442872
-3.615216
-1.303602
-2.985299
-1.380597
-0.230000
-0.233333
-0.482424
-1.913898
-3.568164
-0.128571
-3.539837
-0.942273
-0.501852
-1.738096
-0.100000
-1.876479
-0.000000
-3.419462
-1.558699
-3.579710
-2.488350
-0.235714
-3.241623
-1.568014
-2.527708
-1.912487
-3.005490
-3.694299
-3.749404
-2.523211
-2.266577
-3.182828
-2.329261
-1.101067
-2.049246
-0.125000
-3.311417
-2.930698
-3.252111
-1.469319
-1.066237
-0.356061
-3.480706
-1.834541
-3.576705
-2.547105
-2.798544
-5.273987
-0.254762
-3.935406
-1.098786
-0.109259
-2.225227
-1.426000
-0.687965
-0.340000
-1.473052
-0.389394
-1.299216
-0.025000
-3.673937
-2.595681
-2.448398
-1.461709
-0.632576
-3.490168
-4.120282
-0.754630
-0.613333
-3.084704
-0.639167
-0.837333
-2.647860
-1.394372
-4.303533
-1.055743
-0.070000
-4.110316
-0.020000
-0.200000
-3.372877
-2.804835
-1.448940
-0.150000
-3.964801
-2.005917
-0.155556
-2.979985
-0.487833
-0.273148
-2.036984
-2.721263
-0.210000
-2.739759
-0.131250
-2.053058
-3.422390
-2.951648
-1.335907
-0.537667
-1.332425
-2.437349
-4.405081
-0.127778
-2.961011
-1.779913
-2.994734
-2.522926
-0.000000
-0.064286
-4.653308
-3.390226
-0.712435
-0.472273
-1.483255
-0.495758
-0.419792
-2.184854
-5.983386
-2.232715
-3.669960
-1.707079
-0.250000
-1.466035
-0.343182
-0.602667
-4.023556
-3.450702
-3.456747
-1.008741
-1.387038
-3.396631
-4.577299
-0.636515
-0.300000
-0.233333
-0.516111
-1.684222
-0.840996
-0.631984
-3.427104
-2.696460
-3.086028
-0.458333
-3.859066
-5.616643
-3.775022
-1.242128
-1.602241
-0.879792
-3.430250
-4.154915
-0.133333
-3.066538
-3.555843
-6.113619
-0.100000
-0.575000
-3.049974
-3.383132
-1.056724
-1.913081
-1.051558
-2.616486
-2.389723
-2.220715
-0.175000
-3.530200
-3.115095
-2.568164
-2.355880
-0.213889
-0.397500
-1.852940
-1.092407
-3.292193
-0.128571
-0.454848
-3.710611
-0.122222
-1.794283
-1.685117
-2.106316
-1.238569
-0.651829
-3.271398
-1.022991
-0.085714
-2.615863
-4.828483
-1.148227
-3.698375
-3.154482
-3.168535
-0.691250
-0.693961
-2.275997
-3.247922
-0.580599
-0.247593
-5.497828
-0.347917
-5.310091
-3.099715
-1.558973
-1.511080
-0.166667
-1.593738
-0.093750
-0.268750
-0.177778
-3.478263
-3.952571
-2.642945
-0.520000
-2.211345
-0.473333
-3.443474
-2.866477
-4.143616
-1.002767
-0.856627
-3.316576
-3.868203
-1.274950
-1.794349
-0.312037
-3.430569
-1.463536
-0.379630
-2.783859
-1.218557
-3.661146
-0.664179
-0.281818
-0.300000
-0.895051
-0.708142
-3.317644
-4.118155
-2.297897
-1.699303
-1.601391
-0.290833
-2.287499
-2.807975
-0.133333
-0.339167
-2.536547
-0.636481
-3.227118
-1.442099
-0.148485
-2.499267
-0.598052
-2.430368
-3.021491
-2.639725
-1.945414
-2.955368
-2.384442
-2.531595
-2.868922
-0.730167
-3.925498
-5.174482
-1.471691
-0.070000
-2.015354
-4.167534
-3.284084
-1.702149
-3.142776
-0.776595
-1.681495
-0.116667
-3.454902
-0.087500
-2.078605
-5.717342
-3.349717
-3.223721
-2.813417
-5.175973
-3.229141
-4.398641
-3.315077
-4.886974
-1.797631
-2.954368
-1.500491
-0.092857
-1.685895
-1.940094
-4.057208
-0.100000
-3.382991
-2.609532
-2.577552
-2.371875
-0.942653
-1.734506
-1.041425
-3.375716
-3.811130
-3.151809
-4.005104
-2.615917
-3.529178
-3.600501
-1.685380
-4.263732
-2.514440
-0.316667
-3.856982
-1.668305
-4.793311
-0.206250
-2.499734
-3.840468
-4.040882
-2.807961
-2.628086
-0.760332
-2.810034
-0.438095
-0.496667
-0.385606
-0.805238
-2.964952
-3.167567
-2.298225
-1.133354
-2.000351
-2.202289
-6.785666
-5.468873
-4.209798
-3.433935
-3.614221
-1.388369
-0.283333
-3.627605
-5.263261
-0.271429
-2.677731
-0.435455
-3.298817
-2.876746
-0.240909
-3.874158
-3.645646
-4.079607
-1.866180
-0.000000
-3.874802
-1.616015
-2.819972
-1.077139
-1.341562
-0.895411
-6.371848
-0.942691
-3.820123
-2.649119
-5.242582
-4.881296
-2.721390
-3.956644
-2.309376
-3.847736
-2.286150
-1.132488
-1.091587
-0.125000
-3.551391
-3.267135
-3.400995
-1.526703
-0.238889
-3.595083
-3.795795
-0.316667
-2.478765
-3.404638
-2.084515
-2.848481
-2.296018
-2.035080
-1.900375
-0.222222
-3.734009
-1.518511
-3.470409
-2.875757
-1.719768
-6.284833
-4.120555
-1.774816
-2.159795
-3.905300
-0.918594
-4.190021
-5.266622
-3.854367
-3.157376
-1.055769
-2.600998
-3.934241
-0.264500
-0.600758
-3.647663
-3.318137
-3.282882
-2.365674
-4.653005
-4.428138
-1.595789
-3.280177
-4.052389
-1.766993
-1.491796
-4.917238
-2.174619
-0.242857
-3.907985
-3.033733
-2.788144
-1.717901
-0.057143
-3.143466
-4.673336
-3.821335
-0.521970
-2.633704
-3.427932
-0.221429
-3.891333
-2.641238
-3.638233
-1.208820
-2.175801
-2.748646
-4.665523
-4.192729
-3.938270
-2.031516
-0.963844
-3.675027
-0.375000
-3.301246
-0.903301
-3.954642
-0.513900
-0.639074
-0.844762
-3.601277
-2.499925
-3.377955
-1.475912
-5.474267
-0.432500
-3.368997
-3.562065
-2.920289
-3.950899
-0.701905
-3.384406
-0.763810
-3.716922
-1.756289
-4.455692
-1.223222
-1.682386
-1.539542
-0.990723
-3.395741
-3.626813
-5.143946
-3.842214
-1.314595
-1.792640
-3.346847
-0.840956
-0.337500
-3.375162
-2.875051
-1.585498
-1.732217
-2.122862
-2.642757
-0.850768
-3.576068
-1.879079
-0.726778
-0.033333
-2.601192
-4.826504
-0.900334
-3.568502
-1.782379
-1.831538
-2.620117
-3.580226
-4.125214
-0.280556
-3.373998
-1.417411
-3.261909
-0.521526
-1.878195
-0.583704
-1.888856
-3.273488
-1.957040
-2.046431
-3.101792
-1.371333
-0.606667
-0.330952
-3.778905
-2.808276
-3.692514
-3.969401
-3.596886
-2.820050
-1.544741
-2.232314
-1.411887
-0.248148
-2.124707
-1.459886
-1.943086
-1.919202
-3.906132
-6.466017
-3.557608
-3.667062
-0.815825
-0.865173
-3.606716
-3.211287
-2.221942
-0.347917
-3.489981
-3.050836
-3.479960
-2.764232
-1.817759
-2.605924
-3.359777
-4.014526
-0.789365
-0.857529
-0.824917
-3.724502
-3.676121
-0.410833
-3.284704
-0.718961
-3.200402
-1.321742
-0.977872
-0.265833
-3.467603
-2.764333
-1.018182
-3.642943
-1.723064
-1.243868
-0.144444
-3.707935
-2.025434
-1.143150
-2.841897
-3.853822
-0.675000
-0.555208
-1.261901
-3.077800
-2.044876
-2.165084
-2.429334
-2.799914
-1.585349
-1.404464
-1.680147
-1.440961
-0.000000
-3.569894
-1.400096
-1.525674
-1.577118
-3.897671
-1.117861
-4.879168
-0.421515
-1.312365
-0.929727
-0.177778
-1.443845
-4.326089
-3.423944
-2.315098
-4.714615
-1.223594
-3.240604
-3.150453
-1.209549
-1.974907
-3.690750
-0.625845
-3.748398
-3.413889
-3.221615
-0.798690
-3.244743
-3.459824
-0.703833
-1.214271
-2.962467
-2.081024
-0.544242
-0.553125
-0.670556
-2.040437
-2.058373
-3.242447
-2.260475
-3.753914
-1.766347
-2.269143
-1.540170
-0.447333
-1.839384
-1.771956
-3.230383
-0.283333
-3.129109
-2.339943
-0.307576
-0.884748
-3.550563
-0.923810
-0.708961
-1.293063
-3.801467
-1.638857
-1.120486
-3.800617
-1.015723
-0.945952
-0.000000
-1.984096
-2.954767
-2.910304
-1.858052
-3.940705
-2.016685
-2.248548
-1.224762
-0.774654
-1.813782
-2.605329
-5.275966
-3.438070
-1.412962
-3.340942
-3.111226
-2.437887
-3.199541
-1.016667
-6.708617
-1.860157
-0.102778
-3.526582
-2.912703
-3.016212
-3.303811
-1.113983
-0.367143
-3.016823
-0.576061
-3.680482
-3.167556
-1.712142
-1.611240
-0.414583
-3.061303
-1.459008
-3.629549
-1.056483
-0.287500
-3.857566
-3.002645
-1.520175
-2.164193
-2.075216
-2.180868
-3.241642
-4.464054
-2.690059
-1.914903
-4.295982
-3.854458
-1.601327
-0.440455
-0.396970
-3.389379
-1.748245
-0.518024
-1.706575
-0.915718
-6.030808
-3.499363
-3.972849
-3.395383
-4.957463
-1.122846
-2.535061
-2.849270
-1.574405
-0.177778
-3.783542
-2.804284
-1.877399
-2.547021
-2.558959
-4.053344
-3.628285
-3.886724
-2.934279
-1.968143
-0.391481
-1.726347
-4.255137
-5.343173
-0.831413
-2.144206
-0.312121
-3.330916
-2.757283
-0.493519
-0.200000
-3.100823
-1.493046
-2.501344
-2.717229
-0.497833
-0.446667
-3.220639
-1.422183
-0.462500
-2.044174
-4.126857
-5.790952
-3.230726
-2.505166
-2.247968
-3.303208
-2.006314
-2.358271
-4.953194
-1.191056
-3.625016
-3.817953
-3.914836
-0.913038
-1.873148
-3.716201
-3.526488
-1.744392
-2.907267
-2.153385
-4.007137
-0.902583
-3.291472
-1.716590
-1.196826
-0.695833
-3.513627
-2.074298
-1.054378
-0.566667
-3.267978
-1.830333
-3.016855
-1.183504
-0.792284
-1.569759
-3.564154
-1.973379
-5.091587
-1.600270
-0.212500
-2.529088
-4.087071
-0.409091
-1.448413
-0.216667
-3.393690
-1.440268
-1.707208
-3.108850
-0.730181
-3.716704
-1.417873
-2.973871
-0.513939
-3.124110
-2.869542
-2.630081
-0.352381
-3.013662
-0.542827
-4.037888
-2.857396
-5.421713
-1.137343
-3.542571
-2.482899
-1.236365
-5.818435
-1.207123
-3.695253
-2.758225
-3.959577
-2.674916
-0.666061
-0.472121
-3.175977
-1.343811
-4.923779
-5.438870
-1.568571
-2.882089
-1.014658
-3.434322
-2.879663
-3.130974
-0.179167
-3.312691
-2.975191
-1.753856
-2.522221
-0.829585
-0.871701
-3.806628
-1.930259
-1.779673
-1.836039
-1.889052
-0.863007
-3.668719
-1.016480
-3.812558
-1.814053
-0.225000
-3.841460
-1.748487
-1.064244
-0.897919
-3.260088
-2.424060
-1.657792
-3.657840
-3.391618
-5.055643
-4.900801
-0.462037
-1.769995
-1.645549
-0.500000
-2.046913
-4.278904
-5.081383
-2.916647
-1.719659
-3.653530
-1.420533
-5.587027
-2.839999
-0.271212
-4.359319
-3.125828
-4.015227
-1.452893
-2.309868
-1.031136
-2.207749
-3.095979
-2.094154
-0.354167
-0.158333
-2.757498
-0.522576
-3.316351
-1.117480
-1.474418
-1.587038
-4.979027
-1.441179
-0.012500
-2.647262
-1.001172
-0.722708
-0.159259
-1.696873
-4.261924
-1.723583
-1.513736
-5.374620
-0.683333
-0.420833
-3.252596
-1.796532
-3.210358
-1.513006
-3.694285
-3.526835
-3.466281
-2.848991
-0.890303
-3.425417
-2.681599
-1.778100
-3.717290
-2.199005
-6.719990
-2.633963
-2.252265
-2.177338
-1.244701
-1.622789
-0.910481
-3.683503
-2.834491
-4.667935
-1.643409
-4.286498
-4.492640
-1.756322
-2.235291
-4.853295
-1.634338
-3.390485
-0.000000
-4.694100
-0.793817
-0.962240
-3.289791
-2.696965
-1.728685
-1.421585
-0.636524
-1.855212
-1.375999
-4.607180
-1.319767
-1.784577
-4.093138
-3.629175
-0.110000
-0.206250
-0.718496
-2.712708
-0.515741
-0.288095
-2.690646
-0.100000
-0.658333
-3.129186
-4.912222
-0.000000
-2.338260
-2.441549
-0.000000
-1.832086
-1.624210
-1.788964
-0.033333
-2.105302
-1.522802
-1.777274
-1.617777
-3.859870
-2.943579
-2.678649
-0.166667
-3.443311
-1.993792
-1.893760
-1.756803
-1.899383
-1.370385
-0.899860
-3.413463
-1.869961
-1.662540
-1.392036
-1.243103
-1.557242
-1.093002
-3.678859
-2.047727
-0.200000
-3.584492
-2.234992
-2.090637
-1.736832
-2.571862
-1.943320
-2.233252
-2.242333
-4.452732
-2.459588
-3.317939
-3.459354
-1.569268
-2.252723
-2.249873
-2.438119
-1.449025
-1.868160
-2.061270
-5.415957
-0.918205
-0.635536
-3.340030
-4.670218
-0.710291
-2.584114
-0.584444
-4.240268
-2.829489
-3.012392
-0.374167
-0.175000
-0.238889
-1.298358
-0.125000
-3.482242
-2.749091
-2.572995
-3.072691
-5.558409
-2.919916
-3.602677
-4.446917
-2.004179
-1.354991
-2.300055
-2.301569
-2.827450
-4.099010
-4.688847
-3.535820
-4.144408
-4.712484
-0.780744
-4.216214
-1.162180
-3.517735
-1.407824
-1.109549
-1.600107
-3.034518
-1.309625
-2.969007
-2.488821
-2.290089
-1.129921
-1.439426
-0.682132
-2.906243
-2.568899
-3.879278
-3.642783
-2.004246
-0.100000
-1.899086
-1.066382
-4.464296
-0.622963
-3.081023
-0.654441
-0.100000
-3.810361
-2.269032
-3.837175
-0.130556
-3.202765
-0.150000
-1.947235
-0.107143
-3.212105
-2.346559
-2.275221
-1.230559
-1.579013
-1.268391
-2.615849
-0.351667
-4.074760
-0.166667
-2.234226
-1.918934
-2.710088
-0.931634
-2.196252
-1.913744
-2.756494
-3.140818
-1.287598
-3.596204
-3.509854
-1.831337
-2.754041
-1.048219
-1.105577
-3.626643
-0.749376
-5.394772
-4.443641
-3.856842
-3.426837
-1.527965
-0.801436
-3.538629
-0.630625
-1.057206
-2.319060
-2.279167
-0.441667
-2.766495
-2.317218
-0.830013
-4.869832
-1.047393
-0.393519
-3.357610
-3.605592
-1.454762
-1.154064
-2.247230
-3.157071
-2.796448
-2.777894
-0.754848
-2.537539
-2.092537
-3.208317
-3.692264
-3.095869
-5.151982
-4.445081
-2.101036
-3.187023
-1.057742
-2.359194
-2.914143
-2.474256
-2.114591
-2.685261
-1.678704
-4.561185
-4.117810
-2.964336
-1.849142
-4.739520
-0.100000
-3.182948
-4.407345
-4.500043
-2.119591
-5.369898
-4.694534
-0.272222
-1.980936
-3.212260
-2.911393
-2.393973
-0.208333
-1.900334
-2.737257
-3.115636
-2.700752
-2.101401
-2.220594
-2.335081
-0.120370
-1.694671
-1.845068
-3.014267
-1.589245
-0.122222
-3.227474
-0.791981
-3.213170
-3.473489
-1.714130
-3.155638
-2.734399
-0.489500
-3.471565
-1.843691
-1.202401
-3.946310
-0.810107
-2.315606
-2.194359
-0.000000
-0.100000
-2.142529
-1.619710
-1.182069
-2.737272
-1.098860
-1.996091
-4.472051
-0.390000
-1.630225
-3.673523
-1.592976
-3.189926
-4.136481
-1.617363
-4.940467
-1.045193
-3.459871
-3.960311
-4.736044
-1.709513
-2.358357
-3.389730
-3.121390
-0.476944
-2.848083
-2.123679
-4.091892
-2.533605
-3.956532
-3.089030
-3.551716
-1.772977
-1.278041
-1.689671
-3.034503
-1.871628
-2.168057
-3.434744
-1.659705
-0.840409
-1.750252
-6.874226
-1.810265
-5.438011
-3.042541
-1.397582
-2.047249
-3.168553
-4.308286
-2.069696
-1.614155
-0.892139
-3.276874
-2.037979
-2.553633
-0.469444
-0.922917
-4.298646
-3.220471
-3.126160
-3.335441
-1.525281
-2.406684
-1.924854
-2.033372
-1.224563
-3.472305
-1.053387
-4.197936
-2.649314
-1.145952
-0.955667
-1.848108
-1.521232
-0.600000
-1.497134
-1.209820
-1.698413
-0.000000
-1.264513
-2.638823
-2.022030
-1.847194
-2.168732
-1.315318
-3.178933
-0.811789
-1.574965
-4.030191
-1.935200
-2.544638
-0.463333
-3.320568
-3.048255
-3.719756
-2.363907
-1.280279
-0.854735
-0.918582
-3.830193
-3.328859
-3.905723
-3.177342
-2.574147
-3.953443
-2.025321
-2.002925
-1.161937
-2.353131
-3.507420
-3.560565
-0.693167
-2.160800
-2.455185
-1.618161
-1.242823
-1.917683
-5.163998
-3.365193
-3.248330
-0.771852
-2.331318
-1.544161
-4.539975
-1.930755
-1.320622
-1.695125
-2.865977
-3.618018
-3.668397
-0.923958
-4.438436
-3.303119
-1.414076
-1.484286
-1.398810
-4.163086
-2.523573
-2.328485
-2.617232
-0.177273
-3.379414
-2.689762
-2.545367
-5.645696
-4.570389
-4.595099
-3.071143
-1.890245
-3.607564
-4.279676
-1.236416
-1.584178
-2.879981
-2.268896
-3.353139
-1.338157
-2.454013
-0.605714
-0.430556
-1.934913
-2.083196
-2.282250
-1.972590
-2.737631
-2.077541
-3.809342
-3.863096
-3.030103
-1.657892
-1.997623
-2.854892
-1.646488
-1.355771
-2.772407
-1.459810
-1.708994
-4.349468
-1.952215
-5.027915
-1.158435
-6.023847
-3.294350
-2.363130
-3.065908
-3.958434
-1.572373
-1.820766
-1.519251
-1.365577
-1.787745
-3.831241
-1.908084
-1.097746
-3.940853
-1.517005
-1.156240
-0.465000
-3.004310
-3.451817
-2.556513
-3.850736
-3.040998
-0.450000
-1.052814
-3.933265
-2.225034
-2.831439
-3.136919
-3.387573
-4.483396
-2.995086
-2.678404
-1.093250
-4.073704
-1.405660
-2.887586
-1.412562
-4.507475
-5.326754
-3.677545
-4.186214
-3.059404
-0.040000
-1.302582
-2.137533
-0.982280
-1.636009
-2.934714
-1.532897
-1.862474
-2.004535
-2.286130
-2.865486
-2.985922
-2.299127
-1.429853
-0.979899
-2.995723
-1.937911
-0.915144
-0.767845
-1.875950
-0.934138
-0.716682
-3.431126
-1.589314
-3.577629
-2.891629
-3.920251
-1.755256
-2.316103
-1.922319
-3.871996
-2.052811
-6.056080
-2.169916
-2.901419
-0.889480
-3.928166
-1.410866
-1.922157
-0.640665
-5.888418
-0.725667
-1.521534
-2.091682
-4.175015
-1.686145
-0.335417
-1.985328
-1.220463
-3.872918
-2.368073
-1.304606
-3.562156
-1.597753
-1.928224
-2.312928
-3.621617
-3.150772
-3.578650
-2.880789
-4.607022
-4.460847
-1.680295
-2.739443
-1.665532
-4.075804
-3.622802
-3.922803
-2.718644
-1.339448
-5.663636
-1.451052
-3.787306
-1.596044
-1.146469
-0.300000
-1.821028
-1.532574
-0.701667
-3.121053
-3.745882
-2.889716
-1.275502
-4.617845
-1.889722
-2.976284
-4.530198
-5.394624
-0.697729
-3.505167
-2.179503
-2.406311
-2.192326
-3.473988
-2.000741
-4.112638
-3.436257
-2.958337
-2.608773
-2.219814
-3.356782
-0.462667
-4.324348
-3.575004
-3.023103
-2.725077
-2.728744
-1.037223
-1.154590
-5.933161
-0.572333
-1.770522
-4.835114
-3.837629
-3.188945
-3.138205
-4.137211
-3.702975
-3.770814
-1.014470
-3.307121
-1.051778
-2.819678
-4.690418
-3.179859
-4.361245
-1.781923
-3.435918
-3.329151
-1.521608
-3.289953
-4.060036
-2.838002
-1.209100
-1.364077
-1.320674
-3.082661
-3.750120
-3.326044
-2.596494
-4.446730
-4.759631
-3.408133
-3.748316
-2.998708
-3.029415
-2.821005
-4.309283
-2.063080
-2.318506
-0.527500
-3.163704
-3.582448
-0.937785
-2.755396
-4.243362
-3.245041
-2.721500
-1.478165
-4.262377
-1.306494
-2.637678
-3.644841
-6.103777
-1.429015
-3.227847
-3.338687
-3.266243
-4.648888
-4.318605
-0.695119
-0.949982
-3.151407
-4.940464
-2.949144
-0.121038
-4.256164
-3.343087
-1.432321
-2.844138
-1.093146
-3.484407
-5.682002
-5.082192
-1.893905
-2.993292
-2.951470
-0.788810
-4.412132
-1.613720
-1.874678
-0.225000
-4.812408
-3.242356
-1.262066
-3.303566
-1.217877
-2.108413
-3.719527
-5.039131
-4.210339
-4.070957
-0.832328
-0.226190
-2.835641
-1.804753
-0.100000
-1.772742
-3.765565
-3.040506
-1.556794
-1.081667
-1.896382
-1.337198
-4.024947
-1.095066
-1.878385
-4.326201
-1.024967
-1.615279
-3.714700
-1.519645
-1.751321
-1.208148
-1.185477
-1.473921
-1.186789
-2.116017
-0.389583
-1.316391
-2.143024
-2.670251
-2.876238
-2.089012
-1.877300
-1.686845
-4.897312
-4.825613
-0.840304
-3.133495
-2.687538
-2.478464
-1.518837
-1.924570
-1.646689
-5.154623
-1.699117
-3.130175
-3.548426
-3.608118
-1.030417
-2.185583
-3.514054
-2.550555
-2.969189
-2.518507
-3.623788
-1.846718
-0.887492
-0.468333
-1.766446
-4.592137
-4.063162
-1.775177
-2.168207
-1.458797
-2.173157
-1.409546
-3.308395
-5.466828
-3.578196
-2.880230
-3.286234
-0.803440
-2.446111
-2.765263
-3.311310
-2.354788
-2.386479
-4.803660
-2.603669
-3.922845
-1.017962
-2.416220
-2.247811
-0.679898
-1.929673
-1.771460
-2.783393
-1.355298
-0.311905
-1.986519
-2.769373
-0.453254
-2.894852
-0.533333
-1.223918
-3.785214
-0.599667
-1.826979
-2.603304
-2.073790
-0.251667
-2.700243
-3.491383
-3.815651
-2.945056
-4.042634
-0.987862
-1.585700
-3.149324
-1.784615
-1.365053
-1.358776
-0.000000
-3.201322
-4.143881
-1.585179
-3.485911
-5.266653
-1.832404
-0.347273
-0.636364
-1.853574
-0.365152
-0.175000
-3.983059
-3.313950
-5.288460
-4.324102
-0.050000
-2.477158
-1.482344
-0.050000
-1.886507
-2.597699
-2.768081
-1.738919
-6.812129
-0.148148
-2.109817
-1.130000
-1.693015
-0.150000
-2.373258
-2.850375
-3.256728
-5.883523
-2.650885
-2.525270
-3.688992
-1.493457
-0.198148
-0.456667
-1.843881
-0.337879
-3.082405
-1.003646
-1.696664
-0.691021
-3.045259
-0.962639
-1.820643
-0.150000
-1.337048
-1.291993
-0.000000
-0.000000
-1.677969
-2.728950
-2.882179
-1.868303
-1.827149
-1.320535
-0.184167
-2.066046
-0.057143
-2.381772
-4.195442
-1.054909
-4.654097
-1.583105
-3.426208
-1.405325
-1.785070
-2.730008
-6.273042
-3.826932
-1.227474
-0.130000
-3.480021
-0.000000
-0.200000
-2.049972
-0.118182
-0.033333
-1.687948
-1.883996
-2.136119
-2.035403
-2.540778
-1.817375
-1.463342
-0.847410
-0.000000
-2.405988
-1.526341
-1.140626
-2.471452
-2.760240
-2.453627
-2.135890
-1.770340
-3.297864
-1.020794
-1.856421
-2.461765
-3.833770
-2.406706
-1.881638
-2.561973
-1.591609
-2.800877
-1.154584
-5.771587
-4.574031
-0.853012
-2.397946
-3.673200
-1.813323
-3.916368
-3.367627
-3.737036
-1.321247
-2.886653
-2.789630
-1.251393
-1.987339
-4.134814
-0.055556
-1.174266
-3.274131
-3.158038
-4.273927
-1.499323
-0.185606
-3.667359
-2.791540
-1.250734
-3.589943
-3.358719
-1.251220
-2.261106
-3.081348
-0.945653
-4.571213
-1.733666
-3.153068
-3.664248
-0.815185
-4.092824
-3.813647
-0.906905
-0.378333
-4.203101
-3.284602
-1.102143
-0.400000
-4.237580
-3.383367
-3.516332
-1.736762
-1.259538
-0.518182
-1.233685
-0.604697
-1.060700
-0.000000
-2.485812
-1.123456
-2.283194
-1.146475
-1.258963
-3.339780
-4.505818
-4.183742
-0.594935
-0.581595
-4.240816
-1.510302
-0.377083
-0.498030
-3.576215
-2.317999
-1.733198
-5.472948
-6.732946
-3.957237
-4.432009
-2.927178
-1.164949
-0.218182
-0.706402
-0.616857
-0.404545
-0.872647
-3.692653
-3.565901
-0.822709
-4.096040
-3.156447
-0.471296
-0.578333
-3.795214
-2.420039
-0.970119
-0.380000
-3.730030
-4.464666
-2.001099
-1.659164
-1.176213
-2.280135
-4.133384
-0.150000
-0.349074
-0.226667
-0.637576
-0.676095
-4.136024
-2.272857
-0.345455
-0.500758
-4.154917
-2.467479
-2.027747
-1.053059
-2.704350
-5.440131
-3.385895
-3.367304
-1.946280
-3.457378
-1.849777
-0.580303
-0.466667
-0.455000
-1.138742
-4.364947
-2.402727
-2.885422
-0.050000
-2.822238
-1.954537
-4.916291
-1.718625
-2.502377
-2.009659
-2.932042
-1.602837
-4.039146
-3.312244
-0.120370
-0.759527
-0.150000
-3.274350
-1.024270
-0.233333
-2.984516
-0.175000
-0.796548
-0.842608
-4.202601
-4.892210
-3.116302
-3.424749
-0.100000
-0.000000
-3.621547
-2.877398
-0.291667
-2.928033
-3.689206
-3.141325
-3.343860
-2.579917
-0.857965
-0.523429
-4.444597
-1.057496
-0.616024
-1.658467
-3.017855
-2.545657
-3.794040
-3.992136
-2.013357
-0.421167
-1.044441
-4.071270
-1.569920
-2.430783
-3.486373
-0.814289
-0.879965
-0.384630
-2.148612
-1.067951
-3.195516
-3.980451
-0.560162
-1.541507
-3.997267
-3.552303
-0.225926
-3.072444
-1.179365
-1.398569
-2.414618
-1.916565
-0.260000
-4.488459
-2.052578
-2.213444
-1.640091
-3.587460
-0.603333
-1.925285
-4.784722
-6.038875
-3.586324
-1.813668
-4.211176
-1.312560
-3.411097
-3.424190
-0.450000
-3.433289
-1.246096
-0.817845
-1.101096
-3.817255
-0.704026
-3.904677
-1.753151
-4.155381
-1.351928
-2.815778
-0.250000
-0.648929
-1.267435
-6.761210
-4.589967
-3.046356
-2.052786
-3.463666
-0.189394
-0.077273
-0.314394
-2.268960
-0.465929
-0.200000
-0.415667
-0.138889
-3.114053
-0.764329
-3.054653
-1.488052
-0.611829
-4.381256
-0.334167
-2.071695
-0.188889
-0.162500
-5.367348
-4.324665
-1.295873
-1.594388
-0.586290
-2.493347
-2.860610
-0.110000
-1.043835
-1.441407
-5.467701
-3.414290
-2.024941
-0.911345
-1.581971
-0.086364
-1.917667
-1.499174
-0.473333
-3.315917
-3.159691
-3.784368
-0.100000
-0.366111
-3.234712
-2.589116
-3.139799
-3.324992
-0.150000
-1.131984
-2.954300
-4.894783
-3.445336
-1.755047
-1.605146
-3.377545
-0.995115
-1.197302
-3.003528
-1.886278
-1.446711
-0.728889
-2.149665
-0.125000
-1.644840
-2.989572
-1.495677
-2.199362
-1.790081
-0.797690
-0.683874
-3.232499
-1.167097
-2.012271
-0.654848
-2.342330
-1.344104
-1.595484
-3.697251
-0.293750
-1.708455
-2.473211
-1.691264
-2.023767
-3.193182
-1.336315
-3.159714
-2.233704
-1.991559
-2.331803
-2.866777
-3.713488
-1.171504
-0.139394
-3.153774
-1.381571
-1.577626
-0.990339
-0.810304
-1.020521
-2.219125
-0.504167
-2.428937
-3.285826
-1.042724
-2.349996
-0.300000
-3.103159
-3.500676
-1.727568
-2.867326
-3.349289
-3.488376
-2.759182
-4.271945
-2.658728
-0.296667
-0.431250
-0.927262
-3.649831
-3.408140
-4.057094
-1.689079
-3.392380
-4.168265
-2.692210
-2.513930
-0.896537
-0.443125
-3.289062
-0.839214
-1.214318
-2.806225
-2.880956
-0.192857
-0.066667
-3.108720
-2.571867
-0.532424
-2.029811
-6.950217
-0.209091
-0.552778
-1.071607
-1.797091
-1.997118
-0.397000
-1.187891
-2.362366
-3.683141
-0.072222
-0.680152
-1.640643
-1.740747
-6.378729
-1.801289
-4.393956
-2.309661
-0.042857
-1.771486
-3.063939
-0.417500
-0.778889
-2.263479
-5.737002
-1.537777
-2.691368
-0.278333
-0.688788
-0.127778
-1.636868
-1.624107
-2.376608
-0.140909
-0.000000
-0.141667
-0.325926
-0.523333
-0.100000
-2.977979
-1.810808
-0.965484
-1.701492
-0.315152
-4.493193
-2.943019
-1.816634
-1.470309
-2.619409
-1.716385
-5.711558
-1.821702
-0.710455
-0.228333
-1.473607
-1.215231
-2.117489
-0.404545
-1.489806
-2.535067
-2.523870
-1.343849
-0.933243
-2.325502
-1.295262
-1.976971
-1.433756
-1.036786
-0.000000
-1.708726
-1.292517
-3.354836
-3.667600
-0.451818
-0.168750
-0.108333
-3.337963
-2.021050
-3.110694
-0.700011
-2.815507
-3.091854
-3.812282
-1.159676
-2.421013
-0.631374
-0.842443
-0.734026
-0.320833
-1.438627
-2.215619
-0.817879
-0.600000
-6.297377
-0.093750
-1.517219
-1.597616
-1.192317
-2.862011
-0.148485
-3.857781
-3.579748
-2.949267
-1.657092
-0.734560
-1.531101
-2.772226
-1.090234
-4.390504
-1.368536
-3.316238
-1.055599
-2.167904
-2.054210
-2.278637
-0.353333
-0.570333
-0.958472
-0.936602
-1.276559
-2.527219
-1.333283
-3.733718
-3.423439
-2.319788
-0.779026
-3.150114
-3.255454
-4.082553
-1.352880
-1.905366
-0.598750
-1.024179
-3.403227
-1.175557
-1.573280
-1.677600
-2.744197
-0.016667
-0.121429
-0.100000
-2.670086
-1.760234
-0.060000
-0.627590
-1.240322
-2.673850
-2.146924
-0.368333
-4.075036
-1.486184
-1.162890
-1.164701
-2.765610
-3.969411
-3.191691
-0.670667
-4.245808
-3.367863
-0.567500
-2.104758
-0.751916
-4.870704
-1.036108
-3.127864
-1.552423
-2.276904
-0.157143
-3.493100
-0.745198
-1.162628
-0.250000
-2.143338
-0.877597
-1.642695
-0.325000
-2.782373
-1.647427
-2.982698
-1.547754
-1.486032
-1.042385
-1.540728
-4.686993
-0.503788
-1.421845
-4.042228
-1.569208
-2.932104
-2.639954
-2.513306
-0.485909
-3.352934
-0.266667
-3.213140
-0.794167
-3.684206
-1.365302
-0.910794
-0.481667
-0.769224
-3.392713
-0.816255
-2.122357
-0.859634
-3.565353
-0.195455
-0.275000
-1.715034
-4.467445
-1.229798
-3.546347
-1.274330
-3.153878
-1.045301
-3.422641
-1.568325
-1.274040
-1.598060
-0.493519
-3.832267
-1.438717
-1.285370
-0.841764
-0.227778
-1.630749
-1.098125
-0.618485
-0.684833
-2.032414
-2.313450
-3.662822
-2.232980
-0.100000
-4.014468
-1.267058
-2.271799
-0.639545
-2.196355
-3.592405
-0.329630
-0.171429
-0.250000
-1.724751
-2.573654
-1.717528
-2.960257
-0.710617
-1.814430
-0.050000
-1.875687
-0.200000
-2.566905
-1.951016
-0.163636
-3.305863
-3.574180
-0.494697
-1.373959
-0.786822
-2.337224
-1.240588
-0.141667
-2.131787
-0.459091
-2.982616
-1.615410
-0.268182
-1.840809
-0.626595
-1.845042
-1.177298
-0.436364
-1.120013
-1.508799
-3.016441
-2.278615
-1.416485
-1.129499
-1.024423
-0.000000
-3.283527
-3.361630
-1.752267
-6.427682
-1.053112
-2.708378
-2.315693
-0.454630
-3.136199
-0.884466
-1.567483
-6.652037
-3.372381
-1.587571
-1.171678
-1.474534
-1.668426
-1.014560
-3.369274
-1.221665
-3.429812
-0.100000
-2.850033
-2.567961
-0.733595
-1.591750
-1.374901
-1.705910
-1.442943
-1.195895
-0.000000
-3.206542
-3.811413
-1.112197
-1.066702
-0.138889
