3.5013	3.5014	3.5008	3.5006	3.5038	3.5013	3.5005	3.501	3.501	3.5005
3.5121	3.5008	3.501	3.5003	3.5008	3.5007	3.5016	3.5003	3.5003	3.5003
3.5003	3.501	3.5011	3.5011	3.5012	3.5006	3.501	3.5004	3.5007	3.5009
3.237	3.1624	3.1917	3.2877	3.2366	3.1671	3.2326	3.2602	3.1508	3.2431
3.5007	3.5003	3.5005	3.5008	3.5017	3.5011	3.5025	3.5009	3.5011	3.5016
3.5011	3.5001	3.5002	3.5004	3.5032	3.5003	3.5003	3.5036	3.5013	3.5009
3.5002	3.5004	3.5011	3.5006	3.5006	3.5002	3.5012	3.5009	3.5016	3.5002
3.5013	3.5019	3.5011	3.5002	3.5011	3.5003	3.5011	3.5003	3.5003	3.5017
2.4968	2.3038	2.3316	2.4034	2.2468	2.5131	2.4187	2.454	2.5178	2.2532
1.7709	1.7161	1.8564	1.7397	1.718	1.6646	1.8322	1.9387	1.7535	1.7845
3.5002	3.5009	3.5027	3.5002	3.5005	3.5005	3.5013	3.5005	3.5002	3.5002
3.5001	3.5008	3.5002	3.5003	3.5002	3.5002	3.5002	3.5023	3.5001	3.5009
3.5012	3.5002	3.5004	3.5001	3.5024	3.5002	3.5013	3.5003	3.5007	3.5001
3.5003	3.5002	3.5004	3.5003	3.5009	3.5002	3.5002	3.5002	3.5002	3.5003
2.501	2.4747	2.4119	2.2917	2.2062	2.4161	2.3688	2.3204	2.3158	2.24
3.5021	3.5008	3.5002	3.502	3.5002	3.5001	3.5007	3.501	3.5003	3.5005
3.5016	3.5007	3.5016	3.5007	3.5002	3.5005	3.5012	3.5004	3.5002	3.5003
1.9772	2.1024	1.9	1.9792	2.116	2.2177	2.0964	2.0827	2.0717	2.0072
2.34	2.1604	2.4853	2.3391	2.2518	2.1984	2.1513	2.3979	2.2714	2.1459
3.501	3.5012	3.5005	3.5013	3.5002	3.5003	3.5006	3.5003	3.5002	3.5005
3.5004	3.5007	3.5008	3.5004	3.5021	3.5006	3.5022	3.5013	3.5004	3.5053
3.5002	3.5003	3.5003	3.5009	3.5004	3.5004	3.5003	3.5009	3.5003	3.5004
3.5003	3.5005	3.5011	3.5008	3.502	3.5012	3.5011	3.5008	3.5011	3.5012
3.5001	3.5001	3.5046	3.5012	3.5006	3.5003	3.5003	3.5004	3.5003	3.5002
3.3135	3.3471	3.3155	3.3351	3.311	3.3471	3.3198	3.2857	3.3704	3.2603
3.5002	3.5012	3.5006	3.5003	3.5007	3.5002	3.5005	3.501	3.501	3.501
1.8158	1.9106	1.8486	1.785	1.828	1.8935	1.7833	1.8987	1.8303	1.818
3.5002	3.5003	3.5002	3.5011	3.5003	3.5003	3.501	3.5002	3.5002	3.5003
2.1274	2.0071	1.8257	2.0353	1.9594	2.0451	1.9742	2.0558	2.0103	2.0543
3.5005	3.5003	3.5007	3.501	3.5011	3.5002	3.5008	3.5008	3.5008	3.5025
3.5019	3.5019	3.5027	3.5007	3.5008	3.5006	3.5009	3.5005	3.5004	3.5011
3.3194	3.3817	3.2749	3.337	3.4114	3.2037	3.3215	3.4727	3.2815	3.2348
3.5017	3.5009	3.5005	3.5031	3.5047	3.5011	3.5008	3.5007	3.5027	3.5011
3.5055	3.5013	3.5008	3.5009	3.5013	3.5004	3.5005	3.5004	3.5005	3.5006
1.7526	1.7536	1.6307	1.7004	1.7741	1.8756	1.8212	1.8189	1.7698	1.5581
3.5012	3.5011	3.5013	3.5065	3.5028	3.5007	3.5008	3.5006	3.5007	3.5006
3.5015	3.5014	3.5014	3.5033	3.5016	3.5011	3.5009	3.5012	3.5014	3.5009
3.5007	3.5006	3.5007	3.5003	3.5004	3.5003	3.5004	3.5004	3.5012	3.5003
3.5004	3.5016	3.5008	3.5011	3.5006	3.5014	3.501	3.5009	3.5007	3.501
3.5008	3.5009	3.5007	3.5007	3.5008	3.5004	3.5009	3.5009	3.5008	3.5007
3.5011	3.5004	3.5068	3.5014	3.5003	3.5009	3.5009	3.5006	3.5006	3.5007
3.5002	3.5003	3.5015	3.5007	3.5004	3.5015	3.5005	3.5004	3.5002	3.5003
3.5015	3.5009	3.5006	3.501	3.5007	3.5005	3.5016	3.5028	3.5006	3.5008
3.5007	3.5005	3.5019	3.5007	3.5017	3.5012	3.5005	3.5053	3.5017	3.5005
3.5032	3.5027	3.5007	3.5021	3.5005	3.5006	3.5005	3.5004	3.5006	3.5004
2.9831	3.1478	3.0438	3.0829	2.9472	3.1905	3.0346	3.1515	2.9316	3.037
3.5003	3.5007	3.503	3.5017	3.5015	3.5003	3.5004	3.5006	3.5006	3.5009
3.5003	3.5004	3.5023	3.5002	3.5023	3.5004	3.5004	3.5007	3.5002	3.5004
2.6422	2.7472	2.637	2.8039	2.5971	2.8012	2.713	2.794	2.8106	2.5955
3.5008	3.5025	3.5017	3.501	3.5015	3.5103	3.504	3.5024	3.5025	3.5016
2.371	2.2594	2.4114	2.1121	2.1571	2.3164	2.2065	2.1803	2.3369	2.1496
2.039	2.1172	2.132	2.0555	1.7977	2.1002	1.8767	1.9898	2.0381	2.1337
3.5012	3.5011	3.5005	3.5007	3.5022	3.5007	3.5005	3.5004	3.5005	3.5026
3.5005	3.5002	3.5002	3.5002	3.5007	3.502	3.5003	3.5003	3.5004	3.5005
3.5006	3.5002	3.5001	3.5008	3.5015	3.5001	3.5003	3.5004	3.5003	3.5004
2.6318	2.6959	2.6021	2.7052	2.5988	2.6276	2.4566	2.5964	2.4979	2.6255
2.0155	1.9539	2.0897	1.9475	2.1176	2.0015	2.069	1.8888	1.9601	2.0706
1.8688	1.8173	1.7229	1.9051	1.8302	1.7874	1.8368	1.8986	1.9395	1.741
2.4656	2.5524	2.5936	2.7085	2.4129	2.5198	2.5561	2.5855	2.548	2.6103
3.5002	3.5006	3.5001	3.5002	3.5001	3.5009	3.5003	3.5002	3.5008	3.5004
2.16	2.1071	2.0402	2.0467	2.0797	1.9702	2.0734	2.0318	2.1167	1.9405
3.5009	3.5006	3.5015	3.5016	3.5024	3.5014	3.5023	3.5009	3.5017	3.5043
3.5002	3.5005	3.5013	3.5003	3.5007	3.5003	3.5001	3.5002	3.5006	3.5003
3.5006	3.5005	3.5005	3.5026	3.501	3.5005	3.5019	3.5028	3.5004	3.5006
2.3062	2.3666	2.3038	2.3788	2.2974	2.2003	2.2129	2.0548	2.235	2.3104
2.8932	3.0141	2.7751	2.9566	2.949	2.7962	2.8559	2.8971	2.8325	2.7751
1.5218	1.6616	1.5528	1.6165	1.5195	1.6463	1.4586	1.511	1.5973	1.3167
2.394	2.5075	2.5004	2.5506	2.4665	2.4457	2.4871	2.5127	2.5277	2.4501
3.5143	3.5281	3.5205	3.5254	3.5172	3.5031	3.5047	3.5012	3.5411	3.5039
3.5004	3.5004	3.5001	3.5001	3.5007	3.5024	3.503	3.5001	3.5001	3.5059
3.5005	3.5002	3.5001	3.5003	3.5002	3.5001	3.5007	3.5005	3.5001	3.5022
2.1364	2.0593	2.0379	2.1408	2.0906	2.0221	2.0535	2.0868	2.078	2.1549
3.5003	3.5003	3.5011	3.5008	3.5012	3.5003	3.5004	3.5007	3.501	3.5007
3.5066	3.5005	3.5007	3.5005	3.5008	3.5007	3.5006	3.5006	3.5003	3.5011
1.4679	1.5673	1.4699	1.499	1.5801	1.6069	1.498	1.5218	1.5408	1.4901
2.2321	2.308	2.2782	2.3414	2.384	2.294	2.1194	2.1953	2.2447	2.2689
3.5002	3.5021	3.5004	3.5002	3.5007	3.5005	3.5002	3.5015	3.5002	3.5003
3.5007	3.5006	3.5006	3.5004	3.5003	3.5003	3.5007	3.5001	3.5005	3.5003
3.5006	3.5008	3.5013	3.5016	3.5001	3.5001	3.5003	3.5004	3.5011	3.5001
3.5001	3.5001	3.5002	3.5003	3.5003	3.5004	3.5001	3.5008	3.5005	3.5004
3.5007	3.5007	3.5002	3.5003	3.5003	3.5008	3.5006	3.5004	3.5043	3.5005
2.8728	2.9635	3.1753	3.0865	2.966	3.1007	3.1469	3.0949	2.901	2.9666
3.5071	3.5007	3.5061	3.5003	3.5005	3.5004	3.5003	3.5003	3.5002	3.5007
3.5001	3.5003	3.5003	3.5003	3.5003	3.5005	3.5003	3.5054	3.5002	3.5017
3.5011	3.5175	3.5058	3.5002	3.5005	3.5002	3.5001	3.5001	3.5014	3.502
3.5009	3.5006	3.5006	3.5007	3.5028	3.5009	3.5008	3.5014	3.5021	3.5002
3.5002	3.5002	3.5009	3.5002	3.5005	3.5002	3.5008	3.5002	3.5001	3.5012
3.5022	3.5005	3.5014	3.5027	3.5009	3.5032	3.5009	3.5004	3.5026	3.5008
3.5007	3.502	3.5016	3.5035	3.5009	3.5063	3.5024	3.5004	3.5005	3.5032
3.5011	3.5021	3.5005	3.5021	3.5004	3.5004	3.5016	3.5005	3.5005	3.5002
3.5002	3.5013	3.5003	3.5005	3.5007	3.5009	3.5003	3.5004	3.5001	3.5002
3.5013	3.5002	3.5003	3.5001	3.5006	3.5006	3.5003	3.5002	3.5003	3.5005
3.5005	3.5005	3.5014	3.5012	3.5006	3.5009	3.5006	3.5011	3.5005	3.501
3.5002	3.5001	3.5002	3.5004	3.5006	3.5005	3.5005	3.5001	3.5004	3.5015
3.5002	3.5002	3.5031	3.5001	3.5005	3.5003	3.5014	3.5019	3.5001	3.5003
3.5004	3.5003	3.5016	3.5004	3.5005	3.5003	3.5001	3.5015	3.5004	3.5004
3.5004	3.5009	3.5004	3.5004	3.5006	3.5004	3.5007	3.5011	3.5007	3.5003
3.5007	3.5001	3.5002	3.5002	3.5002	3.5002	3.5001	3.5001	3.5001	3.5001
3.5006	3.5002	3.5004	3.5001	3.5011	3.5001	3.5014	3.5003	3.5003	3.5006
2.8924	2.8749	2.8436	2.7708	2.8724	2.5673	2.8135	2.8348	2.8841	2.8222
3.5016	3.5012	3.5005	3.5006	3.5006	3.5005	3.5037	3.5012	3.5014	3.5029
2.899	2.5092	2.4981	2.9674	2.9228	2.9561	2.4655	2.5484	2.8881	2.7358
3.5004	3.5002	3.5002	3.5003	3.5003	3.5002	3.5014	3.5002	3.5018	3.5076
2.4889	2.101	2.741	2.4314	2.2897	2.4009	2.3551	2.5179	2.7418	2.6208
3.5005	3.5049	3.5039	3.5006	3.5008	3.5026	3.5019	3.5008	3.5002	3.5008
3.5005	3.5001	3.5006	3.5003	3.5029	3.5002	3.5015	3.5002	3.5003	3.5008
3.5004	3.5002	3.5012	3.5005	3.5004	3.5006	3.5003	3.5012	3.5008	3.5004
3.5001	3.5006	3.5003	3.5035	3.5002	3.5002	3.5003	3.5001	3.5001	3.5002
3.2315	3.2761	3.2451	3.249	3.1371	3.4043	3.2316	3.2987	3.3047	3.1287
3.2443	3.3123	3.287	3.313	3.4028	3.2959	3.2898	3.3564	3.278	3.3291
3.5024	3.5022	3.5036	3.5041	3.5004	3.5042	3.5045	3.5004	3.5021	3.5016
2.3448	2.5311	2.3021	2.3301	2.263	2.427	2.4666	2.6126	2.4683	2.3646
3.5004	3.5002	3.5001	3.5016	3.5005	3.5008	3.5004	3.5002	3.5007	3.5001
3.5029	3.5003	3.5007	3.5008	3.5009	3.501	3.5009	3.5002	3.5002	3.5002
3.5008	3.5005	3.5024	3.5021	3.5024	3.5019	3.5053	3.5021	3.5005	3.5008
2.0914	1.8044	1.9686	2.0665	1.9968	1.9858	1.9048	2.008	2.0367	2.0192
1.8849	1.9559	1.7312	1.9661	1.8792	1.8671	1.8969	1.7319	1.8672	1.9341
3.5005	3.5013	3.5021	3.5009	3.5011	3.5015	3.5006	3.503	3.501	3.5022
2.2085	1.8584	2.0957	2.0927	1.9754	2.1035	1.8993	2.0035	2.0241	1.9637
2.3551	2.3203	2.3658	2.4459	2.3923	2.3395	2.4859	2.4195	2.4854	2.4397
3.5013	3.5003	3.5021	3.5001	3.5003	3.5002	3.5004	3.5004	3.5003	3.5002
3.5003	3.5001	3.5001	3.5003	3.5003	3.5001	3.5001	3.5003	3.5012	3.5002
3.5002	3.5001	3.5003	3.5004	3.5004	3.5002	3.5001	3.5001	3.5001	3.5008
3.1073	3.185	3.1607	3.2388	3.2135	3.2887	3.2506	3.228	3.1665	3.2942
2.6405	2.6552	2.6001	2.5106	2.7052	2.5579	2.4183	2.6593	2.5885	2.4948
2.4315	2.39	2.3559	2.2474	2.2581	2.426	2.3116	2.3663	2.3923	2.3538
3.5001	3.5001	3.5001	3.5003	3.5002	3.5011	3.5002	3.5002	3.5004	3.5002
2.2306	2.2207	2.3572	2.2156	2.3135	2.1689	2.3122	2.3267	2.2944	2.2118
2.1919	2.0844	2.2916	2.1984	2.0875	2.217	2.1423	2.2293	2.1571	2.1874
3.5002	3.5002	3.5004	3.5004	3.5002	3.5013	3.5002	3.5003	3.5003	3.5005
3.5124	3.5076	3.5085	3.5025	3.5019	3.5011	3.5008	3.503	3.5014	3.5027
3.5014	3.5011	3.5019	3.5016	3.5038	3.5009	3.5017	3.5008	3.5004	3.5027
3.5034	3.5001	3.5002	3.5002	3.5013	3.5021	3.5021	3.5013	3.5006	3.5002
2.7339	2.5566	2.4672	2.696	2.7455	2.6376	2.4631	2.5727	2.642	2.7313
2.9225	2.95	2.9591	3.0022	3.0177	2.8744	2.9007	2.92	2.8821	2.9418
3.5004	3.5002	3.5004	3.501	3.5008	3.5005	3.5003	3.5002	3.5003	3.5004
3.5004	3.5003	3.5006	3.5016	3.501	3.5003	3.5012	3.5006	3.5002	3.5011
3.5003	3.5003	3.5002	3.5002	3.5023	3.5002	3.5005	3.5003	3.5004	3.5003
3.5005	3.5001	3.5034	3.5004	3.5003	3.5003	3.5011	3.5001	3.5002	3.5002
3.501	3.5008	3.5003	3.5006	3.5003	3.5003	3.5007	3.5009	3.5003	3.5003
3.0955	2.884	2.9521	3.03	3.0047	2.9914	2.7797	3.0551	2.7793	2.9729
2.1057	2.1994	2.4937	2.3171	2.2365	2.2235	2.1034	2.2012	2.2328	2.03
3.2111	3.0957	2.9723	2.973	3.0874	2.9857	3.136	3.0975	3.1528	2.9798
3.5002	3.5002	3.5004	3.5002	3.5013	3.5014	3.5002	3.501	3.5003	3.5003
3.5002	3.5006	3.501	3.5002	3.5019	3.5002	3.5002	3.5004	3.5011	3.5004
3.5002	3.5003	3.5003	3.5017	3.5005	3.5001	3.5008	3.5012	3.5004	3.5006
3.5002	3.5004	3.5003	3.5003	3.5003	3.5009	3.5007	3.501	3.5006	3.5014
3.5003	3.5005	3.5002	3.5021	3.5003	3.5003	3.5038	3.5004	3.5002	3.5022
3.5027	3.5016	3.5017	3.5012	3.5047	3.5008	3.5003	3.502	3.5045	3.5005
3.504	3.5007	3.5002	3.5011	3.5016	3.5018	3.5003	3.5004	3.5014	3.5011
3.5002	3.5006	3.5008	3.5008	3.5007	3.5003	3.501	3.5002	3.5003	3.5009
3.501	3.5008	3.5011	3.5018	3.5003	3.5005	3.5014	3.5006	3.5005	3.5006
3.5004	3.5002	3.5001	3.5001	3.5002	3.5004	3.5003	3.5001	3.5013	3.5005
3.5013	3.5006	3.5014	3.5006	3.5016	3.5011	3.5007	3.5016	3.5008	3.5003
3.501	3.5002	3.5017	3.5005	3.5005	3.5003	3.5011	3.5004	3.5002	3.5002
3.5004	3.5029	3.5007	3.5022	3.5006	3.5021	3.5018	3.5007	3.5004	3.5004
2.3318	2.5109	2.5227	2.4666	2.4125	2.4447	2.4585	2.4394	2.6114	2.473
3.5005	3.5005	3.5005	3.5004	3.5005	3.501	3.5005	3.5004	3.5002	3.5006
2.3143	2.3843	2.4586	2.445	1.9025	1.9535	2.1253	2.202	2.0715	1.8877
3.5024	3.537	3.5116	3.5151	3.501	3.5278	3.5052	3.4291	3.3982	3.3665
3.5003	3.5002	3.5003	3.5016	3.5013	3.5003	3.5015	3.5003	3.5029	3.5013
3.5006	3.5004	3.5001	3.5003	3.5001	3.5001	3.5001	3.5002	3.5002	3.5011
3.5003	3.5015	3.5004	3.5038	3.5005	3.5028	3.5004	3.5007	3.5006	3.5036
3.5005	3.5014	3.502	3.5008	3.5006	3.5015	3.5004	3.5005	3.5003	3.5005
2.7137	2.838	2.7307	2.9694	2.6903	2.6806	2.7442	2.8953	2.7093	2.5961
3.5005	3.5009	3.5004	3.5002	3.5006	3.5004	3.5002	3.502	3.5002	3.5001
2.2991	2.2252	2.3129	2.3954	2.1941	2.4673	2.2961	2.1894	2.3596	2.3443
3.5002	3.5007	3.5044	3.5003	3.5002	3.5007	3.5023	3.5002	3.5006	3.5015
3.5006	3.5002	3.5002	3.5004	3.5013	3.5006	3.5001	3.5009	3.5004	3.5001
2.5556	2.5752	2.5749	2.6704	2.6476	2.5286	2.6546	2.269	2.7299	2.5705
2.1305	2.2959	2.1536	2.2736	2.2479	2.3568	2.2661	2.141	2.374	2.1542
3.2673	3.2796	3.1709	3.2877	3.2408	3.2886	3.2711	3.2789	3.2506	3.3175
1.9692	1.9459	1.9887	2.0331	2.125	2.09	2.1963	2.0673	2.1664	1.9706
3.5022	3.5015	3.501	3.5012	3.5013	3.5008	3.5005	3.5009	3.5007	3.501
3.5002	3.5009	3.5038	3.5005	3.5009	3.5004	3.5003	3.5013	3.5014	3.5008
1.7883	1.8073	1.6969	1.777	1.8757	1.743	1.8171	1.7988	1.6777	1.7664
3.5012	3.5002	3.5004	3.5004	3.5002	3.5047	3.5003	3.5014	3.5006	3.5011
3.5002	3.5003	3.5004	3.5016	3.5015	3.5004	3.5003	3.5007	3.5002	3.5012
3.5015	3.5026	3.5008	3.502	3.5015	3.5012	3.5028	3.502	3.5016	3.5011
1.7723	1.732	1.8574	1.7147	1.7135	1.8467	1.7169	1.8231	1.8629	1.8934
2.0724	2.0762	2.0003	2.0292	2.1025	2.0809	2.1329	2.0496	2.0526	2.105
3.5004	3.5001	3.5002	3.5002	3.5002	3.5009	3.5003	3.5006	3.5002	3.5004
3.5001	3.5003	3.5024	3.5002	3.5001	3.5003	3.501	3.5001	3.5001	3.5002
3.5004	3.5014	3.5003	3.5008	3.5004	3.5006	3.5002	3.5033	3.5005	3.5009
3.5013	3.5002	3.5004	3.5002	3.5002	3.5004	3.5005	3.503	3.5014	3.5005
3.5005	3.5006	3.5008	3.5008	3.5008	3.5009	3.5004	3.501	3.5003	3.5013
1.8478	1.6552	1.7625	1.9689	1.837	1.6629	1.7358	1.8965	1.7403	1.7479
2.0938	2.189	2.0804	2.124	2.1115	1.8809	2.0544	2.1111	2.0434	1.9048
1.8726	2.0162	1.8052	1.6839	1.9212	1.8854	2.0666	1.8522	2.0258	1.863
2.3014	2.3766	2.284	2.2186	1.659	2.0469	2.117	2.1137	2.1924	1.7411
3.5014	3.5007	3.5015	3.5005	3.5002	3.5007	3.5004	3.5003	3.5006	3.501
3.5003	3.5001	3.5004	3.5016	3.5001	3.5002	3.5008	3.5003	3.5001	3.5001
3.501	3.5001	3.5003	3.5002	3.5007	3.5001	3.5001	3.5003	3.5011	3.5009
3.5002	3.5002	3.5011	3.5004	3.5002	3.5002	3.5001	3.501	3.5002	3.5001
3.062	3.0592	3.0086	3.0215	3.1223	3.0319	3.0882	3.136	3.1169	3.0092
2.4685	2.3247	2.3784	2.3882	2.3404	2.2488	2.279	2.251	2.2185	2.3417
3.5004	3.5003	3.5013	3.5024	3.5006	3.5009	3.5007	3.5009	3.5005	3.5002
3.3056	3.275	3.2281	3.1598	3.1822	3.2213	3.2437	3.2643	3.2613	3.1734
3.5007	3.501	3.5019	3.5028	3.501	3.5005	3.5004	3.5012	3.5003	3.5006
3.501	3.5001	3.5002	3.5002	3.5007	3.5008	3.5011	3.5001	3.5004	3.5003
