-4.234127
-1.987444
-0.326667
-0.125000
-3.453704
-2.065314
-2.390103
-0.595000
-3.185056
-2.385184
-1.298490
-1.134593
-0.642593
-2.242830
-2.402665
-2.598268
-3.519309
-2.045861
-0.502333
-0.241667
-4.611212
-2.214199
-0.630926
-2.974784
-2.136020
-2.164734
-3.627569
-0.806212
-3.811144
-1.429076
-1.466766
-0.087500
-2.853791
-1.781432
-1.315758
-2.518404
-1.296824
-1.229243
-0.676061
-3.657492
-2.209489
-1.057128
-5.934573
-0.150000
-3.155984
-3.015985
-1.333244
-0.343939
-1.190909
-1.065664
-2.093614
-2.257251
-5.324703
-0.100000
-3.622005
-2.835560
-3.666177
-0.150000
-3.404588
-4.318691
-1.889450
-3.532782
-0.905816
-1.312409
-2.255533
-0.127778
-0.239815
-3.245287
-3.122021
-1.116903
-3.405324
-0.940552
-1.324460
-0.824567
-0.275758
-0.145000
-3.907270
-2.164478
-4.176355
-4.053287
-2.369368
-1.798250
-2.257773
-1.435022
-1.460037
-0.464394
-2.840081
-2.073484
-1.936761
-0.383333
-0.625400
-4.107162
-0.699000
-0.261905
-0.328125
-1.242804
-1.817846
-1.058916
-0.699545
-3.843333
-2.774618
-2.439225
-3.322614
-0.821926
-2.905832
-0.837738
-1.207663
-1.343448
-0.144444
-3.315122
-0.637727
-0.908077
-3.482205
-2.775165
-1.981872
-0.160000
-2.082006
-1.262544
-4.006487
-2.032700
-0.935028
-4.734832
-3.552437
-0.773214
-3.363201
-3.190725
-0.663958
-0.100000
-2.479889
-0.883038
-1.517769
-1.501705
-0.246667
-3.434620
-3.121110
-2.658603
-0.599091
-2.205496
-1.346504
-2.464232
-0.855830
-1.503003
-2.965559
-3.705686
-4.583638
-5.253074
-1.971824
-0.712500
-0.754394
-3.237637
-2.007105
-3.750155
-0.656124
-1.478014
-0.260606
-0.200000
-5.704192
-1.961449
-4.859088
-1.418809
-1.831111
-0.563445
-0.221429
-3.726031
-3.417499
-0.636667
-2.088673
-1.666661
-4.252027
-3.154438
-1.512615
-0.732698
-1.246476
-0.050000
-3.259550
-2.727449
-1.753439
-1.084513
-1.486095
-0.218750
-3.569792
-1.208599
-3.443829
-1.921063
-0.483333
-1.574829
-2.391871
-4.526626
-2.941774
-0.490455
-0.116667
-4.149030
-2.390159
-1.776514
-2.005470
-1.967731
-0.265152
-4.230290
-3.143196
-0.721212
-1.791479
-4.416588
-3.229870
-2.237000
-3.444977
-1.206883
-4.125285
-4.034481
-0.958784
-2.892072
-3.118273
-1.334588
-3.108772
-0.112500
-0.206852
-0.908817
-1.471841
-0.000000
-3.062036
-0.402083
-0.327778
-2.175579
-5.501466
-3.331242
-2.742962
-2.301036
-3.435220
-4.896418
-0.269048
-3.184962
-1.378218
-1.876047
-0.414394
-2.567290
-3.536030
-1.316984
-1.891981
-1.132667
-2.179257
-0.251667
-0.581364
-4.676085
-1.376653
-0.197619
-1.715655
-2.106972
-2.083893
-0.555556
-4.412258
-3.224111
-2.556320
-0.937881
-3.807599
-1.041250
-1.871248
-3.157531
-0.346667
-2.513547
-0.544878
-1.974191
-4.202807
-2.231752
-3.070979
-3.731344
-0.378333
-3.331139
-0.657597
-0.878557
-4.546965
-1.339898
-1.900448
-2.944807
-2.729045
-0.320370
-3.747097
-1.372897
-2.876291
-2.267649
-3.707373
-2.271860
-1.287108
-4.911172
-3.072529
-1.974508
-0.579545
-0.300000
-1.838714
-1.677061
-3.752924
-0.963016
-1.729681
-2.490872
-6.841669
-3.366595
-2.866043
-0.938195
-0.646475
-0.391667
-0.100000
-0.508636
-1.975962
-2.121305
-1.582871
-3.160069
-1.159147
-5.680243
-4.337815
-1.465648
-1.766074
-0.000000
-3.411504
-1.968981
-0.808333
-1.143545
-0.783333
-3.552552
-2.859105
-1.301057
-2.016601
-2.034082
-1.891593
-0.256667
-3.831044
-1.835289
-1.017454
-1.357573
-2.268835
-4.634404
-3.396402
-1.320900
-2.197144
-0.710679
-0.251667
-4.108797
-2.845162
-3.047198
-1.376870
-0.125000
-3.884558
-3.392222
-0.769971
-1.680681
-2.095269
-0.759556
-0.985620
-0.339167
-3.787837
-2.010466
-3.887537
-2.270878
-2.633043
-3.598283
-0.325833
-3.147047
-2.963742
-2.139280
-4.183963
-1.752669
-2.465552
-0.860639
-1.022306
-0.268611
-2.819783
-2.802842
-0.750556
-1.623079
-2.869399
-0.334259
-0.300000
-1.269642
-2.273654
-3.190741
-0.191667
-1.783587
-2.843200
-1.626404
-1.711923
-1.840284
-0.958301
-0.799000
-3.685473
-4.850359
-3.201017
-3.176985
-1.008272
-5.065552
-2.179078
-0.075000
-3.592871
-2.593540
-2.280443
-3.157117
-0.943496
-3.679556
-3.094708
-1.828932
-1.727446
-0.110833
-2.862348
-0.858247
-1.709742
-2.888238
-1.186104
-3.134662
-3.937766
-3.499056
-1.777580
-0.194444
-3.704886
-1.449247
-1.637303
-4.015104
-3.770098
-1.586573
-0.464000
-0.033333
-3.936842
-2.050694
-2.962500
-0.286364
-2.355260
-0.000000
-3.742049
-2.222305
-2.240556
-2.115955
-0.000000
-2.212218
-2.892180
-1.219771
-0.218750
-0.325000
-2.401160
-3.388431
-1.988328
-2.742406
-0.925095
-1.779885
-0.321429
-3.336088
-2.349546
-0.604929
-0.390000
-3.514749
-3.340211
-2.331518
-0.428333
-2.882037
-3.154981
-1.916362
-0.262500
-0.334848
-3.058052
-3.749499
-2.838445
-3.856661
-3.668062
-1.507235
-1.847825
-1.946324
-0.000000
-1.152048
-0.613333
-3.228820
-0.661498
-0.604697
-0.690758
-2.833321
-0.959491
-1.866860
-4.932308
-3.518926
-5.026538
-1.991031
-3.216129
-0.225926
-0.768452
-2.169056
-1.291624
-0.842132
-0.731006
-4.105291
-1.137306
-3.741674
-2.331844
-2.985609
-2.282890
-4.096894
-3.872430
-2.465366
-0.434935
-0.610556
-0.832119
-2.485138
-2.284523
-1.982811
-1.602079
-1.136298
-1.801228
-1.728414
-3.409377
-2.387582
-1.324587
-4.292507
-2.645271
-1.393456
-6.050884
-0.326190
-3.583099
-0.885693
-2.922264
-1.202621
-2.188534
-3.852163
-2.461823
-3.576457
-1.691698
-3.857474
-3.356531
-0.580909
-0.259375
-1.793946
-0.803835
-2.534060
-0.095000
-4.311668
-2.218151
-2.596300
-0.835040
-3.270075
-3.944683
-3.702422
-1.808953
-4.544116
-1.447282
-1.604953
-0.470000
-3.831364
-4.392810
-2.998036
-1.297260
-3.748366
-1.350518
-0.185000
-2.507425
-0.564500
-1.849471
-2.189343
-3.567846
-2.872209
-3.812911
-1.840919
-1.905972
-2.183438
-1.991808
-1.686730
-4.331742
-2.112719
-4.256666
-3.286402
-4.743227
-3.640091
-1.566363
-2.620945
-3.921158
-0.836481
-3.383514
-3.930398
-2.813349
-1.615636
-2.263873
-2.200198
-0.954345
-2.266024
-0.719301
-3.164129
-1.236935
-3.108455
-3.059539
-1.354300
-3.086035
-0.967591
-1.571250
-1.531993
-0.613986
-2.423389
-4.621399
-2.291418
-5.056427
-3.144442
-1.677052
-1.533528
-1.797602
-3.757916
-2.080132
-2.968682
-2.551381
-5.687288
-2.784193
-3.992511
-2.479138
-4.517959
-1.940311
-0.220833
-3.175826
-0.238889
-1.895782
-3.767435
-1.995271
-4.063558
-2.556987
-0.100000
-3.785927
-0.962376
-4.042842
-0.233333
-1.956045
-3.185867
-2.501153
-2.526519
-1.313176
-3.188548
-0.400000
-2.730691
-2.028977
-0.574375
-2.720593
-3.123038
-2.003291
-1.326605
-0.772132
-2.156699
-3.983817
-3.524636
-1.254190
-3.032975
-0.070000
-2.029038
-1.348369
-1.125096
-1.302849
-3.750022
-7.259322
-2.272206
-4.587535
-1.132529
-1.368074
-4.950907
-5.937159
-3.642592
-4.041196
-4.254520
-3.253281
-3.314168
-2.100362
-1.730476
-2.883491
-2.478106
-1.402536
-4.300538
-1.712917
-3.662837
-2.138945
-3.037489
-3.226862
-1.301746
-5.580335
-1.871676
-0.259259
-4.768223
-3.949093
-1.329355
-3.707639
-1.188011
-3.277635
-1.659861
-0.216667
-3.735310
-5.253667
-3.578230
-3.977307
-2.875443
-3.231434
-2.296495
-0.910281
-3.788993
-4.405612
-0.740333
-3.910392
-4.252031
-1.560919
-3.503523
-2.802502
-2.606153
-3.622044
-1.926074
-1.222951
-5.046543
-2.158697
-4.253801
-4.397861
-3.572857
-2.058325
-0.607536
-3.405245
-2.395580
-4.046570
-3.663724
-1.098537
-0.157143
-2.657046
-3.325072
-3.580791
-3.921492
-1.963306
-4.388405
-2.499515
-1.009036
-3.708526
-4.964146
-1.168747
-2.497274
-0.916208
-0.313636
-0.650758
-1.853071
-1.987416
-4.900076
-0.439762
-2.465410
-2.784362
-3.563840
-2.224515
-0.228571
-3.140570
-1.221550
-0.040000
-3.255296
-2.309809
-2.344401
-3.338659
-5.060292
-5.367352
-6.620717
-1.949390
-2.912944
-3.817866
-2.989805
-5.305379
-2.331196
-1.108600
-1.182693
-1.989665
-2.104850
-1.912870
-0.478000
-1.607228
-1.989601
-2.360662
-2.602389
-1.679643
-3.149516
-3.240496
-1.350863
-0.817662
-0.387037
-3.304272
-1.944597
-1.435119
-2.177014
-3.167942
-3.252657
-4.794473
-0.725635
-4.099391
-1.673449
-0.400152
-2.738098
-1.742697
-1.251774
-0.906126
-1.615489
-1.128182
-0.000000
-2.861622
-2.155947
-3.027040
-5.446944
-1.887494
-3.856396
-2.798923
-2.165429
-3.411391
-1.503961
-4.475719
-0.784603
-0.669815
-3.217238
-3.625515
-2.851070
-2.131574
-0.493485
-2.026663
-2.711079
-2.232783
-0.285417
-1.982325
-4.363019
-1.589973
-1.685827
-0.284375
-0.568333
-2.767419
-1.664642
-2.786985
-3.033007
-0.057143
-2.042482
-4.141215
-4.057601
-1.863967
-1.770329
-3.961135
-3.941456
-3.556001
-1.454332
-3.659349
-3.186510
-3.686367
-0.758605
-1.488185
-1.494292
-1.395958
-1.850920
-2.986617
-0.342424
-2.494512
-1.304212
-2.442243
-3.675911
-1.898547
-2.084097
-2.601507
-2.829308
-2.419597
-5.074918
-2.874916
-4.902477
-5.118980
-4.859182
-1.487794
-4.020343
-2.044004
-2.097547
-2.278036
-2.013373
-2.576428
-4.435716
-4.060967
-3.906607
-1.083509
-3.122124
-2.910580
-0.142857
-4.719371
-3.398005
-2.475957
-1.250847
-1.020822
-3.150313
-4.491192
-1.119031
-1.122280
-1.577702
-0.512879
-4.577138
-0.000000
-1.022360
-0.100000
-3.587392
-2.717973
-2.809973
-2.843696
-0.420000
-0.255000
-3.741741
-1.185927
-3.190636
-2.001716
-0.115000
-1.052469
-2.674514
-3.971001
-3.168502
-2.705373
-2.931690
-2.449702
-0.350000
-3.955020
-2.649576
-2.018421
-0.040000
-3.108009
-1.772037
-1.640673
-2.488257
-1.138268
-1.922029
-0.077778
-4.009791
-6.373454
-3.571539
-3.501603
-0.656061
-0.025000
-2.803241
-0.330303
-2.082506
-0.085714
-3.464177
-0.000000
-3.436306
-0.461364
-0.225000
-2.766273
-0.737273
-3.112101
-1.526817
-2.068019
-1.964708
-0.050000
-1.915023
-3.457240
-0.360606
-1.457166
-3.712579
-4.646292
-4.149910
-2.828011
-0.116667
-0.898452
-3.322846
-4.506593
-2.361292
-0.204545
-2.657099
-0.020000
-0.028571
-0.606481
-1.935050
-0.033333
-2.734539
-1.393973
-0.044444
-1.252570
-2.346099
-0.911487
-0.066667
-3.612647
-3.515832
-1.559327
-0.395833
-6.555594
-0.000000
-0.703141
-0.498485
-0.800303
-2.736858
-1.559179
-2.394594
-1.986151
-1.642157
-2.056324
-4.990083
-0.000000
-0.127273
-0.472222
-1.773212
-0.507833
-0.033333
-3.480873
-4.368488
-1.531645
-2.228322
-2.501385
-2.708516
-1.600577
-0.386667
-0.055556
-4.989510
-0.010000
-0.532879
-0.137500
-0.033333
-3.888410
-2.267000
-3.065883
-0.232833
-0.809957
-1.538555
-4.641062
-3.111576
-0.889524
-2.240071
-1.674207
-0.038889
-2.408731
-2.170502
-0.045455
-0.705758
-0.681234
-0.016667
-3.448796
-3.439426
-1.187894
-2.625197
-1.292706
-1.411683
-1.646201
-2.207494
-2.940625
-2.110717
-1.361974
-2.536984
-2.016010
-0.000000
-1.310873
-1.308632
-1.438628
-0.598420
-1.717408
-2.160000
-0.040000
-1.182475
-2.827543
-0.025000
-1.960037
-2.599538
-2.620920
-0.011111
-1.309221
-0.000000
-0.187037
-1.616451
-2.364254
-1.660500
-1.061889
-0.000000
-4.156377
-1.726173
-1.745028
-4.100957
-0.337879
-3.535839
-0.742576
-3.078928
-0.864480
-2.299662
-0.422500
-0.450000
-4.276957
-3.579609
-4.662368
-2.790338
-3.367365
-1.449339
-1.565686
-0.735996
-0.420370
-3.615599
-3.143807
-0.243333
-2.671364
-3.768260
-0.068182
-0.390909
-2.583975
-3.355514
-2.306650
-2.260270
-0.420370
-1.233656
-2.805381
-0.168182
-2.494219
-0.014286
-2.940642
-0.351667
-2.779253
-1.042119
-2.273164
-1.835443
-1.562447
-1.255919
-0.785920
-3.693517
-1.633030
-0.127778
-3.357742
-2.710611
-0.093750
-0.175000
-0.330208
-0.128571
-0.000000
-2.950642
-2.198838
-0.451248
-0.561970
-4.280399
-3.010270
-2.512098
-2.592355
-0.009091
-3.445772
-4.159314
-3.069800
-2.367463
-1.823732
-1.859041
-6.424582
-1.287522
-1.815215
-2.987927
-3.004691
-0.900260
-2.371473
-5.276975
-0.967085
-1.014553
-0.665167
-3.831868
-0.787576
-0.165000
-3.724116
-0.202083
-2.133533
-4.041490
-0.657833
-1.461504
-2.880877
-4.588793
-0.950949
-3.103541
-0.574242
-0.238889
-0.291667
-5.817683
-3.303787
-1.557873
-1.895239
-0.378148
-0.621333
-0.388333
-1.383489
-3.047279
-3.412150
-0.955527
-0.190000
-3.363219
-1.933117
-0.000000
-1.278333
-1.636348
-1.073886
-0.000000
-3.480517
-4.157905
-1.356018
-3.022499
-3.347208
-4.501938
-3.144844
-2.062205
-0.867464
-3.372593
-4.790942
-3.578530
-2.487438
-1.126331
-1.369038
-3.082248
-2.183466
-0.127273
-0.100000
-3.035971
-1.282607
-0.181250
-2.723531
-3.105675
-0.752619
-0.205556
-2.376574
-0.120370
-0.020000
-3.189901
-0.036364
-2.496485
-3.501912
-0.000000
-0.188889
-2.128116
-0.014286
-2.977707
-0.983434
-1.978277
-1.941261
-4.159945
-3.817697
-1.783650
-2.627783
-2.626138
-2.745692
-2.015156
-0.283333
-0.265741
-0.190000
-0.062500
-1.690514
-2.056013
-1.603411
-5.849689
-0.450000
-1.045751
-2.380520
-2.421568
-0.335000
-0.111667
-1.411148
-3.331088
-0.325926
-2.167728
-2.558488
-2.274600
-1.924033
-1.062898
-0.888471
-2.233199
-2.755878
-2.576510
-4.943699
-1.280601
-0.100000
-3.884049
-3.544487
-0.135000
-3.620504
-5.647861
-2.887879
-0.611364
-2.076203
-2.530228
-4.855983
-3.185001
-2.696451
-1.431095
-1.793899
-2.095027
-2.660677
-3.207949
-6.175951
-5.241153
-3.394680
-4.513867
-1.711006
-3.762266
-2.641457
-0.112500
-1.355833
-3.995644
-0.200000
-3.592426
-5.651037
-1.321818
-1.478801
-3.803918
-2.768714
-4.207963
-0.168333
-2.398791
-0.061111
-2.306630
-0.388889
-3.000881
-2.229192
-0.300000
-0.000000
-1.213030
-1.053048
-0.000000
-1.561226
-1.553171
-3.920935
-1.695899
-2.422019
-0.278571
-1.767596
-1.637373
-0.113636
-2.185345
-2.545785
-0.250000
-1.250000
-1.845692
-1.476023
-1.643659
-3.705783
-4.534031
-3.463738
-3.263809
-0.938316
-1.345354
-0.891324
-0.563636
-1.647607
-2.985519
-1.812507
-2.683946
-1.089007
-3.619705
-2.351527
-0.195000
-0.633333
-1.123786
-1.032395
-0.438636
-1.612018
-3.951654
-2.937945
-2.624922
-0.107143
-1.705930
-3.066117
-1.944349
-5.174385
-2.867561
-2.054432
-0.274242
-3.225277
-0.583636
-1.237484
-0.548636
-3.190073
-1.217301
-0.873896
-2.847005
-2.690549
-1.038983
-1.680561
-0.962002
-3.466407
-1.053837
-3.456583
-0.077778
-2.033462
-1.217350
-2.025022
-0.475833
-2.235128
-3.435476
-0.382500
-2.128169
-3.567916
-0.458636
-2.156146
-0.695909
-1.195651
-2.394460
-0.380303
-0.135714
-0.133333
-2.498894
-1.761338
-0.259167
-1.097672
-0.239815
-1.107903
-1.368468
-3.012872
-0.905097
-1.230560
-0.855162
-2.808656
-0.361458
-1.537328
-3.021842
-2.720542
-1.424180
-1.441007
-0.899394
-0.934848
-2.860384
-0.116667
-3.155203
-1.785664
-0.481167
-2.442303
-0.379848
-0.391970
-0.840923
-0.177778
-1.816095
-1.720583
-0.790909
-0.116667
-1.350963
-2.496358
-0.566667
-0.140000
-1.327051
-0.971487
-0.664091
-0.978496
-2.381107
-2.781871
-0.747167
-3.522820
-1.654906
-3.151078
-0.583636
-1.205105
-0.797027
-1.850654
-0.681324
-1.337439
-1.134521
-0.475476
-4.586322
-2.176176
-4.257756
-1.240342
-4.044382
-0.338333
-0.520370
-0.288333
-0.715855
-3.281971
-1.526100
-0.826524
-1.087837
-1.681329
-0.160000
-0.647359
-3.075730
-0.261111
-0.255833
-1.901480
-1.557559
-1.215722
-1.327771
-4.661647
-0.168182
-1.517605
-0.175000
-2.853420
-0.948618
-2.527017
-0.037500
-0.000000
-1.392265
-2.052953
-1.114131
-1.806146
-1.509993
-0.665087
-3.627330
-1.317069
-0.354630
-0.286667
-2.879637
-1.376115
-1.518857
-1.474089
-4.814066
-1.458699
-2.988887
-0.362963
-0.801833
-1.073238
-1.611311
-0.085714
-0.072222
-1.947356
-2.060897
-0.066667
-1.447042
-0.012500
-1.333680
-1.821235
-3.935171
-0.967608
-0.060000
-2.737134
-0.220000
-1.270789
-1.036476
-4.502055
-1.184947
-1.975072
-0.060000
-1.647215
-3.120143
-1.440754
-2.862249
-1.468078
-1.283765
-2.181325
-2.263509
-3.175508
-3.750475
-3.449642
-1.940329
-2.324205
-4.467668
-0.990655
-5.006328
-1.065362
-1.830146
-1.858511
-0.300000
-1.641637
-1.017013
-1.780848
-0.317833
-1.697389
-0.145000
-0.208333
-3.329734
-3.376390
-0.858761
-0.239394
-1.791291
-1.412426
-4.260404
-0.546500
-5.039488
-0.982813
-0.200000
-1.516301
-1.787286
-1.609934
-0.241667
-1.173864
-2.979939
-2.877826
-1.733392
-1.327813
-0.170758
-5.685665
-4.033373
-1.449707
-2.099978
-5.272321
-0.072727
-0.191667
-0.268182
-0.060000
-0.187500
-0.288889
-2.997493
-2.007476
-2.137068
-2.091161
-1.829935
-1.661130
-1.162663
-0.000000
-1.708970
-1.627328
-1.323918
-3.430213
-1.425076
-4.064857
-1.200541
-0.662424
-2.894867
-5.055335
-0.902569
-1.624975
-1.690776
-0.974416
-1.115985
-1.483743
-1.972974
-3.670940
-1.377044
-1.572927
-2.745816
-1.118100
-2.201130
-4.253331
-0.200000
-1.708549
-1.976469
-1.338847
-1.422744
-1.212489
-3.407988
-0.320000
-1.047952
-0.426111
-2.075150
-1.461343
-2.540306
-3.456968
-3.560495
-2.402257
-1.417190
-0.970750
-1.366181
-1.739169
-3.107092
-1.989073
-5.485770
-0.771981
-0.780327
-1.735261
-1.272297
-1.117211
-0.300000
-1.553391
-2.018982
-3.043358
-3.248429
-3.527269
-1.788070
-0.050000
-0.896667
-1.225997
-1.306642
-1.278353
-1.754862
-0.100000
-1.148278
-3.077122
-3.413432
-3.158133
-3.988785
-1.863492
-0.849755
-1.654543
-1.782798
-3.813705
-1.740545
-0.596212
-0.883636
-2.198514
-2.092947
-0.959494
-0.499000
-2.577762
-0.587917
-0.166667
-1.956835
-4.126067
-2.100721
-1.528722
-1.350677
-0.025000
-2.509097
-0.200000
-2.401693
-4.884694
-1.438867
-2.445984
-1.440399
-2.427496
-0.987818
-2.723741
-2.721976
-1.957676
-2.980219
-1.175758
-1.261083
-0.872103
-3.609864
-2.289128
-2.026450
-0.240909
-1.816090
-3.162311
-0.198485
-1.188351
-3.742165
-1.665173
-0.837457
-0.100000
-3.695991
-1.400706
-3.495585
-1.670871
-0.033333
-3.473758
-3.573478
-2.266903
-0.744719
-0.408333
-3.375771
-2.636578
-0.397917
-5.909691
-5.542947
-1.971035
-0.681690
-3.085775
-1.465871
-2.590189
-2.684718
-1.188008
-0.042857
-3.362334
-1.532350
-2.586018
-0.100000
-1.811869
-2.938418
-0.286364
-1.368915
-3.184090
-1.563399
-1.392664
-0.375000
-2.206064
-2.053312
-0.850790
-3.370887
-3.595280
-1.233270
-3.079892
-2.810935
-0.125000
-1.083048
-0.429848
-4.314131
-0.250000
-0.150000
-4.444599
-3.097171
-1.979908
-0.825289
-0.455000
-3.328656
-1.409443
-1.296905
-0.000000
-3.405661
-1.381710
-3.176602
-0.250833
-2.861897
-3.704249
-5.271746
-3.705479
-5.476424
-0.998929
-3.064040
-1.366461
-2.979804
-3.662122
-1.199647
-0.506852
-3.041718
-1.270289
-4.868964
-0.507833
-3.284845
-1.112486
-3.512373
-1.300902
-1.085942
-0.761223
-2.921640
-1.545628
-1.273961
-0.092857
-3.638290
-3.124137
-2.053107
-5.480238
-0.237500
-3.635882
-1.712168
-4.948250
-3.854973
-1.510668
-2.853102
-1.719426
-0.767833
-1.882045
-0.296667
-3.687020
-1.337632
-3.198510
-0.183333
-3.339902
-3.598849
-1.971400
-0.221429
-5.613483
-0.818929
-3.339468
-1.497469
-0.411364
-3.032954
-3.479500
-0.741929
-3.424669
-1.264013
-1.398061
-0.645909
-3.351652
-1.293123
-2.566378
-0.791970
-5.539705
-0.100000
-3.726518
-0.103704
-0.393182
-3.198421
-1.613787
-5.035254
-2.455068
-0.910433
-0.296970
-3.802309
-1.379652
-0.025000
-4.438556
-0.121429
-0.410000
-6.963475
-0.312833
-3.286305
-1.358696
-1.431063
-0.033333
-2.644908
-3.860855
-1.112590
-0.275833
-1.850086
-7.138902
-3.577776
-1.528192
-3.732193
-0.553333
-0.300000
-3.165248
-1.383089
-3.788719
-1.784633
-1.465678
-3.885236
-1.421059
-2.869863
-1.415315
-0.208333
-0.260000
-3.141301
-3.947666
-2.271272
-0.050000
-3.460160
-3.908533
-2.051487
-2.101854
-0.166667
-3.821294
-3.033113
-2.186151
-1.986059
-3.426554
-1.390186
-3.505779
-1.035448
-2.989968
-0.800725
-0.526818
-0.719167
-0.872720
-3.796980
-3.662431
-2.960907
-0.853704
-1.452888
-0.568788
-0.275000
-0.100000
-2.068668
-2.359672
-2.238648
-0.635333
-3.347499
-1.295714
-1.443126
-0.567273
-3.947181
-1.674554
-2.089780
-3.956007
-3.445065
-3.683388
-2.365577
-4.352582
-0.545303
-0.675303
-3.936307
-1.623796
-3.951051
-0.428333
-3.508680
-0.284259
-2.480392
-3.319437
-1.909385
-2.845304
-0.000000
-1.359156
-0.258333
-3.713254
-2.277476
-4.676858
-3.346289
-2.196408
-3.786639
-0.145455
-3.265848
-1.302409
-0.066667
-2.706916
-1.351223
-3.645873
-2.511380
-0.512407
-1.525781
-3.689164
-1.799693
-2.769389
-2.541710
-1.311357
-0.160000
-3.595079
-1.038496
-0.020000
-3.763819
-2.614011
-1.291929
-0.287121
-0.203030
-1.226625
-3.519501
-4.459259
-5.866533
-1.282817
-3.730046
-5.023620
-1.798703
-1.523774
-3.779496
-3.638419
-2.839784
-0.447619
-0.792294
-2.202504
-2.522999
-2.280235
-4.286030
-4.738233
-2.323416
-1.437714
-0.696147
-0.033333
-3.573368
-1.461917
-0.190476
-2.939979
-0.293939
-2.028624
-3.238510
-6.745740
-3.406075
-1.424727
-1.545776
-0.276667
-4.066946
-1.145845
-2.603438
-1.864453
-0.263636
-4.550569
-3.496312
-3.233722
-1.244512
-1.345530
-6.894676
-3.757204
-5.108425
-1.174510
-0.278333
-3.443499
-1.152632
-1.165166
-0.634394
-3.522698
-1.386971
-3.319646
-0.398485
-1.542006
-0.973279
-0.588167
-3.709191
-3.770702
-0.296667
-0.650606
-3.126314
-1.421982
-3.150938
-3.444317
-0.657814
-0.209091
-3.186446
-2.883307
-3.029498
-3.581158
-0.535714
-0.479000
-1.091146
-3.425036
-1.670634
-2.669005
-4.097883
-2.729237
-3.572252
-1.277208
-0.040000
-3.216720
-1.079191
-0.028571
-0.150000
-0.100000
-0.336111
-1.047955
-2.005770
-1.102750
-2.239530
-1.208075
-1.099250
-1.692952
-1.118981
-0.000000
-3.269680
-3.269596
-1.650889
-2.059709
-1.482788
-0.459259
-3.364359
-0.620000
-2.466440
-1.419320
-1.539991
-4.970335
-0.031250
-1.631446
-2.590259
-2.265495
-1.464087
-0.737513
-3.775245
-1.203189
-3.281350
-1.316995
-0.401515
-1.372311
-2.481645
-3.601619
-1.552775
-2.653772
-1.984436
-0.016667
-1.762138
-3.612003
-2.510670
-3.603393
-0.116667
-0.109091
-3.545606
-3.890103
-2.375446
-3.235633
-1.107330
-1.035094
-0.664120
-3.632722
-2.171269
-0.781803
-3.490187
-3.942523
-2.238903
-2.243098
-1.080972
-1.722124
-0.370370
-3.441308
-0.842593
-3.909548
-1.416627
-1.129174
-2.081470
-0.150000
-2.624585
-2.790038
-1.167065
-3.470574
-1.333022
-2.866236
-0.120000
-2.048377
-1.425380
-0.663182
-3.348157
-3.255448
-2.009007
-0.063636
-0.150000
-0.958262
-3.714103
-3.183634
-1.522448
-3.000353
-2.117830
-2.085846
-0.055556
-0.509792
-2.618580
-3.788246
-4.670912
-1.673648
-0.240952
-2.414451
-2.256194
-5.430458
-4.201490
-3.218427
-1.444446
-3.259502
-1.659718
-0.040000
-0.181667
-3.295644
-1.305238
-4.350949
-1.166588
-0.218182
-1.020974
-1.441360
-1.952675
-0.778704
-1.016603
-2.287653
-2.119111
-2.241956
-0.195455
-1.820528
-4.371646
-0.775774
-0.194444
-1.229583
-3.133089
-0.000000
-0.000000
-0.520909
-3.067648
-3.123285
-3.264198
-1.994890
-2.488249
-2.527247
-2.698900
-2.517765
-0.000000
-1.718099
-3.355272
-3.555358
-3.910630
-1.799210
-1.600342
-2.586980
-4.811939
-1.749823
-1.985297
-1.399523
-1.278153
-0.508041
-3.142463
-3.978347
-0.502273
-0.304545
-3.154517
-1.057438
-1.699857
-1.017496
-2.015829
-0.534848
-2.244182
-2.002343
-1.771027
-3.790503
-3.124229
-1.879392
-2.702203
-1.654861
-2.957827
-2.225793
-2.680792
-1.415851
-1.802033
-3.158512
-2.445276
-2.630907
-3.768257
-2.102802
-0.471250
-0.388333
-3.706217
-0.939264
-3.222500
-0.265152
-3.435504
-0.180000
-2.013702
-0.361190
-3.893194
-1.601952
-2.159148
-0.050000
-4.347064
-1.005199
-0.062500
-2.230099
-3.237714
-0.018182
-0.022222
-0.000000
-5.065165
-3.222541
-0.595011
-2.275863
-1.546193
-3.123772
-0.215278
-3.126064
-2.700739
-3.801498
-1.874445
-0.278571
-0.796310
-3.752509
-1.618739
-3.629121
-2.287851
-0.463636
-0.300758
-3.124999
-3.438013
-2.156614
-1.329187
-0.386667
-0.213636
-0.140000
-2.000931
-5.504503
-0.231818
-0.033333
-0.066667
-2.950767
-2.826069
-1.810455
-2.903704
-0.347619
-0.205000
-3.676889
-3.354627
-2.585035
-0.226667
-1.369049
-2.174996
-3.938038
-1.680880
-2.159805
-3.131070
-3.131214
-1.929251
-2.431302
-2.517131
-4.279823
-2.208120
-3.164955
-1.680853
-0.340714
-2.968282
-0.378333
-0.166667
-3.492878
-1.439521
-0.263333
-0.559396
-0.193939
-0.083333
-2.337837
-1.105744
-1.229351
-1.822140
-2.269759
-1.529544
-1.278824
-1.525893
-0.066667
-3.531939
-1.406369
-0.122727
-4.043545
-0.100000
-3.566116
-0.000000
-4.085648
-1.175147
-1.163082
-2.283070
-2.921959
-1.761840
-0.055556
-1.778804
-0.131481
-2.240617
-1.094131
-3.049067
-0.193750
-0.871440
-0.142593
-0.309091
-0.031818
-2.616753
-1.147156
-3.310918
-0.602662
-0.599657
-0.732814
-3.482884
-1.130271
-1.453689
-0.166667
-1.289050
-0.075000
-0.604545
-1.326317
-2.626840
-0.050000
-1.415325
-0.000000
-1.009791
-2.384585
-1.666103
-1.505578
-1.192641
-0.000000
-5.051352
-2.555530
-4.040957
-1.528405
-0.590152
-1.814773
-4.761902
-3.358395
-0.622500
-3.204983
-2.177778
-4.535228
-0.946721
-3.411820
-1.072144
-2.782903
-2.305213
-1.279802
-2.066930
-2.375164
-1.962159
-2.173463
-0.000000
-3.870493
-0.571061
-0.684333
-0.749096
-0.016667
-1.482087
-1.677703
-4.002627
-1.169653
-3.520808
-2.347972
-3.530088
-2.507645
-3.788507
-3.324752
-4.340939
-0.773886
-4.946550
-1.742093
-2.888675
-1.359342
-1.962658
-3.150287
-0.120000
-1.962538
-1.208859
-1.328974
-0.050000
-1.980713
-2.664444
-3.407804
-0.263636
-0.366212
-1.257834
-3.893568
-1.454518
-2.005990
-2.532462
-1.929778
-0.312500
-0.135714
-3.589801
-1.203488
-1.452977
-1.994021
-0.000000
-3.821417
-0.646970
-2.240822
-1.762114
-3.035152
-1.262433
-0.250000
-1.962065
-2.046547
-0.122222
-1.877479
-4.705517
-2.972106
-3.244518
-1.571917
-2.033586
-2.091625
-0.839513
-0.516475
-1.650144
-1.657155
-1.613394
-2.010745
-1.190261
-0.675606
-4.029230
-0.878167
-2.858003
-2.334147
-1.065639
-1.824835
-1.302804
-1.317572
-0.170000
-1.994304
-1.487179
-3.710225
-0.366667
-0.110000
-0.110000
-2.581713
-0.915466
-0.043750
-2.945637
-0.735022
-2.647780
-0.066667
-1.170851
-0.803517
-1.996543
-1.654261
-3.826866
-0.237500
-1.342690
-2.075982
-1.671797
-1.916637
-0.000000
-1.809771
-1.459377
-0.692839
-3.258901
-1.993986
-4.959566
-0.357576
-0.656667
-0.718833
-2.568351
-2.615169
-0.713030
-1.599805
-0.131250
-1.825555
-1.077804
-1.008319
-0.409848
-0.196667
-0.918107
-0.000000
-0.734000
-0.615429
-0.408333
-3.341400
-2.609925
-1.133521
-0.300000
-4.071051
-0.537738
-0.193939
-3.960199
-0.515667
-0.345455
-0.137037
-1.774304
-3.874909
-0.150000
-2.822841
-3.065067
-0.033333
-0.105556
-1.414169
-3.652432
-1.687264
-3.138680
-0.349242
-3.255063
-0.116667
-4.645797
-2.640131
-0.452273
-2.196490
-3.520371
-1.534274
-4.119560
-0.168333
-1.482775
-1.832716
-1.511758
-0.050000
-3.605877
-2.335596
-1.871682
-5.805498
-4.371741
-0.160000
-3.279005
-2.547614
-4.896966
-3.504978
-0.868074
-2.892041
-0.753268
-2.446382
-2.226514
-3.480308
-1.774836
-1.984394
-0.225000
-2.582868
-0.990855
-1.901422
-3.831288
-1.765957
-0.327833
-3.985762
-3.310589
-3.297754
-3.417912
-3.136793
-0.940939
-4.584125
-4.344876
-2.549469
-2.832723
-3.299212
-5.511912
-2.193357
-3.483960
-5.282839
-4.919935
-1.319515
-2.365616
-2.564940
-1.763262
-1.228508
-0.637520
-1.040258
-2.668785
-4.426086
-2.772576
-0.086364
-5.855589
-4.137895
-1.706075
-3.300707
-2.152941
-2.712228
-1.571218
-0.246667
-5.290270
-0.316667
-1.357967
-0.206250
-3.140414
-1.070592
-3.167333
-0.000000
-0.656857
-1.160285
-0.000000
-3.421311
-3.282238
-1.721883
-3.799150
-2.572682
-6.668042
-1.160572
-1.185980
-0.106250
-2.485980
-3.654670
-1.939350
-0.281481
-0.909461
-2.708157
-3.867918
-3.892876
-2.587405
-4.104498
-3.417181
-1.059584
-3.550581
-0.889744
-2.418735
-0.638439
-0.185000
-0.300000
-0.913218
-0.948913
-3.645210
-0.542500
-0.240909
-2.665882
-0.374167
-1.645720
-6.067625
-2.711095
-4.745236
-3.079906
-0.193750
-1.195929
-3.324189
-1.949172
-0.193750
-3.414022
-4.849674
-1.843123
-0.287037
-2.247854
-4.529332
-4.457089
-2.698749
-3.129272
-3.373838
-4.243806
-2.398955
-0.685303
-1.000133
-0.955693
-4.271034
-3.787241
-5.136168
-0.263636
-2.019194
-1.382751
-3.814804
-4.499910
-3.943750
-0.551364
-0.544833
-0.133333
-3.232237
-2.463840
-1.535774
-0.125000
-3.574092
-2.841770
-4.685401
-0.183333
-0.881039
-1.138167
-3.980237
-0.755136
-2.143536
-1.237271
-1.242799
-0.250000
-0.664000
-3.675241
-4.385067
-2.948667
-3.486120
-2.484045
-3.972056
-1.613818
-3.133701
-0.310000
-0.190909
-4.500454
-3.990986
-0.749762
-1.983626
-1.794126
-0.000000
-2.548918
-0.742633
-2.446489
-1.816478
-0.676829
-0.000000
-3.423869
-2.497498
-0.493519
-1.047491
-3.990768
-0.906743
-0.100000
-1.373733
-0.295000
-0.140833
-0.324167
-3.185991
-0.690350
-2.242038
-3.763886
-1.908111
-0.000000
-2.618287
-3.160842
-0.419167
-2.950480
-1.937102
-2.568490
-1.043940
-2.185169
-4.250682
-4.859745
-3.369131
-3.280006
-1.693491
-0.100000
-3.452869
-2.560436
-3.474802
-3.325571
-2.250544
-2.253057
-4.670988
-1.788290
-0.168750
-2.809300
-2.591263
-3.435366
-3.609317
-1.162875
-1.413254
-4.059993
-0.077273
-0.401852
-0.431818
-0.589784
-0.890500
-1.712115
-3.578455
-1.811138
-4.493473
-4.444003
-0.296970
-0.903810
-1.933485
-2.774815
-0.122222
-0.062500
-3.364565
-3.022210
-1.988554
-0.115000
-3.132704
-0.819333
-2.660823
-2.141995
-4.005774
-3.294897
-3.567487
-0.412208
-0.783608
-3.250439
-0.970551
-4.079011
-3.925386
-1.448854
-3.344655
-1.129653
-3.060026
-0.596515
-3.407150
-0.351364
-0.874719
-3.498896
-4.656177
-2.111852
-0.399500
-1.290783
-2.251910
-1.641911
-1.518890
-0.272727
-3.347077
-3.234439
-4.356512
-2.037174
-0.725000
-1.388166
-2.579406
-0.000000
-3.098210
-0.014286
-0.992561
-2.150983
-1.992171
-0.849749
-1.877733
-2.142358
-1.738611
-0.650000
-3.627120
-2.317340
-5.613544
-0.909965
-1.569010
-3.525804
-4.144000
-3.114629
-3.534348
-3.608224
-4.138831
-0.266667
-3.570038
-0.688333
-3.609926
-1.604133
-0.215000
-3.399122
-3.041968
-2.202113
-1.059286
-0.683946
-3.369128
-3.902856
-0.040000
-0.725606
-3.735445
-2.588256
-2.830778
-1.332301
-2.598284
-1.468082
-3.974219
-3.694718
-4.657358
-4.456518
-0.798373
-0.100000
-4.014522
-0.702565
-4.330442
-0.816952
-3.426476
-3.067011
-3.375021
-3.604318
-4.184455
-0.894306
-3.392222
-1.671406
-2.845013
-2.626138
-4.040984
-0.479167
-0.000000
-2.063870
-0.383333
-3.307849
-2.903742
-3.386515
-3.368075
-1.471019
-1.704033
-1.002834
-3.820965
-2.746017
-0.551515
-0.118182
-3.174706
-2.830857
-4.133886
-1.610361
-2.240469
-0.192857
-3.650799
-2.456282
-1.703911
-3.202387
-2.328033
-0.577083
-0.000000
-3.606461
-4.279870
-2.653979
-0.153148
-3.098514
-5.257297
-1.626397
-0.112500
-0.733333
-0.591929
-1.070103
-1.932887
-2.641058
-1.962840
-1.580097
-1.989515
-1.401757
-0.000000
-2.712785
-3.022566
-0.261667
-0.841667
-2.838069
-0.854199
-0.595000
-3.870417
-0.159091
-0.851082
-0.875891
-3.401949
-3.976110
-3.704895
-3.031555
-1.016667
-0.662038
-3.744075
-1.604452
-3.191639
-3.699886
-1.797947
-0.195455
-2.592900
-0.818597
-4.334858
-2.881398
-2.530176
-2.212594
-0.413333
-0.566515
-3.306663
-0.131818
-2.227913
-3.301449
-0.654177
-3.131151
-4.440121
-2.795838
-0.304545
-0.635284
-2.619682
-2.249905
-3.080414
-0.849667
-0.782673
-3.964676
-3.565712
-3.564449
-3.437710
-3.092847
-2.605935
-3.730387
-4.391387
-1.402404
-4.391137
-1.562201
-0.413939
-3.480135
-3.040062
-4.122410
-1.286207
-1.895655
-0.647917
-3.503627
-5.985139
-1.259024
-3.377833
-5.758734
-1.319479
-0.977456
-0.166667
-2.024336
-0.566667
-4.465389
-3.886775
-4.039253
-3.709488
-0.847595
-1.541012
-4.784169
-0.374375
-2.345608
-1.181005
-0.925119
-3.406843
-2.428988
-0.805635
-2.623488
-2.646566
-2.355676
-3.924449
-4.703405
-3.376503
-3.157940
-4.641238
-0.804074
-1.299842
-0.457292
-3.432655
-2.901599
-2.903916
-0.375833
-2.134733
-0.258704
-2.636372
-0.594632
-3.092525
-1.758563
-1.569131
-2.564147
-2.019100
-0.198333
-3.135264
-1.892873
-2.662547
-1.570097
-0.507500
-0.169048
-4.384203
-3.143414
-3.381600
-3.495561
-2.575832
-1.588005
-0.546389
-3.449943
-3.855726
-3.631525
-4.227499
-2.437927
-0.537778
-3.449814
-4.257834
-5.675772
-2.751800
-0.474815
-0.212500
-2.953283
-3.782766
-4.719253
-0.974730
-3.299067
-3.354851
-3.878570
-2.820136
-0.790184
-7.192290
-1.890323
-4.495094
-4.084560
-2.745805
-4.673130
-0.734091
-1.691565
-4.025697
-4.742191
-2.837066
-2.968580
-2.351636
-0.135000
-3.308683
-3.277444
-3.954322
-2.443541
-3.248843
-2.695280
-4.253978
-2.702468
-2.366729
-2.444164
-2.744982
-0.568542
-2.305621
-0.412424
-3.039945
-0.301852
-2.650581
-3.628640
-7.056633
-1.193849
-1.656031
-3.587542
-3.657518
-2.220462
-1.863650
-0.508333
-3.149307
-3.198218
-4.149022
-0.464833
-2.856922
-2.558028
-2.788491
-2.473871
-3.634580
-3.994259
-2.835269
-2.065777
-2.493246
-2.277057
-2.223596
-1.979212
-4.499089
-3.535603
-3.305840
-1.456284
-0.628542
-3.807125
-0.336111
-0.250000
-3.537944
-2.502075
-3.617352
-1.196151
-3.740569
-5.259615
-0.476981
-2.162625
-3.261133
-1.806279
-3.867161
-3.837570
-0.631061
-3.367439
-4.345771
-5.015638
-2.572920
-2.748774
-0.215476
-3.151030
-3.195379
-2.492891
-3.103724
-3.171386
-2.096255
-0.260606
-0.235714
-1.029235
-3.029497
-1.312266
-0.060000
-1.054289
-4.184655
-5.289759
-3.862502
-4.890319
-0.770476
-1.685146
-2.046349
-1.262553
-0.302778
-3.447996
-2.093120
-2.487303
-1.854054
-0.420833
-3.014869
-4.581147
-1.071634
-0.100000
-3.464752
-3.756263
-3.911828
-3.275902
-0.355606
-3.207946
-4.491020
-1.515529
-4.568660
-3.278722
-1.429647
-1.978376
-2.347860
-2.508688
-2.014280
-1.886798
-1.592142
-0.728420
-3.491286
-1.323160
-1.800462
-0.918041
-3.650970
-4.547341
-3.307691
-2.909211
-2.427780
-2.257118
-0.998301
-2.862901
-4.133864
-4.528519
-1.963516
-0.338889
-3.307261
-3.849127
-2.100302
-2.815073
-3.690264
-3.895929
-1.989999
-0.957403
-5.330824
-2.468935
-1.489294
-3.080309
-3.561978
-2.122556
-3.819486
-1.201561
-0.150000
-3.424126
-4.241021
-3.994273
-5.202299
-2.028173
-2.000017
-0.332500
-0.761071
-3.113768
-5.767294
-3.349525
-2.670968
-1.312154
-2.857413
-0.742593
-1.483618
-4.506786
-3.591892
-3.380668
-3.048137
-1.565689
-0.861667
-1.394264
-1.818204
-2.791125
-1.326871
-1.298829
-1.504062
-1.018654
-2.788220
-2.029369
-0.827623
-1.116337
-1.449767
-0.752839
-0.000000
-3.324689
-2.195324
-5.187817
-1.742828
-1.072329
-3.178052
-4.665213
-1.197590
-4.499466
-0.210185
-1.438362
-0.431364
-2.932163
-3.564744
-2.383317
-2.736510
-1.853063
-1.481792
-3.381139
-3.814109
-3.973571
-1.425468
-0.272222
-3.079705
-3.913670
-1.617938
-3.408026
-3.227164
-4.192157
-1.706542
-2.690411
-4.947888
-0.703095
-0.457407
-2.934790
-4.030781
-1.886413
-1.904748
-3.706228
-0.754957
-3.028212
-3.266000
-4.334490
-2.098106
-0.413095
-3.277758
-3.335414
-4.428895
-2.154687
-0.403667
-2.046471
-1.893771
-3.602187
-1.356367
-0.933041
-3.123968
-2.224471
-3.458063
-1.853057
-2.781310
-4.127996
-6.383699
-4.041871
-3.327603
-4.336355
-3.911832
-2.187823
-0.234848
-3.317604
-3.922747
-4.902326
-1.933893
-3.141054
-3.078705
-3.858163
-2.422609
-2.930452
-0.521667
-2.736828
-3.516998
-3.515148
-1.254666
-3.305749
-3.062500
-1.231531
-3.892351
-2.778082
-3.520669
-3.028180
-2.373688
-1.252834
-0.967989
-2.987588
-3.878599
-2.018103
-0.609735
-2.571253
-3.019560
-3.298234
-1.373723
-5.132388
-0.387037
-1.825552
-2.565653
-1.516720
-0.409524
-2.845229
-0.626852
-0.436667
-3.147523
-1.432368
-2.727989
-1.941989
-0.804848
-0.258333
-0.706063
-2.946345
-2.114142
-4.248367
-1.993695
-0.713167
-3.429069
-3.432353
-3.367008
-4.248992
-1.144988
-2.231192
-1.957920
-1.735199
-3.166403
-1.298490
-0.466481
-0.740303
-3.180308
-4.002162
-1.901918
-0.283333
-4.063187
-4.391286
-3.411249
-1.697283
-2.165442
-0.205556
-1.254033
-2.385373
-2.426907
-1.406807
-0.355556
-1.327941
-3.136882
-1.399044
-3.543629
-3.236047
-4.098888
-2.935711
-2.302568
-1.120134
-4.083052
-2.875735
-3.088462
-0.872341
-0.503030
-3.152263
-3.464017
-2.023379
-2.077300
-1.527621
-1.832146
-2.764018
-5.264063
-0.941127
-3.082380
-1.659879
-2.323521
-2.019307
-3.822207
-0.984711
-1.788214
-1.982009
-3.412879
-2.420088
-2.615916
-4.242590
-2.945551
-2.147545
-0.366111
-3.609791
-3.378988
-1.636903
-4.718775
-0.591667
-0.237500
-4.161202
-2.436770
-1.922323
-0.844177
-4.507348
-2.818710
-3.607895
-3.350443
-1.788351
-3.767105
-1.294162
-2.047812
-1.831393
-3.764971
-3.785777
-3.871243
-3.647137
-2.471067
-3.187420
-2.666550
-3.446093
-0.066667
-4.349634
-3.519531
-1.576214
-2.056357
-1.847905
-3.057719
-5.119706
-3.842944
-2.968953
-0.569242
-0.223333
-0.555667
-1.181814
-0.961375
-0.050000
-2.296933
-0.000000
-1.673207
-4.040453
-2.473905
-4.656722
-0.435606
-6.457554
-3.552610
-3.635620
-1.392733
-5.395645
-3.131128
-2.688952
-3.242599
-4.506817
-1.941881
-0.040000
-3.177777
-1.539054
-0.000000
-4.253616
-5.119622
-0.696021
-4.220957
-3.278356
-3.282812
-2.239478
-0.630625
-6.279341
-1.543587
-0.012500
-4.256595
-1.239682
-2.849733
-4.692711
-0.605012
-1.718234
-2.779272
-5.041510
-0.636190
-0.620758
-2.862125
-1.694334
-3.973658
-3.347292
-0.614545
-5.669514
-0.359524
-1.539939
-2.363693
-2.322641
-1.908968
-2.700553
-0.441667
-2.699312
-4.317668
-1.397051
-2.099754
-2.342914
-0.283333
-0.445833
-2.771769
-2.872989
-1.510104
-0.938117
-0.000000
-1.515791
-4.766530
-4.831179
-1.240437
-0.209091
-2.195151
-0.166667
-4.202386
-4.065692
-1.871936
-2.831174
-0.819667
-1.152885
-3.325062
-1.608119
-1.824620
-0.975992
-0.965133
-0.893885
-3.183449
-0.982215
-3.230616
-0.647233
-0.865173
-3.504352
-3.850772
-0.724786
-1.496203
-1.659293
-0.678506
-0.631095
-1.881272
-0.720000
-1.149647
-0.066667
-3.231272
-2.572341
-1.239439
-0.338636
-3.007093
-0.887663
-3.654752
-1.382873
-2.520288
-0.991940
-0.552879
-4.679631
-1.093615
-0.475000
-3.519745
-2.042505
-0.000000
-4.015837
-2.894658
-2.353358
-3.477269
-4.004941
-4.375982
-3.490509
-0.471212
-0.066667
-4.319655
-3.006756
-0.356250
-1.640892
-0.028571
-3.306041
-2.793048
-3.024986
-0.789441
-2.851377
-1.730892
-1.959869
-0.797727
-3.066317
-3.845174
-0.914895
-2.073468
-1.797072
-2.170282
-3.340263
-0.613723
-0.100000
-0.664697
-2.735401
-0.735072
-0.644259
-0.697457
-2.050515
-1.694938
-1.056952
-0.000000
-2.238998
-2.577735
-0.926154
-1.585737
-1.700601
-4.357886
-5.530615
-0.120833
-0.350417
-3.491027
-1.908622
-0.050000
-3.311775
-3.127820
-1.679700
-2.038280
-3.093931
-1.565583
-2.114490
-2.184632
-0.825087
-3.108446
-2.405193
-3.388381
-3.179496
-2.247393
-0.450000
-0.251667
-0.181818
-3.707598
-3.687403
-1.861885
-1.090054
-1.263536
-3.081892
-5.323688
-1.094942
-4.241709
-2.744275
-3.034254
-1.111720
-1.987267
-0.171212
-0.543345
-3.441734
-1.643157
-3.926769
-0.449000
-0.042857
-3.117919
-4.391779
-2.525214
-0.030000
-3.968111
-1.843288
-3.204224
-2.810419
-2.661472
-0.283333
-0.817381
-2.993960
-1.055535
-0.057143
-1.756453
-1.955670
-3.779595
-3.822235
-1.832374
-1.751514
-1.468604
-0.703939
-3.714845
-1.461566
-1.086328
-2.586738
-4.018613
-0.381818
-4.538528
-4.542320
-0.218182
-1.473711
-2.204252
-4.206455
-0.362500
-1.260879
-2.031530
-3.008201
-1.237525
-0.331250
-4.155407
-1.563703
-0.760639
-0.366667
-2.033628
-1.598226
-3.558743
-1.018413
-3.123452
-3.969515
-3.236831
-1.569165
-3.550683
-4.019990
-3.040492
-2.241353
-0.393611
-0.290000
-3.205292
-1.182106
-2.083569
-0.369500
-1.313120
-4.220753
-3.535392
-3.838986
-1.843630
-3.081738
-0.150000
-0.070000
-1.818053
-3.104116
-3.727683
-1.786175
-2.488371
-0.286875
-3.260122
-2.154816
-2.597244
-2.719364
-1.123986
-1.773766
-3.858431
-3.608318
-5.187569
-3.445370
-0.918881
-3.253088
-1.795970
-4.211431
-0.027273
-3.587725
-0.229167
-1.751561
-3.140499
-2.684224
-1.414738
-1.385553
-0.455909
-3.122020
-1.521113
-2.411933
-1.123750
-1.996707
-0.865556
-1.209657
-0.014286
-2.094024
-3.394832
-1.364845
-1.446954
-0.994264
-2.040597
-4.748154
-5.385218
-2.126946
-3.463255
-1.645261
-2.340874
-4.942642
-1.143982
-0.693030
-2.971974
-2.475118
-0.170370
-0.807814
-1.416552
-2.848071
-2.292399
-0.544545
-3.184662
-1.213212
-1.924155
-2.951652
-3.443011
-3.461692
-3.890589
-4.070452
-0.555333
-4.143614
-0.866261
-2.908677
-0.133333
-0.661473
-5.076275
-6.034995
-3.098008
-0.967168
-3.056619
-0.135000
-2.737526
-5.408133
-1.391531
-1.738970
-2.088931
-2.754003
-1.824022
-2.217257
-3.023667
-0.522593
-4.548964
-1.213439
-0.409375
-2.895938
-1.660516
-3.317145
-3.576275
-3.956579
-3.988305
-2.821107
-5.913832
-5.883234
-6.243244
-2.051851
-3.766896
-1.175667
-0.732890
-1.255889
-0.162500
-3.819828
-1.355912
-0.601818
-3.914762
-4.072539
-0.271212
-2.329522
-0.116667
-2.052042
-2.703226
-0.773125
-1.565797
-1.418437
-0.050000
-1.585187
-2.519809
-0.322727
-0.071429
-2.141212
-2.727495
-1.874962
-0.768203
-0.030000
-2.098138
-0.866461
-1.336373
-3.506788
-0.000000
-0.071429
-0.000000
-0.347727
-2.041818
-2.909841
-1.529604
-4.006297
-4.060305
-3.391324
-0.795290
-1.650852
-1.960894
-5.212559
-4.590540
-2.329803
-0.681067
-1.191745
-1.715172
-4.287439
-2.154056
-0.490333
-2.399570
-0.308333
-2.117281
-4.453478
-1.633474
-0.278333
-4.369493
-1.909884
-1.116072
-0.572879
-3.654623
-2.357490
-1.252347
-1.505248
-0.228704
-0.343333
-0.176190
-1.879897
-2.950780
-3.769802
-0.872381
-1.270257
-4.203026
-1.880959
-2.799111
-1.292902
-0.165000
-3.912945
-1.129608
-3.285023
-0.528333
-2.694833
-0.300000
-2.448508
-4.689689
-2.922792
-2.135677
-2.563976
-2.050990
-2.595790
-2.693331
-3.249601
-2.487020
-2.529237
-2.421119
-1.945165
-0.332708
-0.984910
-0.802965
-3.416086
-0.647576
-1.895332
-1.505158
-0.373333
-1.476386
-3.887915
-2.511396
-2.089860
-2.688119
-2.864233
-1.094996
-5.696144
-0.881333
-3.033506
-0.150000
-4.110236
-0.913973
-1.361230
-2.613764
-0.355952
-6.265370
-0.609242
-3.949594
-3.291397
-2.856047
-0.971677
-4.219995
-0.461364
-3.313191
-1.210095
-1.343843
-0.483333
-1.931967
-0.181667
-1.621578
-1.919358
-2.294921
-0.166667
-3.199414
-1.453219
-1.431367
-3.547142
-3.872705
-3.310894
-2.160691
-0.303333
-3.182255
-3.629544
-4.481851
-3.165839
-1.324337
-3.536184
-2.365836
-2.116791
-3.053517
-1.202064
-0.197917
-3.703374
-2.246193
-4.715061
-0.366111
-0.799120
-0.906753
-2.518306
-4.072387
-2.984850
-3.776374
-2.111101
-2.936967
-2.116617
-5.149047
-2.680501
-1.648062
-2.307566
-1.561263
-0.158333
-0.214394
-0.665029
-3.961946
-2.425525
-3.597672
-2.141185
-4.304712
-0.915541
-3.452310
-2.952634
-2.595819
-2.211095
-4.658305
-3.047509
-4.206848
-1.674526
-3.190523
-0.290152
-0.869669
-0.341667
-2.137969
-1.418231
-1.266823
-1.837878
-2.050562
-0.363333
-3.007065
-1.458675
-0.726667
-1.120407
-0.642500
-4.449460
-3.518833
-1.443369
-3.325381
-3.296511
-1.579047
-1.939197
-1.368961
-0.606147
-1.074485
-1.434403
-2.297042
-0.286667
-1.872918
-2.425580
-0.659203
-0.944250
-1.431844
-0.910274
-3.489014
-2.728506
-1.570083
-2.035613
-4.128193
-3.257443
-1.282236
-3.378799
-1.691311
-2.386953
-1.499840
-3.559481
-0.551458
-2.493267
-0.984935
-2.038217
-4.209243
-0.930159
-0.550606
-0.111111
-2.033876
-0.111111
-0.060000
-5.226305
-0.087500
-0.080000
-1.910370
-1.974743
-1.588629
-1.293078
-0.000000
-2.151911
-1.981407
-0.811411
-0.100000
-2.768465
-3.642580
-0.959156
-3.103614
-4.306191
-1.952578
-0.325000
-4.026739
-4.307021
-2.818165
-2.067391
-3.131321
-2.451049
-1.847191
-1.536636
-0.000000
-2.143446
-3.018100
-4.623144
-4.683722
-3.522893
-1.611621
-3.714564
-2.647731
-2.232708
-2.435615
-4.382112
-1.911144
-3.841868
-4.325678
-2.931072
-0.270370
-2.153108
-1.848748
-1.992258
-5.248777
-0.371667
-1.064366
-0.352381
-2.535334
-5.938389
-2.746619
-1.100037
-1.252467
-0.337778
-4.562683
-2.237901
-1.180980
-0.583333
-3.529092
-1.957525
-4.889752
-1.792838
-0.474167
-3.632231
-3.779176
-2.404663
-4.105785
-2.409081
-3.711819
-2.013134
-0.327778
-0.284524
-4.016670
-2.468780
-0.293333
-1.307672
-0.542619
-4.134641
-1.589944
-3.211422
-3.974706
-0.144444
-0.163636
-1.244051
-0.200000
-3.376664
-5.309012
-1.578271
-2.332172
-1.070069
-1.392522
-4.137062
-3.584503
-2.549446
-0.385417
-1.354707
-0.193750
-1.654057
-2.011138
-1.419476
-1.891696
-3.840801
-1.840315
-2.412852
-0.300000
-1.677589
-0.100000
-1.951679
-2.521040
-1.104420
-2.111067
-0.911240
-0.978214
-4.439277
-2.473993
-6.286202
-2.131359
-3.518217
-0.700869
-4.041227
-0.239394
-1.313592
-0.160000
-1.059271
-2.125249
-0.746905
-1.027132
-3.777275
-3.888088
-3.856887
-2.433802
-0.376190
-6.627740
-2.929802
-0.837255
-1.526872
-1.923057
-0.000000
-1.564044
-1.940026
-3.561805
-0.895904
-0.100000
-2.230930
-4.143313
-1.680982
-1.459822
-3.720306
-1.996750
-2.692170
-3.346177
-1.984009
-4.193383
-0.992011
-0.161111
-3.846628
-1.009349
-0.155000
-1.836929
-1.236749
-1.525161
-0.337833
-2.458735
-2.336804
-2.462482
-0.974754
-2.027436
-2.842848
-1.523287
-2.881822
-1.656563
-3.871930
-0.729095
-2.525421
-4.043751
-3.389451
-0.350000
-2.029600
-4.264415
-1.459358
-0.214286
-3.379082
-1.251303
-2.996034
-2.631651
-2.841220
-0.487121
-3.787218
-1.241192
-3.198013
-1.408785
-1.167001
-4.115118
-3.553285
-3.001834
-1.151555
-0.000000
-3.844600
-2.995832
-2.267997
-2.017216
-0.365185
-0.626111
-5.239524
-0.442037
-2.561485
-4.218653
-3.092276
-4.015827
-4.082595
-2.903326
-0.886061
-3.493168
-1.542921
-1.849291
-5.744245
-1.500627
-0.885146
-1.650237
-1.889230
-0.267083
-3.696394
-2.301152
-1.068612
-0.288889
-3.885601
-2.102779
-2.268077
-2.367712
-4.301714
-1.237302
-1.659211
-0.745952
-5.198838
-4.022514
-2.176150
-1.617143
-1.571031
-0.744512
-6.864779
-3.527809
-3.058274
-4.357273
-0.650314
-1.524556
-1.935572
-3.459448
-1.926814
-4.766486
-0.186364
-3.478069
-4.124307
-4.460032
-1.920822
-0.071429
-2.791980
-4.056474
-1.864578
-2.785321
-1.700218
-0.272727
-1.784829
-0.050000
-2.868580
-1.732215
-0.823139
-1.210339
-0.794857
-1.544068
-2.006611
-1.427659
-1.250606
-0.000000
-3.267672
-1.015948
-3.033619
-1.518088
-1.863681
-3.748520
-1.422014
-1.083333
-1.593624
-4.465045
-0.000000
-2.020620
-2.232621
-1.574563
-1.669426
-0.500926
-1.170599
-0.786515
-3.212464
-0.408182
-2.205981
-0.705000
-0.125000
-3.113589
-4.698397
-3.808059
-2.221313
-2.868957
-0.090000
-2.562344
-2.003762
-0.234848
-3.699665
-3.258118
-2.777011
-0.042857
-0.200000
-3.356196
-2.194386
-0.628333
-0.000000
-2.899739
-2.477089
-2.451940
-0.309091
-2.798408
-2.383664
-0.637991
-0.135000
-0.033333
-4.153866
-3.097063
-3.337963
-0.281250
-0.470455
-3.801389
-0.815628
-4.320183
-0.045455
-2.023144
-2.220608
-0.238333
-0.062500
-2.177522
-3.446100
-1.985394
-0.265417
-0.802532
-3.059026
-3.806644
-0.230000
-0.338333
-3.305728
-3.019706
-0.902587
-1.263364
-0.135000
-3.116059
-0.599848
-2.008344
-0.127778
-0.125000
-3.451763
-3.171928
-1.182362
-3.121585
-0.016667
-3.542399
-0.907714
-3.435453
-0.133333
-4.175883
-0.682435
-0.424242
-0.329630
-2.709355
-3.427793
-3.963072
-2.084594
-0.904986
-4.506884
-4.589175
-6.956861
-3.467299
-0.590455
-0.081818
-3.571486
-1.277501
-0.145455
-0.657727
-0.459848
-1.612569
-3.443026
-3.676424
-2.599741
-0.994556
-1.045482
-1.757258
-0.000000
-3.210304
-0.856643
-1.225437
-0.022222
-0.009091
-2.458080
-0.000000
-4.423564
-0.702000
-3.651873
-3.747916
-1.235152
-0.974535
-2.230768
-4.974009
-2.849951
-2.529682
-0.025000
-1.244853
-0.020000
-3.686381
-1.045321
-2.560312
-3.990543
-0.534394
-1.355177
-2.373580
-2.764553
-0.093939
-2.063507
-0.391667
-0.043750
-4.510728
-0.578900
-2.747750
-1.453022
-3.658645
-1.019913
-0.805996
-0.033333
-3.738450
-2.609579
-0.883980
-0.142857
-0.824857
-3.733311
-1.159633
-0.777222
-0.360000
-3.017529
-0.947179
-2.590228
-0.615667
-0.478948
-1.720308
-0.050000
-2.050210
-0.181852
-1.051764
-1.525767
-1.167029
-1.885517
-0.525476
-2.291333
-0.924888
-1.023275
-0.000000
-3.620446
-1.584372
-3.203000
-1.833837
-0.050000
-0.037500
-3.056111
-0.218333
-0.150000
-0.719177
-0.666042
-2.166391
-3.842937
-0.729091
-1.665358
-0.365758
-0.010000
-0.033333
-1.270542
-4.300608
-1.055215
-0.919087
-2.617754
-0.905833
-0.145455
-0.228333
-2.240321
-3.412313
-1.057333
-0.938326
-0.901451
-0.180000
-0.336667
-0.268750
-2.052085
-3.056192
-2.369964
-2.651753
-2.604653
-4.741423
-0.358420
-0.458333
-2.753668
-0.627727
-2.561750
-3.372780
-0.012500
-0.259091
-2.583685
-0.315833
-2.140416
-2.350555
-2.883181
-2.031554
-3.392618
-3.449544
-0.593500
-0.485667
-3.404772
-1.162269
-2.087194
-0.185000
-0.920034
-3.200550
-0.295455
-1.711591
-1.334794
-3.162948
-0.842698
-4.296856
-0.742262
-0.457500
-3.815200
-1.115596
-1.904626
-4.316331
-0.357576
-1.509988
-3.793310
-0.698182
-1.926062
-0.210000
-4.738803
-1.766671
-2.332179
-1.136751
-3.836930
-0.527121
-0.500000
-1.001542
-3.960660
-3.226886
-3.535530
-1.011568
-0.000000
-3.255153
-2.271507
-3.313602
-0.042857
-4.510832
-0.307576
-0.060000
-4.602960
-0.090000
-0.033333
-0.165000
-0.090000
-2.205959
-0.806926
-0.318333
-1.756592
-1.136801
-0.658597
-2.238199
-1.708156
-1.802628
-0.033333
-1.892329
-0.786374
-3.485363
-1.561050
-0.310000
-0.000000
-3.341237
-1.064650
-0.000000
-0.316667
-1.744781
-0.758485
-0.150000
-2.977445
-2.573956
-2.529451
-0.130000
-1.761966
-0.010000
-2.374793
-1.470873
-4.045200
-0.956108
-2.448827
-1.470144
-1.296277
-2.052161
-1.827139
-1.003765
-1.620189
-0.493519
-3.690291
-3.401614
-2.163887
-4.626365
-5.529374
-3.983479
-1.460885
-4.754497
-0.927694
-3.064109
-3.239189
-3.090973
-1.243352
-2.327474
-1.711178
-2.004066
-2.463001
-2.857216
-1.185274
-3.913128
-2.512625
-2.317811
-3.142035
-1.702504
-0.411905
-3.513735
-4.432565
-0.668107
-2.283407
-2.256681
-2.027101
-5.305015
-4.557486
-1.378514
-3.209916
-3.365071
-3.813283
-1.335166
-0.849274
-2.464258
-2.786057
-0.242857
-3.328335
-1.119619
-3.345595
-3.840845
-4.162521
-0.855833
-2.299945
-2.640843
-1.702498
-2.024047
-0.604815
-3.376614
-3.142833
-3.452691
-1.728442
-3.079675
-0.306250
-1.122782
-4.000204
-3.383900
-1.982384
-0.580779
-3.088305
-0.877333
-0.840741
-1.075026
-0.959951
-1.297778
-1.319952
-0.992143
-1.944993
-4.602465
-1.071984
-0.000000
-1.201885
-0.000000
-4.104438
-3.682182
-2.363297
-4.322988
-2.589061
-3.267309
-2.686065
-1.053310
-1.438288
-1.055181
-3.743719
-4.810247
-0.925790
-4.516822
-2.845223
-3.157655
-4.518253
-0.484167
-2.425079
-3.299607
-0.545159
-1.284130
-1.231910
-4.065191
-2.854890
-3.482853
-2.036777
-3.230250
-1.376845
-0.412407
-3.373435
-2.239698
-3.838889
-2.913116
-3.563957
-4.581228
-4.905487
-1.996097
-3.390175
-3.632378
-3.205877
-3.176386
-1.892676
-2.449141
-0.867083
-3.507042
-5.463427
-2.408945
-0.055556
-0.856167
-6.061444
-3.043761
-3.477854
-3.635237
-2.866305
-0.937455
-3.674335
-2.875869
-0.183333
-3.840420
-2.380425
-1.903684
-3.422579
-0.707078
-4.975670
-1.531065
-0.908941
-1.757805
-3.308093
-1.267739
-0.850466
-1.631094
-3.369742
-2.488300
-2.620916
-2.719593
-5.750329
-2.303731
-2.795157
-0.735718
-3.541399
-5.197483
-3.576419
-3.683103
-1.970000
-2.137202
-0.769242
-2.325634
-2.605031
-0.465909
-1.007209
-2.259657
-3.913358
-3.056188
-2.768786
-0.286364
-3.913535
-3.305833
-3.081977
-3.868564
-3.180539
-1.744073
-3.209109
-0.901562
-0.573333
-3.600511
-2.948149
-2.790608
-1.530401
-4.164611
-1.124488
-1.269904
-3.435128
-2.764243
-1.002024
-3.499112
-1.883916
-1.452880
-2.792367
-3.652976
-2.732730
-1.452587
-4.704830
-3.552693
-1.706043
-1.098352
-2.067367
-1.358917
-1.525433
-0.000000
-3.749020
-3.803180
-1.924446
-1.491870
-1.847804
-4.207150
-0.217593
-3.591916
-2.467877
-1.684087
-1.133719
-3.678666
-2.223089
-2.879299
-4.103997
-4.009777
-1.898162
-0.301852
-1.568388
-0.688788
-4.673006
-0.889706
-2.512384
-3.011821
-2.014764
-2.907054
-0.237500
-0.125000
-1.854203
-1.631780
-1.417719
-0.712208
-3.319902
-3.338891
-3.994210
-2.449184
-4.907328
-3.869646
-4.161057
-1.407276
-1.844069
-3.292759
-0.623167
-3.692337
-4.016919
-2.958093
-1.225177
-2.569322
-0.708244
-2.075860
-3.953581
-4.116429
-3.116746
-4.347184
-1.821911
-3.865058
-2.946380
-2.749603
-0.745238
-1.107015
-0.801385
-0.428333
-2.583637
-4.880700
-0.535833
-3.409329
-1.023088
-0.492083
-3.935043
-2.616416
-3.254408
-3.399784
-4.722432
-1.152020
-3.425785
-3.958164
-2.313426
-2.301578
-0.691032
-2.123122
-4.106553
-2.585023
-3.890719
-4.573732
-2.210628
-2.325070
-3.708828
-2.278609
-3.327680
-3.724260
-1.961383
-1.045613
-1.898035
-3.044747
-3.119385
-2.369758
-1.792665
-4.051437
-3.822935
-3.537541
-3.871487
-3.244927
-2.179344
-5.082876
-2.577168
-2.765651
-2.793458
-1.475972
-4.272933
-1.298928
-1.314326
-0.627222
-2.037691
-1.006966
-2.804818
-3.777814
-2.902465
-3.541192
-2.340471
-4.150875
-0.552778
-4.529596
-4.936140
-1.984010
-1.903536
-0.931772
-3.697323
-1.267742
-0.313056
-2.225759
-2.365847
-0.667496
-1.902563
-0.947245
-0.445833
-3.730355
-3.328095
-4.407522
-0.684583
-3.318659
-1.747910
-0.957282
-1.251073
-2.577491
-3.361255
-1.439739
-2.241129
-4.037165
-1.088302
-3.664382
-3.983642
-3.619318
-4.410689
-0.756333
-0.354545
-2.676240
-3.107358
-5.833395
-4.019913
-1.894507
-2.679234
-3.023495
-3.460195
-3.897160
-3.339233
-3.600580
-3.210722
-0.540536
-3.040218
-3.020374
-3.897843
-2.137070
-2.746469
-2.642669
-1.667712
-1.613361
-3.456877
-1.916509
-1.043203
-3.940553
-3.322602
-3.822817
-2.893584
-1.772558
-0.546111
-5.358949
-1.153905
-5.957955
-6.762242
-0.953218
-3.835109
-3.762603
-3.985253
-4.932590
-4.976395
-3.709233
-1.928922
-2.600836
-4.164284
-1.812305
-3.880432
-2.985881
-2.843007
-3.925282
-2.414731
-2.588895
-0.877695
-0.379167
-4.028544
-3.449450
-3.893256
-2.579914
-3.039166
-3.278213
-1.073355
-2.925197
-4.627975
-0.803041
-3.633332
-4.654591
-3.236014
-4.067928
-1.721553
-0.620556
-2.605108
-0.743582
-2.867471
-2.234235
-2.865889
-1.341447
-2.519699
-0.143939
-1.775230
-0.595303
-2.148338
-4.627528
-4.572214
-4.222690
-3.410531
-0.418333
-3.557514
-1.944387
-1.776998
-0.929023
-3.873396
-1.822016
-1.778775
-0.359524
-0.526515
-0.852306
-3.895881
-3.489095
-2.959779
-2.036437
-3.244218
-0.939623
-1.487419
-1.834037
-1.247769
-4.103882
-3.584862
-2.765094
-2.158307
-0.517857
-3.319179
-3.992754
-4.424721
-1.751259
-3.576232
-3.703589
-0.872082
-5.294175
-0.808236
-1.247734
-1.727281
-1.503648
-1.842064
-3.443095
-2.296500
-4.174120
-2.542688
-2.288954
-0.196905
-3.373414
-4.450833
-3.174414
-2.329110
-2.521703
-0.162500
-1.457619
-1.992826
-2.514166
-2.052334
-3.133986
-5.163387
-0.860714
-0.200000
-0.436458
-0.315000
-1.541039
-0.563750
-3.368328
-1.340276
-2.838950
-1.821684
-0.150000
-4.381631
-2.643493
-2.496927
-3.424102
-1.955029
-1.643037
-2.319472
-3.175266
-4.103043
-2.109149
-3.657559
-1.134058
-4.448617
-4.569753
-3.589208
-1.428284
-1.497374
-4.754651
-2.479473
-3.679360
-3.464434
-2.685096
-0.552778
-0.895231
-2.181648
-1.190904
-0.784224
-1.458357
-0.548333
-0.692500
-0.879177
-2.955651
-1.326354
-2.432808
-2.371985
-3.141889
-4.814530
-4.566332
-2.800109
-3.824676
-4.677821
-2.262225
-3.006179
-0.050000
-1.570893
-3.697698
-1.073694
-3.462357
-1.529254
-0.589697
-6.434403
-1.654554
-1.580066
-1.401272
-5.578569
-2.357316
-4.990368
-2.211335
-2.508541
-2.931203
-3.729124
-0.562037
-0.484722
-3.490186
-0.917911
-2.157377
-0.984242
-1.488857
-0.672576
-3.712748
-0.421667
-3.817133
-3.689343
-4.253809
-2.951183
-1.399467
-0.000000
-3.446763
-2.074159
-3.008133
-1.084520
-1.359887
-1.221598
-1.517754
-3.020757
-2.885686
-1.410460
-0.020000
-0.537500
-3.300231
-3.027408
-0.453333
-5.665400
-3.168732
-2.150094
-3.395062
-3.716924
-1.629037
-2.169298
-3.196741
-3.749086
-1.144393
-3.593344
-3.654635
-1.259384
-2.202518
-3.369701
-2.214785
-3.211551
-0.481667
-0.515000
-1.788010
-2.084763
-1.317161
-0.974950
-0.397917
-2.255909
-1.722512
-2.232698
-3.156190
-4.692333
-1.031797
-0.977432
-4.715253
-3.185131
-3.720154
-1.672232
-0.615185
-3.873862
-2.354414
-1.228774
-0.776111
-2.386559
-1.582541
-1.363707
-0.850740
-3.111999
-3.589379
-2.242840
-1.219667
-0.676922
-2.342131
-1.039805
-1.874477
-4.149181
-1.980663
-4.401615
-2.185320
-4.037134
-4.532343
-2.127158
-2.295393
-2.878442
-1.463806
-0.421167
-2.081302
-2.335475
-1.412820
-2.901428
-5.593727
-1.898969
-2.126124
-3.458655
-3.134941
-2.026893
-4.195438
-2.515802
-4.301104
-6.328187
-3.508816
-4.130042
-1.365864
-3.057599
-1.914536
-2.809868
-3.201613
-0.424167
-2.306203
-0.149375
-3.054188
-3.783508
-3.751363
-2.035701
-3.584168
-2.841072
-1.938733
-1.662282
-0.116667
-1.473181
-0.480556
-3.526533
-1.162041
-1.036311
-0.237500
-1.873701
-1.983068
-1.858755
-3.566444
-0.909637
-0.635758
-2.462142
-1.344509
-3.341980
-3.300434
-3.911691
-1.813780
-0.881839
-1.710967
-4.122582
-2.290088
-1.911895
-0.654167
-2.081135
-1.145389
-3.110247
-5.291356
-1.745998
-5.316961
-3.727510
-1.586847
-0.747662
-3.460419
-1.829364
-2.497461
-1.018474
-2.232198
-4.210287
-3.208697
-0.716677
-1.177455
-0.530333
-3.250246
-1.804547
-0.658636
-2.746503
-3.084479
-1.704882
-0.495455
-2.329311
-5.345499
-1.427768
-1.728365
-3.323658
-1.688536
-2.115622
-2.664286
-1.744353
-2.075724
-0.981980
-0.288095
-3.627430
-2.697514
-2.612742
-2.623168
-3.522027
-2.589791
-1.552594
-2.049971
-1.430938
-1.176316
-0.728357
-3.561336
-1.879789
-3.898897
-2.226374
-1.866223
-1.579291
-2.885580
-0.100000
-1.921505
-4.427104
-0.502273
-1.581036
-0.300000
-2.044227
-3.347493
-5.559367
-3.943721
-1.707584
-3.172981
-1.756494
-0.939230
-0.289394
-4.304967
-0.974167
-0.897284
-1.702331
-3.822954
-2.877293
-1.516579
-3.801633
-2.375845
-3.242604
-1.982931
-3.474880
-3.495307
-1.659695
-4.068602
-1.090856
-0.580000
-1.886618
-3.737087
-0.645952
-0.000000
-1.984866
-2.600843
-5.074430
-3.135748
-3.998951
-1.615940
-0.475000
-1.799830
-5.371902
-2.428469
-6.604394
-4.674241
-1.650261
-3.849334
-1.483698
-1.121358
-2.990111
-0.465000
-1.466069
-0.131481
-3.021332
-2.109488
-0.380000
-1.690032
-3.879957
-5.015179
-4.207346
-1.183075
-1.624771
-1.361602
-3.540903
-5.529344
-3.206889
-2.609511
-1.759513
-0.373810
-1.665796
-4.860725
-3.634816
-3.604531
-0.291667
-2.471449
-6.347796
-1.873084
-4.189173
-3.403060
-1.003606
-3.815661
-1.173573
-0.000000
-2.254270
-3.380828
-2.214180
-2.105406
-7.733572
-3.225760
-3.456634
-0.369444
-0.837607
-3.758922
-0.560667
-1.140866
-4.416736
-1.318613
-1.706837
-2.897774
-3.036969
-0.513333
-2.257593
-3.516200
-1.697929
-3.460148
-1.810326
-3.289345
-2.011357
-0.250000
-2.235345
-3.882348
-1.758225
-4.371633
-3.961139
-1.645586
-1.220610
-1.214449
-2.029020
-2.062114
-3.330748
-1.057468
-2.894967
-2.627292
-0.674264
-1.378761
-3.860143
-3.012076
-2.250145
-3.368576
-1.863686
-1.826041
-1.534048
-0.997709
-1.643427
-2.519969
-3.521455
-0.537917
-0.438167
-0.831000
-0.451167
-5.492827
-1.572807
-3.952836
-1.420630
-3.700803
-1.903887
-1.951045
-2.668002
-3.507601
-2.805463
-4.281510
-0.346970
-0.257143
-0.092857
-1.190115
-2.249664
-4.629544
-4.590860
-2.254659
-3.967348
-0.484859
-1.946191
-0.346970
-0.882179
-0.562619
-3.616443
-2.374634
-1.284844
-3.012562
-5.071392
-1.134381
-4.275740
-4.832052
-0.365741
-3.321723
-5.104451
-3.731300
-4.615292
-3.045302
-1.646970
-1.482941
-0.311111
-3.378684
-2.184831
-0.695667
-0.436875
-4.041264
-2.906240
-5.245355
-0.727284
-0.859488
-1.340000
-3.756552
-1.111970
-0.425926
-2.631435
-2.163191
-2.945498
-0.959235
-0.784563
-1.477222
-2.397567
-0.821602
-2.484291
-4.211457
-2.645940
-5.979532
-5.510906
-2.432674
-3.429290
-1.307011
-1.472319
-1.784686
-1.338869
-0.673532
-0.385000
-3.606780
-1.303149
-0.819444
-1.418337
-2.051858
-0.570370
-0.366667
-0.467708
-3.092189
-1.707233
-2.469683
-1.375794
-2.464944
-0.656082
-2.833143
-1.087122
-2.554264
-1.319349
-2.619189
-0.516667
-4.041382
-3.063014
-4.695092
-1.888647
-2.745697
-0.797806
-3.838715
-2.255308
-1.790442
-7.136046
-0.000000
-3.436456
-2.412160
-1.525917
-1.557795
-0.986981
-1.635229
-3.078992
-2.576573
-1.707137
-1.033373
-1.383542
-1.919933
-3.111398
-2.085402
-0.163889
-0.300000
-1.043683
-0.000000
-3.537540
-1.371632
-1.432927
-2.691062
-0.728164
-2.796977
-2.763936
-1.361863
-0.295969
-3.012024
-1.413295
-1.965164
-0.672012
-0.859736
-0.904385
-1.947877
-5.875287
-3.970059
-1.001128
-5.010481
-2.527689
-0.486875
-4.055398
-1.749884
-1.350844
-1.052002
-3.034140
-3.925868
-3.203016
-2.713810
-1.770118
-2.112594
-3.063469
-3.453184
-0.679630
-2.309188
-3.383674
-3.672429
-1.518052
-3.741197
-2.066218
-0.602993
-3.684176
-1.757661
-3.051940
-0.000000
-3.328757
-1.528457
-1.665183
-2.648789
-3.860032
-1.644615
-1.859073
-2.727346
-2.044667
-5.342146
-1.086526
-4.122152
-3.552276
-0.395833
-1.780216
-2.761387
-2.544793
-1.921914
-3.162554
-5.418317
-4.023545
-1.259088
-0.597290
-0.107143
-3.272550
-5.093666
-4.801232
-0.379848
-0.868718
-0.270000
-3.341300
-0.897738
-0.714719
-0.772991
-3.759802
-2.045518
-1.204091
-0.177778
-3.550237
-1.703725
-2.552018
-2.579236
-2.868444
-0.746158
-1.783439
-1.345678
-5.130669
-3.557837
-3.747189
-4.285873
-1.323143
-1.035916
-0.549500
-0.325000
-2.747264
-0.607000
-3.132692
-1.832638
-2.219803
-3.176465
-2.512839
-1.720650
-0.164286
-0.180000
-3.401527
-0.959199
-1.587348
-2.494222
-2.107263
-3.896786
-3.757479
-4.581560
-1.704684
-3.883863
-2.896475
-1.450354
-1.672296
-0.610152
-0.812425
-3.946538
-1.705034
-1.742207
-1.475283
-0.862688
-0.734667
-3.560412
-2.144260
-0.731212
-3.023853
-1.714883
-3.588302
-2.902072
-1.307802
-0.980642
-1.382428
-0.258333
-3.186721
-1.251155
-2.833092
-0.205556
-0.150000
-4.128637
-3.945890
-1.554620
-0.311111
-0.624697
-3.326755
-2.377559
-1.064754
-0.301389
-3.950723
-1.919059
-2.136337
-1.651510
-0.712874
-5.507677
-0.276667
-0.330833
-2.572762
-3.404313
-1.182810
-0.331667
-0.467500
-0.724687
-2.150519
-3.451234
-2.511775
-2.386179
-2.361892
-5.445165
-0.602421
-1.745123
-0.150000
-4.314730
-1.834181
-0.881061
-2.568736
-3.053275
-0.291667
-0.527727
-1.795261
-1.767355
-2.334395
-1.031079
-5.628134
-1.103951
-3.062531
-1.977766
-3.294370
-0.644784
-1.196035
-3.150297
-3.231543
-4.998224
-1.140415
-4.677306
-1.776145
-4.100269
-2.514768
-1.350591
-6.486806
-0.915722
-1.069708
-3.092758
-0.324541
-1.960820
-4.910857
-3.010974
-0.266667
-3.036541
-1.083013
-1.751891
-4.797017
-0.909938
-1.448985
-2.143979
-3.906376
-1.491523
-1.468676
-1.203881
-2.176921
-3.063298
-4.514799
-0.275000
-1.248474
-2.574840
-4.644721
-1.559718
-0.000000
-3.831308
-1.445746
-0.724735
-0.570455
-2.617725
-1.983699
-3.311098
-1.314313
-0.356481
-4.758294
-4.072441
-1.819733
-0.487500
-0.122222
-3.065056
-1.983735
-0.406667
-2.280523
-2.319774
-3.779596
-1.331721
-2.112454
-0.843799
-2.461681
-0.349242
-0.349242
-3.684704
-1.545852
-2.669805
-0.683939
-2.888165
-0.200000
-3.359218
-0.524545
-1.590183
-4.372459
-0.807731
-1.432197
-5.488667
-1.825944
-2.366481
-2.016140
-0.000000
-0.502991
-3.119721
-4.423671
-2.728979
-0.532833
-0.650741
-3.343860
-2.764569
-0.239394
-0.758095
-1.903629
-1.655841
-0.697762
-2.754229
-2.441215
-2.078451
-0.112500
-1.328255
-1.425846
-2.094074
-1.749554
-1.691094
-0.937455
-0.000000
-3.744257
-1.638540
-1.660820
-0.824719
-3.748255
-1.710286
-1.214647
-0.688420
-3.216012
-2.613732
-1.415135
-2.341704
-0.578333
-0.244444
-0.871757
-3.734409
-2.029863
-1.947617
-2.045555
-3.920145
-3.262999
-2.475313
-3.168304
-0.944207
-0.743056
-1.355768
-0.000000
-0.000000
-0.849055
-2.541193
-3.307651
-4.039673
-3.328663
-1.475798
-1.420914
-3.331747
-2.433967
-1.072984
-3.350612
-2.164676
-1.636856
-0.633333
-3.538502
-2.177417
-0.506364
-0.527273
-3.905817
-2.912840
-3.135905
-2.098067
-3.144804
-1.924913
-0.273667
-0.300000
-0.100000
-4.031034
-2.130853
-1.713784
-1.365819
-0.338333
-0.496667
-3.544519
-3.856086
-3.735399
-2.885131
-2.460670
-0.304167
-4.091594
-4.671128
-1.019488
-0.150000
-1.827429
-0.746111
-2.547345
-3.713755
-1.910025
-2.165837
-0.233333
-1.883653
-1.823263
-2.655457
-3.514502
-3.116061
-1.846564
-2.272361
-4.183683
-1.464844
-1.946926
-3.347572
-0.626450
-0.946615
-3.564822
-2.942820
-2.264525
-2.277433
-2.360210
-1.798420
-2.093403
-0.192857
-2.925699
-3.108574
-3.630624
-2.551711
-0.230303
-3.611514
-2.940348
-1.549822
-2.122706
-0.801425
-0.000000
-2.193859
-0.415000
-2.307739
-1.739007
-1.106685
-6.644326
-0.000000
-1.205098
-2.441106
-1.961804
-0.830909
-0.000000
-3.333056
-2.471448
-0.914470
-0.054545
-0.157576
-3.304246
-0.056250
-0.121429
-2.349831
-5.034594
-0.081818
-3.186448
-0.957926
-1.231327
-1.241228
-1.703752
-0.973075
-0.000000
-3.340456
-2.826313
-1.248956
-2.854855
-0.437778
-2.652771
-1.279581
-3.277859
-0.055000
-6.145389
-3.815214
-1.415466
-0.050000
-2.027640
-0.125000
-1.491067
-0.066667
-3.254890
-4.025699
-4.426328
-2.795230
-1.990673
-1.574142
-1.690942
-2.261714
-0.253333
-4.966067
-0.050000
-2.434655
-0.360833
-3.239398
-3.197758
-1.004746
-1.394634
-0.839545
-2.057214
-3.510090
-0.318519
-0.313636
-1.240447
-0.391667
-3.554266
-2.644897
-2.033801
-1.476973
-4.190434
-0.333333
-0.845218
-2.641082
-3.251000
-1.075262
-1.345392
-0.525263
-2.878961
-1.382042
-0.050000
-1.758150
-1.485432
-0.737522
-3.466862
-1.481411
-4.510018
-3.619568
-3.571905
-2.733621
-3.826839
-2.925729
-2.029053
-1.973459
-0.271429
-2.684349
-0.171429
-0.071429
-3.438167
-3.094764
-0.070000
-5.545429
-1.774061
-3.055847
-5.282013
-1.537247
-0.265000
-1.961047
-1.075586
-2.856301
-0.138889
-1.949733
-1.619386
-1.287425
-2.173382
-0.393519
-3.273771
-2.773940
-1.487823
-3.295527
-0.670303
-3.101948
-3.886903
-1.066548
-0.738123
-3.842390
-0.768950
-1.342561
-0.416762
-0.197619
-3.769899
-2.595531
-1.046674
-2.798583
-1.246891
-2.069765
-1.661167
-1.531090
-0.658788
-3.398022
-5.734163
-0.862398
-3.680295
-4.327109
-3.405054
-1.610817
-1.302629
-0.420833
-1.737434
-3.369633
-0.598667
-3.528076
-4.079146
-4.389182
-0.033333
-2.535842
-0.729177
-3.818169
-2.556873
-3.503077
-3.229152
-1.450610
-0.066667
-2.142876
-0.027273
-2.720214
-0.171212
-0.033333
-2.561185
-0.240000
-2.709826
-1.940737
-1.810170
-0.832359
-0.000000
-3.402746
-3.203767
-3.016631
-1.953899
-1.962555
-3.486839
-4.630068
-0.446167
-0.937191
-1.599951
-1.476759
-1.690297
-0.843069
-4.429375
-0.982702
-2.456039
-0.080000
-0.100000
-2.218221
-1.803031
-1.529924
-0.670758
-5.027910
-0.667662
-1.510110
-5.541023
-0.526042
-0.000000
-0.169444
-2.933687
-3.026169
-1.018424
-1.361841
-1.962051
-0.113636
-3.992006
-0.658582
-0.150000
-3.273310
-1.166372
-1.098846
-3.637150
-0.575606
-3.985414
-3.170974
-3.027502
-2.729799
-2.354782
-2.334068
-4.562837
-2.550222
-0.625833
-3.387629
-4.044716
-3.710399
-3.729784
-0.042857
-0.118182
-3.297745
-0.211111
-3.667024
-4.345321
-0.907291
-0.742662
-2.334174
-1.846844
-0.210833
-3.105331
-5.742288
-1.489189
-2.602870
-1.562393
-2.628600
-1.029730
-1.105611
-0.368182
-2.242575
-2.513432
-2.401504
-0.939917
-1.987066
-4.576533
-6.162677
-3.481216
-2.771968
-4.674871
-1.328962
-0.535909
-0.747407
-0.972452
-3.347490
-4.042603
-1.601018
-1.721482
-1.834302
-4.836488
-1.371847
-2.112421
-0.779921
-1.498340
-0.990635
-0.110000
-1.925607
-2.798879
-1.281408
-1.094651
-1.322988
-0.746475
-3.645754
-1.694053
-2.733680
-0.373485
-0.190000
-3.427955
-3.688299
-2.252696
-2.886822
-4.446951
-1.787681
-1.555044
-3.559240
-3.153196
-0.177273
-5.268588
-3.492162
-4.167013
-1.457591
-1.111974
-1.757223
-5.403954
-0.050000
-3.718403
-3.512618
-3.844135
-2.266621
-2.494378
-2.283502
-5.719832
-0.915170
-0.062500
-0.022222
-0.000000
-2.326694
-3.415369
-0.075000
-0.014286
-1.828891
-0.846357
-0.000000
-3.927210
-2.952724
-2.179017
-5.267437
-0.572273
-3.327003
-3.530268
-2.973344
-2.400366
-2.251762
-0.000000
-0.882963
-0.175000
-3.452137
-0.812524
-3.355281
-0.451515
-1.296241
-1.242980
-0.383333
-1.180801
-1.248761
-4.717543
-3.893678
-0.930214
-3.684436
-2.728298
-2.504664
-3.056746
-1.658012
-2.843748
-2.260790
-1.690842
-4.584919
-0.607407
-3.946224
-2.482248
-3.403285
-3.718574
-2.663022
-0.499815
-0.926136
-3.637306
-2.365152
-0.100000
-1.162875
-2.069880
-1.833731
-2.351356
-2.628281
-3.059067
-2.393782
-0.617500
-2.701980
-2.364708
-1.326992
-1.290252
-1.830664
-0.595833
-0.000000
-3.410463
-2.373620
-1.227709
-0.072222
-3.069145
-1.893261
-4.277131
-2.289282
-0.549000
-3.604998
-4.079198
-0.257576
-2.218282
-1.646691
-1.866041
-4.314921
-0.000000
-0.150000
-1.809719
-1.513222
-1.048676
-0.000000
-3.409821
-1.450486
-3.937984
-1.442169
-2.459709
-1.412721
-1.051261
-2.909529
-1.998741
-2.395866
-2.184652
-3.972767
-0.658788
-3.764900
-2.829458
-1.235322
-2.879936
-4.032268
-0.195455
-0.298810
-0.077273
-1.939969
-3.835663
-0.133333
-0.951613
-4.727885
-1.270840
-2.592157
-3.552403
-1.142628
-3.169502
-3.119873
-2.310478
-0.028571
-0.803268
-2.859218
-1.843540
-3.085777
-3.916904
-1.659347
-0.100000
-2.930852
-0.709375
-0.194444
-0.627576
-2.243480
-3.024004
-0.974548
-1.002626
-2.569891
-0.159091
-2.453906
-0.291667
-0.844202
-0.783763
-1.432423
-3.650819
-2.164922
-2.397442
-2.228702
-2.033542
-1.279836
-0.562056
-3.498705
-0.958883
-3.049826
-1.441334
-2.392242
-1.732387
-3.375887
-1.816031
-4.390904
-3.332319
-2.226037
-2.256230
-1.165833
-2.547249
-0.221212
-2.276166
-1.204585
-2.744442
-0.095000
-0.837132
-3.175945
-4.378461
-1.528967
-1.187974
-1.587071
-0.845415
-1.567079
-1.364754
-0.000000
-1.147831
-1.964742
-2.764544
-1.709572
-0.975390
-3.091661
-3.104383
-1.628059
-0.367593
-3.657975
-3.929360
-1.230849
-3.088822
-2.570178
-1.751337
-3.246180
-0.670617
-0.921833
-1.772668
-0.967882
-3.306260
-4.325360
-0.208333
-1.545933
-0.605606
-0.371296
-0.770612
-1.580200
-3.340832
-0.526296
-0.993943
-0.624848
-1.492202
-5.701316
-2.611047
-2.867370
-4.577382
-2.007859
-0.395000
-2.662258
-0.494242
-1.428553
-0.820606
-2.997567
-0.075000
-2.366609
-0.050000
-0.996147
-3.449221
-0.552067
-1.373674
-1.897084
-0.120000
-3.416477
-2.759575
-0.977655
-4.342153
-6.572041
-1.584849
-2.385529
-1.840803
-1.271756
-1.443629
-1.690352
-1.684408
-1.615533
-1.796142
-3.284609
-1.759021
-1.601722
-2.059096
-4.199608
-2.779907
-1.317012
-4.256700
-4.151994
-0.891730
-0.243485
-1.101194
-0.057143
-2.283679
-0.839258
-1.147897
-1.660376
-1.672613
-1.418862
-0.800996
-1.737452
-1.095769
-2.672509
-2.549999
-3.158511
-1.113997
-0.338636
-2.783053
-1.997312
-4.832649
-1.652638
-3.425222
-1.295125
-0.141667
-3.909221
-2.461189
-2.848764
-2.940390
-1.707350
-2.232651
-5.557633
-5.935779
-4.756773
-1.846115
-3.299390
-1.152108
-3.099657
-0.750303
-1.348867
-0.697595
-3.117049
-2.635075
-5.203569
-0.684697
-5.007303
-0.628333
-0.231818
-0.271212
-1.090961
-1.589805
-3.707362
-0.846526
-6.027547
-5.117304
-2.156454
-0.408333
-0.659697
-0.958638
-2.239052
-0.183333
-2.270083
-0.515758
-2.054991
-0.150000
-0.858961
-1.548664
-2.090323
-1.459961
-1.483826
-2.515152
-0.360000
-3.528896
-1.120184
-2.819697
-1.813952
-2.638333
-1.740981
-1.108024
-1.239813
-1.701717
-2.039390
-0.000000
-0.846479
-1.753998
-1.131794
-1.043874
-1.446164
-1.297655
-3.846728
-0.254545
-1.478928
-1.660702
-2.618126
-3.097243
-7.534201
-0.479048
-1.592158
-1.032352
-3.041141
-1.304099
-0.071429
-1.426031
-2.434559
-5.291679
-0.897276
-1.279821
-2.598936
-2.702852
-2.294520
-5.596287
-1.580657
-5.295314
-4.110476
-1.622154
-4.618039
-3.722818
-1.651497
-0.413333
-2.751363
-0.260417
-2.495616
-0.950551
-5.948047
-4.260949
-0.689026
-2.821404
-1.061339
-0.275000
-1.392190
-1.678943
-1.488695
-0.938810
-0.830833
-4.266763
-0.335000
-0.764657
-1.669338
-2.757870
-4.562478
-1.174770
-2.695394
-2.135439
-0.932738
-2.249804
-1.629551
-1.224625
-0.631930
-3.151522
-1.335480
-0.702673
-1.814402
-2.050456
-0.211905
-0.105000
-4.089236
-3.736215
-2.026566
-3.898434
-1.470368
-0.016667
-0.100000
-2.059013
-1.624963
-0.971325
-0.000000
-2.034074
-2.684212
-1.503773
-2.297937
-0.822662
-1.791509
-0.054545
-0.830184
-3.469730
-0.100000
-3.386278
-2.875642
-0.181250
-2.178821
-1.911173
-4.513802
-2.742721
-2.037481
-2.174777
-1.984721
-1.759472
-2.818746
-1.168882
-1.339304
-0.250000
-1.509245
-2.718955
-2.570608
-4.706742
-0.582121
-0.220000
-0.522222
-0.844628
-1.558381
-2.769052
-0.375758
-2.630064
-5.753166
-3.309267
-1.617440
-2.703091
-0.165152
-1.431806
-1.229226
-3.292361
-0.353333
-1.606336
-5.433639
-1.688822
-1.982025
-2.163142
-1.716825
-2.298500
-1.028608
-4.452753
-0.941992
-3.833033
-1.014268
-3.130610
-1.239659
-1.468902
-4.479654
-4.357294
-1.127496
-0.990024
-0.107143
-3.925452
-3.607227
-0.967386
-2.592459
-3.936806
-0.708658
-1.471066
-4.532554
-3.230293
-1.304350
-3.696121
-1.342715
-3.376375
-2.833902
-0.708900
-0.714929
-1.019348
-5.379318
-5.351757
-1.374498
-1.963030
-1.770888
-2.385452
-0.442857
-4.006808
-2.332192
-3.487192
-2.357058
-0.016667
-3.037451
-1.719165
-0.726623
-5.081181
-1.306124
-1.007226
-0.925891
-0.390333
-4.491816
-2.604359
-1.108377
-0.325000
-4.935191
-2.417667
-1.686461
-3.272034
-2.773888
-4.549009
-3.600031
-2.004723
-2.300721
-2.133476
-4.339272
-0.916730
-3.041729
-4.401972
-1.190909
-1.539490
-4.250585
-3.760330
-1.495530
-2.350366
-2.398530
-1.202961
-0.150000
-0.457595
-3.600524
-3.166892
-0.601061
-5.583208
-3.828095
-3.001193
-4.595097
-3.472404
-0.972409
-2.927767
-1.891932
-5.475157
-0.062500
-0.088889
-3.428983
-2.890496
-2.732437
-1.591549
-3.961790
-3.678367
-2.357653
-5.465816
-1.430753
-2.020863
-1.298788
-2.480818
-6.176004
-1.195653
-3.284412
-0.543658
-0.334848
-2.486841
-1.662184
-1.378099
-4.339735
-0.558333
-4.853085
-2.901636
-4.079194
-1.124079
-0.207143
-2.542367
-0.689242
-1.658004
-2.332180
-5.755133
-1.705621
-4.157939
-2.967075
-2.301256
-1.464661
-1.686082
-3.293917
-2.712453
-1.817083
-2.522399
-2.495192
-0.066667
-1.229109
-2.372236
-1.829797
-2.171056
-1.556404
-0.735909
-3.191223
-1.895291
-2.183740
-0.767850
-1.552987
-5.441301
-2.134181
-1.630825
-1.737749
-2.668649
-0.792968
-2.226985
-1.785072
-1.262354
-4.617297
-1.033488
-1.597049
-3.024857
-1.781216
-0.848117
-2.393075
-1.655758
-1.864059
-1.371702
-0.703052
-3.178898
-2.768670
-4.312755
-1.733443
-4.511526
-0.947193
-6.349944
-4.612880
-4.323507
-2.404730
-1.860762
-3.497121
-0.138889
-0.951481
-3.543881
-1.280746
-1.359528
-0.917962
-3.173983
-0.630606
-0.243750
-1.541308
-3.927771
-3.807293
-3.461427
-3.242969
-2.428988
-1.918542
-3.159682
-2.234590
-2.346788
-2.842469
-4.187691
-3.173279
-3.393516
-5.034666
-1.796254
-1.371641
-3.541821
-3.673431
-2.766069
-5.032322
-0.557333
-3.089564
-3.791185
-2.800805
-1.107836
-2.071048
-4.215720
-3.605831
-3.989889
-2.630441
-0.215000
-3.929930
-4.385048
-1.779595
-2.006440
-1.193972
-3.992820
-3.826405
-3.775794
-0.664167
-0.316667
-0.271212
-0.168750
-0.172917
-3.425450
-2.429345
-3.779864
-1.792391
-2.161539
-1.329890
-1.112714
-4.059472
-2.283346
-2.494300
-2.115651
-2.887398
-0.150000
-0.200000
-2.036971
-5.284505
-1.323312
-0.020000
-5.352370
-1.586348
-0.170370
-3.558302
-1.744838
-3.006889
-3.093227
-2.857872
-4.166701
-0.881026
-3.280650
-0.738874
-3.525513
-0.621526
-2.165329
-3.595209
-2.867875
-1.967215
-3.257642
-4.743449
-2.752758
-2.302425
-1.960726
-2.225478
-2.396756
-2.938330
-2.645720
-1.302680
-1.824966
-1.936266
-2.336048
-0.951548
-0.657587
-4.080168
-0.929610
-3.843367
-3.675170
-3.837434
-3.137891
-2.619988
-1.809819
-1.787104
-3.940560
-2.931398
-3.668581
-3.327100
-3.570781
-2.662258
-0.312037
-1.827103
-1.371874
-0.133333
-3.346053
-1.287243
-3.186118
-2.305223
-2.492845
-2.706482
-3.517787
-3.126035
-1.708573
-5.525702
-1.709849
-3.354140
-0.524242
-1.007707
-0.157143
-3.841215
-3.981616
-0.180303
-2.160334
-1.596641
-1.915602
-0.481667
-3.449151
-3.188149
-2.968244
-1.105477
-2.436951
-0.178571
-3.021210
-0.746512
-1.600263
-2.931848
-2.932016
-4.134335
-0.899440
-2.623421
-2.877814
-4.060974
-1.876376
-0.106250
-3.091024
-2.220259
-0.555167
-2.254985
-4.422886
-1.809834
-0.273333
-3.879165
-2.691546
-1.897586
-1.503613
-0.610314
-1.519907
-2.331970
-2.637308
-0.200000
-1.335249
-0.213889
-2.365179
-1.696978
-4.242361
-2.444395
-1.727260
-2.797880
-3.525699
-3.233726
-3.949315
-3.307512
-1.389927
-2.601170
-0.865198
-2.553260
-1.348345
-3.695016
-3.366893
-1.596510
-4.585287
-3.628762
-1.434610
-0.878752
-3.810429
-2.192411
-1.551027
-6.215676
-1.566060
-3.217354
-4.146703
-1.927248
-0.319792
-2.543312
-2.847801
-2.527820
-3.229548
-3.218465
-0.100000
-3.373127
-4.608546
-1.276797
-1.624847
-3.261412
-3.490944
-0.945967
-0.135000
-0.100000
-2.546836
-4.325359
-1.745638
-2.446833
-0.018182
-5.918345
-0.150000
-0.066667
-1.753199
-3.389687
-0.335833
-2.836211
-0.090000
-1.851552
-0.536364
-3.287719
-2.169224
-1.753798
-0.230952
-3.453836
-1.901702
-3.482555
-1.208523
-1.331566
-2.811895
-2.107096
-1.734839
-1.119935
