-3.791158
-3.508486
-2.405432
-3.308137
-3.848584
-4.067613
-0.582222
-0.075000
-3.200599
-0.125000
-1.750101
-0.041667
-1.010505
-0.116667
-0.920685
-3.097789
-0.118333
-3.916184
-3.302224
-3.383355
-2.774799
-3.740524
-2.568472
-3.515558
-2.634739
-1.530027
-1.157734
-0.520455
-4.657576
-3.949676
-1.311947
-0.110000
-2.650061
-0.033333
-0.030000
-0.025000
-2.547626
-3.315950
-1.704170
-0.010000
-4.161573
-3.383460
-4.386941
-4.600555
-1.942986
-1.933196
-2.793794
-1.519647
-2.250684
-0.036364
-2.040315
-4.524920
-0.476042
-0.033333
-1.914881
-0.033333
-0.177273
-1.709344
-0.027273
-2.797931
-3.314348
-1.275112
-0.098333
-2.656314
-1.542166
-0.000000
-3.324101
-3.771189
-2.529663
-4.015488
-4.306401
-0.038889
-3.468882
-1.815912
-1.855290
-1.165292
-5.408971
-0.025000
-2.921324
-4.068298
-1.372394
-3.974073
-2.312749
-3.030893
-4.622889
-2.469357
-0.984961
-4.538640
-0.066667
-1.836938
-3.788855
-4.481597
-1.951725
-3.772430
-2.810106
-0.000000
-4.092556
-2.360817
-1.622187
-1.219504
-3.069284
-1.637374
-1.230762
-2.787451
-2.504325
-1.857242
-0.070833
-2.843222
-0.553333
-3.023204
-0.100000
-2.955768
-3.007760
-3.477419
-2.201030
-2.359958
-2.142829
-2.683386
-2.175511
-1.163911
-3.216291
-0.035000
-2.146807
-3.202107
-3.168187
-1.315114
-0.136364
-2.747725
-3.713198
-0.924084
-4.111245
-0.020000
-3.040919
-3.044965
-4.158426
-3.497956
-2.010896
-3.344240
-3.451122
-0.120833
-1.500606
-0.509802
-2.963232
-4.922948
-1.026918
-0.694179
-0.044444
-2.931295
-3.713168
-3.339916
-2.898860
-2.138249
-2.557249
-2.076536
-2.836727
-4.245493
-1.799432
-4.662194
-3.193232
-0.000000
-3.536171
-3.568803
-2.053523
-2.323580
-1.776767
-2.231259
-3.038490
-0.140000
-3.210723
-0.100000
-3.434396
-3.517331
-2.442069
-2.101606
-5.898124
-0.112500
-3.115315
-3.139481
-2.340129
-3.285017
-1.026156
-2.598331
-3.408268
-1.805008
-0.332639
-2.175372
-2.800915
-3.644386
-0.060000
-1.180060
-0.178333
-3.454612
-2.287026
-0.175000
-2.184047
-2.763138
-1.429155
-0.036364
-1.552656
-0.361481
-1.434339
-3.078977
-2.589803
-2.274788
-2.664837
-1.436382
-2.589166
-2.356402
-1.921684
-2.261437
-0.387500
-2.343491
-0.035714
-2.419334
-4.287538
-5.252214
-0.000000
-3.157586
-3.579998
-3.381264
-1.437913
-1.611903
-2.898163
-3.506366
-1.940846
-4.100783
-1.990652
-0.066667
-1.637476
-0.125000
-1.670687
-2.679335
-0.022222
-3.683847
-3.809959
-1.585170
-1.446571
-2.419684
-3.528597
-0.958316
-2.097093
-2.753968
-0.197222
-1.306693
-0.401818
-3.488219
-3.989732
-1.046107
-3.892003
-3.147483
-4.881910
-1.753873
-2.425380
-3.834771
-1.298956
-0.910640
-1.433983
-2.015708
-0.081818
-0.045455
-5.681961
-5.127281
-6.352149
-0.000000
-3.928506
-2.986228
-2.112072
-1.572122
-2.863009
-3.100030
-4.197818
-2.311961
-1.351961
-0.239583
-4.715046
-1.999910
-1.291102
-3.714696
-3.129449
-2.481202
-2.369883
-4.233130
-1.823214
-1.569547
-2.996210
-1.513484
-4.211722
-3.302886
-3.569710
-1.804692
-3.934535
-0.009091
-3.219399
-4.068197
-2.560490
-1.174809
-3.178279
-4.532788
-2.296499
-0.389394
-2.989125
-0.100000
-0.333333
-2.840117
-2.209894
-5.051339
-0.000000
-3.817164
-3.330211
-3.398699
-2.626796
-0.958958
-1.504961
-2.912492
-1.446915
-3.460751
-1.108020
-1.304219
-1.675846
-2.573798
-0.000000
-1.706072
-2.531578
-2.610035
-3.303933
-2.474736
-1.489955
-2.657399
-1.140767
-2.176985
-3.421955
-3.200751
-4.628791
-0.179167
-1.787963
-2.783964
-2.542311
-3.680151
-1.945689
-3.620252
-3.147255
-4.076469
-0.000000
-1.405748
-2.795313
-3.541992
-3.257548
-1.612106
-1.050456
-4.197551
-0.072727
-2.641035
-2.456275
-4.980952
-0.110417
-1.607764
-2.315481
-2.536840
-3.597711
-2.921803
-0.798095
-1.859333
-2.705830
-2.743816
-0.511500
-3.983874
-3.382037
-0.078571
-1.518001
-2.214949
-3.939264
-2.899418
-1.758002
-3.024177
-3.689957
-1.520192
-4.217769
-0.430556
-1.989443
-2.472143
-3.727800
-2.416607
-1.083456
-1.330059
-2.936163
-1.778580
-3.319496
-0.210000
-1.685638
-3.929338
-1.642372
-3.832727
-3.960368
-3.350465
-0.910426
-1.487200
-2.583113
-2.911644
-3.100145
-2.326573
-1.791801
-2.750834
-1.079785
-1.782688
-1.692586
-4.581982
-0.066667
-1.788026
-2.380388
-2.756165
-2.919033
-1.961777
-3.535051
-2.521386
-2.623301
-2.976680
-0.327917
-1.331473
-2.599407
-2.676692
-4.145150
-1.238249
-2.165207
-2.104183
-2.558481
-0.600303
-1.496581
-2.519294
-2.088715
-0.554702
-1.595975
-1.744962
-4.224433
-0.885838
-1.820793
-2.250289
-2.383876
-3.259932
-2.406810
-3.742083
-4.568051
-0.685476
-2.042795
-3.860687
-0.255556
-4.516828
-0.665228
-2.598359
-2.511646
-0.694065
-4.052272
-2.002914
-2.967785
-0.550390
-1.636224
-2.589795
-3.042065
-3.136647
-3.083223
-1.717331
-3.688514
-4.932585
-0.477361
-1.121321
-1.357475
-2.623125
-3.203398
-1.568390
-2.339866
-0.912821
-2.285793
-1.463289
-3.114463
-0.464784
-3.128210
-1.487685
-1.227678
-0.106250
-1.798663
-2.671198
-4.431558
-3.025105
-1.669969
-2.152376
-4.460010
-0.575909
-2.439715
-0.058333
-1.553213
-2.378213
-2.923490
-2.698317
-1.125572
-2.602786
-3.196893
-2.792847
-4.264051
-1.183424
-1.360043
-2.635709
-3.456960
-3.076204
-2.358638
-0.250000
-2.654140
-3.756094
-6.032966
-4.198622
-4.103194
-0.178571
-1.431807
-2.618839
-3.279475
-1.194303
-3.667874
-1.324900
-1.901656
-2.777487
-3.200632
-5.163429
-0.526515
-1.983285
-4.436267
-0.031250
-1.698827
-2.253403
-3.169977
-3.737274
-4.264808
-1.733809
-3.832235
-2.194399
-4.739189
-0.539444
-2.195572
-0.310000
-2.474200
-3.321810
-0.482879
-3.545274
-0.644697
-4.078734
-0.891382
-4.762354
-0.040000
-3.937711
-2.694227
-3.731332
-0.009091
-1.703996
-2.417527
-3.099601
-2.274068
-4.691830
-4.116665
-1.369667
-3.511041
-0.520833
-2.839238
-3.404867
-4.051700
-1.195627
-4.090339
-1.081925
-0.600000
-2.855892
-2.510263
-3.192648
-2.236414
-0.223333
-1.605482
-1.259122
-2.255527
-3.118118
-0.886025
-3.668120
-1.263704
-4.011858
-0.100000
-1.542282
-2.728536
-3.345910
-2.055161
-2.605591
-2.919076
-1.010827
-1.151464
-2.305502
-2.299451
-1.816132
-3.768111
-1.152487
-2.026966
-1.413038
-1.307125
-3.860287
-3.427384
-3.900297
-0.325833
-1.880910
-1.488780
-1.661656
-3.091944
-3.003030
-4.622999
-2.915606
-1.338056
-2.068466
-1.768629
-0.035000
-2.291298
-1.890250
-1.682969
-3.311523
-1.187197
-2.066808
-2.013220
-2.630767
-3.372368
-0.770097
-3.207540
-1.462833
-4.029976
-3.187330
-1.665682
-2.904706
-2.130417
-2.372022
-4.378764
-0.218750
-1.666018
-3.981169
-3.410932
-2.499833
-3.654945
-2.435345
-3.655584
-3.262471
-2.133508
-4.206724
-0.720982
-1.817952
-2.387826
-1.193105
-2.113587
-2.326555
-3.267988
-2.251002
-1.517091
-1.222411
-2.283932
-2.389283
-4.386022
-2.517506
-0.156250
-1.600059
-2.404343
-3.238544
-2.280998
-3.137253
-4.697096
-0.512879
-2.890164
-1.824126
-1.271138
-0.244444
-3.302202
-1.272177
-2.250946
-2.533724
-2.076585
-3.176340
-4.617146
-0.054167
-1.732291
-0.050000
-2.049515
-2.191720
-3.869327
-0.493611
-2.929813
-0.012500
-1.996331
-2.144724
-3.658844
-1.631142
-2.710807
-0.936620
-4.255201
-2.379888
-1.824857
-0.693333
-1.773203
-2.033652
-2.786226
-3.556130
-3.813102
-0.828492
-2.965814
-1.318185
-1.670360
-2.765047
-1.354381
-2.209369
-1.032385
-1.528537
-2.970219
-0.379167
-3.379496
-3.108783
-2.391185
-1.529827
-0.643254
-1.965433
-1.574968
-2.732501
-0.709603
-0.083333
-1.412775
-0.041667
-2.221035
-2.072015
-1.698777
-0.917275
-1.384832
-1.298905
-0.740020
-0.000000
-1.802823
-2.155180
-2.838590
-2.629287
-3.452543
-2.136951
-3.092735
-1.781537
-2.570913
-0.918914
-2.997560
-0.588056
-2.497984
-4.003052
-0.506061
-2.052890
-1.488246
-2.022219
-2.879542
-1.496251
-6.484484
-1.291771
-4.417664
-4.439106
-5.438619
-1.320476
-3.868968
-0.333333
-1.472507
-1.911888
-1.859321
-1.942175
-0.175000
-1.188624
-0.650913
-0.000000
-1.522450
-2.836138
-3.359829
-2.458769
-2.566425
-1.294554
-1.901185
-4.393032
-4.696090
-4.412648
-0.182292
-1.753947
-2.082437
-2.654501
-2.580431
-3.329842
-2.032507
-2.763012
-3.289441
-0.138889
-1.781586
-3.521537
-2.180123
-2.297517
-3.324797
-0.936911
-1.742246
-1.412428
-0.443470
-2.097718
-0.601667
-2.873944
-1.215437
-2.411859
-1.269151
-2.256886
-4.012265
-0.695731
-3.527506
-0.037500
-1.743245
-2.247477
-3.151557
-1.048449
-1.866854
-2.253447
-1.103578
-4.087651
-1.899826
-2.344423
-5.108253
-4.411915
-6.633937
-1.416027
-7.082158
-4.825365
-6.865570
-5.148729
-0.982511
-3.570410
-1.674456
-4.929821
-3.287046
-2.309052
-1.309145
-4.235463
-2.459062
-3.754810
-0.216667
-1.730509
-2.495934
-4.005732
-1.393937
-1.161508
-2.292235
-1.933134
-1.228310
-2.934851
-0.726296
-1.540676
-1.490831
-2.408095
-1.100391
-3.356875
-1.952499
-0.870719
-2.483217
-2.862699
-1.877639
-2.320004
-1.482174
-2.983289
-0.150000
-0.000000
-2.598562
-2.143643
-2.074575
-1.254917
-2.850382
-3.318210
-2.600708
-1.875869
-1.067690
-1.339694
-1.216998
-2.685920
-2.124812
-1.536832
-2.983556
-0.884951
-1.550134
-2.142326
-3.039692
-2.378348
-3.517113
-1.953767
-2.915805
-4.525645
-0.000000
-1.773150
-2.226502
-3.425072
-0.773182
-3.516452
-1.796295
-1.068857
-2.222548
-3.730385
-0.948452
-3.157784
-1.561645
-1.628259
-4.229271
-1.655959
-0.037500
-1.764989
-3.959440
-3.069460
-2.389538
-2.246755
-1.179506
-2.142935
-1.493442
-1.277326
-0.356944
-1.969340
-1.738146
-2.652239
-1.149383
-0.300000
-2.583367
-3.244187
-1.278805
-1.982799
-3.439238
-3.095921
-2.711240
-1.497222
-2.477127
-6.238412
-2.576812
-0.000000
-4.659362
-1.336249
-3.413394
-4.374429
-2.460971
-1.781147
-3.991004
-3.596675
-2.857710
-0.009091
-3.029395
-3.652916
-3.432775
-3.888159
-4.471522
-3.955280
-0.917222
-0.030000
-3.814253
-1.523016
-1.821548
-0.045000
-2.928449
-2.654825
-2.663118
-0.000000
-3.353708
-3.462088
-3.219043
-1.358059
-1.872837
-2.001017
-2.004124
-0.317361
-2.919828
-2.091015
-3.402439
-1.370815
-5.994181
-0.000000
-4.112324
-3.278308
-1.736141
-1.059694
-1.033084
-3.378844
-4.461580
-0.095000
-1.417582
-0.784167
-2.012848
-0.025000
-3.052338
-3.930488
-3.907321
-3.255266
-2.660439
-0.036364
-3.979905
-0.075000
-3.537250
-1.226482
-1.798455
-3.692508
-0.095455
-1.553996
-1.030295
-0.100000
-1.637548
-0.144444
-2.801447
-0.100000
-2.725988
-1.905221
-0.000000
-2.697760
-0.011111
-2.240164
-2.104811
-0.000000
-1.176009
-1.746620
-0.100000
-1.716512
-3.029270
-3.262864
-1.031286
-1.766746
-2.886155
-3.923107
-2.089214
-2.378172
-2.723980
-3.391448
-0.070833
-3.296191
-1.673740
-0.860992
-1.485838
-3.469539
-1.992878
-1.926155
-3.417297
-1.798534
-2.832839
-0.192593
-0.178333
-1.855859
-0.060000
-3.610955
-2.861429
-0.033333
-3.704901
-3.315722
-1.865725
-2.338121
-1.293098
-2.608760
-0.122727
-1.203836
-3.206418
-2.947704
-0.055556
-3.139167
-1.683053
-2.138034
-2.855162
-2.831766
-0.450427
-1.355650
-1.617846
-1.881289
-1.285521
-3.136060
-2.322444
-0.150000
-2.156329
-0.028571
-1.963032
-3.092747
-3.180884
-1.476890
-0.036364
-1.878649
-0.020833
-2.071164
-0.030000
-2.072075
-2.896130
-0.000000
-0.000000
-2.673625
-1.399381
-0.010000
-2.313829
-0.000000
-0.979329
-1.938690
-2.731944
-1.889431
-1.381787
-2.474773
-1.817553
-0.000000
-1.713072
-1.070905
-3.761373
-2.046071
-2.177890
-2.578404
-1.627599
-1.391955
-0.129167
-1.564042
-1.573905
-0.100000
-2.085555
-0.054167
-2.837485
-0.550000
-0.112500
-0.331667
-1.399892
-1.150155
-0.000000
-2.250325
-2.965267
-0.932500
-1.772138
-2.620243
-1.936823
-4.452337
-1.526405
-0.210417
-2.640783
-4.326965
-6.830855
-4.758836
-0.000000
-2.857157
-4.220338
-4.104722
-1.798162
-4.555542
-4.352414
-2.948965
-4.328535
-0.216667
-4.157039
-3.756856
-2.811977
-3.210801
-3.180648
-2.552266
-2.781050
-2.314002
-2.796788
-3.602526
-2.957486
-3.543079
-2.164147
-0.041667
-4.044240
-0.090000
-4.888151
-0.000000
-2.157571
-2.620488
-3.825296
-1.642168
-2.865416
-3.005887
-2.478328
-2.159299
-3.071016
-2.676990
-3.552916
-0.204545
-1.573217
-0.517788
-4.206588
-2.983320
-3.366468
-3.328594
-5.876346
-0.000000
-4.262482
-4.011867
-3.007969
-3.344846
-2.003243
-2.531520
-2.770634
-3.678847
-3.878849
-4.182475
-3.403703
-3.425358
-4.107790
-4.712103
-1.383974
-2.129952
-1.021758
-0.091667
-1.112123
-2.072963
-1.513414
-0.195000
-2.595688
-6.465471
-0.120000
-3.532089
-2.987479
-2.319705
-1.693956
-2.616157
-2.354400
-0.651515
-2.737057
-3.183204
-3.000540
-1.290785
-1.950286
-3.690671
-0.030000
-1.837615
-0.179167
-5.266823
-0.041667
-2.975740
-1.799431
-3.645706
-2.435057
-3.286387
-0.040000
-3.034852
-3.728241
-3.477485
-1.968355
-1.970573
-2.730377
-4.333336
-3.363508
-1.791619
-0.397222
-2.085112
-0.150000
-1.541704
-4.343661
-0.020000
-2.581821
-3.034329
-1.179401
-2.131590
-2.063450
-2.681191
-0.280000
-2.825308
-2.077405
-1.663642
-2.163492
-2.238080
-1.925144
-2.312827
-2.433185
-0.050000
-3.374040
-0.000000
-3.146143
-3.800023
-2.902607
-1.615760
-1.711623
-1.651415
-3.055867
-2.529250
-3.885156
-1.341549
-2.188138
-2.553553
-0.025000
-3.761550
-3.003640
-1.989710
-2.537127
-2.056131
-1.602561
-1.196819
-2.522682
-4.945416
-0.000000
-3.435190
-2.678646
-0.304762
-3.276694
-0.365278
-2.758686
-4.366482
-0.337500
-2.154652
-2.899812
-0.190278
-2.811748
-3.180073
-0.817333
-4.763280
-0.027273
-2.446763
-4.839366
-3.117942
-2.629986
-1.902686
-2.970981
-5.346687
-0.102778
-1.071002
-4.063089
-3.665213
-0.000000
-2.157113
-4.006781
-2.882833
-3.902767
-2.363328
-4.886739
-3.383048
-2.407529
-0.000000
-3.363581
-3.533757
-3.177964
-3.140494
-3.258225
-2.143399
-1.492553
-2.858204
-3.895715
-2.542349
-3.208728
-3.335570
-2.406438
-1.188194
-0.137879
-3.642767
-3.859184
-0.016667
-3.345335
-3.691612
-4.711542
-2.283877
-4.190492
-3.269583
-4.287574
-3.416471
-2.894378
-2.623047
-4.180998
-3.261000
-0.094444
-2.406022
-0.042857
-0.925000
-3.902584
-3.214941
-3.813385
-3.832344
-4.230480
-1.444597
-2.823087
-4.043838
-2.737007
-3.257539
-2.692418
-2.696402
-1.848510
-2.536926
-2.523818
-6.707839
-3.616618
-0.027273
-1.613377
-1.625555
-1.661488
-3.066409
-0.514583
-2.903261
-1.912780
-3.209776
-0.000000
-1.788211
-2.556242
-1.348454
-2.072450
-1.358305
-2.663796
-0.016667
-2.964225
-2.994161
-0.452222
-3.264534
-0.483333
-3.077485
-1.165618
-0.144444
-1.652620
-3.812995
-1.605989
-1.047939
-2.973428
-4.790051
-0.077778
-1.964337
-3.285257
-1.835712
-3.568797
-2.406066
-0.225000
-1.276799
-0.100000
-4.216659
-0.241667
-3.143275
-0.033333
-1.417969
-3.109611
-1.011151
-0.022222
-1.501726
-0.057143
-2.282953
-0.050000
-1.433333
-0.080000
-1.955991
-1.881600
-1.725994
-1.510404
-1.375909
-1.007242
-0.657884
-0.000000
-1.791333
-1.452060
-3.783515
-3.667236
-2.436873
-1.352007
-3.863886
-0.241667
-3.217115
-2.829737
-0.116667
-3.222102
-2.852770
-1.723957
-0.000000
-1.432089
-2.783483
-3.949141
-2.468525
-3.705905
-0.589722
-3.252971
-1.474853
-0.320455
-2.448516
-2.799881
-5.388153
-0.022222
-1.609755
-3.651413
-2.213131
-3.605093
-1.985141
-3.029199
-1.832112
-4.325931
-1.778948
-1.619669
-3.305151
-4.020712
-3.149939
-2.177175
-5.415581
-0.234394
-3.803657
-3.566408
-1.852607
-4.137155
-3.132295
-3.984184
-2.058407
-2.950209
-2.129173
-0.261111
-3.269160
-0.181818
-4.229548
-3.496918
-1.392885
-2.670860
-0.144444
-1.733774
-2.741919
-0.000000
-1.454655
-3.847762
-2.692376
-3.875341
-1.992973
-3.299327
-2.915687
-0.191667
-4.831273
-0.372222
-1.473004
-0.606450
-3.882558
-3.593419
-1.049066
-3.545874
-1.417824
-3.312295
-2.046762
-3.377177
-2.487654
-3.105631
-1.433728
-3.668301
-3.217606
-6.113576
-0.011111
-1.591098
-1.641362
-1.602295
-3.587267
-2.264469
-3.732351
-2.228434
-0.000000
-1.036465
-0.356061
-3.333147
-4.084738
-0.020000
-3.817188
-3.755212
-3.013063
-2.277638
-3.897529
-2.886723
-2.116875
-2.809221
-0.300000
-0.608333
-3.027186
-2.644768
-0.822242
-0.695000
-3.142353
-4.331390
-0.718469
-1.507012
-2.623440
-1.942755
-1.878900
-1.671121
-1.401286
-1.631218
-2.101981
-0.239394
-1.764262
-0.441667
-1.607303
-1.106306
-1.821944
-1.709162
-0.000000
-1.611080
-1.227108
-0.000000
-3.742348
-4.045278
-3.455439
-3.274754
-1.788621
-2.923859
-1.967146
-3.683870
-1.783915
-3.699890
-2.388964
-0.494444
-1.379907
-1.217528
-3.164392
-1.675094
-2.224021
-3.913656
-3.679558
-1.256511
-4.280950
-2.414031
-3.925304
-2.459063
-2.636605
-4.153172
-2.065185
-3.063963
-4.807640
-1.928965
-0.835467
-4.369888
-3.740647
-2.738673
-3.174036
-2.444865
-3.126639
-3.665775
-3.193583
-2.193439
-3.196676
-4.164179
-3.667457
-2.665087
-6.174737
-0.033333
-4.246837
-2.288150
-2.333249
-3.262891
-1.933823
-2.794382
-3.811167
-2.202735
-2.340727
-4.355173
-2.468177
-3.787756
-0.795000
-3.081113
-3.089795
-3.119550
-1.281810
-1.689257
-3.505121
-2.863902
-2.511784
-3.637830
-0.617500
-3.990626
-4.219205
-3.533610
-3.511448
-2.292913
-2.473755
-2.136501
-5.836104
-0.300000
-3.529937
-2.289992
-2.374516
-2.429355
-2.169540
-1.136517
-2.293487
-4.408925
-4.593701
-3.319265
-3.198344
-2.024225
-0.686250
-1.899380
-2.875128
-1.648455
-5.014802
-1.444665
-4.609278
-2.452488
-2.923289
-1.916816
-3.787945
-3.124170
-3.447041
-4.674704
-0.140000
-1.542219
-2.607537
-0.295238
-1.850197
-2.399402
-2.121804
-2.228715
-2.126459
-1.758900
-2.305458
-1.503980
-1.761023
-1.108413
-0.000000
-0.000000
-4.282062
-3.929722
-2.964867
-3.163754
-1.481001
-2.257638
-2.428704
-3.688666
-1.915374
-1.868376
-1.594917
-2.416878
-3.761655
-4.210574
-3.953336
-0.606111
-1.977903
-3.021957
-3.070441
-2.048425
-1.425663
-4.648767
-0.285714
-2.782101
-0.283333
-1.614001
-1.565969
-1.613039
-1.416850
-1.387344
-1.806418
-1.478832
-1.301641
-1.119821
-0.577718
-0.000000
-4.448647
-3.586431
-4.103565
-3.912411
-1.755398
-5.335820
-1.822546
-1.976484
-3.179175
-0.817411
-1.536051
-2.843516
-0.480139
-1.635644
-3.990796
-1.755925
-1.573819
-3.532112
-1.985345
-4.809868
-0.187500
-1.335950
-1.478958
-1.624105
-1.003333
-2.576491
-1.954691
-1.314490
-2.145234
-1.689644
-1.721327
-1.487018
-1.502858
-1.038776
-0.729246
-0.000000
-4.379073
-3.834150
-2.793759
-4.271979
-2.222808
-2.000149
-1.431508
-1.450633
-3.751760
-3.689499
-0.344697
-1.839156
-4.409053
-4.264847
-2.237624
-3.927582
-1.669708
-3.545471
-3.857569
-1.095000
-0.527833
-2.472042
-2.357166
-3.601953
-4.680499
-0.662143
-1.692071
-1.814661
-1.607158
-2.540812
-4.346547
-0.033333
-4.034856
-3.088486
-2.071742
-2.894406
-2.191012
-1.500946
-1.445427
-4.300978
-1.663181
-2.086764
-1.529857
-3.131063
-2.567260
-2.915277
-0.520758
-2.421201
-4.140823
-5.482883
-3.076674
-2.748690
-2.877356
-2.548534
-1.537045
-2.467189
-1.676212
-4.715579
-1.445160
-1.584067
-2.308058
-0.689333
-1.569428
-2.438823
-2.408839
-2.861215
-2.467392
-1.714167
-1.470777
-2.091007
-0.857907
-2.087527
-1.778557
-0.733333
-1.883671
-1.583010
-1.990432
-1.934450
-1.702322
-1.742504
-0.000000
-3.230307
-3.129094
-1.231497
-2.829328
-3.282957
-1.234858
-4.501362
-3.957455
-2.780174
-5.536029
-0.122727
-2.224319
-2.902637
-2.748755
-2.665177
-1.558395
-3.175173
-3.252748
-3.090809
-0.041667
-1.913092
-4.306626
-0.100000
-3.328631
-2.976174
-3.140958
-3.379580
-3.905784
-2.661347
-1.404831
-0.040000
-1.559348
-0.060000
-1.782049
-0.283333
-2.906065
-2.943976
-3.533167
-1.870872
-0.250000
-6.199817
-0.163636
-2.913034
-4.182892
-4.423615
-2.594163
-3.987903
-3.057034
-3.549953
-3.017065
-0.380565
-1.845706
-3.746932
-0.261667
-3.541113
-2.169799
-3.066721
-4.114480
-3.359779
-4.431811
-3.460551
-0.402273
-2.808094
-0.050000
-3.487167
-0.200000
-2.935014
-0.025000
-1.004630
-6.481299
-0.000000
-3.599840
-3.159278
-2.658534
-2.156568
-2.107401
-3.300758
-1.127904
-0.065000
-2.080926
-1.539372
-0.027273
-1.478735
-0.250000
-0.994189
-0.159091
-1.759391
-0.050000
-1.378274
-2.334902
-2.884886
-1.570049
-2.760577
-2.636152
-2.034854
-2.306755
-2.675990
-2.185078
-2.084185
-1.875399
-1.033859
-1.857977
-1.449986
-1.499213
-1.151029
-0.876409
-0.000000
-3.128729
-2.786669
-1.183886
-3.791941
-2.482677
-0.802886
-2.996942
-3.629528
-0.050000
-0.492361
-0.066667
-2.533151
-3.046702
-2.295883
-4.353202
-0.022222
-1.669516
-2.857932
-2.633411
-3.136300
-1.276238
-2.390180
-3.272585
-2.429910
-0.349167
-2.202425
-4.019537
-0.045455
-3.413710
-2.286143
-3.249779
-2.639279
-3.778320
-3.416942
-2.436732
-0.705704
-3.516126
-3.568294
-0.042857
-0.166667
-2.167390
-0.033333
-1.801983
-3.547373
-0.332639
-4.376199
-4.627337
-3.202992
-1.562388
-2.005386
-2.289322
-0.822136
-0.505952
-4.581184
-4.329715
-2.544876
-2.466065
-2.377226
-2.047902
-2.459086
-0.243939
-2.162498
-5.384134
-6.178024
-0.000000
-1.611452
-4.388806
-3.042683
-2.453639
-2.167888
-3.024976
-1.878877
-2.519378
-3.330335
-1.166535
-2.532009
-3.563128
-0.055556
-1.953384
-3.138390
-2.277494
-1.961380
-2.163957
-2.175275
-2.271413
-0.475000
-3.821075
-0.273611
-2.375182
-4.937174
-0.183333
-2.410652
-3.190525
-2.882402
-2.431148
-0.190000
-2.759501
-0.133333
-3.241670
-0.330556
-0.100000
-2.577873
-3.450939
-4.234726
-0.214286
-1.502967
-2.882496
-5.409269
-0.130556
-1.654927
-2.313496
-3.837385
-1.840757
-2.644074
-2.611262
-0.606250
-1.760076
-0.617500
-0.915516
-1.792822
-6.564062
-0.075000
-1.792710
-3.209198
-3.546476
-2.440608
-2.076687
-1.517092
-2.514933
-2.147951
-2.394806
-1.537821
-2.682427
-2.610865
-0.557407
-2.304393
-0.210417
-2.594483
-1.657984
-5.927083
-0.292778
-4.022343
-4.323332
-1.641381
-4.590388
-1.274254
-2.043464
-5.529203
-0.432833
-2.041929
-2.443422
-1.669994
-2.989289
-1.629759
-2.585481
-0.000000
-3.829071
-4.182597
-1.884783
-1.114097
-1.408879
-2.141965
-1.264675
-0.239394
-2.914655
-2.614307
-3.030446
-5.413414
-7.076576
-0.181250
-0.285714
-1.343404
-2.961258
-0.162500
-3.101802
-0.209722
-1.852989
-2.347050
-2.763216
-3.312300
-1.213110
-5.548599
-0.040000
-4.108161
-4.061128
-2.387706
-3.316226
-4.915854
-3.290865
-3.785848
-2.214023
-0.033333
-1.882447
-0.384028
-2.063311
-2.543418
-3.660314
-3.164218
-0.997335
-4.372063
-3.102896
-0.262121
-3.258171
-3.959191
-4.789743
-3.445359
-3.693077
-1.848484
-1.804609
-2.041653
-1.148431
-0.055556
-3.954049
-0.020000
-2.186964
-0.222222
-2.207515
-7.111877
-0.022222
-2.196526
-0.591111
-1.955231
-0.200000
-2.509176
-0.100000
-1.815368
-2.261513
-1.908256
-2.323759
-1.972261
-2.134728
-2.128644
-1.872293
-1.697444
-1.473885
-0.887074
-0.832991
-0.000000
-3.620370
-1.988067
-3.262155
-3.653652
-2.329024
-4.344857
-2.176275
-0.160000
-2.508100
-3.893011
-4.044226
-1.991157
-1.742711
-1.380750
-2.974731
-3.244391
-3.742756
-0.456806
-1.961517
-5.842016
-0.075000
-4.446879
-2.407475
-3.285310
-3.054853
-2.395927
-3.110169
-2.654727
-2.571834
-5.415567
-4.053932
-0.078571
-1.719711
-3.030492
-2.713954
-2.765438
-2.317732
-0.176042
-2.655282
-4.086605
-3.295139
-3.384065
-2.740521
-3.560518
-4.223444
-4.076573
-2.625203
-2.873867
-0.487037
-3.585156
-0.506818
-0.351190
-5.529458
-2.179201
-3.715433
-0.014286
-3.426212
-3.568614
-2.664016
-3.311279
-4.048173
-3.604465
-4.551980
-3.373212
-0.472917
-1.516413
-0.402576
-2.114148
-0.507222
-2.606928
-0.030000
-0.550000
-1.684546
-1.981825
-0.385417
-5.007917
-0.060000
-3.581797
-4.549386
-3.175060
-4.729036
-4.130398
-3.139571
-3.776333
-0.384722
-3.580155
-2.134483
-3.391536
-0.429861
-3.375330
-4.358964
-0.062500
-4.926422
-0.025000
-2.446887
-3.689445
-4.193448
-3.822512
-4.847873
-0.080000
-1.583064
-2.968530
-2.562637
-3.805261
-0.213636
-3.392191
-4.598319
-3.334458
-4.688630
-2.738772
-1.711915
-3.792665
-3.716005
-3.415076
-3.230209
-2.820109
-3.910435
-4.193867
-0.054545
-3.658777
-1.113777
-0.156667
-1.844041
-0.100000
-5.166887
-0.014286
-2.088973
-0.041667
-4.043717
-3.874296
-3.180737
-2.517357
-2.944149
-3.239330
-2.161646
-0.000000
-3.080664
-2.598046
-3.519980
-1.665662
-3.852297
-1.748996
-3.896848
-3.355971
-2.581147
-3.604984
-3.853447
-2.036695
-3.621457
-2.659014
-2.386757
-0.028571
-3.835451
-3.334755
-3.475969
-2.430703
-2.896970
-2.171569
-0.055556
-1.740142
-2.842841
-0.530370
-3.862419
-1.574126
-1.577861
-0.036364
-2.664585
-0.522292
-2.012049
-3.114126
-3.409852
-2.494720
-2.337122
-2.788604
-3.159643
-0.025000
-3.045208
-4.169379
-3.637751
-3.463203
-3.004040
-1.698637
-3.116059
-1.781331
-0.127778
-3.146951
-0.185833
-0.250000
-3.131388
-2.849283
-0.000000
-4.080935
-3.241431
-2.648264
-2.448930
-2.321852
-3.589840
-1.933331
-0.275000
-1.292423
-1.769667
-0.018182
-3.946769
-3.148392
-3.695543
-3.348611
-3.995776
-1.305750
-3.599480
-2.108327
-0.287037
-0.407500
-0.253472
-2.017210
-2.904503
-0.030000
-3.561288
-2.832871
-2.849566
-2.663017
-2.369342
-2.289344
-3.401672
-0.037500
-2.493676
-2.294686
-2.379496
-1.553674
-3.202216
-3.051581
-2.207203
-0.291667
-2.167101
-0.225000
-3.460323
-3.598399
-0.110000
-3.156182
-0.011111
-2.522105
-3.684373
-3.828280
-2.179504
-1.656605
-3.558488
-3.697702
-0.153030
-1.914455
-4.862838
-0.171429
-2.122403
-0.000000
-2.431169
-4.725344
-3.422457
-2.720511
-2.873654
-3.068868
-2.983856
-3.430767
-2.705447
-2.484649
-2.383386
-2.953465
-0.008333
-4.105877
-3.353874
-3.480364
-2.241821
-2.538826
-3.311874
-2.313304
-3.630863
-2.397706
-2.568021
-4.162430
-3.223593
-2.441070
-2.847031
-3.276790
-0.097917
-3.519208
-4.979109
-3.473426
-3.189300
-3.944791
-4.255899
-2.007640
-2.762880
-0.027273
-1.721463
-0.113636
-0.157639
-0.797894
-0.054545
-1.087685
-0.045455
-2.561440
-1.286078
-6.485659
-0.031250
-2.550766
-1.388488
-3.707280
-1.742856
-3.180560
-2.860984
-2.779336
-0.693833
-2.621836
-0.047917
-1.808205
-3.027811
-2.492573
-3.337959
-2.301695
-1.280827
-3.365275
-0.066667
-2.306231
-3.590432
-0.010000
-2.484031
-3.349905
-0.511944
-2.093413
-0.066667
-2.629602
-0.180000
-2.929426
-2.875668
-3.108553
-2.316607
-1.413707
-2.295353
-0.066667
-2.007532
-4.103306
-3.566783
-3.204807
-1.848822
-2.735354
-3.798713
-3.402013
-0.204861
-3.722850
-0.000000
-1.536224
-1.768078
-0.050000
-1.818684
-4.387722
-1.972022
-0.940592
-0.037500
-1.705337
-1.415629
-0.030000
-2.381556
-1.519628
-1.573922
-0.100000
-3.473048
-0.030000
-0.100000
-1.676573
-0.009091
-1.223990
-3.285442
-2.311166
-2.716929
-3.612247
-1.644125
-0.050000
-2.213368
-3.370386
-1.502728
-3.856497
-5.572094
-0.042857
-1.675108
-3.165888
-1.678442
-1.546339
-2.631210
-0.732623
-1.207256
-1.546650
-0.008333
-0.931362
-0.008333
-1.767043
-2.236154
-0.233333
-1.262660
-0.016667
-6.049973
-0.100000
-4.449165
-6.675100
-0.113333
-1.875881
-2.035789
-0.030000
-1.595368
-3.214850
-2.302156
-1.703175
-2.419297
-2.470873
-2.601088
-6.186584
-0.025000
-3.462287
-1.567646
-2.934467
-0.674340
-1.798304
-2.293537
-1.480647
-1.037103
-0.308333
-1.719471
-1.628836
-0.170833
-2.232652
-0.027273
-2.461877
-2.311474
-2.871399
-0.095455
-2.543845
-2.511266
-0.050000
-2.166428
-1.064895
-0.018182
-3.998847
-0.000000
-1.011416
-0.000000
-1.632296
-3.387497
-2.397308
-3.198158
-3.543393
-2.965903
-0.689828
-1.853784
-0.100000
-3.277511
-1.959661
-3.780574
-0.825290
-1.443104
-2.373751
-3.447569
-0.045833
-2.213280
-2.794276
-2.588893
-2.627679
-1.362044
-1.816021
-0.062500
-1.378329
-2.509907
-2.593939
-1.553865
-0.123611
-1.615400
-0.098485
-2.132864
-0.045833
-2.136687
-1.917589
-0.000000
-1.678001
-2.814519
-4.207086
-1.285936
-1.129614
-3.259909
-3.141863
-0.461190
-1.023823
-1.843293
-0.009091
-4.310799
-2.386838
-3.165014
-2.338408
-0.259091
-2.646718
-2.317267
-2.894032
-3.085485
-0.215000
-1.774287
-3.299698
-0.058333
-2.473719
-2.202740
-5.272934
-0.030000
-1.080389
-4.086238
-0.772424
-2.880627
-1.449841
-3.174919
-2.266266
-1.848142
-0.041667
-2.925307
-2.672795
-0.108333
-0.989944
-0.108333
-1.621126
-0.173611
-2.011179
-0.177778
-2.619466
-0.050000
-0.268056
-1.770392
-1.871656
-1.924407
-1.302285
-0.033333
-1.576938
-1.186605
-1.544029
-1.503131
-3.086669
-0.140000
-3.678829
-3.365972
-0.122727
-2.803702
-0.112500
-2.987649
-1.870479
-1.777629
-2.182846
-2.211353
-2.049235
-0.000000
-1.028922
-3.229016
-2.405512
-3.495516
-3.454570
-3.098078
-0.468056
-0.095833
-2.876017
-0.334722
-2.293618
-1.569253
-1.374589
-0.145000
-1.478503
-5.108916
-0.018182
-3.542023
-0.796041
-1.225240
-2.514202
-1.611864
-1.349814
-0.226667
-3.009531
-3.387298
-3.466769
-0.434091
-0.000000
-1.270428
-2.409307
-2.399397
-2.603626
-4.462829
-5.255528
-0.050000
-2.304499
-3.061056
-1.906920
-1.569945
-2.120958
-2.679528
-3.120686
-2.426193
-2.198677
-2.690880
-0.119444
-2.471050
-3.253817
-0.077778
-3.387081
-0.020000
-2.098986
-0.027273
-3.024006
-0.898978
-0.000000
-2.019903
-0.105000
-1.746666
-0.080000
-2.297951
-0.062500
-2.250982
-2.584327
-0.100000
-1.474680
-1.628136
-1.238165
-1.038158
-0.662500
-0.000000
-1.154634
-2.608144
-2.722904
-2.894866
-4.672852
-0.193939
-2.246147
-1.578395
-2.156900
-2.629767
-2.631233
-1.498560
-0.050000
-3.293501
-2.408449
-3.006064
-0.000000
-2.884985
-1.080546
-1.253717
-1.502610
-3.062001
-0.033333
-2.289996
-2.544819
-0.185000
-1.851348
-4.277347
-0.033333
-2.630065
-2.366463
-0.145833
-1.059520
-0.142424
-2.349547
-2.712749
-0.000000
-1.111530
-3.027954
-2.541557
-2.381386
-3.351457
-2.732782
-0.138889
-0.231944
-2.525924
-0.118182
-1.157699
-0.090000
-2.224457
-0.140476
-1.906065
-0.094444
-2.621955
-1.739368
-0.224242
-6.619650
-0.010000
-2.567360
-0.532778
-2.152517
-3.005958
-1.593499
-1.068036
-3.150408
-2.185542
-2.230446
-0.062500
-3.417990
-2.157535
-4.337903
-0.025000
-0.948222
-3.161810
-2.599065
-1.103297
-4.703738
-5.484407
-0.020000
-3.517512
-0.790844
-2.765052
-2.759123
-0.423333
-2.968272
-0.122727
-3.409622
-2.134487
-2.217196
-5.079178
-0.066667
-3.007616
-2.117637
-0.083333
-1.565991
-0.100000
-1.696072
-0.145455
-0.733333
-0.033333
-2.557452
-0.080000
-0.102778
-2.335622
-3.171787
-0.037500
-1.265083
-2.401502
-2.060847
-1.281555
-3.394094
-3.074082
-0.000000
-3.264386
-1.059599
-3.119600
-2.965984
-4.251625
-0.523194
-0.135000
-2.370137
-1.108142
-1.777744
-3.723479
-0.809237
-5.179532
-4.285722
-0.000000
-0.937056
-3.270877
-5.604318
-2.319744
-2.542696
-3.320777
-4.285448
-0.166667
-0.350000
-4.277845
-3.405496
-3.201360
-2.477105
-1.180425
-1.558668
-2.912068
-3.559779
-0.495000
-3.506893
-3.412970
-3.069819
-3.008675
-2.890643
-3.190327
-1.919131
-2.776069
-3.001307
-0.181667
-3.447730
-0.100000
-3.726474
-4.214165
-2.634651
-2.617479
-1.065071
-2.760157
-1.392359
-2.206341
-0.376806
-2.367903
-0.018182
-3.816006
-4.146469
-3.294663
-4.431359
-3.028991
-3.011562
-2.668219
-1.570758
-2.101343
-0.871667
-3.540058
-3.854429
-2.674428
-0.020000
-3.349373
-3.039093
-1.204088
-1.993727
-2.500790
-1.496943
-1.479741
-2.439371
-3.305816
-0.642708
-1.786948
-1.528952
-1.800132
-2.612070
-2.029805
-2.762556
-3.501725
-1.677576
-2.160145
-2.646325
-3.732238
-3.291866
-6.497925
-3.992338
-4.352904
-2.425407
-5.590481
-3.570328
-3.659239
-3.105810
-5.481669
-4.198178
-0.020000
-4.141080
-4.306380
-3.205549
-2.410817
-4.320720
-3.534150
-3.396675
-2.328019
-2.299214
-2.911272
-1.345216
-1.117598
-1.553884
-2.633609
-3.265724
-6.584095
-3.681410
-0.466042
-3.730840
-3.990245
-2.632331
-1.821850
-1.164083
-2.698353
-2.416367
-1.528179
-5.062641
-2.383460
-1.049090
-2.599188
-1.400500
-1.561512
-1.836584
-0.520833
-1.795127
-1.554086
-3.018923
-3.049932
-3.700244
-5.532036
-5.278924
-5.763136
-2.564689
-5.854224
-0.392708
-2.186787
-0.333333
-2.639371
-1.532563
-1.593619
-0.033333
-1.055565
-0.000000
-0.000000
-4.261676
-4.636466
-3.050779
-4.255500
-2.949446
-2.817921
-2.691621
-2.834823
-3.872474
-3.878575
-2.100264
-2.076010
-2.726822
-2.461658
-2.808147
-0.000000
-3.139521
-3.470432
-1.573310
-1.957034
-2.633243
-2.084184
-1.144776
-1.837516
-3.890223
-0.966796
-0.440625
-4.055109
-3.457878
-2.848290
-1.263782
-4.204806
-0.058333
-3.081940
-3.900873
-1.436170
-0.040000
-2.402490
-4.004070
-1.443618
-4.223790
-2.008618
-2.987364
-0.413542
-3.487230
-4.837445
-5.455445
-3.127133
-2.893373
-1.586101
-1.999447
-0.822240
-2.138959
-3.030563
-0.660536
-1.288886
-2.320779
-3.462874
-3.895859
-0.016667
-2.014729
-3.868101
-1.150077
-3.360711
-5.172221
-4.053404
-0.775079
-2.497892
-4.441910
-1.009349
-1.563013
-2.548995
-3.308745
-6.952150
-0.631118
-1.269857
-2.992316
-3.196079
-2.199709
-0.786667
-2.554918
-3.280721
-0.090909
-2.332473
-1.927298
-3.683204
-0.044444
-2.402917
-3.843701
-1.591562
-2.433223
-5.137753
-4.085705
-3.381382
-0.874881
-2.295551
-1.348199
-0.150000
-2.153036
-2.017005
-2.347758
-2.436646
-1.763876
-3.270532
-3.004444
-1.021147
-2.278593
-0.366667
-3.445773
-3.078334
-4.988322
-1.378529
-2.034308
-1.939164
-1.818368
-1.867674
-1.376441
-2.410202
-1.082616
-1.716004
-2.356928
-1.661307
-0.488095
-1.474628
-1.046962
-2.255775
-2.727911
-1.519216
-3.160576
-2.925534
-2.751742
-2.377921
-3.003026
-1.569486
-2.605231
-2.271789
-1.875937
-1.884483
-4.582438
-4.928984
-3.178601
-3.620168
-3.934416
-3.807727
-3.705287
-1.472710
-0.723950
-1.358800
-0.480149
-0.673204
-2.750611
-2.235289
-0.080000
-2.265486
-2.127788
-0.000000
-3.101022
-1.504420
-3.496277
-3.562376
-2.457778
-1.948820
-3.353338
-2.219717
-1.961729
-0.016667
-3.385980
-2.738113
-3.871735
-1.620815
-2.567990
-1.475336
-1.828894
-0.329630
-2.912359
-5.853678
-0.100000
-3.462942
-4.324041
-1.570242
-2.378642
-1.675584
-1.557463
-1.350935
-1.971346
-2.345164
-3.771354
-2.173346
-0.330833
-1.799986
-0.118750
-0.000000
-0.573939
-2.216427
-0.100000
-3.285275
-2.569706
-0.840426
-1.757271
-2.316739
-2.224765
-0.272619
-0.257143
-2.581603
-2.226827
-0.000000
-2.170958
-1.593211
-1.416226
-0.000000
-4.167242
-4.282769
-3.942565
-1.952848
-5.073652
-0.744524
-2.284696
-1.761757
-0.712155
-2.417785
-0.643274
-1.664646
-2.159639
-2.694994
-0.853661
-1.199604
-1.753743
-2.686014
-3.406545
-3.028961
-0.200000
-0.054167
-1.580688
-0.070000
-2.199895
-5.247442
-3.588669
-2.567972
-6.121264
-0.083333
-0.669464
-2.451130
-0.000000
-1.624124
-3.647023
-1.766693
-2.745682
-2.589412
-0.448148
-1.100804
-3.880513
-0.033333
-2.784595
-4.015962
-1.486477
-6.599617
-3.510234
-6.653050
-3.815356
-3.220407
-0.075000
-2.568611
-3.911700
-4.158991
-1.304752
-1.581709
-2.997366
-4.342828
-0.033333
-5.266842
-0.000000
-0.362121
-2.303204
-3.854687
-3.136178
-0.193750
-4.186889
-2.021784
-2.253932
-2.450316
-0.958072
-3.950440
-2.264798
-5.671353
-2.855257
-0.200000
-0.050000
-1.901202
-3.621018
-0.650833
-1.610928
-0.310833
-3.158901
-4.095094
-2.249908
-2.282923
-0.011111
-2.012500
-3.324412
-3.448610
-2.514156
-4.358557
-3.240054
-0.200000
-0.915272
-3.381413
-1.344203
-5.904380
-0.150000
-3.644345
-3.204870
-4.025778
-0.890069
-2.494440
-2.214108
-4.874017
-2.624346
-0.312963
-2.472986
-2.097194
-2.428164
-1.903588
-4.456496
-0.075000
-2.541383
-4.277163
-4.456021
-3.017837
-1.932925
-0.450000
-0.750931
-2.296584
-4.737186
-0.008333
-3.231687
-3.601090
-1.160764
-2.411099
-2.677472
-1.913106
-0.653950
-2.404854
-3.211230
-0.075000
-2.636103
-0.247917
-2.036821
-2.970558
-1.893430
-2.884285
-0.695000
-2.701436
-3.360300
-3.023280
-2.802699
-2.699959
-1.939671
-2.164404
-0.000000
-1.522034
-2.854778
-2.458588
-3.248546
-1.977857
-1.781192
-1.953528
-2.826101
-3.960374
-1.523574
-2.226360
-1.551353
-3.186834
-1.843482
-1.891332
-3.429987
-2.895619
-0.000000
-0.066667
-3.379676
-3.525470
-0.025000
-1.566226
-3.677686
-2.925556
-2.322995
-1.477596
-2.465662
-2.689630
-2.439330
-0.016667
-0.161111
-0.033333
-1.862219
-2.962233
-1.254072
-3.357305
-3.136684
-0.000000
-1.723064
-3.056145
-2.711472
-2.923800
-3.707768
-1.868670
-0.108333
-1.065939
-1.948387
-0.682593
-0.244444
-2.121821
-2.478461
-0.000000
-1.781765
-3.067960
-1.712706
-2.375158
-3.025125
-3.366023
-2.814127
-4.331694
-0.225758
-1.833222
-1.578333
-0.050000
-2.242872
-2.771688
-2.408505
-2.741686
-2.944513
-2.815527
-0.009091
-4.557207
-4.509050
-2.302693
-2.445410
-0.068333
-1.917183
-3.268789
-0.283333
-4.304433
-3.328910
-3.424207
-3.466541
-1.903204
-2.160591
-2.554221
-1.394068
-2.650831
-1.858010
-3.286216
-2.107883
-1.643526
-2.536768
-1.915843
-0.083333
-3.139367
-0.195833
-3.098901
-0.118182
-0.268333
-1.787939
-0.183333
-3.128642
-2.904105
-2.237967
-2.971874
-1.817720
-0.041667
-2.179694
-2.309616
-2.128106
-0.150000
-1.314350
-1.070142
-2.500494
-2.661290
-4.445114
-3.737466
-4.044637
-4.250493
-1.087599
-1.554504
-3.860762
-0.614444
-2.426092
-1.680877
-1.803609
-1.824475
-1.184673
-4.532036
-3.249282
-4.077577
-7.379160
-0.965833
-6.238614
-2.777426
-4.756714
-0.120833
-1.265546
-2.087784
-2.149711
-0.114286
-6.679446
-0.000000
-3.945452
-3.766626
-3.816864
-2.710550
-2.779433
-3.832593
-3.538112
-4.169593
-4.216156
-5.031178
-2.239236
-4.325999
-3.892182
-1.235982
-3.067899
-4.377521
-3.799842
-1.936721
-2.563386
-0.538472
-1.825736
-2.658894
-2.220685
-2.117091
-0.022222
-2.500633
-3.527342
-3.929201
-4.173348
-3.110641
-3.041676
-1.961128
-2.272994
-3.079071
-1.403168
-2.329558
-1.453727
-1.718448
-0.304167
-3.390619
-2.855835
-3.217477
-2.503449
-3.369459
-0.016667
-3.418909
-3.458307
-3.158381
-2.578175
-3.493649
-3.627733
-2.698242
-2.179963
-1.457766
-3.247756
-2.218691
-1.427663
-2.886112
-2.312310
-1.673356
-1.727788
-2.435713
-3.532527
-3.552134
-2.590610
-0.120833
-2.376989
-0.766389
-3.097017
-3.063856
-0.222917
-1.777170
-2.380538
-2.202263
-2.182727
-1.840032
-1.874287
-1.722646
-0.605833
-0.684788
-0.000000
-4.257381
-3.431987
-3.953571
-3.899436
-3.685406
-2.893673
-2.921635
-3.453604
-3.304784
-3.254978
-3.974252
-3.776849
-3.371027
-2.240751
-3.475283
-2.248143
-0.190278
-2.998883
-2.413852
-0.100000
-3.522973
-2.499569
-2.746701
-2.115573
-2.700730
-2.116557
-1.101779
-2.981554
-4.574663
-1.387720
-1.449514
-2.431868
-3.134483
-2.862822
-1.981047
-3.128163
-2.731143
-2.046857
-1.020158
-2.580267
-3.942347
-4.254564
-0.040000
-2.325179
-3.694576
-3.150071
-3.459027
-2.036101
-1.913931
-3.297233
-1.955470
-2.303354
-1.983507
-4.156573
-2.439465
-4.214139
-2.653748
-3.116501
-0.122222
-4.687204
-2.413560
-2.576982
-3.649067
-2.364078
-2.984664
-3.021933
-2.422543
-2.972300
-2.528826
-2.491508
-3.087332
-2.065604
-3.555367
-2.660373
-3.551892
-3.805743
-3.384633
-3.333604
-2.744585
-3.623640
-3.443576
-1.840719
-2.561912
-2.154056
-2.063466
-2.166139
-2.258802
-2.099214
-0.091667
-1.574975
-1.596358
-4.055370
-3.415722
-4.346942
-2.953754
-2.375251
-2.105772
-3.954276
-3.109341
-1.796700
-3.211864
-2.480443
-4.406225
-1.029005
-0.340455
-2.743219
-4.030329
-2.618522
-5.093182
-0.010000
-2.854067
-4.116005
-3.378786
-4.049100
-2.496847
-1.850600
-0.044444
-3.100034
-2.936579
-3.966225
-4.136153
-2.484041
-2.112863
-3.397745
-1.340153
-2.485658
-1.991688
-4.016699
-2.771619
-3.538785
-4.621507
-2.059744
-1.933653
-3.520537
-1.795099
-0.176190
-0.945844
-0.791688
-2.660493
-2.860156
-0.000000
-3.466626
-3.953406
-2.815150
-1.815559
-1.957803
-2.143141
-1.980303
-1.750820
-1.160344
-2.638045
-4.011645
-3.661663
-3.472891
-3.814086
-0.033333
-3.585267
-3.283111
-4.413658
-2.800741
-3.204331
-2.558013
-2.945814
-5.313676
-2.485085
-3.220540
-2.358793
-1.765499
-1.600433
-2.039943
-1.887421
-0.952860
-1.578527
-2.290962
-3.145653
-2.302099
-0.080000
-2.175264
-2.965072
-1.086806
-2.691319
-5.586314
-0.233333
-1.304059
-1.758420
-1.441983
-1.587389
-1.630652
-1.266270
-3.174698
-3.959459
-2.927630
-2.551516
-4.514914
-3.732058
-2.121016
-1.199907
-2.572701
-3.057577
-2.041346
-3.204183
-1.946824
-2.016983
-1.559088
-2.908794
-3.234724
-3.462941
-0.000000
-3.790722
-2.996402
-3.667543
-2.559079
-3.365996
-3.113602
-2.131953
-1.769138
-4.109457
-3.926134
-2.097736
-3.781899
-1.870466
-2.175298
-3.209446
-2.340090
-2.238427
-2.852543
-2.009769
-2.342237
-2.504852
-2.002832
-2.641354
-1.473682
-2.917154
-0.025000
-2.445240
-1.615032
-2.251390
-0.000000
-2.025294
-1.871084
-1.379024
-1.320044
-1.058512
-0.690427
-0.000000
-3.152938
-3.100789
-4.047875
-2.735331
-3.374937
-3.593785
-1.129390
-2.670578
-1.398816
-2.777012
-2.516711
-4.037297
-0.000000
-3.003147
-1.354140
-3.208656
-0.465909
-1.641040
-3.995851
-3.564227
-0.040000
-1.709688
-0.894779
-1.329682
-0.000000
-1.259332
-1.164560
-2.367556
-2.014092
-4.219986
-0.112500
-2.749189
-2.223358
-2.640958
-0.270833
-1.057539
-2.795704
-0.000000
-1.756940
-0.548148
-1.784535
-1.260351
-2.222223
-1.343691
-1.359762
-1.177193
-0.018182
-2.236369
-0.080000
-2.239778
-3.434346
-3.245356
-0.091667
-1.280993
-3.728210
-2.151811
-2.135977
-2.335619
-3.200996
-0.050000
-2.287442
-1.535238
-2.957372
-0.060000
-1.627068
-3.167056
-0.058333
-0.036364
-6.248115
-0.000000
-3.389950
-1.252831
-1.105589
-1.605503
-2.953112
-3.456576
-0.068182
-2.062284
-2.166550
-0.027273
-2.053641
-0.010000
-2.827935
-0.062500
-2.665966
-0.063636
-1.802355
-0.008333
-4.607047
-0.037500
-2.613349
-0.016667
-1.066937
-2.783511
-0.705635
-2.277390
-1.944993
-2.344922
-3.598895
-0.125000
-2.589511
-0.055556
-0.523194
-1.804342
-2.760785
-0.011111
-3.445976
-0.853575
-1.150569
-2.749564
-1.922517
-1.070185
-2.640461
-0.050000
-2.890378
-1.841764
-1.856768
-0.027273
-2.467305
-3.429707
-0.036364
-1.939633
-1.629764
-0.095455
-2.021722
-0.000000
-2.856308
-0.063636
-2.345494
-1.203777
-2.498369
-2.188338
-3.487857
-0.586806
-1.515049
-2.764631
-0.141667
-1.495936
-1.871406
-0.040000
-1.620262
-1.376793
-2.902005
-0.066667
-2.265367
-0.237500
-1.630770
-3.136160
-0.000000
-1.554963
-2.678398
-2.355577
-4.051063
-2.886877
-0.542037
-5.039001
-0.011111
-3.192843
-2.497815
-0.100000
-0.739881
-0.075000
-2.144193
-0.181944
-2.155674
-0.020000
-2.940647
-2.310314
-0.041667
-3.966317
-4.091630
-0.926847
-0.988551
-2.688920
-2.300566
-3.025535
-4.256794
-2.212550
-0.347222
-2.653018
-3.899199
-0.071429
-0.020833
-0.000000
-1.017778
-0.158333
-2.230944
-3.949793
-2.254308
-0.150000
-1.624320
-2.865163
-4.442186
-2.521448
-2.186200
-1.124557
-4.808665
-0.050000
-1.949539
-1.594424
-0.334848
-0.901158
-0.077273
-1.725493
-0.033333
-1.728775
-4.345166
-3.583032
-7.602532
-0.000000
-2.505733
-1.399679
-3.015307
-2.729502
-3.609330
-3.956735
-3.250747
-1.949901
-2.699933
-4.352321
-0.730833
-0.987374
-2.020043
-0.000000
-1.494649
-3.007571
-4.478237
-0.789203
-3.287076
-2.580668
-1.763300
-1.950519
-1.140336
-2.830454
-2.426109
-2.377489
-2.940109
-0.022222
-2.022540
-0.025000
-2.150260
-1.544049
-1.530341
-3.286296
-0.058333
-2.720557
-0.025000
-1.395748
-2.610599
-2.558799
-4.214816
-3.211925
-0.489583
-2.449139
-0.166667
-2.675590
-1.512269
-2.978254
-0.658274
-1.579414
-0.495992
-1.011262
-0.016667
-2.081753
-0.050000
-1.330821
-0.050000
-2.047488
-0.186364
-1.506626
-2.830756
-3.976365
-0.873219
-3.064359
-2.593948
-1.355072
-2.121958
-2.714273
-0.066667
-2.085257
-0.090278
-1.587518
-0.033333
-3.671045
-0.011111
-2.178871
-1.408002
-2.369223
-0.040000
-2.431567
-6.446427
-6.426570
-0.060000
-5.720620
-4.763003
-3.243443
-3.792792
-3.302739
-4.037139
-2.461832
-0.250000
-2.930489
-1.911317
-0.168750
-2.142430
-0.177778
-2.527404
-4.520334
-0.018182
-3.312373
-4.961387
-1.831203
-3.097124
-0.938383
-1.240761
-0.247222
-1.286155
-0.050000
-3.161052
-0.705869
-2.203886
-0.907434
-3.710612
-4.114954
-4.016381
-2.307061
-3.130775
-2.750520
-1.563159
-3.465225
-0.105000
-2.196002
-2.613636
-0.380139
-4.297237
-2.920920
-0.014286
-1.400270
-3.064502
-1.965805
-1.130620
-2.029125
-3.488187
-1.916319
-0.441667
-2.176149
-4.265636
-3.345852
-0.437778
-4.936462
-2.845608
-0.000000
-3.906059
-2.961272
-3.001268
-3.134786
-2.467215
-2.693420
-3.105951
-2.725368
-1.185094
-2.567609
-4.407242
-0.072727
-1.689741
-1.938163
-1.616244
-2.513999
-1.072652
-0.000000
-1.272436
-2.449402
-2.185420
-1.527640
-0.278571
-1.850002
-0.120000
-2.007922
-0.246667
-1.998871
-0.055556
-1.716646
-1.415215
-1.241690
-1.116276
-1.078614
-3.312414
-2.015430
-2.285554
-2.259934
-2.690092
-1.284699
-1.288210
-3.794063
-3.052223
-6.372486
-0.037500
-4.293221
-1.378540
-2.380345
-3.306608
-2.652796
-2.532270
-2.274599
-0.143750
-1.413624
-2.819442
-1.354864
-5.929006
-0.151852
-2.257155
-0.300000
-3.038184
-0.105000
-1.466434
-2.195016
-2.195471
-5.401027
-6.645536
-3.270779
-0.000000
-2.943177
-1.493308
-1.028882
-2.937546
-1.947409
-0.897333
-0.190909
-1.282543
-1.213277
-1.519201
-1.658805
-3.787160
-0.364394
-0.998665
-2.525256
-4.792705
-0.011111
-4.332209
-1.561295
-3.556821
-1.237494
-3.006684
-0.090000
-2.598983
-2.073139
-4.404717
-0.068182
-1.388332
-2.337587
-1.436288
-1.509951
-1.833897
-2.135475
-0.104545
-3.258108
-1.325301
-5.275402
-0.016667
-4.178020
-2.950607
-1.973387
-1.799678
-2.409559
-0.078571
-2.967825
-1.535750
-1.139246
-2.562411
-4.351013
-4.536006
-1.472128
-0.125000
-2.272596
-0.110000
-1.896863
-2.178692
-2.912171
-2.136318
-0.131250
-2.788401
-2.646871
-2.543194
-2.062215
-1.785582
-1.451798
-1.670411
-4.005813
-1.908919
-1.609078
-2.497135
-2.676951
-0.326389
-1.808676
-1.978327
-4.403279
-0.000000
-4.788536
-1.578878
-2.542899
-2.015504
-4.411912
-0.054167
-3.155907
-6.097850
-1.415087
-0.309091
-1.287725
-5.064167
-1.659628
-3.581002
-1.829388
-2.404688
-0.045000
-3.458334
-3.094860
-2.620498
-0.664193
-2.083453
-1.179339
-1.360670
-1.740306
-3.119552
-1.025171
-0.000000
-1.692931
-3.239348
-2.414426
-1.821252
-2.081593
-0.312500
-3.434813
-0.637963
-1.397290
-2.162297
-0.135714
-1.662976
-0.305000
-2.733686
-3.222339
-1.430940
-2.655368
-2.571144
-2.082825
-2.734098
-5.289801
-0.072727
-3.197627
-3.012861
-2.961413
-2.854495
-4.499255
-0.145455
-1.395226
-2.813820
-2.708555
-0.346970
-1.532583
-2.916675
-0.112500
-0.033333
-4.604110
-0.088889
-0.088889
-0.770218
-1.607251
-0.033333
-2.772044
-6.357126
-0.025000
-1.658872
-3.010630
-1.798746
-1.972488
-1.231799
-2.129589
-0.374306
-3.251900
-2.275369
-4.565638
-0.044444
-3.324678
-1.562310
-2.182459
-2.634433
-2.124923
-1.768916
-4.674163
-0.156944
-1.169051
-2.161330
-0.115000
-1.316345
-3.012803
-1.472317
-1.361246
-1.892824
-2.108887
-0.929157
-4.549181
-0.303333
-1.828106
-1.623300
-2.165881
-1.453421
-4.588958
-0.171212
-2.872251
-3.644888
-2.014568
-0.398485
-2.935335
-0.277083
-2.549475
-3.609331
-0.081818
-2.180133
-1.673176
-1.462905
-4.197238
-0.112500
-1.567361
-4.434297
-0.125000
-3.174073
-1.410572
-0.000000
-3.497819
-1.966492
-1.362355
-0.025000
-1.729587
-2.754117
-0.934897
-2.148897
-2.660788
-2.089056
-1.665793
-3.037807
-1.918388
-0.150000
-5.016441
-1.143258
-2.295486
-0.088889
-3.216057
-2.513647
-2.674370
-1.458117
-4.575401
-3.977232
-0.025000
-1.635137
-2.411673
-1.362817
-1.992826
-1.883556
-2.790322
-0.177778
-2.093474
-1.343360
-0.222222
-3.290806
-2.628223
-0.193750
-2.093284
-3.756908
-3.622444
-0.386806
-0.118182
-1.667696
-0.384306
-2.217482
-0.116667
-2.296161
-2.589569
-0.060000
-1.049233
-0.000000
-2.304678
-2.138473
-1.527601
-3.186529
-1.514030
-2.689879
-0.960133
-3.743279
-0.116667
-2.098789
-2.085868
-1.419591
-3.251821
-4.781761
-0.077778
-1.330785
-3.158305
-2.341628
-2.383720
-2.432849
-2.398517
-0.031250
-1.831621
-2.919616
-1.429456
-3.437386
-3.127670
-0.762524
-0.014286
-1.729965
-1.550256
-2.018995
-2.212346
-2.338093
-2.967667
-2.714242
-6.510496
-0.000000
-2.058808
-3.112802
-1.735737
-2.065538
-2.125373
-3.193931
-2.750520
-3.154974
-2.185196
-1.579927
-2.473807
-0.287500
-2.686400
-0.033333
-2.684426
-2.941319
-1.969497
-0.500000
-1.392597
-2.440349
-1.783102
-0.000000
-2.876903
-3.666523
-2.413462
-1.332312
-2.240786
-1.429469
-4.069668
-1.930355
-0.371296
-0.934188
-1.351279
-0.000000
-3.848399
-1.919113
-1.512585
-1.670665
-1.649121
-3.950824
-2.074963
-0.236364
-3.636949
-2.115013
-0.100000
-0.905225
-2.450544
-0.000000
-0.000000
-1.714139
-2.120728
-0.014286
-2.143652
-2.219543
-3.348280
-0.000000
-2.479289
-2.189114
-0.000000
-2.768119
-2.154755
-0.114286
-1.373559
-3.435095
-3.173518
-1.108882
-2.596495
-1.815289
-4.210483
-0.560173
-0.612989
-2.419768
-0.014286
-3.551431
-1.400190
-1.926421
-3.055143
-2.088485
-3.397345
-0.066667
-1.673470
-2.104237
-5.270254
-1.345343
-3.459381
-3.108394
-0.294697
-2.856992
-2.037071
-2.506284
-0.913084
-2.674780
-0.025000
-2.207427
-5.520218
-0.011111
-3.483693
-2.956787
-1.881336
-2.610826
-3.000996
-0.390000
-2.008841
-3.024537
-1.153203
-0.385417
-2.628098
-3.877331
-1.953530
-1.367924
-1.800577
-0.000000
-1.782145
-0.216667
-1.798184
-2.450980
-2.579739
-1.725898
-2.880320
-3.464392
-4.211572
-2.313603
-1.344120
-2.391286
-2.459786
-0.641167
-1.388352
-2.229703
-2.861662
-0.328472
-2.444871
-2.123426
-0.187879
-4.845567
-3.412542
-0.000000
-3.466259
-1.912512
-1.063561
-1.524955
-2.524870
-3.992935
-1.025017
-0.445929
-0.644722
-0.050000
-1.653963
-0.240278
-2.878322
-1.508604
-1.669691
-0.116667
-2.916514
-0.213636
-1.040433
-1.478935
-1.879720
-2.458878
-2.115809
-0.000000
-3.298393
-3.580459
-0.942275
-2.358401
-1.837177
-1.765929
-1.947393
-0.025000
-0.800972
-1.009213
-1.800793
-0.111111
-3.263363
-0.000000
-0.350774
-6.529909
-0.216667
-3.923286
-1.960132
-2.336134
-0.000000
-1.446169
-3.678265
-3.211614
-1.672112
-0.759365
-3.480462
-2.248909
-3.164409
-1.542331
-3.250575
-3.337598
-2.252159
-2.250281
-1.134674
-3.780934
-2.866575
-1.776598
-0.248485
-1.950382
-0.075000
-1.183558
-0.037500
-3.887529
-1.868168
-0.100000
-3.475507
-0.195455
-1.014448
-0.025000
-2.045353
-0.045455
-2.085549
-6.075763
-0.050000
-3.240691
-3.264219
-2.202155
-3.066834
-2.030611
-4.650567
-5.091480
-0.448333
-0.072727
-0.684306
-1.356123
-1.933976
-0.022222
-3.073276
-3.568770
-3.964491
-2.223494
-1.685094
-3.611279
-4.840932
-0.156250
-2.681335
-0.057143
-3.119490
-1.004716
-0.100000
-3.005879
-0.050000
-3.285718
-0.441667
-1.854017
-2.515809
-1.574184
-0.000000
-3.414243
-3.801321
-1.367777
-3.229325
-2.582200
-3.581899
-5.064440
-2.800184
-0.150000
-1.786758
-2.832434
-2.617415
-3.136561
-3.418443
-2.023336
-2.202939
-5.356794
-2.099739
-0.100000
-2.071808
-1.577220
-0.100000
-2.020286
-3.388028
-4.448054
-3.211203
-0.036364
-3.662661
-3.753812
-3.349047
-3.560485
-4.218969
-2.433995
-3.959244
-4.526095
-3.025503
-0.110000
-4.053730
-3.568857
-3.063713
-3.943874
-5.320269
-0.311806
-3.557006
-3.044448
-2.684849
-3.287940
-1.571169
-1.094926
-2.983709
-4.815962
-4.157713
-0.025000
-3.812255
-3.839811
-3.896876
-3.372251
-3.676187
-2.939990
-2.574598
-2.942891
-3.033961
-2.744049
-0.824008
-3.448844
-3.520512
-0.255556
-5.154068
-0.050000
-3.795707
-3.764983
-3.828370
-3.268225
-2.524160
-1.996608
-3.441300
-2.538577
-3.868452
-2.612103
-3.125248
-0.412500
-2.926772
-0.050000
-3.798810
-3.528822
-3.552897
-2.350741
-3.308893
-2.705930
-2.637048
-3.671630
-0.538333
-3.668260
-2.338387
-3.393060
-3.348398
-0.940504
-1.639600
-2.403363
-0.000000
-3.669949
-3.554130
-4.686326
-3.525581
-2.743000
-2.834172
-3.175863
-0.407833
-2.978415
-2.649872
-3.671485
-0.379861
-2.666105
-2.731609
-2.142551
-0.190909
-2.657790
-0.043750
-3.085255
-0.305556
-2.566521
-1.847246
-2.777345
-3.986606
-2.511439
-0.009091
-3.700146
-3.841614
-4.221296
-3.638309
-3.376926
-3.297434
-3.576784
-4.502449
-4.030352
-0.396528
-3.735540
-1.737024
-3.042680
-4.055346
-2.643557
-0.837781
-1.848456
-3.081271
-0.238636
-1.944787
-0.155000
-0.280556
-0.700536
-2.188181
-0.221296
-2.475623
-2.883090
-1.147050
-2.050619
-0.020000
-3.236347
-3.433683
-3.161330
-3.491998
-2.563201
-1.559240
-2.463604
-3.611578
-3.242702
-3.180464
-3.439059
-2.256135
-2.014703
-0.265278
-3.487242
-0.731679
-1.593328
-5.049518
-0.020000
-3.561447
-3.327227
-3.888769
-2.568184
-3.169540
-2.909303
-1.685659
-3.477920
-2.963693
-3.040706
-3.789811
-4.417921
-6.532794
-0.504167
-0.670000
-0.390833
-1.796105
-0.448950
-1.109692
-0.100000
-2.615011
-0.597500
-2.609055
-2.579617
-1.422090
-3.222997
-2.494016
-4.492726
-4.114018
-4.971459
-4.504251
-3.616226
-1.398461
-0.000000
-3.586304
-3.682138
-2.525802
-3.561293
-4.731867
-3.790467
-3.969137
-3.612511
-3.468422
-2.082199
-4.711261
-3.786494
-0.320455
-2.160307
-0.423611
-2.865808
-0.756167
-1.236373
-0.291667
-3.474221
-0.195000
-1.907566
-2.655910
-4.186828
-0.008333
-4.202172
-3.080594
-3.905135
-2.279040
-3.487374
-3.128848
-3.934737
-2.848342
-3.197942
-3.251538
-3.623807
-3.329110
-3.922662
-0.480190
-1.011161
-0.133333
-0.390741
-2.478496
-2.759684
-0.022222
-3.679448
-3.409035
-3.543589
-3.385999
-2.488145
-2.934087
-1.928060
-1.710725
-2.353241
-3.827747
-3.365664
-0.229167
-3.452851
-3.834555
-0.158333
-3.441780
-3.952700
-3.299248
-2.637708
-3.329675
-2.672455
-3.676084
-3.544829
-4.077230
-2.009517
-1.507885
-2.983155
-0.118750
-0.373333
-3.515063
-0.699167
-1.412804
-0.281250
-2.318785
-2.317491
-3.874449
-0.150000
-3.658986
-3.683880
-3.102924
-3.121041
-3.672649
-2.538886
-2.907882
-2.080748
-3.664948
-0.110833
-0.475000
-3.943435
-0.242593
-0.306250
-3.310140
-4.026414
-0.009091
-3.429791
-3.524681
-2.559928
-3.105666
-2.510419
-2.334574
-2.926044
-3.239288
-2.020558
-4.442722
-0.874749
-0.502273
-1.296611
-2.619954
-7.001407
-3.128080
-0.050000
-4.154039
-3.687893
-2.665059
-2.235375
-2.590029
-3.133031
-2.926866
-2.510084
-3.264084
-1.649333
-0.749718
-2.204704
-0.346667
-2.148990
-3.056762
-2.234765
-0.559722
-0.200000
-2.459892
-1.675613
-1.914610
-1.606094
-0.400000
-1.201414
-2.556962
-1.096171
-0.144444
-1.973534
-0.000000
-1.792821
-1.832310
-1.460005
-1.462438
-0.984042
-0.623006
-0.000000
-4.023197
-3.319695
-3.646713
-3.754726
-2.995667
-1.943977
-4.382145
-0.458333
-3.314221
-3.230733
-1.865933
-3.674157
-3.648437
-2.825686
-0.528788
-5.241433
-5.347121
-4.507488
-5.273897
-6.227970
-0.125000
-3.069221
-0.025000
-4.362253
-3.834861
-2.260527
-3.258576
-3.692664
-2.870816
-2.763054
-1.722592
-3.876401
-4.435164
-3.127063
-0.000000
-3.454339
-3.798001
-2.533956
-3.428087
-1.739550
-3.102136
-3.745293
-0.374500
-1.324326
-2.710089
-0.366667
-2.724231
-3.397707
-1.700055
-2.713365
-2.400052
-4.250332
-0.383333
-4.374345
-3.060520
-7.841037
-4.244006
-6.417667
-2.066238
-3.548104
-3.427628
-3.731622
-2.083899
-3.511640
-0.237500
-3.372284
-3.183823
-2.850060
-0.055556
-4.743272
-4.582406
-5.016138
-3.431585
-4.841063
-3.569625
-2.941572
-2.476667
-3.329568
-2.803767
-3.326218
-3.831164
-2.193453
-0.000000
-2.790470
-4.197653
-1.789535
-1.919787
-3.465708
-4.440351
-3.822032
-2.378898
-2.724539
-3.969429
-0.191042
-0.622910
-1.357475
-2.549126
-0.000000
-3.794269
-2.868823
-3.460439
-1.454238
-3.507146
-2.348190
-1.889573
-0.020000
-1.862580
-2.858515
-4.422846
-0.952276
-3.049843
-3.126225
-2.351628
-1.976560
-1.938274
-3.655467
-0.077273
-2.852416
-0.838150
-0.567143
-1.504299
-0.050000
-3.041441
-4.392376
-1.843888
-3.768576
-4.419730
-3.179497
-1.298687
-2.632899
-0.091667
-3.314867
-3.720632
-1.070582
-1.932323
-3.282864
-2.172634
-2.365107
-1.790251
-1.995741
-0.077273
-1.525497
-0.095833
-4.827425
-2.413693
-0.000000
-2.802132
-3.345896
-3.130600
-1.521779
-2.880795
-1.800796
-2.035561
-1.820964
-0.304722
-2.991042
-2.807585
-0.668623
-0.393182
-4.870475
-0.012500
-3.965039
-3.050914
-1.788115
-0.660199
-3.623080
-2.495909
-0.100000
-1.782087
-3.758877
-1.543962
-1.909031
-3.275059
-2.752247
-1.863847
-2.873851
-3.775935
-0.085714
-0.231944
-3.275406
-2.254785
-0.050000
-3.245329
-1.811614
-2.913737
-0.860278
-4.039521
-1.567180
-1.709607
-2.724896
-0.209091
-1.347832
-0.241667
-1.071203
-0.109091
-2.966598
-0.092857
-3.623706
-1.925936
-2.015479
-2.974656
-2.333823
-0.050000
-0.109091
-1.882689
-2.800742
-2.137071
-2.100330
-0.150000
-0.000000
-1.777556
-0.150000
-1.869491
-3.946920
-1.789261
-1.583020
-2.303964
-2.066873
-4.076800
-3.761223
-1.689881
-0.000000
-3.329970
-3.422026
-2.084040
-0.937265
-4.086797
-2.905143
-0.747149
-1.677849
-3.743931
-0.725493
-0.878102
-1.432673
-0.440000
-3.516048
-0.064815
-1.624615
-2.379545
-0.123611
-4.016280
-0.377163
-1.803801
-2.461908
-2.221496
-1.441886
-1.628294
-3.185354
-0.016667
