0	0	5	0	117223
1	1	5	1	245141
0	0	5	2	213154
1	1	4	3	315715
0	0	3	4	146837
1	1	3	5	338987
0	0	4	6	132020
1	1	2	7	124340
0	0	1	8	299471
1	1	3	9	55049
0	0	4	10	157365
1	1	2	11	163170
0	0	3	12	203125
1	1	3	13	22827
0	0	1	14	223169
1	1	3	15	233922
0	0	4	16	193977
1	0	2	0	339549
0	1	5	1	146832
1	0	1	2	225342
0	1	1	3	246654
1	0	1	4	3013894
0	1	5	5	313560
1	0	5	6	3413158
0	1	4	7	152047
1	0	5	8	139558
0	1	2	9	231365
1	0	1	10	78482
0	1	4	11	1016508
1	0	4	12	2016552
0	1	3	13	3226555
1	0	1	14	510259
0	1	1	15	174049
1	0	3	16	167075
0	1	1	17	251606
1	0	2	18	265282
0	1	3	19	2910557
1	0	2	20	617944
0	1	5	21	44188
1	0	5	22	85178
0	0	5	0	106593
1	1	5	1	317070
0	0	3	2	282506
1	1	5	3	197488
0	0	1	4	201877
1	1	1	5	3010355
0	0	2	6	291574
1	1	1	7	119786
0	0	4	8	123390
1	1	5	9	47600
0	0	1	10	221337
1	1	4	11	3314179
0	0	4	12	321740
1	1	3	13	24981
0	0	3	14	236711
1	1	5	15	216387
0	0	3	16	12298
1	1	2	17	523788
0	0	5	18	32615
1	1	2	19	1416826
0	0	5	20	1615809
1	1	4	21	2412154
0	0	2	22	342843
1	1	4	23	612387
0	0	4	24	71285
1	1	5	25	151726
1	0	2	0	3070521
0	1	5	1	153461
1	0	1	2	1416838
0	1	4	3	114007
1	0	2	4	68729
0	1	1	5	222176
1	0	4	6	329815
0	1	2	7	231973
1	0	4	8	217249
0	1	5	9	313396
1	0	1	10	418143
0	1	5	11	72309
0	0	1	0	211278
1	1	5	1	3110042
0	0	5	2	223305
1	1	5	3	158585
0	0	2	4	142113
1	1	5	5	69635
0	0	4	6	112022
1	1	3	7	1220166
0	0	4	8	231567
1	1	3	9	2411691
0	0	1	10	201198
1	0	4	0	227133
0	1	1	1	112699
1	0	3	2	2410243
0	1	1	3	124146
1	0	2	4	235133
0	1	1	5	252709
1	0	5	6	212027
0	0	3	0	115232
1	1	2	1	226412
0	0	1	2	122167
1	1	2	3	133716
0	0	2	4	316376
1	1	3	5	217169
0	0	1	6	233840
1	1	3	7	1510880
0	0	3	8	29850
1	1	5	9	2015552
0	0	5	10	192060
1	1	1	11	1013026
0	0	1	12	303133
1	1	2	13	283721
0	0	4	14	321409
1	0	1	0	225053
0	1	4	1	142439
1	0	2	2	157271
0	1	1	3	131289
1	0	1	4	126382
0	1	4	5	213313
1	0	2	6	2425661
0	1	3	7	231140
1	0	1	8	53558
0	1	2	9	333972
1	0	1	10	34810
0	1	3	11	42496
1	0	4	12	1023271
0	1	2	13	312946
1	0	3	14	3217389
0	1	3	15	22718
1	0	3	16	1926769
0	1	5	17	296844
1	0	1	18	1129448
0	1	3	19	92052
1	0	3	20	278258
0	0	2	0	233101
1	1	5	1	217249
0	0	5	2	251456
1	1	3	3	244068
0	0	1	4	152568
1	1	4	5	57568
0	0	3	6	71770
1	1	4	7	313758
0	0	4	8	162278
1	1	5	9	3411794
0	0	1	10	334334
1	1	3	11	1928919
0	0	5	12	132274
1	1	1	13	149200
0	0	3	14	3955
1	0	1	0	238724
0	1	3	1	112404
1	0	2	2	128622
0	1	1	3	203607
1	0	1	4	216798
0	1	3	5	30923
1	0	1	6	2931066
0	1	3	7	39670
1	0	5	8	3222837
0	1	3	9	221874
1	0	4	10	59565
0	1	4	11	141856
1	0	5	12	131950
0	0	5	0	111009
1	1	1	1	233547
0	0	3	2	132253
1	1	5	3	125377
0	0	4	4	211533
1	1	5	5	318746
0	0	3	6	291786
1	1	4	7	52837
0	0	1	8	23692
1	1	1	9	205093
0	0	3	10	193055
1	1	4	11	2716728
0	0	5	12	1410629
1	1	3	13	154527
0	0	1	14	243669
1	1	2	15	71555
1	0	3	0	2391810
0	1	2	1	123079
1	0	4	2	1413180
0	1	3	3	114287
1	0	5	4	138599
0	1	3	5	212425
1	0	3	6	3010651
0	1	4	7	318032
1	0	4	8	12497
0	1	5	9	204423
1	0	5	10	199360
0	1	2	11	48895
1	0	3	12	286217
0	1	4	13	101893
1	0	4	14	97194
0	1	1	15	613675
1	0	4	16	57689
0	1	3	17	32992
1	0	3	18	2222830
0	1	1	19	2415545
1	0	2	20	3321129
0	1	2	21	32670
1	0	3	22	2928714
0	1	4	23	272502
1	0	2	24	1627773
0	0	3	0	212435
1	1	4	1	232921
0	0	1	2	202690
1	1	1	3	197620
0	0	4	4	132700
1	1	2	5	56850
0	0	2	6	115382
1	1	4	7	128371
0	0	4	8	313144
1	1	4	9	14007
0	0	2	10	2211027
1	1	2	11	411685
0	0	3	12	145790
1	1	3	13	318059
0	0	2	14	22399
1	1	5	15	62098
1	0	3	0	2327440
0	1	3	1	112422
1	0	3	2	217890
0	1	3	3	223712
1	0	2	4	135945
0	1	2	5	292305
1	0	5	6	258184
0	1	2	7	123643
1	0	2	8	1914909
0	1	2	9	205379
1	0	1	10	24518
0	1	5	11	282301
1	0	2	12	46665
0	1	2	13	305434
1	0	4	14	3112882
0	1	2	15	271884
0	0	2	0	111648
1	1	4	1	325898
0	0	1	2	121415
1	1	3	3	134991
0	0	5	4	202901
1	1	5	5	1010516
0	0	1	6	211553
1	1	1	7	198251
0	0	5	8	292918
1	1	2	9	25725
0	0	1	10	283376
1	1	5	11	415636
0	0	4	12	302641
1	1	2	13	37433
0	0	5	14	271406
1	0	4	0	208361
0	1	5	1	143469
1	0	4	2	245572
0	1	5	3	131084
1	0	2	4	154358
0	1	4	5	322513
1	0	1	6	2317600
0	1	3	7	223081
1	0	4	8	126400
0	1	2	9	313256
1	0	3	10	45850
0	1	2	11	281960
1	0	3	12	617382
0	1	4	13	301940
1	0	4	14	296034
0	1	3	15	331743
0	0	4	0	111683
1	1	2	1	233735
0	0	4	2	121164
1	1	2	3	135216
0	0	5	4	201325
1	1	5	5	1010658
0	0	1	6	302572
1	1	4	7	218452
0	0	2	8	292501
1	1	1	9	29970
0	0	2	10	28824
1	1	1	11	410479
0	0	4	12	271236
1	0	1	0	294237
0	1	2	1	142088
1	0	3	2	304922
0	1	1	3	313184
1	0	4	4	324232
0	1	4	5	221760
1	0	2	6	137518
0	1	3	7	244053
1	0	2	8	2313807
0	1	4	9	613237
1	0	5	10	3417357
0	1	5	11	75823
1	0	1	12	3314676
0	1	5	13	351737
1	0	1	14	31797
0	0	5	0	211347
1	1	4	1	323219
0	0	2	2	201813
1	1	5	3	229248
0	0	5	4	25007
1	1	3	5	1618328
0	0	4	6	111174
1	1	4	7	293226
0	0	2	8	16944
1	1	3	9	315636
0	0	4	10	301798
1	1	1	11	1217302
0	0	2	12	37561
1	1	2	13	46358
0	0	5	14	01368
1	0	5	0	206983
0	1	1	1	141535
1	0	1	2	45632
0	1	5	3	151287
1	0	5	4	136340
0	1	1	5	221363
1	0	5	6	68120
0	1	2	7	52953
1	0	4	8	1633491
0	1	2	9	233002
1	0	1	10	324535
0	1	1	11	241941
1	0	3	12	256542
0	1	2	13	211037
2	0	5	0	132641
3	1	1	1	149405
2	0	1	2	122825
3	1	3	3	112821
2	0	1	4	34132
3	0	1	0	132721
2	1	5	1	123487
3	0	1	2	221986
2	1	5	3	41968
3	0	2	4	22715
2	1	2	5	203666
3	0	3	6	62952
2	1	2	7	281894
2	0	2	0	132770
3	1	1	1	142028
2	0	1	2	121937
3	1	2	3	242626
2	0	2	4	43011
3	1	5	5	322208
2	0	3	6	315352
3	1	2	7	158585
2	0	4	8	221934
3	0	1	0	134460
2	1	5	1	121799
3	0	3	2	22722
2	1	1	3	111757
3	0	4	4	31631
2	1	1	5	42642
3	0	5	6	13008
2	1	3	7	01343
3	0	3	8	202134
2	1	5	9	91944
3	0	2	10	182548
2	1	4	11	101153
2	0	1	0	132224
3	1	2	1	122453
2	0	4	2	143429
3	1	2	3	62449
2	0	3	4	151618
3	1	4	5	162078
2	0	1	6	54043
3	1	3	7	44127
2	0	2	8	212925
3	1	4	9	292213
2	0	5	10	326460
3	1	5	11	202398
2	0	2	12	231115
3	0	5	0	134575
2	1	3	1	121442
3	0	4	2	113077
2	1	1	3	32351
3	0	2	4	214537
2	1	1	5	201959
3	0	1	6	292111
2	1	2	7	52125
3	0	4	8	13613
2	1	4	9	312032
3	0	5	10	43704
2	1	2	11	1415451
3	0	1	12	26076
2	1	3	13	326603
3	0	3	14	233943
2	1	3	15	227743
3	0	5	16	159149
2	1	1	17	63134
3	0	3	18	72225
2	1	5	19	301781
2	0	2	0	132587
3	1	2	1	16820
2	0	5	2	12222
3	1	4	3	21897
2	0	5	4	142101
3	1	1	5	2317
2	0	2	6	111677
3	0	5	0	131250
2	1	1	1	122634
3	0	2	2	231255
2	1	4	3	31575
3	0	2	4	211060
2	1	2	5	42553
3	0	3	6	51297
2	1	4	7	291708
3	0	4	8	222802
2	1	5	9	201486
3	0	4	10	111357
2	1	1	11	281727
2	0	1	0	134334
3	1	5	1	122270
2	0	2	2	141946
3	1	3	3	3194
2	0	4	4	215781
3	1	3	5	53333
2	0	5	6	1511442
3	1	2	7	43653
2	0	4	8	6226
3	1	1	9	21514
3	0	1	0	131395
2	1	1	1	121343
3	0	1	2	141286
2	1	5	3	24266
3	0	4	4	221853
2	1	1	5	46147
3	0	1	6	31931
2	1	4	7	204857
3	0	4	8	281705
2	1	5	9	231861
3	0	1	10	213789
2	1	4	11	297158
3	0	1	12	112613
2	1	3	13	3015142
3	0	4	14	313844
2	1	2	15	106265
3	0	3	16	11780
2	0	3	0	131363
3	1	1	1	122419
2	0	5	2	211651
3	1	3	3	51889
2	0	3	4	43961
3	1	1	5	115800
2	0	5	6	313192
3	1	4	7	22951
2	0	3	8	234286
3	1	4	9	24245
2	0	5	10	321716
3	1	2	11	106811
2	0	4	12	92643
3	1	4	13	36346
2	0	5	14	298340
3	1	1	15	304024
2	0	5	16	1823571
3	1	1	17	03883
2	0	4	18	202610
3	1	5	19	11951
3	0	4	0	132251
2	1	4	1	121170
3	0	4	2	141900
2	1	5	3	151966
3	0	5	4	33308
2	1	3	5	231652
3	0	3	6	51713
2	1	2	7	74703
3	0	4	8	312058
2	1	5	9	222784
3	0	3	10	321960
2	1	3	11	3310592
3	0	4	12	43776
2	0	2	0	131616
3	1	4	1	1418404
2	0	4	2	222454
3	1	3	3	44260
2	0	4	4	237115
3	1	3	5	243019
2	0	1	6	341709
3	1	1	7	156806
2	0	5	8	33262
3	1	1	9	321130
2	0	4	10	31810
3	0	3	0	132273
2	1	5	1	142268
3	0	1	2	152388
2	1	1	3	54984
3	0	3	4	236021
2	1	1	5	45937
3	0	1	6	313062
2	1	4	7	74526
3	0	1	8	32035
2	1	4	9	61200
2	0	1	0	131869
3	1	5	1	1443
2	0	2	2	122155
3	1	4	3	111672
2	0	3	4	222336
3	1	1	5	311192
2	0	3	6	51978
3	1	3	7	42381
2	0	5	8	296151
3	1	3	9	211786
2	0	2	10	12600
3	1	5	11	27667
2	0	3	12	313336
3	1	5	13	304564
2	0	1	14	335290
3	1	2	15	233392
2	0	2	16	3236214
3	1	2	17	75884
2	0	3	18	344378
3	1	2	19	351594
2	0	2	20	168574
3	1	2	21	151904
3	0	1	0	131367
2	1	4	1	142864
3	0	2	2	121926
2	1	3	3	223926
3	0	4	4	52471
2	1	2	5	219807
3	0	5	6	65031
2	1	3	7	233231
3	0	2	8	244209
2	1	5	9	153930
3	0	4	10	202396
2	1	4	11	710026
3	0	2	12	41012
2	1	1	13	318282
2	0	2	0	131925
3	1	5	1	12893
2	0	2	2	31346
3	1	3	3	14649
2	0	1	4	233404
3	1	1	5	331572
2	0	2	6	52579
3	1	3	7	43096
2	0	3	8	214172
3	1	4	9	291542
2	0	1	10	207229
3	1	5	11	222675
2	0	5	12	3119701
3	1	2	13	322780
2	0	5	14	22592
3	1	2	15	305422
2	0	2	16	64883
3	1	2	17	2710398
2	0	2	18	282088
3	1	1	19	352208
2	0	3	20	342262
3	1	1	21	243825
2	0	2	22	711045
3	1	4	23	81641
2	0	1	24	151531
3	0	4	0	131870
2	1	1	1	121748
3	0	2	2	14431
2	1	1	3	42694
3	0	2	4	191349
2	1	3	5	24684
3	0	4	6	223244
2	1	4	7	202562
3	0	4	8	281971
2	1	3	9	102337
3	0	3	10	02521
2	1	4	11	92862
3	0	3	12	111566
2	1	5	13	11947
3	0	5	14	35012
2	1	4	15	272072
3	0	5	16	294463
2	1	3	17	525305
3	0	2	18	308488
2	1	3	19	311769
3	0	2	20	61471
2	0	1	0	221326
3	1	1	1	13869
2	0	5	2	121533
3	1	3	3	54121
2	0	5	4	211597
3	1	2	5	324938
2	0	5	6	238768
3	1	4	7	242453
2	0	2	8	201441
3	0	5	0	131647
2	1	1	1	121867
3	0	1	2	53478
2	1	4	3	211750
3	0	5	4	31748
2	1	1	5	233032
3	0	4	6	224235
2	1	1	7	43028
3	0	4	8	205509
2	1	1	9	1112685
3	0	4	10	104556
2	1	1	11	12349
3	0	3	12	312893
2	1	1	13	1423576
3	0	1	14	306344
2	1	1	15	03587
3	0	5	16	22606
2	1	2	17	3412292
3	0	1	18	88961
2	1	5	19	241666
2	0	5	0	131733
3	1	5	1	22969
2	0	3	2	214410
3	1	3	3	51508
2	0	4	4	32179
3	1	1	5	25103
2	0	4	6	231720
3	1	3	7	332001
2	0	3	8	142465
3	1	4	9	122625
2	0	3	10	321781
3	1	2	11	45954
2	0	2	12	2012028
3	1	5	13	151699
2	0	4	14	193104
3	1	1	15	182053
2	0	1	16	317909
3	1	5	17	303263
2	0	1	18	113187
3	1	4	19	65624
2	0	1	20	12164
3	0	4	0	141017
2	1	3	1	131010
3	0	4	2	0792
2	1	1	3	32643
3	0	1	4	231203
2	1	2	5	51617
3	0	2	6	41384
2	1	1	7	211916
3	0	2	8	301129
2	1	5	9	291220
2	0	3	0	132272
3	1	4	1	876
2	0	1	2	31663
3	1	3	3	23990
2	0	3	4	51432
3	1	5	5	211176
2	0	4	6	122088
3	1	1	7	43466
2	0	4	8	141817
3	1	1	9	22357
2	0	2	10	111950
3	0	2	0	131483
2	1	2	1	121128
3	0	4	2	22757
2	1	4	3	41791
3	0	5	4	142172
2	1	4	5	155612
3	0	2	6	212639
2	1	5	7	202190
3	0	3	8	282413
2	1	2	9	38674
3	0	5	10	233113
2	1	3	11	52639
3	0	5	12	61455
2	1	2	13	21546
2	0	3	0	131655
3	1	2	1	125363
2	0	2	2	51420
3	1	1	3	43976
2	0	4	4	31466
3	1	3	5	203480
2	0	4	6	281822
3	1	1	7	143688
2	0	1	8	296944
3	1	1	9	304075
2	0	5	10	211372
3	0	2	0	14680
2	1	1	1	131410
3	0	2	2	43635
2	1	5	3	51226
3	0	5	4	211225
2	1	3	5	32799
3	0	1	6	244004
2	1	3	7	341714
3	0	2	8	233976
2	1	1	9	221584
3	0	1	10	316072
2	1	2	11	152230
3	0	1	12	263763
2	1	1	13	251595
3	0	5	14	1612902
2	1	3	15	351216
2	0	3	0	131529
3	1	5	1	12709
2	0	4	2	51507
3	1	2	3	212477
2	0	3	4	3784
3	1	4	5	222027
2	0	5	6	325595
3	1	3	7	23116
2	0	1	8	2015720
3	1	5	9	24781
3	0	4	0	131011
2	1	3	1	129182
3	0	5	2	141537
2	1	4	3	152358
3	0	3	4	64315
2	1	1	5	222434
3	0	5	6	324978
2	1	5	7	234203
3	0	3	8	214346
2	1	2	9	247768
3	0	5	10	251909
2	1	1	11	55260
3	0	5	12	319348
2	1	3	13	305886
3	0	3	14	333693
2	1	5	15	341695
3	0	5	16	2716461
2	1	4	17	210490
3	0	3	18	183176
2	1	2	19	34242
3	0	1	20	4697
2	1	5	21	94315
3	0	4	22	01815
2	1	4	23	105304
3	0	5	24	111153
2	1	4	25	13507
3	0	1	26	191080
2	1	4	27	206935
3	0	5	28	87635
2	1	2	29	727437
3	0	3	30	173479
2	1	5	31	261652
3	0	5	32	162744
2	1	4	33	351603
3	0	4	34	282655
2	1	5	35	292005
2	0	5	0	131548
3	1	2	1	121485
2	0	1	2	31988
3	1	3	3	232606
2	0	1	4	51977
3	1	4	5	42467
2	0	4	6	212994
3	1	5	7	291674
2	0	4	8	203709
3	1	4	9	221474
2	0	5	10	193669
3	1	4	11	181174
2	0	4	12	146829
3	1	2	13	23078
2	0	1	14	321944
3	1	4	15	154415
2	0	4	16	318922
3	1	4	17	301683
2	0	2	18	114800
3	1	3	19	12862
2	0	3	20	3310907
3	1	3	21	345943
2	0	4	22	243295
3	1	5	23	3512327
2	0	2	24	161963
3	1	3	25	81522
2	0	5	26	2823476
3	1	1	27	271274
2	0	3	28	01818
3	1	5	29	101259
2	0	3	30	2520092
3	1	5	31	263044
2	0	5	32	171700
3	1	5	33	77245
2	0	4	34	61437
3	1	4	35	9737
3	0	4	0	13715
2	1	4	1	122992
3	0	2	2	54012
2	1	4	3	41909
3	0	2	4	202177
2	1	3	5	224036
3	0	1	6	214473
2	1	5	7	22049
3	0	2	8	321295
2	1	3	9	234454
3	0	2	10	29636
2	0	5	0	131455
3	1	5	1	12942
2	0	3	2	31279
3	1	3	3	231801
2	0	4	4	51731
3	1	4	5	41065
2	0	3	6	211878
3	1	5	7	301221
2	0	4	8	291305
3	0	3	0	13958
2	1	5	1	31506
3	0	2	2	52954
2	1	3	3	211301
3	0	1	4	44022
2	1	5	5	223851
3	0	2	6	234295
2	1	2	7	121343
3	0	4	8	301459
2	1	1	9	322987
3	0	4	10	21256
2	1	2	11	205933
3	0	5	12	191367
2	1	1	13	333754
3	0	2	14	311741
2	1	4	15	1521575
3	0	5	16	75060
2	1	2	17	62413
3	0	3	18	283021
2	1	3	19	241585
2	0	3	0	131337
3	1	2	1	14803
2	0	5	2	42122
3	1	2	3	222472
2	0	2	4	52123
3	1	2	5	62236
2	0	2	6	302112
3	1	3	7	335619
2	0	3	8	298916
3	1	3	9	316119
2	0	2	10	158553
3	1	2	11	277043
2	0	4	12	252436
3	1	3	13	352287
2	0	3	14	344654
3	1	5	15	814766
2	0	2	16	72245
3	1	1	17	174889
2	0	1	18	161900
3	0	5	0	21580
2	1	2	1	131746
3	0	5	2	291779
2	1	4	3	32023
3	0	1	4	231774
2	1	3	5	222186
3	0	2	6	58444
2	1	1	7	42559
3	0	4	8	21746
2	1	3	9	311644
2	0	1	0	131352
3	1	4	1	221089
2	0	5	2	31951
3	1	4	3	232502
2	0	5	4	212112
3	1	5	5	52164
2	0	2	6	142752
3	1	5	7	122730
2	0	2	8	155567
3	1	1	9	161753
2	0	3	10	242318
3	1	1	11	43252
2	0	5	12	63580
3	1	1	13	331395
2	0	2	14	3014286
3	1	5	15	323407
2	0	2	16	25966
3	1	5	17	06321
2	0	5	18	112999
3	1	2	19	191603
2	0	5	20	282070
3	1	1	21	291373
2	0	4	22	18653
3	1	2	23	311082
2	0	4	24	342327
3	1	1	25	76853
2	0	1	26	827645
3	1	2	27	1710893
3	0	1	0	131671
2	1	1	1	121667
3	0	4	2	42452
2	1	3	3	22114
3	0	4	4	222532
2	1	2	5	311249
3	0	3	6	214798
2	1	3	7	234946
3	0	5	8	154914
2	1	4	9	142162
3	0	3	10	54059
2	1	2	11	65771
3	0	3	12	296265
2	0	1	0	131499
3	1	4	1	1212450
2	0	4	2	31573
3	1	5	3	231402
2	0	5	4	51519
3	1	1	5	44543
2	0	4	6	213651
3	1	5	7	201606
2	0	1	8	291459
3	0	3	0	131055
2	1	3	1	121873
3	0	4	2	45003
2	1	4	3	221868
3	0	4	4	23417
2	1	3	5	33652
3	0	2	6	212203
2	1	4	7	112260
3	0	4	8	54895
2	1	2	9	291533
3	0	2	10	101830
2	1	2	11	3011933
3	0	1	12	311924
2	1	2	13	272154
3	0	3	14	281527
2	1	1	15	192934
2	0	5	0	134744
3	1	2	1	55594
2	0	1	2	32217
3	1	3	3	221141
2	0	3	4	231590
3	1	3	5	33943
2	0	5	6	142247
3	1	2	7	122747
2	0	1	8	152980
3	1	2	9	161959
2	0	5	10	42227
3	1	1	11	314668
2	0	3	12	245066
3	1	3	13	342757
2	0	2	14	321416
3	1	3	15	27928
2	0	3	16	2510936
3	1	1	17	261805
2	0	5	18	2120453
3	1	2	19	2811883
2	0	2	20	191788
3	1	3	21	203353
2	0	2	22	113421
3	1	3	23	304552
2	0	3	24	298881
3	1	3	25	14780
2	0	4	26	279585
4	0	1	0	012245
5	1	2	1	135034
4	0	4	2	3015416
5	1	2	3	2919348
4	0	5	4	218966
5	1	2	5	1236629
4	0	3	6	57541
5	1	2	7	1112645
4	0	4	8	102134
5	1	4	9	141133
4	0	5	0	123413
5	1	3	1	3020396
4	0	3	2	141797
5	1	5	3	1138710
4	0	3	4	284096
5	1	4	5	449629
4	0	1	6	137994
5	1	3	7	152440
4	0	1	8	3216518
5	1	2	9	58794
4	0	1	10	28396
5	1	5	11	226779
4	0	4	12	3512155
5	1	3	13	616567
4	0	2	14	713535
5	1	5	15	31814
4	0	3	0	213862
5	1	1	1	510298
4	0	3	2	2311781
5	1	4	3	2218432
4	0	4	4	138890
5	1	5	5	637682
4	0	5	6	328360
5	1	4	7	331744
4	0	5	8	413581
5	1	4	9	1235906
4	0	1	10	1518154
5	1	2	11	148479
4	0	3	12	78844
5	1	4	13	305288
5	0	5	0	112907
4	1	2	1	45025
5	0	5	2	129016
4	1	4	3	135890
5	0	5	4	221220
4	1	1	5	23435
5	0	3	6	1013170
4	1	2	7	93654
5	0	1	8	218129
4	1	3	9	312714
5	0	5	10	51691
4	1	5	11	13083
4	0	5	0	126707
5	1	3	1	249816
4	0	4	2	1410406
5	1	4	3	1517157
4	0	2	4	1114621
5	1	1	5	138224
4	0	1	6	102792
5	1	4	7	92120
4	0	3	8	3316301
5	1	3	9	2228761
4	0	2	10	2315107
5	1	5	11	438455
4	0	2	12	317679
5	1	5	13	3213560
4	0	1	14	2118328
5	1	4	15	12854
4	0	5	16	316289
5	1	4	17	302856
4	0	4	18	198531
5	1	4	19	271507
4	0	4	20	2921858
5	1	3	21	1842304
4	0	5	22	07173
5	1	1	23	1632835
4	0	3	24	87769
5	1	1	25	2522876
4	0	4	26	2027931
5	1	2	27	22366
4	0	1	28	510294
5	1	4	29	722598
4	0	2	30	344201
5	1	1	31	352876
5	0	2	0	1223932
4	1	1	1	235927
5	0	5	2	1327774
4	1	5	3	1428759
5	0	2	4	52155
4	1	2	5	1011633
5	0	1	6	410372
4	1	3	7	318711
5	0	1	8	64106
4	1	4	9	79271
5	0	1	10	32178
4	0	2	0	122000
5	1	5	1	226664
4	0	5	2	134893
5	1	3	3	144793
4	0	2	4	62327
5	1	3	5	234769
4	0	4	6	2419380
5	1	3	7	3362450
4	0	1	8	2119606
5	1	4	9	3211526
4	0	1	10	56200
5	1	1	11	292117
4	0	4	12	3016428
5	1	1	13	39307
4	0	5	14	715412
5	1	1	15	49558
4	0	3	16	82266
5	0	3	0	115857
4	1	2	1	232421
5	0	2	2	1332933
4	1	5	3	1413320
5	0	1	4	2245351
4	1	5	5	521370
5	0	4	6	321760
4	1	3	7	419943
5	0	5	8	123434
4	1	4	9	22809
5	0	2	10	102586
4	0	2	0	12913
5	1	3	1	134974
4	0	5	2	216290
5	1	4	3	37627
4	0	5	4	232525
5	1	1	5	226399
4	0	1	6	311759
5	1	5	7	423215
4	0	4	8	517516
5	1	2	9	1427112
4	0	3	10	1621097
5	1	2	11	174048
4	0	4	12	210132
5	1	2	13	307569
4	0	3	14	61892
5	1	5	15	722938
4	0	4	16	3424126
5	1	1	17	1947114
4	0	1	18	337528
5	1	2	19	324738
4	0	3	20	2412014
5	1	1	21	154568
4	0	2	22	268044
5	1	4	23	251554
4	0	4	24	1011896
5	1	1	25	2720864
4	0	2	26	1111714
5	1	3	27	91566
4	0	5	28	1726115
5	1	3	29	2934337
4	0	5	30	287727
5	1	2	31	1827622
4	0	1	32	04442
5	1	3	33	352551
5	0	4	0	227412
4	1	5	1	121647
5	0	2	2	218053
4	1	2	3	131084
5	0	4	4	2335355
4	1	3	5	206194
5	0	1	6	245623
4	0	1	0	221258
5	1	2	1	138245
4	0	2	2	1115322
5	1	3	3	1432196
4	0	1	4	159736
5	1	5	5	57303
4	0	2	6	231720
5	1	5	7	214788
4	0	3	8	292889
5	1	1	9	411722
4	0	2	10	2411068
5	1	3	11	254061
4	0	1	12	25925
5	1	4	13	204131
4	0	3	14	3110751
5	1	3	15	79360
4	0	4	16	64591
5	1	2	17	332602
4	0	1	18	3214143
5	1	5	19	306850
4	0	3	20	122493
6	0	3	0	225348
7	1	2	1	1423461
6	0	4	2	1314236
7	1	3	3	48566
6	0	3	4	245211
7	1	4	5	2333875
6	0	3	6	3111641
7	1	2	7	563098
6	0	3	8	323173
7	1	1	9	237223
6	0	3	10	163675
7	1	2	11	87614
6	0	3	12	710251
7	1	3	13	35954
7	0	2	0	219465
6	1	3	1	274834
7	0	4	2	2910735
6	1	5	3	137183
7	0	2	4	199945
6	1	3	5	92518
7	0	5	6	2029782
6	1	4	7	181687
7	0	1	8	223329
6	0	5	0	83743
7	1	2	1	1611817
6	0	4	2	173780
7	1	2	3	359658
6	0	3	4	76559
7	1	5	5	511188
6	0	2	6	1520831
7	1	1	7	2337991
6	0	1	8	144699
7	1	4	9	1222197
6	0	1	10	62562
7	1	3	11	3025565
6	0	1	12	246162
7	1	3	13	3312847
6	0	1	14	41977
7	1	3	15	349467
6	0	4	16	2110859
7	1	5	17	325323
7	0	4	0	136784
6	1	5	1	224261
7	0	4	2	1113769
6	1	4	3	122510
7	0	1	4	3215481
6	1	2	5	147196
7	0	1	6	3030264
6	1	2	7	3115937
7	0	4	8	2955061
6	1	3	9	289283
7	0	3	10	553649
6	1	2	11	214440
7	0	1	12	2015618
6	1	1	13	22027
7	0	2	14	823137
6	1	2	15	104665
7	0	5	16	3531455
6	1	5	17	13000
7	0	2	18	721580
6	1	2	19	191859
6	0	3	0	256260
7	1	5	1	159105
6	0	2	2	164654
7	1	5	3	345843
6	0	3	4	243876
7	1	3	5	325014
6	0	4	6	232229
7	0	5	0	202383
6	1	1	1	112284
7	0	3	2	411519
6	1	3	3	32598
7	0	4	4	2729681
6	1	1	5	192597
7	0	3	6	031615
6	1	5	7	122750
7	0	3	8	1054118
6	1	1	9	309753
7	0	5	10	217653
6	1	3	11	226461
7	0	2	12	3246069
6	1	4	13	139976
7	0	1	14	148105
6	1	5	15	238186
7	0	3	16	2434991
6	1	1	17	336335
6	0	4	0	201523
7	1	2	1	127655
6	0	5	2	2111785
7	1	1	3	2212343
6	0	2	4	24759
7	1	5	5	1112787
6	0	5	6	134234
7	1	2	7	2918884
6	0	1	8	104338
7	1	2	9	030850
6	0	1	10	329849
7	1	1	11	419471
6	0	4	12	195101
7	1	3	13	1812017
6	0	2	14	239549
7	1	4	15	338875
6	0	1	16	112231
7	1	2	17	2810604
6	0	4	18	149513
7	1	1	19	3259007
6	0	1	20	271420
7	1	1	21	3124753
6	0	4	22	301286
7	1	4	23	343250
7	0	1	0	204686
6	1	5	1	111677
7	0	1	2	237232
6	1	2	3	212563
7	0	3	4	319197
6	1	5	5	156952
7	0	4	6	339413
6	1	4	7	321937
7	0	5	8	1316285
6	1	5	9	31381
7	0	2	10	413771
6	1	5	11	2215482
7	0	4	12	1253279
6	1	3	13	148010
7	0	3	14	283183
6	0	1	0	132805
7	1	5	1	237081
6	0	2	2	221738
7	1	5	3	315460
6	0	2	4	321056
7	1	1	5	1511852
6	0	4	6	71430
7	1	1	7	2123648
6	0	5	8	113416
7	1	4	9	1259726
6	0	1	10	306028
7	1	1	11	1422847
6	0	4	12	1614941
7	1	1	13	2437984
6	0	2	14	3414045
7	1	5	15	255607
6	0	2	16	339027
7	1	3	17	266513
7	0	3	0	217023
6	1	2	1	114236
7	0	2	2	236548
6	1	5	3	221299
7	0	5	4	1314148
6	1	1	5	36076
7	0	5	6	158616
6	1	5	7	318667
7	0	2	8	259453
6	1	3	9	53305
7	0	1	10	1450467
6	1	2	11	1216311
7	0	3	12	1610706
6	0	5	0	202395
7	1	4	1	125728
6	0	4	2	112648
7	1	4	3	25443
6	0	4	4	224512
7	1	3	5	2111442
6	0	1	6	33251
7	1	4	7	1411966
6	0	5	8	196918
7	1	3	9	273725
6	0	2	10	305640
7	1	5	11	1545598
6	0	4	12	132998
7	1	5	13	1628490
6	0	3	14	172375
7	1	4	15	2525659
6	0	1	16	103544
7	1	4	17	015050
6	0	3	18	52821
7	1	1	19	1847056
6	0	4	20	92274
7	1	5	21	2430004
6	0	2	22	73521
7	1	4	23	441272
6	0	5	24	64047
7	1	2	25	342341
8	0	2	0	133871
9	1	2	1	273610
8	0	4	2	2128768
9	1	5	3	295404
8	0	4	4	1220092
9	1	1	5	3123442
8	0	4	6	1073780
9	1	3	7	116918
8	0	5	8	2027280
9	1	1	9	303164
8	0	5	10	286153
9	1	1	11	321423
9	0	1	0	226750
8	1	5	1	1028775
9	0	3	2	1212056
8	1	1	3	2923050
9	0	1	4	2140669
8	1	1	5	1838783
9	0	3	6	207779
8	1	4	7	1920398
9	0	4	8	232274
8	0	2	0	08810
9	1	4	1	2110969
8	0	3	2	205673
9	1	5	3	2336790
8	0	3	4	443355
9	1	5	5	1221848
8	0	1	6	340929
9	1	4	7	123513
8	0	3	8	3130503
9	1	1	9	1058415
8	0	3	10	2873468
9	1	3	11	1454237
8	0	4	12	1127408
9	1	3	13	2272285
8	0	5	14	2421597
9	1	1	15	322552
8	0	1	16	228816
9	1	3	17	54641
9	0	4	0	246896
8	1	3	1	128928
9	0	2	2	2013615
8	1	5	3	228486
9	0	5	4	3123068
8	1	1	5	2134437
9	0	2	6	1540565
8	1	2	7	657368
9	0	4	8	3054935
8	1	4	9	2989267
9	0	4	10	1635466
8	1	4	11	3286791
9	0	5	12	213741
8	1	1	13	561978
9	0	2	14	1315226
8	1	1	15	1421602
8	0	1	0	322670
9	1	3	1	413222
8	0	5	2	3311879
9	1	1	3	3034933
8	0	2	4	878077
9	1	2	5	1330856
8	0	3	6	3118489
9	1	2	7	3226147
8	0	2	8	2230740
9	1	4	9	1419347
8	0	2	10	15118271
9	1	5	11	759724
8	0	5	12	536920
9	1	2	13	2554652
8	0	2	14	23136634
9	1	5	15	347625
8	0	3	16	1618884
9	1	3	17	243220
10	0	3	0	135883
11	1	1	1	224344
10	0	4	2	234961
11	1	1	3	3022103
10	0	1	4	142417
11	1	5	5	329685
10	0	2	6	128136
11	1	3	7	1520398
10	0	4	8	1112105
11	0	2	0	13923
10	1	1	1	144108
11	0	5	2	226806
10	1	5	3	44538
11	0	1	4	2312800
10	1	4	5	242703
11	0	2	6	345136
10	1	5	7	3210346
11	0	2	8	2052088
10	1	3	9	214281
11	0	1	10	316024
10	1	3	11	331687
11	0	3	12	1544510
10	1	2	13	3111170
11	0	3	14	301947
10	1	1	15	1162911
10	0	1	0	143900
11	1	5	1	137670
10	0	5	2	222933
11	1	3	3	2311175
10	0	1	4	3019033
11	1	5	5	66324
10	0	4	6	215285
11	1	5	7	207107
10	0	5	8	3130081
11	1	3	9	2944049
10	0	4	10	1131165
11	1	1	11	14256
10	0	4	12	313076
11	1	3	13	127450
10	0	2	14	1914311
11	1	3	15	272345
10	0	5	16	3212366
11	1	2	17	332127
10	0	5	18	419032
11	1	4	19	2552993
10	0	2	20	2426912
11	1	5	21	342596
10	0	2	22	1624854
11	1	4	23	82272
10	0	2	24	1729144
11	1	1	25	158927
10	0	4	26	58075
11	1	3	27	22410
10	0	2	28	942929
11	1	3	29	108930
10	0	3	30	2818671
11	1	1	31	187833
10	0	2	32	02670
11	1	3	33	265742
10	0	1	34	351174
11	1	2	35	71064
11	0	2	0	221398
10	0	2	0	137120
11	1	3	1	202917
10	0	2	2	112599
11	1	4	3	127895
10	0	4	4	213231
11	1	1	5	418470
10	0	5	6	281336
11	1	5	7	3116443
10	0	4	8	293265
11	1	4	9	56914
10	0	2	10	1915247
11	1	5	11	34033
10	0	3	12	28993
11	1	1	13	61229
11	0	4	0	133503
10	1	1	1	122715
11	0	5	2	245111
10	1	1	3	211897
11	0	1	4	3117138
10	1	2	5	223576
11	0	2	6	339582
10	1	2	7	3216077
11	0	2	8	22912
10	1	4	9	1410778
11	0	2	10	643441
10	1	4	11	233071
11	0	5	12	151638
10	0	3	0	137500
11	1	4	1	204500
10	0	5	2	2110913
11	1	4	3	211039
10	0	1	4	111876
11	1	1	5	316813
10	0	5	6	127007
11	1	1	7	358610
10	0	1	8	101022
11	0	1	0	132533
10	1	5	1	237259
11	0	3	2	116351
10	1	3	3	217034
11	0	2	4	123999
10	1	1	5	51826
11	0	4	6	141276
10	0	1	0	213792
11	0	4	0	147975
10	1	5	1	222518
11	0	3	2	165663
10	1	3	3	154861
11	0	4	4	348993
10	1	2	5	2414113
11	0	5	6	2126720
10	1	3	7	2529527
11	0	1	8	2311948
10	1	3	9	3385859
11	0	4	10	62802
10	1	4	11	1039193
11	0	4	12	1122317
10	1	2	13	1327401
11	0	3	14	57924
10	1	4	15	3235454
11	0	1	16	45408
10	1	4	17	78235
11	0	1	18	31658
10	0	2	0	133867
11	1	3	1	242892
10	0	5	2	213113
11	1	4	3	2521679
10	0	4	4	235686
11	1	4	5	412329
10	0	3	6	535100
11	1	2	7	296624
10	0	4	8	321345
11	1	2	9	336978
10	0	2	10	1450756
11	1	2	11	328278
10	0	4	12	122161
11	1	5	13	319031
10	0	3	14	111629
11	0	4	0	141775
10	1	3	1	135319
11	0	5	2	249430
10	1	3	3	234933
11	0	3	4	1217830
10	1	3	5	2120025
11	0	5	6	2041631
10	1	1	7	49428
11	0	4	8	642922
10	1	5	9	336951
11	0	2	10	171492
10	1	5	11	333417
10	0	3	0	133631
11	1	1	1	226676
10	0	1	2	2312807
11	1	2	3	1512490
10	0	5	4	510984
11	1	5	5	1912104
10	0	5	6	2118932
11	1	2	7	291780
10	0	1	8	36323
11	1	5	9	3314035
10	0	1	10	122228
11	1	3	11	249443
10	0	1	12	306110
12	0	3	0	276623
13	1	2	1	287224
12	0	5	2	1826587
13	1	2	3	07765
12	0	2	4	96881
13	1	1	5	108444
12	0	3	6	206548
13	1	2	7	110239
12	0	1	8	193799
13	1	5	9	211804
12	0	3	10	296940
13	1	1	11	226083
12	0	2	12	33737
13	1	4	13	113800
12	0	4	14	127836
13	1	5	15	3024048
12	0	3	16	314255
13	1	5	17	1316713
12	0	5	18	49593
13	1	1	19	67849
12	0	5	20	148816
13	1	1	21	2414427
12	0	3	22	238042
13	1	2	23	326942
12	0	5	24	158453
13	1	1	25	75065
12	0	1	26	1610592
13	1	5	27	171702
12	0	2	28	58382
13	1	1	29	3529137
12	0	4	30	264628
13	1	3	31	3415796
12	0	4	32	334007
13	1	5	33	259042
12	0	1	34	88629
13	1	5	35	222879
13	0	2	0	2746642
12	1	3	1	1813634
13	0	3	2	1110946
12	1	1	3	195005
13	0	4	4	201990
12	1	3	5	293923
13	0	3	6	105128
12	1	3	7	92827
13	0	3	8	2121030
12	1	3	9	287040
13	0	1	10	129351
12	1	1	11	132827
13	0	1	12	314221
12	1	4	13	13956
13	0	3	14	308921
12	1	4	15	33557
13	0	5	16	24932
12	1	3	17	2313786
13	0	3	18	333428
12	1	3	19	323532
13	0	3	20	58386
12	1	2	21	2211839
13	0	1	22	245924
12	1	3	23	158053
13	0	4	24	67320
12	1	1	25	1615924
13	0	2	26	142000
12	1	1	27	347628
13	0	2	28	79738
12	1	1	29	418127
13	0	5	30	81791
12	0	5	0	277025
13	1	3	1	2513354
12	0	2	2	224844
13	1	5	3	1417920
12	0	2	4	123532
13	1	3	5	329776
12	0	1	6	304409
13	1	3	7	214089
12	0	5	8	208387
13	1	3	9	288971
12	0	2	10	104825
13	1	2	11	01277
12	0	2	12	116568
13	1	4	13	916486
12	0	2	14	132392
13	0	4	0	275072
12	1	1	1	133312
13	0	5	2	1116827
12	1	2	3	56034
13	0	2	4	215468
12	1	4	5	232237
13	0	4	6	149907
12	1	4	7	315231
13	0	2	8	1512557
12	1	1	9	3315392
13	0	2	10	33670
12	1	4	11	124014
13	0	4	12	194924
12	0	2	0	215746
13	1	1	1	305504
12	0	1	2	112638
13	1	1	3	314883
12	0	5	4	132013
13	1	3	5	126430
12	0	3	6	32368
13	1	4	7	296703
12	0	5	8	282360
13	1	5	9	321855
13	0	2	0	2612659
12	1	5	1	254288
13	0	2	2	2422368
12	1	2	3	141927
13	0	3	4	1610753
12	1	1	5	158934
13	0	4	6	137927
12	1	5	7	353538
13	0	2	8	51206
12	1	5	9	87724
13	0	4	10	2221137
12	1	3	11	313059
13	0	3	12	217939
12	1	4	13	2310830
13	0	5	14	292060
12	0	4	0	223110
13	1	4	1	124360
12	0	2	2	72770
13	1	2	3	412448
12	0	3	4	123025
13	1	3	5	213771
12	0	3	6	32563
13	1	5	7	213951
12	0	2	8	1411050
13	1	1	9	1314117
12	0	2	10	304173
13	1	4	11	61852
12	0	3	12	2418734
13	1	4	13	2316190
12	0	1	14	3221721
13	1	2	15	318814
12	0	2	16	1514123
13	1	2	17	169196
12	0	4	18	337798
13	1	1	19	3518497
12	0	1	20	113335
13	1	1	21	1017149
12	0	2	22	197849
13	1	5	23	275741
12	0	5	24	2914369
13	1	1	25	1725461
12	0	5	26	265945
13	1	5	27	511230
12	0	2	28	256077
13	1	5	29	182020
12	0	1	30	203081
13	1	4	31	345096
12	0	4	32	282151
13	1	3	33	95911
12	0	5	34	02178
13	1	5	35	8927
13	0	3	0	2712484
12	1	5	1	195646
13	0	1	2	2818352
12	1	1	3	291600
13	0	5	4	208260
12	1	2	5	122524
13	0	3	6	119523
12	1	1	7	22282
13	0	1	8	225610
12	1	4	9	217684
13	0	2	10	34829
12	1	3	11	47453
13	0	5	12	106219
12	1	1	13	93746
13	0	3	14	06469
12	1	2	15	307773
13	0	4	16	3235345
12	1	4	17	243808
13	0	4	18	314806
12	1	3	19	133278
13	0	1	20	148498
12	1	3	21	232257
13	0	3	22	55635
12	1	4	23	252406
13	0	1	24	261601
12	1	3	25	332785
13	0	3	26	157487
12	1	1	27	165371
13	0	4	28	73450
12	1	2	29	89810
13	0	1	30	1719765
12	1	1	31	62148
13	0	4	32	341054
12	1	2	33	352963
13	0	1	34	182415
12	1	1	35	11492
12	0	5	0	272954
13	1	3	1	196570
12	0	3	2	111669
13	1	4	3	32960
12	0	5	4	131986
13	1	2	5	231865
12	0	4	6	212858
13	1	1	7	121324
12	0	4	8	201980
13	1	2	9	227947
12	0	4	10	42317
13	1	5	11	116289
12	0	3	12	01457
13	1	3	13	226129
12	0	4	14	102280
13	1	5	15	302484
12	0	1	16	147675
13	1	2	17	2413325
12	0	2	18	252748
13	1	2	19	511698
12	0	1	20	322520
13	1	4	21	159898
12	0	3	22	314227
13	1	1	23	336508
12	0	5	24	62146
13	1	3	25	98038
12	0	5	26	1616584
13	1	2	27	73133
12	0	5	28	353585
13	1	4	29	176508
12	0	4	30	263852
13	1	4	31	346944
12	0	2	32	83060
13	1	2	33	291095
12	0	1	34	282975
13	1	4	35	18669
13	0	2	0	276911
12	1	3	1	193194
13	0	3	2	289184
12	1	5	3	113017
13	0	4	4	126247
12	1	5	5	221968
13	0	4	6	214376
12	1	2	7	301407
13	0	5	8	204337
12	1	2	9	292355
13	0	4	10	41660
12	0	5	0	222770
13	1	4	1	275670
12	0	1	2	192439
13	1	5	3	205342
12	0	4	4	111624
13	1	3	5	1212038
12	0	2	6	14609
13	1	2	7	49948
12	0	2	8	282972
13	1	1	9	102308
12	0	1	10	213980
13	1	4	11	312332
12	0	4	12	296835
13	1	2	13	020042
12	0	4	14	302145
13	1	5	15	515065
12	0	2	16	33085
13	1	3	17	2313476
12	0	4	18	141370
13	1	5	19	719183
12	0	3	20	62573
13	0	1	0	278707
12	1	3	1	213916
13	0	2	2	209816
12	1	4	3	112773
13	0	5	4	315535
12	1	5	5	131286
13	0	5	6	126444
12	1	5	7	2976
13	0	2	8	51082
12	1	3	9	223088
13	0	5	10	235461
12	1	3	11	31742
13	0	1	12	46297
12	1	5	13	22020
13	0	4	14	281582
12	0	2	0	221788
13	1	3	1	273870
12	0	1	2	281713
13	1	5	3	193042
12	0	4	4	111234
13	1	3	5	219553
12	0	4	6	201191
13	1	1	7	121661
12	0	4	8	32731
13	1	5	9	211487
12	0	5	10	11542
13	1	4	11	1324972
12	0	1	12	144949
13	1	1	13	57342
12	0	4	14	293001
13	1	1	15	302923
12	0	3	16	45728
13	1	1	17	349987
12	0	4	18	243696
13	1	3	19	2524142
12	0	5	20	162000
13	1	4	21	3214947
12	0	4	22	1512145
13	1	2	23	171517
12	0	2	24	316447
13	1	5	25	3314338
12	0	5	26	353879
13	1	1	27	714083
12	0	1	28	63231
13	1	3	29	912226
12	0	1	30	264825
13	1	2	31	02926
12	0	5	32	232276
13	1	1	33	181153
14	0	1	0	235823
15	1	3	1	126287
14	0	5	2	134808
15	1	5	3	33927
14	0	4	4	31700
15	1	5	5	226280
14	0	4	6	333394
15	1	2	7	202952
14	0	4	8	156262
15	1	1	9	211593
14	0	1	10	71670
15	0	4	0	224208
14	1	4	1	141888
15	0	1	2	121964
14	1	1	3	322649
15	0	3	4	232676
14	1	2	5	241151
15	0	1	6	343525
14	1	4	7	161721
15	0	3	8	81633
14	1	3	9	153487
15	0	2	10	172418
14	1	1	11	13741
14	0	2	0	233428
15	1	4	1	215201
14	0	5	2	312211
15	1	1	3	151903
14	0	3	4	331099
15	1	3	5	321729
14	0	2	6	131974
15	1	2	7	32579
14	0	1	8	223375
15	1	3	9	41697
14	0	1	10	241027
15	1	4	11	252473
14	0	2	12	57580
15	1	1	13	710443
14	0	2	14	1414282
15	1	2	15	1213484
14	0	3	16	305416
15	1	3	17	344693
14	0	2	18	66622
15	0	3	0	126587
14	1	3	1	241810
15	0	4	2	233949
14	1	2	3	14938
15	0	4	4	341776
14	1	1	5	164427
15	0	5	6	213916
14	1	1	7	8970
15	0	5	8	321398
14	1	4	9	15745
15	0	4	10	171497
14	1	2	11	13970
14	0	5	0	146045
15	1	4	1	222757
14	0	4	2	246310
15	1	5	3	345427
14	0	5	4	16935
15	1	1	5	176300
14	0	1	6	322192
15	1	5	7	82343
14	0	3	8	155973
15	1	3	9	131954
14	0	2	10	333945
15	1	5	11	61880
14	0	1	12	234943
15	1	3	13	51849
14	0	3	14	75944
15	1	1	15	48765
14	0	5	16	312343
15	0	2	0	115124
14	1	5	1	141485
15	0	4	2	213766
14	1	2	3	224947
15	0	1	4	124551
14	1	5	5	242794
15	0	2	6	134056
14	1	1	7	103596
15	0	5	8	42630
14	1	1	9	234786
15	0	3	10	252277
14	1	3	11	3015065
15	0	4	12	68089
14	1	1	13	53699
15	0	1	14	323315
14	1	4	15	206290
15	0	2	16	04010
14	1	4	17	3114050
15	0	1	18	295601
14	1	4	19	168777
15	0	3	20	154339
14	1	5	21	3310755
15	0	2	22	215939
14	1	3	23	118268
15	0	4	24	282111
14	1	5	25	83493
15	0	2	26	264839
14	1	4	27	186997
15	0	3	28	192078
14	1	3	29	32821
15	0	1	30	94688
14	1	5	31	347143
15	0	3	32	352794
14	1	5	33	17928
15	0	2	34	272064
14	1	3	35	71685
14	0	5	0	232557
15	1	2	1	143079
14	0	3	2	131803
15	1	3	3	331804
14	0	4	4	2110980
15	1	4	5	222301
14	0	4	6	113210
15	1	3	7	3012314
14	0	5	8	62929
15	1	2	9	315942
14	0	1	10	321175
15	1	4	11	127579
14	0	3	12	1918320
15	1	5	13	293368
14	0	4	14	37785
15	1	3	15	281878
15	0	5	0	222579
14	1	3	1	142232
15	0	4	2	125875
14	1	5	3	322132
15	0	1	4	236104
14	1	5	5	24923
15	0	5	6	164210
14	1	1	7	34972
15	0	2	8	43265
14	1	5	9	33470
15	0	3	10	312581
14	1	5	11	351370
14	0	1	0	232565
15	1	4	1	131743
14	0	3	2	155800
15	1	1	3	311682
14	0	4	4	251219
15	1	5	5	246669
14	0	5	6	516725
15	1	5	7	351961
14	0	4	8	79773
15	1	4	9	2211080
14	0	5	10	43142
15	1	2	11	62672
14	0	1	12	1417945
15	1	3	13	322630
14	0	1	14	16683
15	1	5	15	341834
14	0	4	16	17619
15	0	1	0	165459
14	1	3	1	195680
15	0	5	2	246199
14	1	2	3	211092
15	0	1	4	145623
14	1	3	5	207109
15	0	2	6	221516
14	1	2	7	181240
14	0	3	0	192416
15	1	2	1	291937
14	0	1	2	211694
15	1	2	3	201676
14	0	1	4	111603
15	1	3	5	122103
14	0	5	6	11706
15	1	5	7	311301
14	0	3	8	38500
15	1	1	9	285873
14	0	5	10	308340
15	1	1	11	41498
15	0	2	0	225008
14	1	4	1	197365
15	0	1	2	205433
14	1	3	3	211891
15	0	3	4	304001
14	1	1	5	1110229
15	0	2	6	127302
14	1	4	7	3213052
15	0	2	8	286236
14	1	4	9	41568
15	0	2	10	292534
14	1	2	11	311310
15	0	5	12	271222
14	0	4	0	132743
15	1	1	1	312751
14	0	1	2	232133
15	1	1	3	332678
14	0	5	4	3220027
15	1	4	5	147250
14	0	3	6	211117
15	1	2	7	229625
14	0	2	8	299734
15	1	5	9	52848
14	0	2	10	118330
15	1	3	11	3013777
14	0	1	12	65638
15	1	4	13	210118
14	0	5	14	1923434
15	1	5	15	2012023
14	0	4	16	34692
15	1	5	17	272030
14	0	2	18	108426
15	1	4	19	121789
14	0	3	20	14727
15	1	5	21	282327
14	0	1	22	41773
15	1	4	23	917861
14	0	2	24	2454
15	1	1	25	03333
14	0	3	26	18582
15	1	1	27	163111
14	0	2	28	263097
15	1	1	29	83081
14	0	1	30	251478
15	0	3	0	223349
14	1	2	1	134117
15	0	5	2	245417
14	1	4	3	232050
15	0	4	4	336225
14	1	2	5	144714
15	0	1	6	327163
14	1	4	7	317519
15	0	4	8	152989
14	1	3	9	62289
15	0	4	10	129279
14	1	5	11	2119852
15	0	5	12	21431
14	0	4	0	223317
15	1	2	1	311941
14	0	2	2	131822
15	1	4	3	233810
14	0	2	4	152480
15	1	4	5	145885
14	0	2	6	329680
15	1	2	7	219013
14	0	2	8	116608
15	1	3	9	123154
14	0	1	10	2417206
15	1	1	11	3012852
14	0	4	12	32100
15	1	1	13	292728
14	0	3	14	282538
15	1	1	15	2010051
14	0	1	16	195198
15	1	3	17	101828
14	0	2	18	271825
15	0	2	0	114028
14	1	5	1	245338
15	0	3	2	135122
14	1	5	3	256832
15	0	1	4	232248
14	1	3	5	144523
15	0	3	6	334724
14	1	3	7	31601
15	0	2	8	45023
14	1	5	9	127480
15	0	2	10	212878
14	1	1	11	57979
15	0	3	12	221245
14	1	2	13	3110622
15	0	4	14	201201
14	0	5	0	46051
15	1	5	1	202604
14	0	3	2	13935
15	1	1	3	221339
14	0	2	4	216035
15	1	2	5	143968
14	0	3	6	53865
15	1	5	7	292605
14	0	5	8	117019
15	1	2	9	123769
14	0	2	10	31768
15	1	3	11	21480
14	0	5	12	323627
15	1	4	13	61299
14	0	3	14	303736
15	1	3	15	3312404
14	0	3	16	1915462
15	1	1	17	272327
14	0	3	18	13585
15	1	4	19	311646
14	0	1	20	2411510
15	1	4	21	814021
14	0	4	22	353612
15	1	1	23	165248
14	0	5	24	157778
15	1	2	25	346200
14	0	3	26	251845
15	0	5	0	106597
14	1	4	1	248043
15	0	1	2	302269
14	1	5	3	42306
15	0	1	4	276085
14	1	1	5	86315
15	0	2	6	128930
14	1	3	7	3212476
15	0	3	8	162494
14	1	3	9	144047
15	0	5	10	342172
14	1	2	11	228132
15	0	5	12	235940
14	1	1	13	68993
15	0	5	14	77290
14	1	5	15	254473
15	0	3	16	1112097
14	1	2	17	1517416
15	0	5	18	131346
14	0	4	0	236135
15	1	1	1	111600
14	0	3	2	25751
15	1	5	3	242116
14	0	4	4	207493
15	1	2	5	135002
14	0	4	6	121422
15	1	1	7	44959
14	0	1	8	221354
15	1	2	9	212294
14	0	2	10	32971
15	1	3	11	22318
14	0	4	12	14982
15	1	5	13	51759
14	0	1	14	33254
15	1	2	15	305840
14	0	5	16	2914513
15	1	3	17	317518
14	0	2	18	12970
15	1	3	19	64870
14	0	2	20	71320
15	1	4	21	333112
14	0	2	22	15832
15	1	2	23	161785
14	0	5	24	1911052
15	1	4	25	106151
14	0	4	26	96724
15	1	4	27	274552
14	0	1	28	187286
15	1	4	29	02655
14	0	1	30	283881
15	1	1	31	171916
14	0	1	32	341544
15	1	5	33	26973
14	0	5	34	35858
15	1	4	35	81428
15	0	5	0	113376
14	1	4	1	131008
15	0	5	2	312517
14	1	3	3	153453
15	0	3	4	298029
14	1	2	5	142874
15	0	4	6	162818
14	1	4	7	121310
14	0	2	0	227556
15	1	1	1	1581
14	0	4	2	242991
15	1	5	3	234741
14	0	4	4	144427
15	1	2	5	133550
14	0	2	6	3215839
15	1	4	7	166216
14	0	3	8	344885
15	1	4	9	42076
14	0	5	10	331465
15	1	3	11	313277
14	0	1	12	351884
16	0	3	0	09405
17	1	5	1	227848
16	0	4	2	1014840
17	1	3	3	204209
16	0	3	4	211609
17	1	2	5	417030
16	0	1	6	318378
17	1	1	7	1110100
16	0	4	8	86751
17	1	1	9	2825445
16	0	2	10	122760
17	1	2	11	316266
16	0	4	12	236012
17	1	5	13	154958
16	0	3	14	3014503
17	1	5	15	2919886
16	0	1	16	23610
17	1	2	17	327485
17	0	5	0	84816
16	1	3	1	124945
17	0	5	2	3210130
16	1	1	3	47039
17	0	4	4	55956
16	1	2	5	22788
17	0	3	6	3514319
16	1	5	7	115138
17	0	1	8	1516355
16	1	4	9	254689
17	0	3	10	2311356
16	1	3	11	142018
17	0	1	12	135443
16	1	5	13	1912145
17	0	4	14	3127551
16	1	1	15	37546
17	0	1	16	71686
16	0	1	0	306869
17	1	1	1	85491
16	0	2	2	217384
17	1	5	3	329231
16	0	1	4	114187
17	1	3	5	57448
16	0	3	6	353921
17	1	5	7	166700
16	0	1	8	244873
17	1	2	9	618954
16	0	1	10	73154
17	1	3	11	312995
16	0	3	12	43158
17	1	3	13	148313
16	0	5	14	231565
17	1	3	15	222568
16	0	2	16	125744
17	1	4	17	1334831
16	0	3	18	153546
17	1	3	19	2813101
16	0	4	20	312156
17	0	4	0	45436
16	1	5	1	02868
17	0	2	2	347845
16	1	5	3	271819
17	0	3	4	287466
16	1	2	5	37601
17	0	2	6	147046
16	1	3	7	243181
17	0	1	8	316695
16	1	4	9	224311
17	0	4	10	2910640
16	1	3	11	303288
17	0	2	12	78640
16	1	5	13	256182
17	0	2	14	232475
16	1	4	15	214862
17	0	5	16	153384
16	0	3	0	132231
17	1	2	1	273640
16	0	3	2	293441
17	1	3	3	3511659
16	0	5	4	55088
17	1	5	5	211689
16	0	1	6	43214
17	1	4	7	3113098
16	0	2	8	222433
17	1	4	9	121232
16	0	4	10	111332
17	1	2	11	028167
16	0	3	12	302434
17	1	4	13	3222724
16	0	4	14	64609
17	1	4	15	36865
16	0	5	16	71630
17	0	1	0	83434
16	1	1	1	343414
17	0	5	2	58877
16	1	5	3	413572
17	0	2	4	148425
16	1	5	5	311966
17	0	4	6	715687
16	1	2	7	61923
17	0	1	8	248756
16	1	1	9	329466
17	0	3	10	331677
16	1	2	11	221795
17	0	4	12	132197
16	1	3	13	23316
17	0	1	14	123888
16	1	4	15	111336
17	0	2	16	151235
16	0	2	0	273887
17	1	4	1	324483
16	0	2	2	188019
17	1	2	3	312019
16	0	2	4	194095
17	1	3	5	333588
16	0	1	6	303276
17	1	2	7	341713
17	0	1	0	43772
16	1	2	1	132729
17	0	5	2	202726
16	1	5	3	121988
17	0	5	4	243986
16	1	2	5	143387
16	0	1	0	285355
17	1	2	1	358370
16	0	3	2	203838
17	1	3	3	57006
16	0	3	4	153871
17	1	1	5	412788
16	0	2	6	3013037
17	1	3	7	610410
16	0	5	8	321445
17	1	1	9	71704
17	0	3	0	335718
16	1	5	1	322807
17	0	4	2	37970
16	1	1	3	232828
17	0	5	4	410350
16	1	5	5	54035
17	0	5	6	142011
16	1	4	7	248112
17	0	2	8	211590
16	1	1	9	12337
17	0	2	10	1314979
16	1	5	11	1512205
17	0	5	12	126063
16	1	5	13	112069
17	0	4	14	2831571
16	1	2	15	202559
16	0	5	0	1311003
17	1	3	1	3110210
16	0	1	2	225076
17	1	1	3	323692
16	0	2	4	212942
17	1	5	5	304681
16	0	4	6	295623
17	1	1	7	331319
17	0	2	0	83217
16	1	3	1	165988
17	0	4	2	3110337
16	1	3	3	172557
17	0	5	4	322813
16	1	3	5	333961
17	0	1	6	712129
16	1	2	7	155119
17	0	2	8	144369
16	1	5	9	243670
17	0	4	10	64373
16	1	3	11	51550
17	0	3	12	307394
16	1	4	13	292242
17	0	1	14	221905
16	0	2	0	195617
17	1	3	1	315209
16	0	5	2	1111061
17	1	4	3	304400
16	0	4	4	2911761
17	1	3	5	013314
16	0	1	6	205243
17	1	1	7	28458
16	0	5	8	212154
17	1	1	9	2262562
16	0	2	10	182731
17	0	2	0	413900
16	1	2	1	33214
17	0	3	2	343804
16	1	1	3	144716
17	0	5	4	282243
16	1	1	5	131793
17	0	5	6	3113520
16	1	2	7	239406
17	0	3	8	333824
16	1	3	9	321415
17	0	4	10	53657
16	1	3	11	125920
17	0	5	12	1115285
16	1	2	13	151869
16	0	3	0	213989
17	1	4	1	48138
16	0	1	2	315619
17	1	5	3	33679
16	0	5	4	301138
17	1	1	5	24834
16	0	5	6	12347
17	1	4	7	51502
17	0	5	0	139122
16	1	4	1	225722
17	0	3	2	121855
16	1	1	3	141117
17	0	2	4	2818551
16	1	4	5	59544
17	0	1	6	116472
16	1	4	7	101755
17	0	1	8	2010332
16	1	1	9	42259
17	0	4	10	1914970
16	1	4	11	25742
17	0	4	12	34873
16	1	2	13	212483
17	0	1	14	272757
16	0	1	0	135398
17	1	2	1	48820
16	0	4	2	298220
17	1	4	3	33519
16	0	3	4	25764
17	1	3	5	3418855
16	0	4	6	53475
17	1	3	7	217616
16	0	1	8	127564
17	1	1	9	2419653
16	0	4	10	141199
17	1	2	11	1114375
16	0	1	12	151812
17	0	5	0	227939
16	1	5	1	1810106
17	0	4	2	204621
16	1	5	3	215242
17	0	3	4	328879
16	1	4	5	27623
17	0	2	6	248869
16	1	4	7	234253
17	0	1	8	1418660
16	1	1	9	44275
17	0	4	10	308799
16	1	3	11	85661
17	0	1	12	61845
16	0	5	0	02355
17	1	5	1	317936
16	0	4	2	96716
17	1	2	3	303426
16	0	4	4	291705
17	1	4	5	3546054
16	0	2	6	2210531
17	1	2	7	518951
16	0	2	8	322589
17	1	1	9	29325
16	0	3	10	2524994
17	1	5	11	1226853
16	0	2	12	219853
17	1	5	13	2040230
16	0	4	14	233866
17	1	3	15	244435
16	0	5	16	289071
18	0	3	0	1058703
19	1	2	1	316240
18	0	2	2	305134
19	1	1	3	203058
18	0	1	4	285356
19	1	4	5	216851
18	0	4	6	2912530
19	1	4	7	272694
18	0	1	8	198419
19	1	2	9	11971
18	0	5	10	116430
19	1	1	11	229853
18	0	3	12	231922
19	1	5	13	1319075
18	0	2	14	41902
19	1	1	15	3235585
18	0	1	16	1228028
19	1	3	17	1631304
18	0	5	18	92200
19	0	4	0	228166
18	1	5	1	139522
19	0	4	2	1910129
18	1	2	3	212640
19	0	1	4	295333
18	1	2	5	116536
19	0	2	6	319233
18	1	3	7	1210720
19	0	1	8	102669
18	1	5	9	141201
18	0	4	0	224033
19	1	1	1	219255
18	0	3	2	1214806
19	1	1	3	325724
18	0	3	4	148739
19	1	4	5	132530
18	0	3	6	3010800
19	1	4	7	64100
18	0	1	8	2016820
19	1	1	9	2924241
18	0	3	10	52392
19	1	2	11	3123572
18	0	1	12	1016068
19	1	5	13	06659
18	0	4	14	114569
19	1	3	15	99227
18	0	3	16	2842714
19	1	5	17	48262
18	0	4	18	277472
19	1	5	19	1926932
18	0	4	20	2539628
19	1	4	21	2311996
18	0	2	22	336111
19	1	2	23	1544437
18	0	5	24	72949
19	1	5	25	1610412
19	0	5	0	201852
18	1	4	1	116826
19	0	2	2	288821
18	1	3	3	124527
19	0	1	4	109794
18	1	3	5	196709
19	0	2	6	306817
18	1	5	7	02463
19	0	5	8	277430
18	1	4	9	292294
19	0	3	10	2216678
18	1	2	11	1421716
19	0	4	12	134140
18	1	2	13	451994
19	0	3	14	3346760
18	1	1	15	2318634
19	0	3	16	3224030
18	1	1	17	312703
19	0	5	18	2420119
18	1	4	19	1526706
19	0	3	20	74715
18	1	1	21	550720
19	0	2	22	349091
18	1	3	23	1619794
19	0	3	24	173844
18	1	1	25	251406
19	0	4	26	355650
18	1	5	27	344561
19	0	2	28	2617444
18	1	5	29	83056
18	0	3	0	225135
19	1	4	1	146878
18	0	1	2	1221240
19	1	3	3	324658
18	0	1	4	2018893
19	1	5	5	234600
18	0	3	6	53808
19	1	2	7	420718
18	0	3	8	1133964
19	1	3	9	315216
18	0	1	10	1016761
19	1	3	11	91718
18	0	5	12	131204
19	0	3	0	2211329
18	1	3	1	127897
19	0	4	2	2310033
18	1	5	3	2110259
19	0	4	4	3116145
18	1	1	5	1313403
19	0	2	6	1432286
18	1	4	7	533585
19	0	1	8	295394
18	1	3	9	302586
19	0	1	10	34672
18	1	5	11	2055906
19	0	3	12	2427017
18	1	5	13	252829
19	0	1	14	1520532
18	1	3	15	75001
19	0	3	16	349258
18	1	4	17	45955
19	0	5	18	62751
18	1	2	19	336472
19	0	2	20	2816653
18	1	3	21	104395
19	0	5	22	112361
18	1	5	23	02112
18	0	5	0	225647
19	1	2	1	1412443
18	0	3	2	2331555
19	1	3	3	247187
18	0	4	4	125133
19	1	5	5	326784
18	0	1	6	2029012
19	1	4	7	417101
18	0	4	8	214778
19	0	4	0	235836
18	1	4	1	1319606
19	0	1	2	2418693
18	1	2	3	223951
19	0	3	4	314030
18	1	5	5	1221028
19	0	1	6	149683
18	1	4	7	3232232
19	0	5	8	24977
18	1	2	9	439008
19	0	2	10	1544883
18	1	5	11	72906
19	0	1	12	67213
18	1	2	13	333365
19	0	4	14	358327
18	1	4	15	254424
19	0	3	16	169990
18	1	5	17	172429
19	0	1	18	2813689
18	1	1	19	1016369
19	0	5	20	116084
18	1	2	21	209540
19	0	4	22	3020118
18	1	1	23	293011
19	0	2	24	135022
18	1	1	25	213460
19	0	2	26	191431
18	1	2	27	52325
18	0	1	0	136756
19	1	2	1	242856
18	0	2	2	2113107
19	1	4	3	293027
18	0	1	4	115272
19	1	2	5	3111923
18	0	2	6	122753
19	1	5	7	1422469
18	0	4	8	102113
19	0	1	0	232719
18	1	2	1	137161
19	0	3	2	2112500
18	1	4	3	223778
19	0	3	4	313880
18	1	3	5	117061
19	0	5	6	1510969
18	1	2	7	72641
19	0	2	8	146456
18	1	2	9	533655
19	0	1	10	618271
18	1	5	11	2432999
19	0	4	12	3230152
18	1	4	13	1250527
19	0	3	14	109734
18	1	2	15	3010832
19	0	5	16	1942308
18	1	1	17	2824769
19	0	3	18	2026514
18	1	5	19	183625
19	0	5	20	3346656
18	1	5	21	342788
19	0	2	22	1626312
18	1	4	23	172087
19	0	1	24	425287
18	1	3	25	2719829
19	0	1	26	293968
18	0	2	0	1320330
19	1	4	1	235118
18	0	2	2	3129915
19	1	4	3	227439
18	0	4	4	211848
19	1	5	5	514287
18	0	5	6	117684
19	1	1	7	12586
18	0	4	8	122246
19	1	5	9	144809
18	0	1	10	101480
20	0	2	0	312806
21	0	1	0	1313161
20	1	2	1	124955
21	0	5	2	216834
20	1	4	3	226285
21	0	3	4	328449
20	1	3	5	146708
21	0	1	6	233669
20	1	4	7	613199
21	0	4	8	303188
20	1	1	9	313781
21	0	3	10	39464
20	1	2	11	335083
21	0	1	12	28097
20	1	2	13	248550
21	0	3	14	410182
20	1	1	15	151430
20	0	2	0	223003
21	1	1	1	254440
20	0	4	2	1312705
21	1	3	3	45891
20	0	1	4	129016
21	1	4	5	242598
20	0	2	6	238340
21	1	5	7	148775
20	0	3	8	342407
21	1	4	9	336264
20	0	5	10	3214015
21	1	5	11	211309
20	0	5	12	218516
21	1	3	13	203382
20	0	1	14	311341
21	1	1	15	303098
20	0	4	16	2915323
21	1	4	17	54798
20	0	2	18	1111436
21	1	2	19	105197
20	0	5	20	07531
21	1	2	21	121260
20	0	5	22	154302
21	1	4	23	3110363
20	0	5	24	192748
21	1	5	25	272856
21	0	4	0	226040
20	1	3	1	13134
21	0	3	2	211484
20	1	2	3	234054
21	0	1	4	202904
20	1	4	5	191741
21	0	2	6	109446
20	1	5	7	33359
21	0	2	8	332228
20	1	1	9	113437
21	0	5	10	272640
20	1	4	11	301633
21	0	5	12	127717
20	1	2	13	410214
21	0	4	14	1417670
20	1	3	15	53036
21	0	4	16	62933
20	1	5	17	22683
20	0	5	0	221785
21	1	1	1	141580
20	0	1	2	127128
21	1	5	3	24580
20	0	2	4	46747
21	1	3	5	204852
20	0	2	6	133913
21	1	2	7	312299
20	0	5	8	115257
21	1	4	9	102004
20	0	3	10	303430
21	1	2	11	2314210
20	0	2	12	218218
21	1	5	13	32218
20	0	3	14	55074
21	1	4	15	1516239
20	0	1	16	292716
21	0	1	0	33980
20	1	2	1	135178
21	0	2	2	43430
20	1	5	3	51533
21	0	3	4	122044
20	1	4	5	212649
21	0	4	6	292539
20	1	5	7	201736
21	0	3	8	114560
20	1	2	9	193399
21	0	3	10	226274
20	1	3	11	181698
20	0	3	0	221932
21	1	5	1	231751
20	0	4	2	142600
21	1	1	3	153528
20	0	5	4	63907
21	1	5	5	163586
20	0	3	6	303433
21	0	1	0	131424
20	1	3	1	231485
21	0	4	2	122193
20	1	1	3	141073
21	0	1	4	52314
20	1	1	5	213218
21	0	3	6	205702
20	1	1	7	47847
21	0	1	8	229140
20	1	3	9	244102
21	0	3	10	342579
20	1	5	11	317987
21	0	4	12	324428
20	1	2	13	22584
21	0	2	14	339575
20	1	1	15	352025
21	0	5	16	116111
20	1	3	17	102598
21	0	5	18	196987
20	1	1	19	34461
21	0	2	20	12674
20	1	5	21	152345
21	0	5	22	77314
20	1	3	23	167228
21	0	3	24	172270
20	1	1	25	252504
21	0	2	26	266380
20	1	4	27	2916324
21	0	2	28	830625
20	1	4	29	62682
21	0	1	30	306232
20	1	4	31	286428
21	0	5	32	272853
20	1	2	33	183432
21	0	4	34	92951
20	1	2	35	0740
20	0	5	0	223441
21	1	2	1	234019
20	0	3	2	142160
21	1	5	3	157233
20	0	2	4	68438
21	1	3	5	302608
20	0	4	6	314442
21	1	1	7	134696
20	0	4	8	129191
21	1	5	9	216798
20	0	5	10	39341
21	1	1	11	514922
20	0	4	12	292478
21	1	2	13	117385
20	0	3	14	28326
21	1	1	15	113047
20	0	3	16	322892
21	0	1	0	121988
20	1	1	1	22123
21	0	1	2	132129
20	1	3	3	141965
21	0	1	4	115642
20	1	3	5	101683
21	0	4	6	202489
20	1	2	7	305476
21	0	2	8	62321
20	1	1	9	47502
21	0	3	10	220403
20	1	5	11	293862
21	0	1	12	2116236
20	1	1	13	2410440
21	0	5	14	343722
20	1	4	15	233335
21	0	5	16	253343
20	1	1	17	322754
21	0	4	18	52089
20	1	5	19	311552
20	0	4	0	222803
21	1	3	1	121643
20	0	5	2	212979
21	1	4	3	201568
20	0	4	4	41317
21	1	2	5	113744
20	0	2	6	131292
21	1	2	7	312490
20	0	4	8	294345
21	1	3	9	51995
20	0	2	10	231927
21	1	2	11	241720
20	0	3	12	38691
21	1	4	13	331640
20	0	1	14	21652
21	1	3	15	13118
20	0	3	16	148446
21	1	3	17	1513108
20	0	4	18	62244
21	1	1	19	255566
20	0	4	20	301747
21	0	1	0	132314
20	1	1	1	223313
21	0	4	2	212288
20	1	1	3	291502
21	0	5	4	142484
20	1	1	5	121675
21	0	4	6	118882
20	1	1	7	3112517
21	0	3	8	1514447
20	1	2	9	161910
21	0	5	10	259086
20	1	3	11	321361
21	0	3	12	25012
20	1	1	13	301799
20	0	2	0	133388
21	1	1	1	231570
20	0	2	2	211751
21	1	3	3	221716
20	0	4	4	291814
21	1	5	5	122620
20	0	1	6	53250
21	0	2	0	122190
20	1	4	1	131138
21	0	1	2	112185
20	1	5	3	212399
21	0	2	4	222103
20	1	4	5	53356
21	0	2	6	291535
20	1	5	7	24454
21	0	4	8	410110
20	1	4	9	311384
21	0	5	10	109198
20	1	5	11	92420
21	0	2	12	18825
20	1	1	13	235536
21	0	3	14	332713
20	1	3	15	147838
21	0	5	16	321866
20	1	3	17	151601
21	0	4	18	161388
20	1	1	19	317308
21	0	4	20	71438
20	1	5	21	2513527
21	0	2	22	351893
20	1	3	23	341574
21	0	3	24	2827568
20	1	1	25	196529
21	0	1	26	204340
20	0	3	0	223964
21	1	1	1	131383
20	0	3	2	211584
21	1	2	3	122297
20	0	4	4	204263
21	1	5	5	193359
20	0	5	6	231675
21	0	2	0	121847
20	1	2	1	13201
21	0	2	2	205923
20	1	5	3	411578
21	0	2	4	193363
20	1	5	5	228364
21	0	3	6	314708
20	1	4	7	149661
21	0	1	8	3010683
20	1	3	9	214870
21	0	5	10	1036785
20	1	2	11	08617
21	0	4	12	2810280
20	1	1	13	14503
21	0	3	14	291629
20	0	2	0	222636
21	1	5	1	121550
20	0	5	2	201640
21	1	4	3	213453
20	0	4	4	301270
21	1	4	5	145837
20	0	2	6	103316
21	1	3	7	02115
20	0	4	8	139825
22	0	2	0	07716
23	1	5	1	127484
22	0	5	2	19121
23	1	5	3	118340
22	0	2	4	103578
23	1	4	5	38072
22	0	3	6	195866
23	1	3	7	27813
22	0	1	8	282822
23	0	2	0	85018
22	1	3	1	46995
23	0	1	2	177316
22	1	1	3	261937
23	0	4	4	74648
22	1	1	5	62365
23	0	5	6	162928
22	1	2	7	242125
23	0	5	8	257482
22	1	4	9	342337
23	0	3	10	156858
22	1	2	11	141269
22	0	2	0	34925
23	1	5	1	02625
22	0	3	2	121822
23	1	4	3	213910
22	0	4	4	135889
23	1	5	5	108650
22	0	4	6	202012
23	1	1	7	1413586
22	0	1	8	44579
23	1	4	9	2214165
22	0	5	10	282383
23	0	1	0	274224
22	1	1	1	293795
23	0	5	2	06626
22	1	1	3	186582
23	0	2	4	13081
22	1	3	5	21731
23	0	2	6	1010510
22	1	5	7	192088
23	0	4	8	2013421
22	1	3	9	302641
23	0	1	10	3220006
22	1	2	11	313492
23	0	2	12	1219517
22	1	5	13	283168
22	0	3	0	48628
23	1	1	1	134885
22	0	4	2	32281
23	1	3	3	22692
22	0	1	4	52790
23	1	1	5	62255
22	0	5	6	122246
23	1	3	7	212506
22	0	4	8	202098
23	1	4	9	282118
22	0	2	10	149754
23	1	2	11	233680
22	0	2	12	1510561
23	1	2	13	168027
22	0	1	14	1110115
23	1	4	15	106122
22	0	3	16	297871
23	1	2	17	2515559
22	0	4	18	306472
23	1	2	19	319819
22	0	1	20	3412675
23	1	1	21	1948351
22	0	4	22	13804
23	1	4	23	339444
22	0	3	24	88529
23	1	1	25	355755
22	0	2	26	011378
23	1	2	27	275847
22	0	1	28	184921
23	1	5	29	726611
22	0	5	30	224892
23	1	2	31	3215677
22	0	4	32	243268
23	0	5	0	345469
22	1	3	1	08786
23	0	5	2	257092
22	1	4	3	163463
23	0	3	4	273186
22	1	2	5	14060
23	0	1	6	22783
22	1	1	7	102418
23	0	2	8	192682
22	1	5	9	202428
23	0	1	10	302294
22	1	1	11	117631
23	0	1	12	127673
22	1	3	13	214231
23	0	1	14	2211063
22	1	4	15	323059
23	0	3	16	2412284
22	1	1	17	311986
22	0	4	0	62896
23	1	5	1	278642
22	0	4	2	153541
23	1	2	3	242517
22	0	2	4	143033
23	1	4	5	135548
22	0	1	6	222079
23	1	2	7	304380
22	0	3	8	161942
23	1	1	9	171956
22	0	3	10	52931
23	1	5	11	726474
22	0	4	12	2311000
23	1	5	13	322477
22	0	5	14	42143
23	1	1	15	36428
22	0	3	16	123456
23	1	5	17	2010549
22	0	4	18	104146
23	1	1	19	1124088
22	0	4	20	297168
23	1	3	21	2831050
22	0	2	22	2518999
23	1	4	23	3528880
22	0	3	24	2620539
23	1	4	25	2175551
22	0	4	26	194679
23	1	1	27	144695
22	0	1	28	313306
23	1	2	29	830417
22	0	2	30	3422114
23	1	1	31	014868
22	0	5	32	22866
23	1	3	33	914671
22	0	1	34	182250
23	1	2	35	332503
23	0	4	0	04666
22	1	2	1	83318
23	0	1	2	2712273
22	1	2	3	356673
23	0	4	4	175054
22	1	5	5	74109
23	0	5	6	64672
22	1	5	7	154691
23	0	1	8	1024496
22	1	3	9	2310692
23	0	1	10	313667
22	1	5	11	1410471
23	0	5	12	514566
22	1	4	13	138487
23	0	3	14	1210080
22	1	5	15	162097
22	0	5	0	47934
23	1	3	1	356656
22	0	1	2	33114
23	1	4	3	21892
22	0	1	4	115568
23	1	3	5	192856
22	0	1	6	126289
23	1	1	7	2111716
22	0	4	8	103770
23	1	2	9	135548
22	0	3	10	92515
23	0	4	0	01807
22	1	2	1	45080
23	0	1	2	92134
22	1	5	3	510526
23	0	3	4	182332
22	1	5	5	271253
23	0	2	6	102155
22	1	3	7	35377
23	0	2	8	68487
22	1	4	9	21236
22	0	3	0	139650
23	1	5	1	192231
22	0	4	2	124020
23	1	3	3	37078
22	0	4	4	114519
23	1	4	5	141770
22	0	3	6	101203
23	0	5	0	321676
22	1	5	1	103129
23	0	2	2	99239
22	1	2	3	195582
23	0	2	4	12237
22	1	3	5	204079
23	0	4	6	214777
22	1	5	7	114497
23	0	4	8	24647
22	1	4	9	123798
23	0	1	10	138318
22	1	3	11	33438
23	0	5	12	274394
22	1	3	13	283091
23	0	3	14	813126
22	1	2	15	41555
22	0	2	0	135140
23	1	4	1	03451
22	0	4	2	122255
23	1	5	3	912199
22	0	4	4	145529
23	1	4	5	3117222
22	0	2	6	112309
23	0	2	0	132694
22	1	3	1	197614
23	0	2	2	143223
22	1	5	3	123922
23	0	1	4	237476
22	1	2	5	1510377
23	0	4	6	337989
22	1	1	7	33878
23	0	2	8	2116041
22	1	4	9	228052
23	0	4	10	1120851
22	1	2	11	3223804
23	0	3	12	25760
22	1	1	13	205027
23	0	5	14	123567
22	1	2	15	313996
23	0	4	16	308739
22	1	2	17	411651
23	0	1	18	59035
22	1	5	19	281901
22	0	3	0	226807
23	1	4	1	107504
22	0	1	2	234424
23	1	5	3	245975
22	0	5	4	417821
23	1	3	5	1311023
22	0	5	6	216393
23	1	1	7	204504
22	0	5	8	305213
23	1	3	9	1212309
22	0	4	10	112077
23	1	3	11	112312
22	0	1	12	196217
23	1	3	13	2712661
22	0	1	14	38676
23	1	3	15	517647
22	0	2	16	3215966
23	1	1	17	3532017
22	0	1	18	315902
23	1	5	19	2920441
22	0	1	20	332575
23	0	5	0	34535
22	1	5	1	229178
23	0	4	2	1829923
22	1	5	3	234275
23	0	3	4	2411892
22	1	1	5	2112574
23	0	5	6	203859
22	1	3	7	135599
23	0	2	8	524253
22	1	4	9	45454
23	0	3	10	312758
22	1	5	11	127935
23	0	3	12	1414566
22	1	4	13	327809
23	0	3	14	25374
22	1	2	15	117215
23	0	5	16	104990
22	1	2	17	3015579
23	0	3	18	3323202
22	1	2	19	158469
23	0	2	20	2914341
22	1	1	21	1649070
23	0	3	22	2525027
22	1	5	23	814654
23	0	3	24	1715804
22	1	3	25	110080
23	0	4	26	3551831
22	1	3	27	2710855
23	0	2	28	613948
22	1	3	29	1910571
24	0	3	0	86558
25	1	5	1	1710482
24	0	3	2	166414
25	1	5	3	245746
24	0	2	4	58740
25	1	1	5	615286
24	0	1	6	339001
25	1	5	7	229408
24	0	5	8	239059
25	1	2	9	148229
24	0	3	10	3010499
25	1	4	11	1311568
24	0	5	12	3518686
25	1	3	13	1514668
24	0	2	14	1211888
25	1	1	15	416282
24	0	1	16	3112164
25	1	5	17	343097
25	0	2	0	12140165
25	0	2	0	1311212
24	1	2	1	411126
25	0	5	2	54313
24	1	3	3	2112393
25	0	3	4	129717
24	1	2	5	2327822
25	0	1	6	143132
24	1	4	7	158224
25	0	1	8	112324
24	0	4	0	35152
25	1	4	1	144879
24	0	4	2	326315
25	1	4	3	225473
24	0	1	4	309212
25	1	2	5	132550
24	0	2	6	1211952
25	1	1	7	212328
24	0	2	8	299859
25	1	5	9	203840
24	0	4	10	315054
25	0	3	0	123260
24	1	2	1	309528
25	0	1	2	224355
24	1	2	3	326499
25	0	4	4	312822
24	1	5	5	1316008
25	0	1	6	214702
24	1	1	7	2311437
25	0	1	8	1425819
24	1	3	9	2825567
25	0	4	10	2017203
24	1	4	11	198708
25	0	3	12	117197
24	1	2	13	110842
25	0	5	14	102087
24	1	4	15	99865
25	0	3	16	291952
24	1	3	17	29511
25	0	3	18	1522574
24	1	4	19	1714672
25	0	4	20	34431
24	1	5	21	3526341
25	0	1	22	2411225
24	1	1	23	349090
25	0	2	24	333081
24	1	5	25	67282
25	0	1	26	2519224
24	1	4	27	828598
25	0	3	28	2623073
24	1	3	29	2713402
25	0	2	30	1848020
24	1	1	31	59360
25	0	1	32	74582
24	0	5	0	2516385
25	1	4	1	113121
24	0	2	2	520956
25	1	3	3	227541
24	0	5	4	3523552
25	1	2	5	152319
24	0	5	6	237919
25	1	1	7	148424
24	0	5	8	1310579
25	1	4	9	612235
24	0	5	10	305922
25	1	1	11	2110610
24	0	1	12	3114673
25	1	4	13	203162
24	0	3	14	195130
25	1	4	15	321417
24	0	3	16	220743
25	1	3	17	129828
24	0	3	18	920034
25	1	3	19	410250
24	0	1	20	287855
25	1	5	21	293113
24	0	4	22	2412271
25	1	5	23	264429
24	0	5	24	317007
25	1	1	25	1722201
24	0	4	26	167601
25	1	2	27	712027
24	0	2	28	1822479
25	1	3	29	333565
24	0	5	30	018271
25	1	2	31	273229
24	0	5	32	14411
25	0	1	0	224499
24	1	5	1	1015543
25	0	1	2	213025
24	1	5	3	203952
25	0	4	4	239895
24	1	1	5	243667
25	0	4	6	133450
24	1	2	7	306545
25	0	4	8	02407
24	1	2	9	3322941
25	0	1	10	115436
24	1	1	11	318411
25	0	3	12	1431250
24	1	1	13	125953
25	0	3	14	1615006
24	1	3	15	155961
25	0	5	16	62880
24	1	3	17	326096
24	0	4	0	2233936
25	1	3	1	155467
24	0	2	2	48654
25	1	2	3	135478
24	0	3	4	145717
25	1	5	5	124603
24	0	4	6	3021357
25	1	1	7	64088
24	0	5	8	346040
25	1	1	9	243033
24	0	4	10	333462
25	1	2	11	237515
24	0	4	12	3211009
25	1	4	13	313107
24	0	5	14	351780
25	0	5	0	114921
24	1	3	1	134563
25	0	2	2	212504
24	1	2	3	313164
25	0	3	4	223311
24	1	4	5	220879
25	0	4	6	123761
24	1	3	7	3310232
25	0	5	8	314418
24	1	1	9	303195
25	0	4	10	323170
24	1	3	11	2015533
25	0	1	12	1921864
24	1	3	13	277589
25	0	5	14	238559
24	1	3	15	246353
25	0	3	16	612678
24	1	2	17	823171
25	0	5	18	56876
24	1	1	19	42562
25	0	5	20	142101
24	0	1	0	134132
25	1	4	1	510049
24	0	1	2	339060
25	1	3	3	146706
24	0	2	4	3510050
25	1	5	5	238132
24	0	3	6	322828
25	1	2	7	342384
24	0	4	8	1113735
25	1	2	9	410500
24	0	2	10	3113220
25	1	2	11	242671
25	0	5	0	1213641
24	1	1	1	238373
25	0	2	2	144785
24	1	1	3	134504
25	0	4	4	36666
24	1	3	5	218759
25	0	4	6	55553
24	1	1	7	47464
25	0	2	8	225915
24	1	5	9	3012232
25	0	3	10	1513482
24	1	2	11	169153
25	0	3	12	215423
24	1	4	13	2912933
25	0	2	14	323126
24	0	4	0	132995
25	1	5	1	194353
24	0	2	2	105349
25	1	3	3	212607
24	0	3	4	128355
25	1	2	5	112389
24	0	5	6	205280
25	1	3	7	315719
24	0	2	8	25038
25	1	1	9	13317
25	0	5	0	145304
24	1	2	1	217889
25	0	3	2	132844
24	1	5	3	125864
25	0	2	4	36601
24	1	5	5	233857
25	0	4	6	224954
24	1	1	7	410670
25	0	2	8	1613508
24	1	1	9	155134
25	0	5	10	303807
24	1	4	11	64027
25	0	4	12	710642
24	1	1	13	2514725
25	0	1	14	2412159
24	1	3	15	3524720
25	0	2	16	53069
24	1	4	17	819741
25	0	1	18	1012859
24	1	1	19	1124484
25	0	4	20	18244
24	1	4	21	1919272
25	0	3	22	022049
24	1	4	23	210258
25	0	5	24	201880
26	0	3	0	225847
27	1	4	1	1228497
26	0	1	2	1414774
27	1	1	3	3015469
26	0	2	4	2116140
27	1	1	5	209712
26	0	1	6	421918
27	1	1	7	2458331
26	0	2	8	1146045
27	1	1	9	3136661
26	0	3	10	2937632
27	1	2	11	1342873
26	0	4	12	1944737
27	1	4	13	326604
26	0	4	14	235258
27	1	2	15	248161
26	0	4	16	526948
27	1	1	17	3214969
26	0	2	18	335046
27	1	5	19	012853
26	0	1	20	14629
27	1	3	21	101449
27	0	2	0	1313390
26	1	1	1	2011458
27	0	3	2	2124484
26	1	1	3	516383
27	0	4	4	1226672
26	1	5	5	1130788
27	0	5	6	23132470
26	1	3	7	2113301
27	0	5	8	2911328
26	1	1	9	326754
27	0	5	10	418922
26	1	1	11	2213652
27	0	4	12	3141934
26	1	2	13	3035804
27	0	4	14	1521811
26	1	3	15	74533
27	0	3	16	141264
26	0	5	0	135514
27	1	2	1	2139667
26	0	5	2	2313686
27	1	5	3	338777
26	0	5	4	1127674
27	1	4	5	1210383
26	0	2	6	304249
27	1	3	7	2255287
26	0	4	8	2037773
27	1	3	9	299678
26	0	3	10	325127
27	1	1	11	415337
26	0	5	12	523944
27	1	2	13	11537
27	0	3	0	135601
26	1	4	1	217229
27	0	3	2	1237021
26	1	3	3	119115
27	0	2	4	3123799
26	1	4	5	330269
27	0	4	6	2399411
26	1	2	7	1937427
27	0	2	8	2711584
26	1	5	9	209152
27	0	3	10	228356
26	1	1	11	182804
26	0	2	0	1365456
27	1	5	1	216299
26	0	4	2	237701
27	1	4	3	351207
26	0	4	4	1568253
27	1	5	5	1276696
26	0	3	6	306063
27	1	1	7	24254405
26	0	5	8	695819
27	1	1	9	1442108
26	0	5	10	729744
27	1	5	11	3120033
26	0	3	12	55468
27	1	2	13	49752
26	0	2	14	82696
28	0	2	0	02653
29	0	3	0	123268
28	1	1	1	213391
29	0	4	2	202903
28	1	3	3	132954
29	0	2	4	296439
28	1	1	5	113182
29	0	1	6	316761
28	1	4	7	237333
29	0	1	8	226212
28	1	4	9	335268
29	0	4	10	32739
28	1	3	11	322028
29	0	5	12	346737
28	1	2	13	142871
29	0	1	14	53940
28	1	5	15	157275
29	0	2	16	162691
28	1	5	17	243885
29	0	2	18	62204
28	1	4	19	44451
29	0	5	20	253995
28	1	4	21	71773
29	0	4	22	268315
28	1	1	23	174801
29	0	3	24	104843
28	1	1	25	94362
29	0	1	26	02660
28	1	3	27	301748
29	0	3	28	184284
28	1	3	29	193875
29	0	3	30	21776
28	1	4	31	12564
29	0	3	32	285537
28	1	3	33	274790
28	0	5	0	134319
29	1	3	1	226411
28	0	5	2	83733
29	1	3	3	65018
28	0	1	4	02729
29	1	3	5	302661
28	0	5	6	145942
29	1	4	7	155057
28	0	2	8	11726
29	1	5	9	121466
28	0	1	10	325159
29	1	5	11	232207
28	0	2	12	211671
29	1	3	13	296251
28	0	2	14	243118
29	1	3	15	44056
28	0	1	16	318470
29	1	5	17	162218
28	0	3	18	352992
29	1	4	19	343015
28	0	2	20	254892
29	1	4	21	179007
28	0	4	22	196642
29	1	2	23	11915
28	0	1	24	203289
29	1	4	25	182678
28	0	5	26	34460
29	1	1	27	271382
28	0	3	28	91991
29	1	5	29	282726
29	0	2	0	253569
28	1	1	1	273236
29	0	4	2	193632
28	1	3	3	222112
29	0	2	4	212716
28	1	3	5	203442
29	0	3	6	113117
28	1	5	7	152777
29	0	5	8	232029
28	1	1	9	31202
29	0	5	10	134491
28	1	4	11	262032
29	0	3	12	314052
28	1	5	13	12875
29	0	2	14	26586
28	1	5	15	920894
29	0	2	16	187160
28	1	3	17	307997
29	0	4	18	292054
28	1	1	19	59739
29	0	2	20	65987
28	1	4	21	2811926
29	0	5	22	125862
28	1	2	23	149680
29	0	3	24	101167
28	0	4	0	221274
29	1	3	1	122838
28	0	5	2	22912
29	1	3	3	13789
28	0	2	4	14758
29	1	1	5	63402
28	0	2	6	23540
29	1	2	7	245182
28	0	2	8	3400
29	1	1	9	54551
28	0	1	10	156217
29	1	1	11	134221
28	0	1	12	78387
29	1	5	13	313755
28	0	4	14	357560
29	1	3	15	176470
28	0	4	16	1912334
29	1	1	17	213940
28	0	4	18	292864
29	1	3	19	111540
29	0	5	0	113867
28	1	2	1	11884
29	0	2	2	192273
28	1	4	3	31507
29	0	3	4	07077
28	1	5	5	312548
29	0	3	6	42909
28	1	5	7	322962
29	0	4	8	302008
28	1	2	9	202856
29	0	1	10	333943
28	1	1	11	233612
29	0	4	12	215934
28	1	3	13	138745
29	0	3	14	145107
28	1	2	15	243753
29	0	5	16	155362
28	1	3	17	1214909
29	0	5	18	210102
28	1	5	19	1625481
29	0	3	20	82966
28	1	5	21	69542
29	0	3	22	255734
28	1	5	23	264174
29	0	4	24	359493
28	1	4	25	5619
29	0	5	26	227742
28	1	5	27	107338
29	0	2	28	183320
28	1	3	29	292433
29	0	2	30	342668
28	1	1	31	282628
29	0	2	32	271755
28	1	5	33	92572
29	0	2	34	71990
28	1	4	35	171776
28	0	5	0	93695
29	1	2	1	113747
28	0	2	2	82665
29	1	1	3	152860
28	0	1	4	314302
29	1	2	5	221151
28	0	5	6	143894
29	1	4	7	54185
28	0	2	8	352950
29	1	1	9	262640
28	0	3	10	123971
29	1	4	11	332853
28	0	4	12	184435
29	1	5	13	271884
28	0	3	14	16640
29	1	2	15	243064
28	0	3	16	62284
29	1	2	17	194922
28	0	5	18	231827
29	1	4	19	31320
29	0	3	0	112383
28	1	1	1	221382
29	0	2	2	131446
28	1	5	3	121335
29	0	5	4	322886
28	1	5	5	23506
29	0	1	6	212674
28	1	2	7	14486
29	0	3	8	53369
28	1	5	9	291227
29	0	1	10	306523
28	1	5	11	154831
29	0	3	12	253726
28	1	3	13	338192
29	0	4	14	76141
28	1	1	15	346133
29	0	4	16	171748
28	1	1	17	611073
29	0	4	18	241541
28	1	5	19	165874
29	0	1	20	312470
28	1	2	21	204143
29	0	3	22	11327
28	0	4	0	132406
29	1	5	1	42567
28	0	3	2	231546
29	1	3	3	332581
28	0	2	4	12798
29	1	4	5	111933
28	0	2	6	5474
29	1	4	7	211434
28	0	2	8	311410
29	1	5	9	145543
28	0	5	10	173602
29	1	2	11	154594
28	0	1	12	162409
29	1	1	13	244722
28	0	2	14	62129
29	1	1	15	34939
29	0	3	0	103326
28	1	4	1	131545
29	0	4	2	121401
28	1	4	3	114749
29	0	2	4	226435
28	1	5	5	322409
29	0	4	6	143310
28	1	3	7	302952
29	0	4	8	294291
28	1	3	9	232740
29	0	1	10	34333
28	1	4	11	212524
29	0	2	12	313466
28	1	3	13	354303
29	0	3	14	332257
28	1	2	15	02918
29	0	1	16	185345
28	1	4	17	167474
29	0	4	18	255746
28	1	1	19	64869
29	0	2	20	174201
28	1	5	21	88026
29	0	4	22	241787
28	1	3	23	3410497
29	0	4	24	78030
28	1	3	25	29242
29	0	3	26	193939
28	1	3	27	207454
29	0	2	28	14066
28	1	1	29	281625
29	0	4	30	47658
28	1	5	31	52293
28	0	3	0	101281
29	1	1	1	222502
28	0	1	2	341022
29	1	5	3	323576
28	0	5	4	121580
29	1	5	5	111641
28	0	1	6	72298
29	1	4	7	141819
28	0	1	8	63381
29	1	5	9	164742
28	0	3	10	232970
29	1	1	11	242863
28	0	1	12	84148
29	1	5	13	51088
28	0	2	14	2111226
29	1	2	15	263280
28	0	2	16	152605
29	1	2	17	301707
28	0	3	18	311688
29	0	5	0	222687
28	1	3	1	161491
29	0	2	2	241412
28	1	3	3	11789
29	0	4	4	231578
28	1	4	5	21705
29	0	3	6	251024
28	0	5	0	232242
29	1	2	1	241312
28	0	4	2	342598
29	1	2	3	253338
28	0	4	4	143713
29	1	2	5	321017
28	0	2	6	162581
29	1	4	7	151950
28	0	2	8	333380
29	1	1	9	138154
28	0	4	10	95795
29	1	5	11	124093
28	0	3	12	205862
29	1	4	13	192139
28	0	5	14	113697
29	1	1	15	211324
28	0	4	16	102200
29	1	1	17	24164
28	0	4	18	224453
29	1	4	19	302105
28	0	1	20	32101
29	1	3	21	54820
28	0	2	22	358820
29	1	1	23	291704
29	0	3	0	121510
28	1	2	1	241920
29	0	1	2	141870
28	1	3	3	131451
29	0	5	4	231171
28	1	4	5	53539
29	0	1	6	213694
28	1	1	7	2214600
29	0	1	8	49162
28	1	5	9	33754
29	0	4	10	25034
28	1	2	11	273333
29	0	2	12	287362
28	1	1	13	292772
29	0	3	14	201415
28	0	1	0	176025
29	1	1	1	232502
28	0	1	2	92257
29	1	2	3	141464
28	0	5	4	321820
29	1	4	5	241111
28	0	2	6	251933
29	1	3	7	85982
28	0	5	8	343807
29	1	4	9	162107
28	0	3	10	157886
29	1	5	11	353201
28	0	2	12	223371
29	1	2	13	121855
28	0	2	14	132386
29	1	3	15	315122
28	0	1	16	216221
29	1	5	17	294764
28	0	2	18	17856
29	1	4	19	283993
28	0	2	20	302921
29	1	5	21	22527
28	0	1	22	107448
29	1	1	23	205763
28	0	3	24	119911
29	1	5	25	183502
28	0	1	26	41140
29	1	1	27	54329
28	0	4	28	1924281
29	1	5	29	37757
28	0	4	30	68768
29	1	5	31	275114
28	0	3	32	74771
29	0	1	0	121854
28	1	5	1	252064
29	0	5	2	231349
28	1	4	3	225652
29	0	3	4	162840
28	1	4	5	243962
29	0	1	6	152878
28	1	4	7	144088
29	0	1	8	342636
28	1	3	9	73542
29	0	1	10	62940
28	1	2	11	194932
29	0	3	12	212123
28	1	5	13	37944
29	0	1	14	112374
28	1	4	15	18967
29	0	1	16	102357
28	1	3	17	94918
29	0	5	18	131298
28	0	4	0	94216
29	0	2	0	123850
28	1	1	1	152628
29	0	1	2	141910
28	1	1	3	112375
29	0	5	4	42835
28	1	1	5	245679
29	0	4	6	63322
28	1	4	7	89636
29	0	5	8	162590
28	1	4	9	510609
29	0	5	10	2612927
28	1	3	11	2210264
29	0	3	12	253999
28	1	4	13	343938
29	0	5	14	238230
28	1	2	15	2018787
29	0	2	16	337765
28	1	2	17	39935
29	0	2	18	26712
28	1	5	19	3011166
29	0	2	20	192800
28	1	1	21	289498
29	0	5	22	299850
28	1	1	23	107082
29	0	1	24	01787
28	1	2	25	114256
29	0	4	26	134940
28	1	5	27	216513
29	0	5	28	311624
28	1	2	29	1810586
29	0	5	30	97542
28	1	5	31	323146
29	0	1	32	74019
28	1	1	33	172289
29	0	3	34	351837
28	1	3	35	272664
28	0	4	0	141309
29	1	4	1	124216
28	0	3	2	34859
29	1	4	3	44612
28	0	4	4	201809
29	1	3	5	112428
28	0	1	6	133696
29	1	2	7	153278
28	0	3	8	214842
29	1	2	9	297360
28	0	2	10	234227
29	1	1	11	3312387
28	0	3	12	221502
30	0	3	0	214900
31	1	5	1	132588
30	0	4	2	236036
31	1	2	3	228917
30	0	4	4	312249
31	1	2	5	216185
30	0	2	6	1118425
31	1	5	7	11647
30	0	2	8	1213890
31	1	5	9	321419
30	0	4	10	415378
31	1	2	11	01373
31	0	4	0	132587
30	1	3	1	223087
31	0	4	2	234649
30	1	5	3	144613
31	0	1	4	35943
30	1	4	5	332438
31	0	5	6	212723
30	1	4	7	127985
31	0	2	8	510672
30	1	1	9	294150
31	0	5	10	414427
30	1	3	11	22299
31	0	4	12	6965
30	0	4	0	136689
31	1	5	1	225273
30	0	1	2	1218200
31	1	1	3	141056
30	0	1	4	3010377
31	1	4	5	218313
30	0	4	6	206442
31	1	4	7	2329254
30	0	3	8	248217
31	1	5	9	3212559
30	0	1	10	57519
31	1	2	11	311881
30	0	5	12	1016021
31	1	5	13	114005
30	0	2	14	02063
31	0	2	0	222881
30	1	5	1	1510110
31	0	4	2	214303
30	1	1	3	233953
31	0	3	4	1412784
30	1	2	5	316386
31	0	5	6	7802
30	1	1	7	3020105
31	0	1	8	326841
30	1	2	9	2925228
31	0	4	10	281877
30	1	3	11	208713
31	0	1	12	126076
30	1	3	13	24335
31	0	3	14	111066
30	1	3	15	109793
31	0	2	16	131346
30	0	1	0	124496
31	1	1	1	132223
30	0	5	2	2215631
31	1	2	3	2111929
30	0	1	4	2410615
31	1	4	5	57411
30	0	3	6	292038
31	1	1	7	233077
30	0	5	8	326870
31	1	2	9	23791
30	0	1	10	3020170
31	1	1	11	31552
30	0	1	12	619168
31	1	4	13	143255
30	0	3	14	2827302
31	1	3	15	272684
30	0	2	16	48779
31	1	3	17	207930
30	0	5	18	3317796
31	1	1	19	156257
30	0	4	20	16464
31	1	4	21	71399
31	0	5	0	221150
30	1	5	1	231504
31	0	2	2	1310116
30	1	5	3	3111889
31	0	2	4	127699
30	1	1	5	119023
31	0	2	6	226634
30	1	4	7	324581
31	0	3	8	147728
30	1	1	9	154633
31	0	5	10	7785
30	1	5	11	3024176
31	0	4	12	291833
30	1	5	13	331796
30	0	3	0	212845
31	1	5	1	221718
30	0	5	2	134146
31	1	1	3	56015
30	0	5	4	144670
31	1	1	5	123450
30	0	3	6	1519800
31	1	2	7	161563
30	0	1	8	245682
31	1	1	9	619892
30	0	2	10	411258
31	1	3	11	34708
30	0	3	12	720919
31	1	5	13	211386
30	0	4	14	329823
31	1	1	15	1149784
30	0	4	16	2322887
31	1	1	17	3122983
30	0	2	18	37543
31	1	2	19	331744
30	0	1	20	262869
31	1	2	21	251296
30	0	4	22	1010915
31	0	2	0	224094
30	1	4	1	214229
31	0	1	2	127684
30	1	3	3	3225786
31	0	4	4	1311756
30	1	5	5	1411178
31	0	4	6	3118493
30	1	1	7	43623
31	0	3	8	2314419
30	1	2	9	2427620
31	0	2	10	34770
30	1	2	11	325341
31	0	1	12	234064
30	1	5	13	1625766
31	0	2	14	82293
30	1	5	15	619708
31	0	2	16	55427
30	1	5	17	152198
31	0	4	18	331072
30	1	5	19	172384
30	0	2	0	223438
31	1	1	1	211399
30	0	3	2	125853
31	1	4	3	212308
30	0	5	4	116034
31	1	1	5	132933
30	0	3	6	1022029
31	1	3	7	92118
30	0	2	8	197688
31	1	3	9	517561
30	0	1	10	294647
31	1	4	11	323009
30	0	1	12	42330
31	1	1	13	231850
30	0	4	14	336121
31	1	4	15	325650
30	0	4	16	143140
31	1	1	17	1524302
30	0	4	18	3016999
31	1	3	19	62708
30	0	2	20	288332
31	1	5	21	273443
30	0	5	22	311848
31	0	5	0	221521
30	1	4	1	211905
31	0	2	2	237213
30	1	3	3	1415119
31	0	4	4	3215123
30	1	3	5	127585
31	0	5	6	1315232
30	1	1	7	419362
31	0	1	8	3311592
30	1	1	9	310761
31	0	3	10	304947
30	1	1	11	315194
31	0	2	12	2412118
30	1	4	13	252435
31	0	4	14	2013994
30	1	4	15	519768
31	0	1	16	2739
30	1	2	17	61445
30	0	4	0	221292
31	1	3	1	232418
30	0	2	2	1513145
31	1	5	3	148319
30	0	3	4	58874
31	1	1	5	1329481
30	0	1	6	2519119
31	1	2	7	351590
30	0	2	8	415262
31	1	2	9	38348
30	0	2	10	331859
31	1	2	11	1224689
30	0	1	12	114219
31	1	2	13	211100
30	0	5	14	302465
31	1	5	15	3126941
30	0	1	16	614520
31	1	3	17	24578
30	0	4	18	81239
31	1	4	19	72212
30	0	1	20	228980
31	0	3	0	133033
30	1	1	1	12795
31	0	4	2	236811
30	1	1	3	3130562
31	0	5	4	526790
30	1	2	5	2919214
31	0	3	6	304785
30	1	4	7	2018520
31	0	5	8	310442
30	1	4	9	334669
31	0	4	10	4657
30	1	4	11	27959
31	0	2	12	6670
30	0	5	0	221457
31	1	4	1	21706
30	0	1	2	116014
31	1	3	3	136538
30	0	2	4	299827
31	1	3	5	2022683
30	0	2	6	3014108
31	1	5	7	285841
30	0	4	8	1212720
31	1	1	9	1011567
30	0	2	10	1922526
31	1	3	11	322250
30	0	2	12	211586
31	1	4	13	321400
30	0	3	14	141539
31	1	5	15	62061
30	0	2	16	418748
31	1	3	17	247722
30	0	1	18	3313194
31	1	2	19	89642
30	0	3	20	165036
31	1	3	21	59401
30	0	3	22	72277
31	0	1	0	222698
30	1	5	1	233084
31	0	3	2	123354
30	1	3	3	23902
31	0	5	4	142621
30	1	1	5	1310075
31	0	3	6	3016114
30	1	4	7	64646
31	0	4	8	296636
30	1	3	9	3124022
31	0	1	10	2816193
30	1	2	11	272479
31	0	3	12	20601
30	1	2	13	46035
31	0	5	14	31542
30	1	5	15	211979
31	0	3	16	109149
30	1	3	17	02577
31	0	5	18	112323
30	1	5	19	192911
31	0	4	20	9941
30	1	2	21	111162
30	0	2	0	221608
31	1	3	1	212268
30	0	2	2	118474
31	1	1	3	1313226
30	0	5	4	296801
31	1	3	5	209625
30	0	4	6	3022086
31	1	2	7	286348
30	0	3	8	1412907
31	1	3	9	61204
30	0	5	10	3211460
31	1	1	11	312282
30	0	3	12	1217044
31	1	3	13	2969
30	0	5	14	102140
31	1	5	15	91568
30	0	5	16	2438420
31	1	1	17	236547
30	0	4	18	414285
31	1	4	19	342341
30	0	3	20	1611657
31	1	5	21	158711
30	0	3	22	73487
31	1	4	23	81968
32	0	4	0	273506
33	1	1	1	196202
32	0	3	2	182226
33	1	1	3	91373
32	0	1	4	293064
33	1	4	5	114546
32	0	2	6	284182
33	1	4	7	302059
32	0	2	8	204575
33	1	2	9	123040
32	0	4	10	104273
33	1	1	11	217013
32	0	1	12	33404
33	1	4	13	317315
32	0	1	14	133588
33	1	5	15	19134
33	0	4	0	215853
32	1	5	1	274120
33	0	2	2	132830
32	1	3	3	291941
33	0	1	4	221850
32	1	2	5	305565
33	0	4	6	287304
32	1	2	7	312952
33	0	5	8	322487
32	1	5	9	28528
33	0	2	10	232824
32	1	1	11	57736
33	0	5	12	242657
32	0	2	0	166518
33	1	5	1	152183
32	0	4	2	82324
33	1	2	3	241669
32	0	3	4	3317262
33	1	5	5	253190
32	0	5	6	232063
33	1	3	7	357261
32	0	4	8	54136
33	1	5	9	142440
32	0	2	10	610535
33	1	3	11	72228
32	0	5	12	37276
33	1	4	13	41854
32	0	5	14	131076
33	0	2	0	221110
32	1	2	1	309456
33	0	1	2	232932
32	1	4	3	213029
33	0	1	4	123215
32	1	3	5	32791
33	0	3	6	311826
32	1	3	7	136586
33	0	1	8	52680
32	1	2	9	1915629
33	0	4	10	153203
32	1	5	11	76470
33	0	4	12	251732
32	1	5	13	353511
33	0	1	14	241079
32	0	5	0	103616
33	1	2	1	212361
32	0	5	2	127309
33	1	2	3	111634
32	0	2	4	16393
33	1	3	5	19794
32	0	3	6	32804
33	1	3	7	22717
32	0	5	8	203281
33	1	2	9	42160
32	0	1	10	08599
33	1	5	11	302783
32	0	2	12	1310188
33	1	3	13	236994
32	0	4	14	2214179
33	1	3	15	326297
32	0	2	16	146865
33	1	1	17	15797
32	0	2	18	3134866
33	1	3	19	252318
32	0	5	20	523161
33	1	1	21	242132
32	0	5	22	265508
33	1	4	23	164089
32	0	3	24	84263
33	1	3	25	64565
32	0	2	26	337537
33	1	2	27	3420914
32	0	3	28	75788
33	1	5	29	174271
32	0	2	30	99862
33	1	5	31	271941
32	0	4	32	289276
33	1	5	33	293309
33	0	4	0	142175
32	1	2	1	136513
33	0	3	2	231454
32	1	2	3	52967
33	0	2	4	212289
32	1	2	5	225810
33	0	1	6	311038
32	1	2	7	214143
33	0	1	8	155131
32	1	4	9	3210049
33	0	1	10	72291
32	0	3	0	115993
33	1	2	1	131794
32	0	1	2	35044
33	1	5	3	195180
32	0	1	4	2111248
33	1	5	5	313282
32	0	4	6	1210698
33	1	4	7	30991
32	0	3	8	2210867
33	1	3	9	321067
32	0	4	10	297474
33	1	4	11	201781
32	0	4	12	336421
33	1	3	13	103119
32	0	3	14	03409
33	1	1	15	11737
32	0	1	16	284209
33	1	3	17	2310347
32	0	1	18	1514524
33	1	2	19	146150
32	0	5	20	69425
33	1	4	21	241056
32	0	5	22	45688
33	1	1	23	5896
33	0	4	0	21755
32	1	3	1	222248
33	0	5	2	131601
32	1	5	3	3015817
33	0	1	4	12233
32	1	4	5	146579
33	0	4	6	6452
32	1	3	7	2910092
33	0	2	8	313559
32	1	1	9	118765
33	0	2	10	233257
32	1	4	11	214551
33	0	3	12	202113
32	1	5	13	36024
33	0	3	14	155271
32	1	1	15	47334
33	0	4	16	71407
32	0	3	0	02634
33	1	5	1	2222
32	0	5	2	103102
33	1	4	3	13147
32	0	1	4	205095
33	1	1	5	301255
32	0	1	6	213868
33	1	3	7	31193
32	0	5	8	195115
33	1	1	9	41568
33	0	4	0	13837
32	1	2	1	221466
33	0	4	2	14766
32	1	2	3	122421
33	0	3	4	232292
32	1	3	5	322913
33	0	2	6	21233
32	1	5	7	215420
33	0	1	8	32621
32	1	5	9	1910738
33	0	5	10	33565
32	0	4	0	113555
33	1	5	1	1422
32	0	3	2	122261
33	1	5	3	22565
32	0	1	4	1311096
33	1	2	5	101804
32	0	3	6	304168
33	1	1	7	212103
32	0	3	8	237277
33	1	2	9	31563
32	0	1	10	324174
33	1	2	11	334096
32	0	2	12	317630
33	1	1	13	29206
32	0	4	14	155077
33	1	4	15	71805
32	0	1	16	56663
33	1	5	17	253473
32	0	1	18	1614160
33	1	5	19	202843
32	0	3	20	197523
33	1	2	21	84954
32	0	3	22	930952
33	1	1	23	04499
32	0	2	24	216075
33	1	5	25	45443
32	0	5	26	249154
33	0	5	0	22790
32	1	5	1	114141
33	0	1	2	2376
32	1	1	3	211821
33	0	2	4	142018
32	1	1	5	315912
33	0	3	6	11090
32	1	2	7	322308
33	0	3	8	30825
32	1	5	9	3416447
33	0	5	10	6903
32	0	4	0	102207
33	1	3	1	131245
32	0	3	2	202783
33	1	2	3	141961
32	0	1	4	07638
33	1	5	5	301402
32	0	1	6	215843
33	1	2	7	15367
32	0	2	8	123191
33	1	3	9	163652
33	0	1	0	13861
32	1	4	1	8261
33	0	5	2	221736
32	1	5	3	166274
33	0	4	4	141322
32	1	4	5	2410141
33	0	5	6	32523
32	1	3	7	56482
33	0	1	8	12226
32	1	3	9	113082
33	0	5	10	151618
32	0	5	0	22735
33	1	1	1	1326
32	0	3	2	238101
33	1	5	3	14418
32	0	5	4	214920
33	1	4	5	241145
32	0	1	6	201696
33	0	5	0	22988
32	1	4	1	141490
33	0	3	2	233193
32	1	4	3	241856
33	0	5	4	214902
32	1	3	5	203342
33	0	1	6	41151
32	1	4	7	135433
33	0	4	8	152275
32	1	1	9	118106
33	0	2	10	124055
32	1	2	11	26007
33	0	3	12	292388
32	1	1	13	716198
33	0	5	14	3199
32	1	1	15	3012558
33	0	2	16	105919
32	1	2	17	168792
33	0	3	18	253979
32	1	4	19	87105
33	0	4	20	579
32	1	3	21	321465
32	0	2	0	212140
33	1	4	1	23320
32	0	4	2	311598
33	1	3	3	141975
32	0	1	4	117164
33	1	5	5	11666
32	0	3	6	323263
33	1	1	7	301292
32	0	1	8	3311957
33	1	1	9	341569
32	0	1	10	228071
33	1	4	11	242247
32	0	4	12	43777
33	1	4	13	131579
32	0	4	14	25144
33	1	4	15	121606
32	0	4	16	152164
33	1	4	17	204404
32	0	1	18	54909
33	1	1	19	32858
32	0	3	20	710874
33	1	1	21	25295
32	0	5	22	61573
33	0	5	0	13546
32	1	4	1	212355
33	0	4	2	12694
32	1	5	3	112499
33	0	5	4	221514
32	1	3	5	313070
33	0	3	6	11767
32	1	4	7	204927
33	0	3	8	23458
32	1	5	9	195485
33	0	1	10	322698
32	0	2	0	41181
33	1	2	1	1339
32	0	5	2	121173
33	1	3	3	201180
32	0	2	4	223402
33	1	4	5	212102
32	0	3	6	26240
33	1	1	7	32857
32	0	4	8	311545
33	1	4	9	51309
32	0	5	10	1916
33	0	1	0	22833
32	1	5	1	302706
33	0	2	2	131777
32	1	2	3	313005
33	0	3	4	123945
32	1	2	5	116625
33	0	2	6	325710
32	1	3	7	216007
33	0	3	8	21351
32	0	3	0	132634
33	1	3	1	2282
32	0	5	2	211623
33	1	4	3	122085
32	0	1	4	294422
33	1	2	5	51420
32	0	3	6	24913
33	1	5	7	3256
32	0	3	8	209925
33	1	3	9	111237
32	0	4	10	1911681
33	1	3	11	181440
32	0	2	12	1413070
33	1	3	13	103692
32	0	4	14	94928
33	1	3	15	48454
32	0	4	16	35885
33	1	1	17	335664
32	0	2	18	116488
33	1	4	19	02319
32	0	2	20	318732
33	1	4	21	348384
32	0	1	22	355641
33	1	4	23	255772
32	0	4	24	1610675
33	1	1	25	152965
32	0	3	26	811963
33	1	3	27	243939
32	0	2	28	66273
33	1	1	29	23780
33	0	5	0	22487
32	1	4	1	144996
33	0	2	2	13596
32	1	3	3	41774
33	0	3	4	242216
32	1	1	5	237937
33	0	2	6	321477
32	1	5	7	169974
33	0	4	8	12205
32	1	1	9	29660
33	0	2	10	209654
32	1	1	11	34302
33	0	4	12	12446
32	1	5	13	53055
32	0	2	0	143768
33	1	3	1	1278
32	0	5	2	41734
33	1	5	3	1344
32	0	5	4	243817
33	1	1	5	2226
32	0	4	6	342245
33	0	5	0	13930
32	1	4	1	121954
33	0	3	2	221312
32	1	1	3	43015
33	0	2	4	231921
32	1	3	5	204860
33	0	4	6	281574
32	1	5	7	214232
33	0	5	8	31617
32	1	1	9	336817
33	0	5	10	154972
32	1	5	11	196087
33	0	1	12	181500
32	1	1	13	314930
33	0	2	14	110606
32	1	2	15	27402
33	0	2	16	1413141
32	1	1	17	164775
33	0	1	18	305147
32	1	4	19	65115
33	0	3	20	245487
32	1	3	21	255396
33	0	1	22	75476
32	1	3	23	2919554
33	0	4	24	112630
32	1	5	25	329183
33	0	1	26	341133
32	1	3	27	3517519
33	0	4	28	07347
32	1	2	29	910299
32	0	1	0	122260
33	1	2	1	22340
32	0	4	2	202320
33	1	5	3	1385
32	0	1	4	44108
33	1	2	5	2823
32	0	4	6	215060
33	1	2	7	301398
32	0	4	8	34772
33	1	2	9	142698
32	0	2	10	26380
33	1	2	11	61377
33	0	2	0	22490
32	1	2	1	141607
33	0	3	2	212640
32	1	1	3	243422
33	0	5	4	201797
32	1	3	5	193926
33	0	2	6	231837
34	0	3	0	1311734
35	1	5	1	235801
34	0	4	2	128882
35	1	4	3	244459
34	0	2	4	116839
35	1	3	5	141526
34	0	2	6	102062
35	0	1	0	134113
34	1	1	1	225847
35	0	3	2	123168
34	1	3	3	113960
35	0	5	4	235186
34	1	3	5	3316940
35	0	2	6	1527918
34	1	5	7	3211497
35	0	3	8	144347
34	0	3	0	131482
35	1	4	1	217028
34	0	1	2	123713
35	1	2	3	142481
34	0	1	4	2317010
35	1	5	5	34791
34	0	3	6	248839
35	1	3	7	255420
34	0	1	8	3111923
35	1	1	9	224041
34	0	3	10	1510876
35	1	1	11	72361
34	0	3	12	610178
35	1	2	13	331662
34	0	3	14	1616047
35	1	3	15	818762
34	0	2	16	1122881
35	1	3	17	102665
34	0	1	18	206189
35	1	4	19	2915919
34	0	5	20	419075
35	1	4	21	283461
35	0	5	0	1268886
34	1	2	1	3119590
35	0	4	2	224954
34	1	5	3	324649
35	0	2	4	333946
34	1	5	5	236701
35	0	1	6	208645
34	1	1	7	1429934
35	0	3	8	52564
34	1	4	9	154839
35	0	4	10	134528
34	1	2	11	72407
34	0	1	0	311975
35	1	1	1	13108
34	0	5	2	328000
35	1	4	3	331778
34	0	4	4	233876
35	1	4	5	154001
34	0	4	6	146198
35	1	4	7	51720
34	0	3	8	2521685
35	1	4	9	249627
34	0	2	10	64482
35	1	3	11	224327
34	0	4	12	3017067
35	1	2	13	293653
34	0	1	14	215915
35	1	5	15	1225875
34	0	1	16	1112847
35	1	2	17	13530
34	0	2	18	322593
35	1	5	19	2023898
34	0	4	20	199618
35	1	2	21	272589
34	0	1	22	1611484
35	1	3	23	48329
34	0	3	24	281756
35	1	3	25	029154
34	0	5	26	348510
35	1	4	27	73749
35	0	4	0	224454
34	1	3	1	313409
35	0	4	2	145086
34	1	4	3	304408
35	0	5	4	323626
34	1	3	5	235357
35	0	4	6	128426
34	1	4	7	213174
35	0	4	8	132039
34	1	2	9	156399
35	0	2	10	112199
34	0	5	0	314664
35	1	2	1	1311215
34	0	2	2	323796
35	1	3	3	216596
34	0	3	4	304641
35	1	3	5	333332
34	0	5	6	291541
35	0	1	0	223400
34	1	4	1	235338
35	0	2	2	114212
34	1	2	3	1310885
35	0	2	4	155668
34	1	2	5	34470
35	0	5	6	332079
34	1	4	7	520537
35	0	2	8	46244
34	1	1	9	218379
35	0	3	10	292071
34	1	5	11	127946
35	0	2	12	301751
34	1	3	13	149739
35	0	5	14	312299
34	1	5	15	321525
34	0	5	0	319956
35	1	2	1	142017
34	0	3	2	321974
35	1	2	3	331634
34	0	5	4	306485
35	1	5	5	291779
34	0	3	6	2110922
35	1	5	7	124081
34	0	1	8	132276
35	1	2	9	224083
34	0	3	10	414405
35	1	3	11	1026398
34	0	2	12	36821
35	1	1	13	52741
34	0	3	14	119791
35	1	1	15	19036
34	0	1	16	1914239
35	1	3	17	272864
34	0	4	18	2416932
35	1	2	19	1612346
34	0	5	20	1511750
35	1	5	21	238256
35	0	1	0	142444
34	1	2	1	311674
35	0	1	2	245665
34	1	5	3	309506
35	0	2	4	322778
34	1	2	5	233107
35	0	5	6	159523
34	1	5	7	1316966
35	0	1	8	225220
34	1	3	9	2110189
35	0	2	10	339548
34	1	3	11	64557
35	0	5	12	38221
34	1	5	13	57182
35	0	3	14	292428
34	1	1	15	76673
35	0	5	16	85144
34	1	4	17	41959
34	0	5	0	43418
35	1	1	1	221846
34	0	4	2	33184
35	1	4	3	53716
34	0	1	4	119768
35	1	4	5	26825
34	0	1	6	1217578
35	1	2	7	1310306
34	0	1	8	2110286
35	1	2	9	302834
34	0	5	10	207078
35	1	5	11	282563
34	0	2	12	292750
35	1	3	13	1924933
34	0	2	14	1028937
35	1	4	15	95109
34	0	4	16	315455
35	1	5	17	12744
34	0	4	18	148733
35	1	1	19	2418982
34	0	2	20	2310711
35	1	2	21	1615887
34	0	2	22	158585
35	1	2	23	72124
35	0	1	0	235372
34	1	3	1	48926
35	0	5	2	225381
34	1	1	3	245872
35	0	4	4	143988
34	1	2	5	513466
35	0	1	6	64972
34	1	5	7	305130
35	0	3	8	1316125
34	1	4	9	1215296
35	0	3	10	36364
34	1	4	11	334344
35	0	2	12	2121902
34	1	3	13	207292
35	0	3	14	284628
34	1	5	15	1013493
35	0	4	16	05422
34	1	4	17	2912216
35	0	5	18	119068
34	1	4	19	3115428
35	0	2	20	322336
34	1	1	21	1532794
34	0	1	0	313289
35	1	3	1	123897
34	0	1	2	307960
35	1	2	3	133360
34	0	5	4	324857
35	1	5	5	334500
35	0	1	0	123621
35	0	4	0	133226
34	1	5	1	315959
35	0	5	2	323683
34	1	1	3	2119935
35	0	2	4	144861
34	1	1	5	123335
35	0	3	6	309893
34	1	3	7	45937
35	0	1	8	2227792
34	1	1	9	69009
35	0	1	10	53437
34	1	1	11	236942
35	0	3	12	1516982
34	1	2	13	163291
35	0	1	14	39716
34	1	3	15	2011272
35	0	2	16	283584
34	1	4	17	198915
35	0	5	18	184006
34	1	4	19	113467
35	0	1	20	13483
34	1	3	21	1012150
35	0	5	22	92470
34	1	2	23	2927683
35	0	1	24	05392
34	1	1	25	21941
34	0	3	0	311908
35	1	5	1	142138
34	0	2	2	324633
35	1	5	3	333366
34	0	5	4	215515
35	1	3	5	304109
34	0	5	6	49895
35	1	2	7	223466
34	0	3	8	62459
35	1	4	9	135781
34	0	5	10	53268
35	1	4	11	78670
34	0	5	12	31712
35	0	3	0	214166
34	1	2	1	45536
35	0	1	2	309547
34	1	2	3	53371
35	0	4	4	62287
34	1	2	5	159906
35	0	3	6	38425
34	1	4	7	123013
35	0	1	8	143521
34	1	4	9	224371
35	0	4	10	3212705
34	1	4	11	313467
35	0	1	12	132702
34	1	4	13	207260
35	0	1	14	284950
34	1	1	15	254277
35	0	4	16	357554
34	1	5	17	1119671
35	0	5	18	3337299
34	1	4	19	344398
35	0	1	20	231852
34	0	3	0	312472
35	1	5	1	43491
34	0	1	2	323626
35	1	5	3	335774
34	0	2	4	212101
35	1	1	5	1117086
34	0	5	6	292189
35	1	3	7	132126
34	0	2	8	302123
35	0	1	0	222593
34	1	4	1	31191
35	0	4	2	322502
34	1	2	3	3014643
35	0	5	4	298152
34	1	2	5	2321228
35	0	4	6	217154
34	1	4	7	46235
35	0	1	8	1312873
34	1	4	9	58087
35	0	3	10	37125
34	1	5	11	159756
35	0	1	12	76621
34	1	1	13	2414549
35	0	3	14	624607
34	1	1	15	254695
35	0	4	16	264587
34	1	3	17	351210
36	0	1	0	027458
37	1	4	1	84506
36	0	4	2	96523
37	1	2	3	272949
36	0	4	4	182995
37	1	3	5	3211315
36	0	5	6	175478
37	1	1	7	245700
36	0	4	8	1019380
37	1	4	9	162548
37	0	4	0	03231
36	1	5	1	82202
37	0	2	2	301767
36	1	3	3	34303
37	0	3	4	101624
36	1	3	5	202450
37	0	3	6	64861
36	1	1	7	147297
37	0	3	8	331459
36	1	3	9	247177
37	0	5	10	3212316
36	1	4	11	315766
37	0	4	12	279943
36	1	4	13	348188
37	0	1	14	284988
36	1	3	15	42974
36	0	1	0	03123
37	1	3	1	352788
36	0	5	2	253598
37	1	4	3	44151
36	0	1	4	138421
37	1	3	5	323493
36	0	1	6	143082
37	1	5	7	126941
36	0	1	8	202290
37	1	1	9	338209
36	0	4	10	342404
37	1	4	11	87953
36	0	5	12	155744
37	1	5	13	161770
36	0	5	14	177432
37	1	3	15	242095
37	0	4	0	07269
36	1	1	1	14064
37	0	1	2	313868
36	1	5	3	211826
37	0	3	4	292566
36	1	3	5	301656
37	0	4	6	46749
36	1	4	7	134813
37	0	3	8	284916
36	1	1	9	2210691
37	0	1	10	127509
36	1	1	11	202227
37	0	1	12	231822
36	1	5	13	191665
36	0	1	0	03270
37	1	4	1	81066
36	0	2	2	172478
37	1	3	3	52352
36	0	2	4	61498
37	1	1	5	321751
36	0	2	6	162115
37	1	1	7	143152
36	0	2	8	231749
37	1	4	9	352920
36	0	4	10	253953
37	1	4	11	296910
36	0	1	12	344123
37	1	2	13	75351
36	0	3	14	247563
37	1	4	15	261227
36	0	3	16	222332
37	0	5	0	81331
36	1	2	1	02692
37	0	2	2	22892
36	1	3	3	214516
37	0	1	4	24714
36	1	1	5	232188
37	0	4	6	322460
36	1	3	7	162981
37	0	4	8	353117
36	1	1	9	347893
37	0	2	10	1211718
36	1	1	11	22196
37	0	2	12	304541
36	1	5	13	137635
37	0	1	14	1410942
36	1	5	15	62037
37	0	2	16	338148
36	1	5	17	314515
37	0	2	18	178051
36	1	1	19	262173
37	0	4	20	2914413
36	1	4	21	275353
37	0	1	22	910485
36	1	4	23	13206
37	0	2	24	31800
36	1	3	25	111452
36	0	2	0	274257
37	1	3	1	86154
36	0	3	2	172299
37	1	3	3	191434
36	0	4	4	283614
37	1	4	5	296717
36	0	5	6	93752
37	1	3	7	236441
36	0	4	8	186437
37	1	5	9	01549
36	0	4	10	3511840
37	1	3	11	52033
36	0	3	12	141844
37	1	3	13	319418
36	0	1	14	151890
37	1	2	15	161797
36	0	2	16	249478
37	1	5	17	3215406
36	0	1	18	307239
37	1	5	19	3411577
36	0	3	20	3311983
37	1	4	21	61840
36	0	4	22	73303
37	1	1	23	1318263
36	0	2	24	213216
37	1	1	25	19959
36	0	4	26	209565
37	1	3	27	312543
36	0	2	28	46465
37	1	5	29	21154
37	0	5	0	82726
36	1	1	1	05470
37	0	1	2	322931
36	1	2	3	242333
37	0	5	4	345650
36	1	4	5	331949
37	0	3	6	69013
36	1	2	7	75506
37	0	3	8	268502
36	1	5	9	17275
37	0	3	10	318384
36	1	2	11	239726
37	0	3	12	3016968
36	1	1	13	297170
37	0	1	14	357225
36	1	4	15	174192
37	0	3	16	227813
36	1	5	17	27010
37	0	5	18	141219
36	0	1	0	02069
37	1	2	1	342006
36	0	4	2	252691
37	1	2	3	324474
36	0	3	4	331581
37	1	5	5	30750
36	0	2	6	245567
37	1	4	7	287180
36	0	2	8	292963
37	1	3	9	144377
36	0	2	10	223081
37	1	3	11	1111470
36	0	5	12	135108
37	1	4	13	237593
36	0	4	14	52960
37	1	3	15	212831
36	0	5	16	614464
37	1	4	17	1518326
36	0	2	18	3110380
37	1	3	19	43045
36	0	5	20	714508
37	1	2	21	81823
36	0	4	22	167626
37	1	4	23	198363
36	0	5	24	312222
37	1	2	25	202994
36	0	5	26	182363
37	1	2	27	3512428
36	0	3	28	910155
37	1	3	29	27806
36	0	3	30	176616
37	1	4	31	111640
36	0	1	32	1031296
37	1	1	33	121234
37	0	5	0	352071
36	1	4	1	0199
37	0	3	2	331599
36	1	2	3	342461
37	0	2	4	222151
36	1	2	5	267741
37	0	4	6	29804
36	1	1	7	326988
37	0	4	8	61596
36	1	2	9	242050
37	0	3	10	273878
36	1	1	11	163065
37	0	5	12	82411
36	1	4	13	142312
37	0	1	14	41546
36	1	2	15	58291
37	0	2	16	232283
36	1	4	17	133845
37	0	4	18	1517450
36	1	1	19	1218222
37	0	4	20	112690
36	1	3	21	2017062
37	0	4	22	3123511
36	1	1	23	923077
37	0	5	24	776
36	0	1	0	015433
37	1	2	1	351364
36	0	5	2	81739
37	1	3	3	323102
36	0	2	4	341906
37	1	3	5	29965
36	0	1	6	265458
37	1	4	7	135673
36	0	3	8	213019
37	1	2	9	25956
36	0	1	10	259824
37	1	1	11	54436
36	0	4	12	247728
37	1	2	13	231877
36	0	4	14	143632
37	1	5	15	42450
36	0	5	16	31939
37	1	5	17	315268
36	0	4	18	302869
37	1	5	19	22874
37	0	2	0	35564
36	1	3	1	341432
37	0	1	2	142197
36	1	3	3	151192
37	0	2	4	321174
36	1	3	5	255757
37	0	5	6	30921
36	1	1	7	311962
37	0	2	8	122806
36	1	2	9	133405
37	0	5	10	34794
36	1	3	11	211341
37	0	4	12	612009
36	1	1	13	337432
37	0	2	14	22833
36	0	2	0	02315
37	1	3	1	35866
36	0	4	2	101280
37	1	3	3	331128
36	0	3	4	341728
37	1	5	5	301646
36	0	1	6	252934
37	1	5	7	143536
36	0	3	8	225769
37	1	3	9	124372
36	0	1	10	134460
37	1	1	11	323516
36	0	5	12	312065
37	1	3	13	41180
36	0	3	14	169868
37	1	2	15	71482
36	0	5	16	233867
37	1	1	17	249921
36	0	3	18	2824966
37	1	1	19	67240
36	0	5	20	153024
37	1	2	21	5864
37	0	2	0	353354
36	1	5	1	0884
37	0	1	2	331146
36	1	5	3	341863
37	0	4	4	151162
36	1	2	5	241160
37	0	1	6	171432
36	1	5	7	16864
37	0	5	8	54115
36	1	5	9	253643
37	0	1	10	71215
36	1	1	11	2610641
37	0	5	12	232680
36	1	3	13	317052
37	0	5	14	3212543
36	1	1	15	2710616
37	0	1	16	141193
36	0	2	0	012864
37	1	4	1	351597
36	0	5	2	101682
37	1	1	3	33671
36	0	4	4	342016
37	1	2	5	15906
36	0	5	6	241368
37	1	1	7	171343
36	0	1	8	161234
37	1	3	9	53947
36	0	4	10	251222
37	1	1	11	71432
36	0	2	12	233987
37	1	2	13	261263
36	0	3	14	82539
37	1	5	15	322194
36	0	5	16	224339
37	0	4	0	351735
36	1	4	1	252431
37	0	2	2	331080
36	1	3	3	342147
37	0	3	4	17814
36	1	5	5	261769
37	0	1	6	245772
36	1	5	7	158308
37	0	4	8	326956
36	1	2	9	167411
37	0	2	10	71905
36	1	3	11	149368
37	0	5	12	131244
36	1	5	13	309947
37	0	3	14	49493
36	1	3	15	222984
37	0	2	16	61378
36	1	3	17	55072
37	0	2	18	2815600
36	1	4	19	2013063
37	0	2	20	104173
36	1	5	21	1914047
37	0	1	22	211290
36	1	1	23	1117383
37	0	4	24	118302
36	1	4	25	39832
37	0	5	26	274107
36	1	2	27	25828
37	0	2	28	292532
36	1	3	29	021787
37	0	1	30	124061
36	1	3	31	819840
37	0	5	32	311628
36	1	2	33	238097
37	0	5	34	9576
36	1	4	35	182352
36	0	4	0	02068
37	1	5	1	35416
36	0	4	2	101498
37	1	4	3	33473
36	0	4	4	342159
37	1	3	5	151886
36	0	2	6	202528
37	1	1	7	301442
36	0	2	8	256885
37	1	4	9	79173
36	0	1	10	235435
37	1	2	11	85874
36	0	4	12	913757
37	1	1	13	3218403
36	0	5	14	314683
37	1	3	15	168544
36	0	5	16	188521
37	1	2	17	271720
36	0	3	18	1111402
37	1	5	19	121617
36	0	2	20	245392
37	1	5	21	228411
36	0	3	22	261785
37	0	2	0	221820
36	1	4	1	01597
37	0	1	2	24682
36	1	2	3	232078
37	0	2	4	21873
36	1	5	5	323571
37	0	5	6	54634
36	1	3	7	335690
37	0	1	8	182684
36	1	1	9	343347
37	0	5	10	352418
36	1	4	11	311297
36	0	2	0	304549
37	1	5	1	311092
36	0	5	2	32434
37	1	1	3	77093
36	0	2	4	41732
37	1	4	5	24871
36	0	2	6	216162
37	1	4	7	121126
36	0	5	8	223484
37	1	1	9	237086
36	0	2	10	1515360
37	1	2	11	209381
36	0	5	12	166598
37	1	3	13	143067
36	0	2	14	3210327
37	1	5	15	104235
36	0	1	16	65306
37	1	1	17	52838
36	0	1	18	245428
37	1	5	19	331245
36	0	2	20	2810759
37	1	1	21	1119342
36	0	4	22	293609
37	1	1	23	91272
37	0	4	0	231464
36	1	1	1	132103
37	0	4	2	261347
36	1	3	3	122075
37	0	5	4	24919
36	1	3	5	252915
37	0	3	6	202820
36	1	2	7	143611
37	0	5	8	151327
36	1	3	9	113805
38	0	3	0	2730253
39	1	1	1	355258
38	0	1	2	815875
39	1	3	3	325060
38	0	1	4	09186
39	1	4	5	58021
38	0	3	6	239225
39	1	4	7	1320404
38	0	1	8	3017138
39	1	1	9	1236188
38	0	4	10	2134380
39	1	2	11	157697
38	0	4	12	147536
39	1	4	13	253783
39	0	5	0	1317028
38	1	1	1	299120
39	0	5	2	124097
38	1	5	3	3024865
39	0	3	4	2729012
38	1	2	5	3338340
39	0	3	6	2845879
38	1	3	7	2037014
39	0	1	8	240820
38	1	3	9	3185352
39	0	4	10	328140
38	1	5	11	2229182
39	0	3	12	144679
38	1	3	13	1111346
39	0	5	14	152131
38	0	3	0	1117470
39	1	5	1	233631
38	0	3	2	213061
39	1	5	3	225299
38	0	4	4	422606
39	1	3	5	243203
38	0	3	6	213265
39	1	1	7	251847
39	0	3	0	132488
38	1	4	1	125186
39	0	2	2	352603
38	1	2	3	226247
39	0	5	4	323639
38	1	4	5	2029928
39	0	1	6	314670
38	1	2	7	309035
39	0	1	8	219097
38	1	4	9	638513
39	0	3	10	141414
38	1	5	11	418213
39	0	5	12	2814990
38	1	1	13	57093
39	0	5	14	349284
38	1	3	15	74967
38	0	2	0	145571
39	1	1	1	197430
38	0	2	2	2210383
39	1	3	3	1813345
38	0	1	4	2421936
39	1	3	5	620853
38	0	5	6	235366
39	1	3	7	213344
38	0	2	8	251582
39	0	4	0	122754
38	1	4	1	237977
39	0	1	2	132349
38	1	2	3	145812
39	0	3	4	209619
38	1	4	5	411477
39	0	2	6	2117171
38	1	3	7	2226110
39	0	4	8	511923
38	1	1	9	293837
39	0	4	10	3018048
38	1	3	11	34271
39	0	3	12	1010607
38	1	1	13	116214
39	0	4	14	02371
38	0	4	0	125855
39	1	2	1	236964
38	0	3	2	1110408
39	1	5	3	132900
38	0	1	4	2024385
39	1	4	5	225537
38	0	4	6	2114939
39	1	1	7	318587
38	0	4	8	332080
39	1	5	9	1413060
38	0	2	10	3225964
39	1	2	11	313847
38	0	2	12	41791
39	1	4	13	155883
38	0	3	14	282238
39	0	4	0	36353
38	1	1	1	232784
39	0	1	2	44663
38	1	1	3	226496
39	0	2	4	53589
38	1	3	5	63613
39	0	5	6	21644
38	0	2	0	224800
39	1	4	1	63746
38	0	1	2	233730
39	1	4	3	242132
38	0	1	4	156451
39	1	2	5	318470
38	0	2	6	1416537
39	1	2	7	168052
38	0	4	8	525705
39	1	2	9	326678
38	0	1	10	85928
39	1	5	11	337441
38	0	5	12	346101
39	1	1	13	302482
39	0	4	0	233606
38	1	5	1	137576
39	0	2	2	243561
38	1	1	3	222538
39	0	4	4	299885
38	1	3	5	1421982
39	0	2	6	156392
38	1	3	7	618458
39	0	2	8	305225
38	1	2	9	314888
39	0	4	10	47020
38	1	5	11	1212828
39	0	2	12	116349
38	1	1	13	235392
39	0	1	14	3214412
38	1	4	15	744429
39	0	3	16	558922
38	1	2	17	2526289
39	0	1	18	3560693
38	1	5	19	3494514
39	0	1	20	1614672
38	1	4	21	83883
39	0	3	22	2022650
38	1	5	23	145147
39	0	5	24	1947400
38	1	4	25	034983
39	0	5	26	313583
38	1	4	27	272995
39	0	4	28	1815428
38	1	4	29	213100
38	0	5	0	2214464
39	1	5	1	1511830
38	0	1	2	214822
39	1	1	3	233313
38	0	2	4	1234181
39	1	3	5	1415046
38	0	5	6	415119
39	1	2	7	1614367
38	0	5	8	1310243
39	1	1	9	172510
39	0	1	0	213539
38	1	2	1	1415185
39	0	5	2	203714
38	1	5	3	225093
39	0	3	4	64691
38	1	2	5	1513891
39	0	1	6	134390
38	1	3	7	523692
39	0	4	8	318249
38	1	2	9	2327259
39	0	5	10	3211048
38	1	1	11	2418808
39	0	5	12	2512645
38	1	5	13	769411
39	0	3	14	319796
38	1	5	15	3011246
39	0	2	16	3461024
38	1	3	17	338113
39	0	3	18	1918855
38	1	2	19	184134
39	0	1	20	1255002
38	1	4	21	2723929
39	0	2	22	236956
38	1	5	23	128869
39	0	2	24	1113612
38	1	5	25	294363
39	0	2	26	102521
